0 0
1000 0
2000 0
3000 0
4000 0
5000 0
6000 0
7000 0
8000 0
9000 0
10000 0
11000 0
12000 0
13000 0
14000 0
15000 0
16000 0
17000 0
18000 0
19000 0
20000 0
21000 0
22000 0
23000 0
24000 0
25000 0
26000 0
27000 0
28000 1
29000 1
30000 1
31000 1
32000 1
33000 1
34000 1
35000 1
36000 1
37000 1
38000 1
39000 1
40000 1
41000 1
42000 1
43000 1
44000 1
45000 2
46000 2
47000 2
48000 2
49000 2
50000 2
51000 2
52000 2
53000 2
54000 2
55000 2
56000 2
57000 3
58000 3
59000 3
60000 3
61000 3
62000 3
63000 3
64000 3
65000 3
66000 4
67000 4
68000 4
69000 4
70000 4
71000 4
72000 4
73000 4
74000 4
75000 4
76000 4
77000 5
78000 5
79000 5
80000 5
81000 5
82000 5
83000 5
84000 5
85000 5
86000 5
87000 5
88000 5
89000 5
90000 6
91000 6
92000 6
93000 6
94000 6
95000 6
96000 6
97000 6
98000 6
99000 6
100000 6
101000 6
102000 6
103000 7
104000 7
105000 7
106000 7
107000 7
108000 7
109000 7
110000 7
111000 7
112000 7
113000 7
114000 7
115000 7
116000 7
117000 7
118000 7
119000 7
120000 7
121000 8
122000 8
123000 8
124000 8
125000 8
126000 8
127000 8
128000 9
129000 9
130000 9
131000 9
132000 9
133000 9
134000 9
135000 9
136000 9
137000 9
138000 9
139000 9
140000 9
141000 9
142000 9
143000 9
144000 10
145000 10
146000 10
147000 10
148000 10
149000 10
150000 10
151000 11
152000 11
153000 11
154000 11
155000 11
156000 11
157000 11
158000 11
159000 11
160000 11
161000 11
162000 11
163000 11
164000 11
165000 11
166000 11
167000 11
168000 11
169000 11
170000 11
171000 11
172000 11
173000 11
174000 11
175000 11
176000 11
177000 11
178000 11
179000 11
180000 11
181000 11
182000 11
183000 11
184000 11
185000 12
186000 12
187000 12
188000 12
189000 12
190000 12
191000 12
192000 12
193000 12
194000 12
195000 12
196000 13
197000 13
198000 13
199000 13
200000 13
201000 13
202000 14
203000 14
204000 14
205000 14
206000 14
207000 14
208000 15
209000 15
210000 15
211000 15
212000 15
213000 15
214000 16
215000 16
216000 16
217000 16
218000 16
219000 16
220000 17
221000 17
222000 17
223000 17
224000 17
225000 17
226000 18
227000 18
228000 18
229000 18
230000 18
231000 19
232000 19
233000 19
234000 19
235000 19
236000 19
237000 19
238000 20
239000 20
240000 20
241000 20
242000 20
243000 20
244000 21
245000 21
246000 21
247000 21
248000 21
249000 21
250000 21
251000 21
252000 22
253000 22
254000 22
255000 22
256000 22
257000 22
258000 23
259000 23
260000 23
261000 23
262000 23
263000 23
264000 24
265000 24
266000 24
267000 24
268000 24
269000 24
270000 24
271000 25
272000 25
273000 25
274000 25
275000 25
276000 26
277000 26
278000 26
279000 26
280000 26
281000 26
282000 26
283000 27
284000 27
285000 27
286000 27
287000 27
288000 28
289000 28
290000 28
291000 28
292000 28
293000 28
294000 28
295000 28
296000 29
297000 29
298000 29
299000 29
300000 29
301000 29
302000 30
303000 30
304000 30
305000 30
306000 30
307000 30
308000 31
309000 31
310000 31
311000 31
312000 31
313000 31
314000 31
315000 31
316000 32
317000 32
318000 32
319000 32
320000 32
321000 32
322000 33
323000 33
324000 33
325000 33
326000 33
327000 34
328000 34
329000 34
330000 34
331000 34
332000 35
333000 35
334000 35
335000 35
336000 35
337000 35
338000 35
339000 36
340000 36
341000 36
342000 36
343000 36
344000 36
345000 37
346000 37
347000 37
348000 37
349000 37
350000 37
351000 37
352000 38
353000 38
354000 38
355000 38
356000 38
357000 38
358000 38
359000 39
360000 39
361000 39
362000 39
363000 39
364000 39
365000 40
366000 40
367000 40
368000 40
369000 40
370000 40
371000 40
372000 40
373000 41
374000 41
375000 41
376000 41
377000 41
378000 41
379000 41
380000 41
381000 41
382000 42
383000 42
384000 42
385000 42
386000 42
387000 42
388000 43
389000 43
390000 43
391000 43
392000 43
393000 43
394000 43
395000 43
396000 43
397000 43
398000 43
399000 43
400000 44
401000 44
402000 44
403000 44
404000 44
405000 44
406000 44
407000 44
408000 45
409000 45
410000 45
411000 45
412000 45
413000 46
414000 46
415000 46
416000 46
417000 46
418000 46
419000 46
420000 46
421000 47
422000 47
423000 47
424000 47
425000 47
426000 47
427000 47
428000 48
429000 48
430000 48
431000 48
432000 48
433000 48
434000 48
435000 49
436000 49
437000 49
438000 49
439000 49
440000 49
441000 49
442000 49
443000 49
444000 50
445000 50
446000 50
447000 50
448000 50
449000 50
450000 51
451000 51
452000 51
453000 51
454000 51
455000 52
456000 52
457000 52
458000 52
459000 52
460000 53
461000 53
462000 53
463000 53
464000 53
465000 53
466000 53
467000 53
468000 54
469000 54
470000 54
471000 54
472000 54
473000 55
474000 55
475000 55
476000 55
477000 55
478000 55
479000 56
480000 56
481000 56
482000 56
483000 56
484000 56
485000 56
486000 57
487000 57
488000 57
489000 57
490000 57
491000 57
492000 57
493000 58
494000 58
495000 58
496000 58
497000 58
498000 58
499000 59
500000 59
501000 59
502000 59
503000 59
504000 59
505000 59
506000 59
507000 60
508000 60
509000 60
510000 60
511000 60
512000 60
513000 61
514000 61
515000 61
516000 61
517000 61
518000 61
519000 62
520000 62
521000 62
522000 62
523000 62
524000 62
525000 63
526000 63
527000 63
528000 63
529000 63
530000 64
531000 64
532000 64
533000 64
534000 64
535000 64
536000 65
537000 65
538000 65
539000 65
540000 65
541000 65
542000 66
543000 66
544000 66
545000 66
546000 66
547000 66
548000 66
549000 67
550000 67
551000 67
552000 67
553000 67
554000 67
555000 67
556000 68
557000 68
558000 68
559000 68
560000 68
561000 69
562000 69
563000 69
564000 69
565000 69
566000 69
567000 70
568000 70
569000 70
570000 70
571000 70
572000 71
573000 71
574000 71
575000 71
576000 71
577000 71
578000 71
579000 72
580000 72
581000 72
582000 72
583000 72
584000 73
585000 73
586000 73
587000 73
588000 73
589000 73
590000 74
591000 74
592000 74
593000 74
594000 74
595000 75
596000 75
597000 75
598000 75
599000 75
600000 75
601000 76
602000 76
603000 76
604000 76
605000 76
606000 76
607000 77
608000 77
609000 77
610000 77
611000 77
612000 77
613000 78
614000 78
615000 78
616000 78
617000 78
618000 78
619000 79
620000 79
621000 79
622000 79
623000 79
624000 79
625000 80
626000 80
627000 80
628000 80
629000 80
630000 80
631000 81
632000 81
633000 81
634000 81
635000 81
636000 82
637000 82
638000 82
639000 82
640000 82
641000 82
642000 83
643000 83
644000 83
645000 83
646000 83
647000 83
648000 83
649000 83
650000 83
651000 83
652000 83
653000 83
654000 83
655000 83
656000 84
657000 84
658000 84
659000 84
660000 84
661000 84
662000 84
663000 84
664000 84
665000 84
666000 84
667000 84
668000 85
669000 85
670000 85
671000 85
672000 85
673000 85
674000 85
675000 85
676000 86
677000 86
678000 86
679000 86
680000 86
681000 86
682000 86
683000 86
684000 87
685000 87
686000 87
687000 87
688000 87
689000 87
690000 87
691000 87
692000 87
693000 88
694000 88
695000 88
696000 88
697000 88
698000 88
699000 89
700000 89
701000 89
702000 89
703000 89
704000 89
705000 89
706000 90
707000 90
708000 90
709000 90
710000 90
711000 90
712000 90
713000 90
714000 91
715000 91
716000 91
717000 91
718000 91
719000 91
720000 91
721000 91
722000 91
723000 92
724000 92
725000 92
726000 92
727000 92
728000 92
729000 92
730000 93
731000 93
732000 93
733000 93
734000 93
735000 93
736000 93
737000 94
738000 94
739000 94
740000 94
741000 94
742000 94
743000 94
744000 94
745000 95
746000 95
747000 95
748000 95
749000 95
750000 95
751000 95
752000 95
753000 96
754000 96
755000 96
756000 96
757000 96
758000 96
759000 96
760000 96
761000 96
762000 97
763000 97
764000 97
765000 97
766000 97
767000 97
768000 97
769000 97
770000 97
771000 97
772000 97
773000 97
774000 97
775000 97
776000 98
777000 98
778000 98
779000 98
780000 98
781000 98
782000 99
783000 99
784000 99
785000 99
786000 99
787000 99
788000 100
789000 100
790000 100
791000 100
792000 100
793000 100
794000 100
795000 100
796000 100
797000 100
798000 101
799000 101
800000 101
801000 101
802000 101
803000 101
804000 101
805000 102
806000 102
807000 102
808000 102
809000 102
810000 103
811000 103
812000 103
813000 103
814000 103
815000 103
816000 104
817000 104
818000 104
819000 104
820000 104
821000 104
822000 104
823000 105
824000 105
825000 105
826000 105
827000 105
828000 105
829000 105
830000 106
831000 106
832000 106
833000 106
834000 106
835000 106
836000 106
837000 107
838000 107
839000 107
840000 107
841000 107
842000 108
843000 108
844000 108
845000 108
846000 108
847000 108
848000 108
849000 109
850000 109
851000 109
852000 109
853000 109
854000 109
855000 110
856000 110
857000 110
858000 110
859000 110
860000 110
861000 111
862000 111
863000 111
864000 111
865000 111
866000 111
867000 111
868000 112
869000 112
870000 112
871000 112
872000 112
873000 112
874000 112
875000 112
876000 113
877000 113
878000 113
879000 113
880000 113
881000 113
882000 113
883000 114
884000 114
885000 114
886000 114
887000 114
888000 114
889000 114
890000 114
891000 114
892000 115
893000 115
894000 115
895000 115
896000 115
897000 115
898000 116
899000 116
900000 116
901000 116
902000 116
903000 116
904000 116
905000 116
906000 116
907000 117
908000 117
909000 117
910000 117
911000 117
912000 117
913000 117
914000 118
915000 118
916000 118
917000 118
918000 118
919000 118
920000 118
921000 119
922000 119
923000 119
924000 119
925000 119
926000 119
927000 119
928000 120
929000 120
930000 120
931000 120
932000 120
933000 120
934000 120
935000 121
936000 121
937000 121
938000 121
939000 121
940000 121
941000 121
942000 122
943000 122
944000 122
945000 122
946000 122
947000 122
948000 123
949000 123
950000 123
951000 123
952000 123
953000 123
954000 123
955000 123
956000 123
957000 123
958000 124
959000 124
960000 124
961000 124
962000 124
963000 124
964000 125
965000 125
966000 125
967000 125
968000 125
969000 125
970000 126
971000 126
972000 126
973000 126
974000 126
975000 126
976000 126
977000 127
978000 127
979000 127
980000 127
981000 127
982000 127
983000 128
984000 128
985000 128
986000 128
987000 128
988000 129
989000 129
990000 129
991000 129
992000 129
993000 129
994000 129
995000 130
996000 130
997000 130
998000 130
999000 130
1000000 130
1001000 130
1002000 130
1003000 130
1004000 131
1005000 131
1006000 131
1007000 131
1008000 131
1009000 131
1010000 132
1011000 132
1012000 132
1013000 132
1014000 132
1015000 133
1016000 133
1017000 133
1018000 133
1019000 133
1020000 133
1021000 134
1022000 134
1023000 134
1024000 134
1025000 134
1026000 134
1027000 135
1028000 135
1029000 135
1030000 135
1031000 135
1032000 135
1033000 135
1034000 136
1035000 136
1036000 136
1037000 136
1038000 136
1039000 136
1040000 137
1041000 137
1042000 137
1043000 137
1044000 137
1045000 137
1046000 138
1047000 138
1048000 138
1049000 138
1050000 138
1051000 138
1052000 139
1053000 139
1054000 139
1055000 139
1056000 139
1057000 139
1058000 139
1059000 139
1060000 139
1061000 140
1062000 140
1063000 140
1064000 140
1065000 140
1066000 140
1067000 140
1068000 140
1069000 140
1070000 141
1071000 141
1072000 141
1073000 141
1074000 141
1075000 141
1076000 142
1077000 142
1078000 142
1079000 142
1080000 142
1081000 142
1082000 143
1083000 143
1084000 143
1085000 143
1086000 143
1087000 143
1088000 143
1089000 143
1090000 143
1091000 144
1092000 144
1093000 144
1094000 144
1095000 144
1096000 144
1097000 144
1098000 144
1099000 144
1100000 145
1101000 145
1102000 145
1103000 145
1104000 145
1105000 146
1106000 146
1107000 146
1108000 146
1109000 146
1110000 146
1111000 147
1112000 147
1113000 147
1114000 147
1115000 147
1116000 147
1117000 148
1118000 148
1119000 148
1120000 148
1121000 148
1122000 148
1123000 149
1124000 149
1125000 149
1126000 149
1127000 149
1128000 149
1129000 149
1130000 150
1131000 150
1132000 150
1133000 150
1134000 150
1135000 150
1136000 151
1137000 151
1138000 151
1139000 151
1140000 151
1141000 151
1142000 151
1143000 151
1144000 152
1145000 152
1146000 152
1147000 152
1148000 152
1149000 152
1150000 152
1151000 152
1152000 153
1153000 153
1154000 153
1155000 153
1156000 153
1157000 153
1158000 153
1159000 154
1160000 154
1161000 154
1162000 154
1163000 154
1164000 154
1165000 155
1166000 155
1167000 155
1168000 155
1169000 155
1170000 155
1171000 155
1172000 155
1173000 156
1174000 156
1175000 156
1176000 156
1177000 156
1178000 156
1179000 157
1180000 157
1181000 157
1182000 157
1183000 157
1184000 157
1185000 157
1186000 158
1187000 158
1188000 158
1189000 158
1190000 158
1191000 158
1192000 158
1193000 159
1194000 159
1195000 159
1196000 159
1197000 159
1198000 159
1199000 160
1200000 160
1201000 160
1202000 160
1203000 160
1204000 160
1205000 161
1206000 161
1207000 161
1208000 161
1209000 161
1210000 161
1211000 162
1212000 162
1213000 162
1214000 162
1215000 162
1216000 162
1217000 162
1218000 162
1219000 163
1220000 163
1221000 163
1222000 163
1223000 163
1224000 163
1225000 163
1226000 164
1227000 164
1228000 164
1229000 164
1230000 164
1231000 164
1232000 164
1233000 165
1234000 165
1235000 165
1236000 165
1237000 165
1238000 165
1239000 165
1240000 166
1241000 166
1242000 166
1243000 166
1244000 166
1245000 166
1246000 167
1247000 167
1248000 167
1249000 167
1250000 167
1251000 167
1252000 167
1253000 168
1254000 168
1255000 168
1256000 168
1257000 169
1258000 169
1259000 169
1260000 169
1261000 169
1262000 169
1263000 170
1264000 170
1265000 170
1266000 170
1267000 170
1268000 170
1269000 170
1270000 171
1271000 171
1272000 171
1273000 171
1274000 171
1275000 171
1276000 172
1277000 172
1278000 172
1279000 172
1280000 172
1281000 172
1282000 172
1283000 172
1284000 172
1285000 172
1286000 173
1287000 173
1288000 173
1289000 173
1290000 173
1291000 173
1292000 173
1293000 173
1294000 173
1295000 174
1296000 174
1297000 174
1298000 174
1299000 174
1300000 174
1301000 174
1302000 174
1303000 174
1304000 175
1305000 175
1306000 175
1307000 175
1308000 175
1309000 176
1310000 176
1311000 176
1312000 176
1313000 176
1314000 176
1315000 176
1316000 177
1317000 177
1318000 177
1319000 177
1320000 177
1321000 177
1322000 177
1323000 177
1324000 177
1325000 177
1326000 177
1327000 177
1328000 178
1329000 178
1330000 178
1331000 178
1332000 178
1333000 178
1334000 178
1335000 179
1336000 179
1337000 179
1338000 179
1339000 179
1340000 179
1341000 179
1342000 179
1343000 179
1344000 179
1345000 179
1346000 179
1347000 179
1348000 179
1349000 179
1350000 179
1351000 179
1352000 180
1353000 180
1354000 180
1355000 180
1356000 180
1357000 180
1358000 180
1359000 180
1360000 180
1361000 180
1362000 180
1363000 180
1364000 180
1365000 180
1366000 180
1367000 180
1368000 180
1369000 180
1370000 180
1371000 180
1372000 180
1373000 180
1374000 180
1375000 180
1376000 180
1377000 180
1378000 180
1379000 180
1380000 180
1381000 180
1382000 180
1383000 181
1384000 181
1385000 181
1386000 181
1387000 181
1388000 181
1389000 181
1390000 181
1391000 181
1392000 181
1393000 181
1394000 181
1395000 181
1396000 181
1397000 181
1398000 181
1399000 181
1400000 181
1401000 181
1402000 181
1403000 181
1404000 181
1405000 181
1406000 181
1407000 181
1408000 181
1409000 181
1410000 181
1411000 181
1412000 181
1413000 181
1414000 181
1415000 181
1416000 181
1417000 181
1418000 181
1419000 181
1420000 181
1421000 181
1422000 182
1423000 182
1424000 182
1425000 182
1426000 182
1427000 182
1428000 182
1429000 182
1430000 182
1431000 182
1432000 182
1433000 182
1434000 182
1435000 182
1436000 182
1437000 182
1438000 182
1439000 182
1440000 182
1441000 182
1442000 182
1443000 182
1444000 182
1445000 182
1446000 182
1447000 182
1448000 183
1449000 183
1450000 183
1451000 183
1452000 183
1453000 183
1454000 183
1455000 183
1456000 183
1457000 183
1458000 183
1459000 183
1460000 184
1461000 184
1462000 184
1463000 184
1464000 184
1465000 184
1466000 184
1467000 184
1468000 184
1469000 184
1470000 184
1471000 184
1472000 185
1473000 185
1474000 185
1475000 185
1476000 185
1477000 185
1478000 185
1479000 185
1480000 185
1481000 186
1482000 186
1483000 186
1484000 186
1485000 186
1486000 186
1487000 186
1488000 186
1489000 186
1490000 187
1491000 187
1492000 187
1493000 187
1494000 187
1495000 187
1496000 187
1497000 187
1498000 187
1499000 187
1500000 188
1501000 188
1502000 188
1503000 188
1504000 188
1505000 188
1506000 188
1507000 188
1508000 188
1509000 188
1510000 188
1511000 188
1512000 188
1513000 188
1514000 188
1515000 188
1516000 188
1517000 188
1518000 189
1519000 189
1520000 189
1521000 189
1522000 189
1523000 189
1524000 189
1525000 189
1526000 189
1527000 190
1528000 190
1529000 190
1530000 190
1531000 190
1532000 190
1533000 190
1534000 190
1535000 190
1536000 190
1537000 191
1538000 191
1539000 191
1540000 191
1541000 191
1542000 191
1543000 191
1544000 191
1545000 192
1546000 192
1547000 192
1548000 192
1549000 192
1550000 192
1551000 192
1552000 192
1553000 193
1554000 193
1555000 193
1556000 193
1557000 193
1558000 193
1559000 193
1560000 194
1561000 194
1562000 194
1563000 194
1564000 194
1565000 194
1566000 194
1567000 195
1568000 195
1569000 195
1570000 195
1571000 195
1572000 195
1573000 195
1574000 196
1575000 196
1576000 196
1577000 196
1578000 196
1579000 196
1580000 196
1581000 196
1582000 196
1583000 196
1584000 196
1585000 197
1586000 197
1587000 197
1588000 197
1589000 197
1590000 197
1591000 197
1592000 197
1593000 198
1594000 198
1595000 198
1596000 198
1597000 198
1598000 198
1599000 198
1600000 199
1601000 199
1602000 199
1603000 199
1604000 199
1605000 199
1606000 199
1607000 199
1608000 199
1609000 200
1610000 200
1611000 200
1612000 200
1613000 200
1614000 200
1615000 200
1616000 200
1617000 201
1618000 201
1619000 201
1620000 201
1621000 201
1622000 201
1623000 201
1624000 201
1625000 201
1626000 201
1627000 202
1628000 202
1629000 202
1630000 202
1631000 202
1632000 202
1633000 202
1634000 202
1635000 203
1636000 203
1637000 203
1638000 203
1639000 203
1640000 203
1641000 203
1642000 203
1643000 203
1644000 204
1645000 204
1646000 204
1647000 204
1648000 204
1649000 204
1650000 204
1651000 205
1652000 205
1653000 205
1654000 205
1655000 205
1656000 205
1657000 205
1658000 205
1659000 205
1660000 206
1661000 206
1662000 206
1663000 206
1664000 206
1665000 206
1666000 206
1667000 207
1668000 207
1669000 207
1670000 207
1671000 207
1672000 207
1673000 207
1674000 207
1675000 208
1676000 208
1677000 208
1678000 208
1679000 208
1680000 208
1681000 208
1682000 208
1683000 208
1684000 209
1685000 209
1686000 209
1687000 209
1688000 209
1689000 209
1690000 209
1691000 210
1692000 210
1693000 210
1694000 210
1695000 210
1696000 210
1697000 210
1698000 210
1699000 210
1700000 211
1701000 211
1702000 211
1703000 211
1704000 211
1705000 211
1706000 211
1707000 212
1708000 212
1709000 212
1710000 212
1711000 212
1712000 212
1713000 212
1714000 212
1715000 212
1716000 213
1717000 213
1718000 213
1719000 213
1720000 213
1721000 214
1722000 214
1723000 214
1724000 214
1725000 214
1726000 214
1727000 214
1728000 214
1729000 215
1730000 215
1731000 215
1732000 215
1733000 215
1734000 215
1735000 215
1736000 215
1737000 215
1738000 215
1739000 215
1740000 215
1741000 215
1742000 216
1743000 216
1744000 216
1745000 216
1746000 216
1747000 216
1748000 216
1749000 216
1750000 216
1751000 217
1752000 217
1753000 217
1754000 217
1755000 217
1756000 217
1757000 217
1758000 217
1759000 217
1760000 218
1761000 218
1762000 218
1763000 218
1764000 218
1765000 218
1766000 218
1767000 219
1768000 219
1769000 219
1770000 219
1771000 219
1772000 219
1773000 219
1774000 219
1775000 219
1776000 219
1777000 219
1778000 220
1779000 220
1780000 220
1781000 220
1782000 220
1783000 220
1784000 220
1785000 220
1786000 220
1787000 220
1788000 221
1789000 221
1790000 221
1791000 221
1792000 221
1793000 221
1794000 221
1795000 221
1796000 222
1797000 222
1798000 222
1799000 222
1800000 222
1801000 222
1802000 222
1803000 222
1804000 223
1805000 223
1806000 223
1807000 223
1808000 223
1809000 223
1810000 224
1811000 224
1812000 224
1813000 224
1814000 224
1815000 224
1816000 224
1817000 224
1818000 224
1819000 224
1820000 224
1821000 224
1822000 225
1823000 225
1824000 225
1825000 225
1826000 225
1827000 225
1828000 226
1829000 226
1830000 226
1831000 226
1832000 226
1833000 226
1834000 226
1835000 226
1836000 226
1837000 227
1838000 227
1839000 227
1840000 227
1841000 227
1842000 227
1843000 227
1844000 228
1845000 228
1846000 228
1847000 228
1848000 228
1849000 228
1850000 228
1851000 229
1852000 229
1853000 229
1854000 229
1855000 229
1856000 229
1857000 229
1858000 230
1859000 230
1860000 230
1861000 230
1862000 230
1863000 230
1864000 231
1865000 231
1866000 231
1867000 231
1868000 231
1869000 231
1870000 231
1871000 231
1872000 232
1873000 232
1874000 232
1875000 232
1876000 232
1877000 232
1878000 232
1879000 232
1880000 232
1881000 232
1882000 233
1883000 233
1884000 233
1885000 233
1886000 233
1887000 233
1888000 233
1889000 233
1890000 233
1891000 234
1892000 234
1893000 234
1894000 234
1895000 234
1896000 234
1897000 234
1898000 234
1899000 234
1900000 234
1901000 234
1902000 235
1903000 235
1904000 235
1905000 235
1906000 235
1907000 235
1908000 236
1909000 236
1910000 236
1911000 236
1912000 236
1913000 236
1914000 236
1915000 236
1916000 236
1917000 236
1918000 236
1919000 236
1920000 237
1921000 237
1922000 237
1923000 237
1924000 237
1925000 237
1926000 237
1927000 237
1928000 237
1929000 238
1930000 238
1931000 238
1932000 238
1933000 238
1934000 238
1935000 238
1936000 238
1937000 238
1938000 238
1939000 239
1940000 239
1941000 239
1942000 239
1943000 239
1944000 239
1945000 239
1946000 239
1947000 239
1948000 240
1949000 240
1950000 240
1951000 240
1952000 240
1953000 240
1954000 241
1955000 241
1956000 241
1957000 241
1958000 241
1959000 241
1960000 242
1961000 242
1962000 242
1963000 242
1964000 242
1965000 242
1966000 242
1967000 242
1968000 243
1969000 243
1970000 243
1971000 243
1972000 243
1973000 243
1974000 243
1975000 244
1976000 244
1977000 244
1978000 244
1979000 244
1980000 245
1981000 245
1982000 245
1983000 245
1984000 245
1985000 245
1986000 246
1987000 246
1988000 246
1989000 246
1990000 246
1991000 246
1992000 247
1993000 247
1994000 247
1995000 247
1996000 247
1997000 248
1998000 248
1999000 248
2000000 248
2001000 248
2002000 248
2003000 249
2004000 249
2005000 249
2006000 249
2007000 250
2008000 250
2009000 250
2010000 250
2011000 250
2012000 251
2013000 251
2014000 251
2015000 251
2016000 251
2017000 251
2018000 252
2019000 252
2020000 252
2021000 252
2022000 252
2023000 253
2024000 253
2025000 253
2026000 253
2027000 253
2028000 253
2029000 253
2030000 254
2031000 254
2032000 254
2033000 254
2034000 254
2035000 254
2036000 255
2037000 255
2038000 255
2039000 255
2040000 255
2041000 255
2042000 256
2043000 256
2044000 256
2045000 256
2046000 256
2047000 256
2048000 257
2049000 257
2050000 257
2051000 257
2052000 257
2053000 257
2054000 258
2055000 258
2056000 258
2057000 258
2058000 258
2059000 258
2060000 259
2061000 259
2062000 259
2063000 259
2064000 259
2065000 259
2066000 260
2067000 260
2068000 260
2069000 260
2070000 260
2071000 261
2072000 261
2073000 261
2074000 261
2075000 261
2076000 262
2077000 262
2078000 262
2079000 262
2080000 263
2081000 263
2082000 263
2083000 263
2084000 263
2085000 263
2086000 264
2087000 264
2088000 264
2089000 264
2090000 264
2091000 265
2092000 265
2093000 265
2094000 265
2095000 265
2096000 265
2097000 266
2098000 266
2099000 266
2100000 266
2101000 266
2102000 266
2103000 267
2104000 267
2105000 267
2106000 267
2107000 267
2108000 268
2109000 268
2110000 268
2111000 268
2112000 268
2113000 268
2114000 268
2115000 268
2116000 268
2117000 268
2118000 268
2119000 268
2120000 268
2121000 268
2122000 269
2123000 269
2124000 269
2125000 269
2126000 269
2127000 269
2128000 269
2129000 270
2130000 270
2131000 270
2132000 270
2133000 270
2134000 271
2135000 271
2136000 271
2137000 271
2138000 271
2139000 271
2140000 272
2141000 272
2142000 272
2143000 272
2144000 272
2145000 272
2146000 273
2147000 273
2148000 273
2149000 273
2150000 273
2151000 274
2152000 274
2153000 274
2154000 274
2155000 274
2156000 274
2157000 274
2158000 274
2159000 275
2160000 275
2161000 275
2162000 275
2163000 275
2164000 276
2165000 276
2166000 276
2167000 276
2168000 276
2169000 276
2170000 276
2171000 277
2172000 277
2173000 277
2174000 277
2175000 277
2176000 277
2177000 277
2178000 278
2179000 278
2180000 278
2181000 278
2182000 278
2183000 279
2184000 279
2185000 279
2186000 279
2187000 279
2188000 279
2189000 280
2190000 280
2191000 280
2192000 280
2193000 280
2194000 280
2195000 280
2196000 281
2197000 281
2198000 281
2199000 281
2200000 281
2201000 281
2202000 281
2203000 281
2204000 281
2205000 282
2206000 282
2207000 282
2208000 282
2209000 282
2210000 282
2211000 282
2212000 283
2213000 283
2214000 283
2215000 283
2216000 283
2217000 283
2218000 283
2219000 284
2220000 284
2221000 284
2222000 284
2223000 284
2224000 284
2225000 284
2226000 284
2227000 285
2228000 285
2229000 285
2230000 285
2231000 285
2232000 285
2233000 285
2234000 286
2235000 286
2236000 286
2237000 286
2238000 286
2239000 286
2240000 287
2241000 287
2242000 287
2243000 287
2244000 287
2245000 287
2246000 287
2247000 288
2248000 288
2249000 288
2250000 288
2251000 288
2252000 289
2253000 289
2254000 289
2255000 289
2256000 290
2257000 290
2258000 290
2259000 290
2260000 290
2261000 290
2262000 290
2263000 291
2264000 291
2265000 291
2266000 291
2267000 291
2268000 292
2269000 292
2270000 292
2271000 292
2272000 292
2273000 293
2274000 293
2275000 293
2276000 293
2277000 293
2278000 293
2279000 293
2280000 293
2281000 293
2282000 293
2283000 293
2284000 293
2285000 294
2286000 294
2287000 294
2288000 294
2289000 294
2290000 294
2291000 294
2292000 294
2293000 294
2294000 294
2295000 294
2296000 294
2297000 294
2298000 295
2299000 295
2300000 295
2301000 295
2302000 295
2303000 295
2304000 295
2305000 295
2306000 295
2307000 295
2308000 295
2309000 295
2310000 296
2311000 296
2312000 296
2313000 296
2314000 296
2315000 296
2316000 296
2317000 296
2318000 296
2319000 297
2320000 297
2321000 297
2322000 297
2323000 297
2324000 297
2325000 297
2326000 297
2327000 297
2328000 297
2329000 297
2330000 298
2331000 298
2332000 298
2333000 298
2334000 298
2335000 298
2336000 299
2337000 299
2338000 299
2339000 299
2340000 299
2341000 300
2342000 300
2343000 300
2344000 300
2345000 300
2346000 300
2347000 301
2348000 301
2349000 301
2350000 301
2351000 301
2352000 301
2353000 301
2354000 302
2355000 302
2356000 302
2357000 302
2358000 302
2359000 302
2360000 302
2361000 302
2362000 302
2363000 303
2364000 303
2365000 303
2366000 303
2367000 303
2368000 303
2369000 303
2370000 303
2371000 303
2372000 303
2373000 303
2374000 303
2375000 303
2376000 303
2377000 304
2378000 304
2379000 304
2380000 304
2381000 304
2382000 304
2383000 304
2384000 305
2385000 305
2386000 305
2387000 305
2388000 305
2389000 305
2390000 305
2391000 306
2392000 306
2393000 306
2394000 306
2395000 306
2396000 306
2397000 306
2398000 306
2399000 306
2400000 306
2401000 306
2402000 306
2403000 307
2404000 307
2405000 307
2406000 307
2407000 307
2408000 307
2409000 307
2410000 307
2411000 307
2412000 308
2413000 308
2414000 308
2415000 308
2416000 308
2417000 308
2418000 309
2419000 309
2420000 309
2421000 309
2422000 309
2423000 309
2424000 309
2425000 309
2426000 309
2427000 309
2428000 309
2429000 310
2430000 310
2431000 310
2432000 310
2433000 310
2434000 310
2435000 311
2436000 311
2437000 311
2438000 311
2439000 311
2440000 311
2441000 311
2442000 311
2443000 311
2444000 311
2445000 311
2446000 312
2447000 312
2448000 312
2449000 312
2450000 312
2451000 312
2452000 312
2453000 312
2454000 312
2455000 312
2456000 312
2457000 313
2458000 313
2459000 313
2460000 313
2461000 313
2462000 314
2463000 314
2464000 314
2465000 314
2466000 314
2467000 315
2468000 315
2469000 315
2470000 315
2471000 315
2472000 315
2473000 315
2474000 315
2475000 316
2476000 316
2477000 316
2478000 316
2479000 316
2480000 317
2481000 317
2482000 317
2483000 317
2484000 317
2485000 317
2486000 317
2487000 317
2488000 318
2489000 318
2490000 318
2491000 318
2492000 318
2493000 318
2494000 318
2495000 318
2496000 318
2497000 319
2498000 319
2499000 319
2500000 319
2501000 319
2502000 319
2503000 319
2504000 320
2505000 320
2506000 320
2507000 320
2508000 320
2509000 320
2510000 321
2511000 321
2512000 321
2513000 321
2514000 321
2515000 321
2516000 321
2517000 322
2518000 322
2519000 322
2520000 322
2521000 322
2522000 322
2523000 323
2524000 323
2525000 323
2526000 323
2527000 323
2528000 323
2529000 323
2530000 323
2531000 323
2532000 323
2533000 324
2534000 324
2535000 324
2536000 324
2537000 324
2538000 324
2539000 324
2540000 324
2541000 325
2542000 325
2543000 325
2544000 325
2545000 325
2546000 325
2547000 325
2548000 325
2549000 325
2550000 325
2551000 326
2552000 326
2553000 326
2554000 326
2555000 326
2556000 326
2557000 326
2558000 326
2559000 326
2560000 327
2561000 327
2562000 327
2563000 327
2564000 327
2565000 327
2566000 327
2567000 328
2568000 328
2569000 328
2570000 328
2571000 328
2572000 328
2573000 329
2574000 329
2575000 329
2576000 329
2577000 329
2578000 329
2579000 329
2580000 330
2581000 330
2582000 330
2583000 330
2584000 330
2585000 330
2586000 331
2587000 331
2588000 331
2589000 331
2590000 331
2591000 332
2592000 332
2593000 332
2594000 332
2595000 332
2596000 332
2597000 333
2598000 333
2599000 333
2600000 333
2601000 333
2602000 333
2603000 334
2604000 334
2605000 334
2606000 334
2607000 335
2608000 335
2609000 335
2610000 335
2611000 335
2612000 336
2613000 336
2614000 336
2615000 336
2616000 336
2617000 336
2618000 336
2619000 337
2620000 337
2621000 337
2622000 337
2623000 337
2624000 337
2625000 337
2626000 338
2627000 338
2628000 338
2629000 338
2630000 338
2631000 338
2632000 339
2633000 339
2634000 339
2635000 339
2636000 339
2637000 339
2638000 339
2639000 340
2640000 340
2641000 340
2642000 340
2643000 340
2644000 340
2645000 340
2646000 340
2647000 340
2648000 341
2649000 341
2650000 341
2651000 341
2652000 341
2653000 341
2654000 341
2655000 342
2656000 342
2657000 342
2658000 342
2659000 342
2660000 342
2661000 343
2662000 343
2663000 343
2664000 343
2665000 343
2666000 344
2667000 344
2668000 344
2669000 344
2670000 344
2671000 344
2672000 344
2673000 344
2674000 344
2675000 345
2676000 345
2677000 345
2678000 345
2679000 345
2680000 345
2681000 345
2682000 345
2683000 345
2684000 346
2685000 346
2686000 346
2687000 346
2688000 346
2689000 347
2690000 347
2691000 347
2692000 347
2693000 347
2694000 347
2695000 348
2696000 348
2697000 348
2698000 348
2699000 348
2700000 348
2701000 348
2702000 348
2703000 349
2704000 349
2705000 349
2706000 349
2707000 349
2708000 350
2709000 350
2710000 350
2711000 350
2712000 350
2713000 351
2714000 351
2715000 351
2716000 351
2717000 351
2718000 351
2719000 352
2720000 352
2721000 352
2722000 352
2723000 352
2724000 353
2725000 353
2726000 353
2727000 353
2728000 353
2729000 353
2730000 354
2731000 354
2732000 354
2733000 354
2734000 354
2735000 355
2736000 355
2737000 355
2738000 355
2739000 355
2740000 355
2741000 355
2742000 355
2743000 355
2744000 356
2745000 356
2746000 356
2747000 356
2748000 356
2749000 356
2750000 356
2751000 357
2752000 357
2753000 357
2754000 357
2755000 357
2756000 357
2757000 357
2758000 357
2759000 357
2760000 358
2761000 358
2762000 358
2763000 358
2764000 358
2765000 358
2766000 359
2767000 359
2768000 359
2769000 359
2770000 359
2771000 359
2772000 359
2773000 359
2774000 359
2775000 359
2776000 360
2777000 360
2778000 360
2779000 360
2780000 360
2781000 360
2782000 360
2783000 360
2784000 360
2785000 360
2786000 360
2787000 361
2788000 361
2789000 361
2790000 361
2791000 361
2792000 361
2793000 361
2794000 361
2795000 361
2796000 362
2797000 362
2798000 362
2799000 362
2800000 362
2801000 362
2802000 363
2803000 363
2804000 363
2805000 363
2806000 363
2807000 363
2808000 363
2809000 363
2810000 363
2811000 363
2812000 364
2813000 364
2814000 364
2815000 364
2816000 364
2817000 364
2818000 364
2819000 364
2820000 364
2821000 364
2822000 364
2823000 364
2824000 365
2825000 365
2826000 365
2827000 365
2828000 365
2829000 365
2830000 365
2831000 365
2832000 365
2833000 365
2834000 365
2835000 366
2836000 366
2837000 366
2838000 366
2839000 366
2840000 366
2841000 367
2842000 367
2843000 367
2844000 367
2845000 367
2846000 367
2847000 367
2848000 367
2849000 367
2850000 368
2851000 368
2852000 368
2853000 368
2854000 368
2855000 369
2856000 369
2857000 369
2858000 369
2859000 369
2860000 369
2861000 369
2862000 369
2863000 369
2864000 369
2865000 369
2866000 369
2867000 369
2868000 370
2869000 370
2870000 370
2871000 370
2872000 370
2873000 370
2874000 371
2875000 371
2876000 371
2877000 371
2878000 371
2879000 371
2880000 371
2881000 371
2882000 371
2883000 371
2884000 372
2885000 372
2886000 372
2887000 372
2888000 372
2889000 372
2890000 372
2891000 372
2892000 372
2893000 372
2894000 373
2895000 373
2896000 373
2897000 373
2898000 373
2899000 373
2900000 373
2901000 373
2902000 374
2903000 374
2904000 374
2905000 374
2906000 374
2907000 374
2908000 374
2909000 374
2910000 374
2911000 374
2912000 374
2913000 374
2914000 375
2915000 375
2916000 375
2917000 375
2918000 375
2919000 376
2920000 376
2921000 376
2922000 376
2923000 376
2924000 376
2925000 376
2926000 376
2927000 376
2928000 376
2929000 377
2930000 377
2931000 377
2932000 377
2933000 377
2934000 377
2935000 378
2936000 378
2937000 378
2938000 378
2939000 378
2940000 378
2941000 379
2942000 379
2943000 379
2944000 379
2945000 379
2946000 379
2947000 380
2948000 380
2949000 380
2950000 380
2951000 380
2952000 380
2953000 380
2954000 381
2955000 381
2956000 381
2957000 381
2958000 381
2959000 381
2960000 381
2961000 381
2962000 382
2963000 382
2964000 382
2965000 382
2966000 382
2967000 382
2968000 382
2969000 383
2970000 383
2971000 383
2972000 383
2973000 383
2974000 383
2975000 383
2976000 383
2977000 384
2978000 384
2979000 384
2980000 384
2981000 384
2982000 384
2983000 385
2984000 385
2985000 385
2986000 385
2987000 385
2988000 385
2989000 386
2990000 386
2991000 386
2992000 386
2993000 386
2994000 386
2995000 386
2996000 386
2997000 387
2998000 387
2999000 387
3000000 387
3001000 387
3002000 387
3003000 388
3004000 388
3005000 388
3006000 388
3007000 388
3008000 388
3009000 388
3010000 389
3011000 389
3012000 389
3013000 389
3014000 389
3015000 389
3016000 389
3017000 389
3018000 390
3019000 390
3020000 390
3021000 390
3022000 390
3023000 390
3024000 391
3025000 391
3026000 391
3027000 391
3028000 391
3029000 391
3030000 391
3031000 392
3032000 392
3033000 392
3034000 392
3035000 392
3036000 392
3037000 392
3038000 393
3039000 393
3040000 393
3041000 393
3042000 393
3043000 393
3044000 394
3045000 394
3046000 394
3047000 394
3048000 394
3049000 394
3050000 394
3051000 395
3052000 395
3053000 395
3054000 395
3055000 395
3056000 395
3057000 395
3058000 396
3059000 396
3060000 396
3061000 396
3062000 396
3063000 396
3064000 397
3065000 397
3066000 397
3067000 397
3068000 397
3069000 397
3070000 398
3071000 398
3072000 398
3073000 398
3074000 398
3075000 398
3076000 398
3077000 399
3078000 399
3079000 399
3080000 399
3081000 399
3082000 399
3083000 399
3084000 400
3085000 400
3086000 400
3087000 400
3088000 400
3089000 400
3090000 400
3091000 401
3092000 401
3093000 401
3094000 401
3095000 401
3096000 401
3097000 401
3098000 401
3099000 402
3100000 402
3101000 402
3102000 402
3103000 402
3104000 402
3105000 402
3106000 402
3107000 403
3108000 403
3109000 403
3110000 403
3111000 403
3112000 403
3113000 403
3114000 403
3115000 403
3116000 404
3117000 404
3118000 404
3119000 404
3120000 404
3121000 404
3122000 404
3123000 405
3124000 405
3125000 405
3126000 405
3127000 405
3128000 405
3129000 406
3130000 406
3131000 406
3132000 406
3133000 406
3134000 406
3135000 406
3136000 407
3137000 407
3138000 407
3139000 407
3140000 407
3141000 407
3142000 407
3143000 408
3144000 408
3145000 408
3146000 408
3147000 408
3148000 408
3149000 408
3150000 409
3151000 409
3152000 409
3153000 409
3154000 409
3155000 409
3156000 409
3157000 409
3158000 410
3159000 410
3160000 410
3161000 410
3162000 410
3163000 411
3164000 411
3165000 411
3166000 411
3167000 411
3168000 411
3169000 412
3170000 412
3171000 412
3172000 412
3173000 412
3174000 412
3175000 412
3176000 412
3177000 413
3178000 413
3179000 413
3180000 413
3181000 413
3182000 413
3183000 413
3184000 414
3185000 414
3186000 414
3187000 414
3188000 414
3189000 415
3190000 415
3191000 415
3192000 415
3193000 415
3194000 415
3195000 416
3196000 416
3197000 416
3198000 416
3199000 416
3200000 416
3201000 416
3202000 416
3203000 416
3204000 416
3205000 416
3206000 416
3207000 417
3208000 417
3209000 417
3210000 417
3211000 417
3212000 417
3213000 417
3214000 417
3215000 417
3216000 418
3217000 418
3218000 418
3219000 418
3220000 418
3221000 418
3222000 418
3223000 419
3224000 419
3225000 419
3226000 419
3227000 419
3228000 419
3229000 420
3230000 420
3231000 420
3232000 420
3233000 420
3234000 420
3235000 420
3236000 420
3237000 420
3238000 421
3239000 421
3240000 421
3241000 421
3242000 421
3243000 421
3244000 422
3245000 422
3246000 422
3247000 422
3248000 422
3249000 422
3250000 422
3251000 423
3252000 423
3253000 423
3254000 423
3255000 423
3256000 423
3257000 423
3258000 423
3259000 423
3260000 423
3261000 424
3262000 424
3263000 424
3264000 424
3265000 424
3266000 424
3267000 425
3268000 425
3269000 425
3270000 425
3271000 425
3272000 425
3273000 426
3274000 426
3275000 426
3276000 426
3277000 426
3278000 426
3279000 426
3280000 427
3281000 427
3282000 427
3283000 427
3284000 427
3285000 427
3286000 428
3287000 428
3288000 428
3289000 428
3290000 428
3291000 428
3292000 428
3293000 429
3294000 429
3295000 429
3296000 429
3297000 429
3298000 429
3299000 429
3300000 430
3301000 430
3302000 430
3303000 430
3304000 430
3305000 430
3306000 430
3307000 431
3308000 431
3309000 431
3310000 431
3311000 431
3312000 431
3313000 431
3314000 431
3315000 432
3316000 432
3317000 432
3318000 432
3319000 432
3320000 432
3321000 433
3322000 433
3323000 433
3324000 433
3325000 433
3326000 434
3327000 434
3328000 434
3329000 434
3330000 434
3331000 434
3332000 435
3333000 435
3334000 435
3335000 435
3336000 435
3337000 435
3338000 436
3339000 436
3340000 436
3341000 436
3342000 436
3343000 436
3344000 437
3345000 437
3346000 437
3347000 437
3348000 437
3349000 437
3350000 437
3351000 438
3352000 438
3353000 438
3354000 438
3355000 438
3356000 438
3357000 438
3358000 438
3359000 439
3360000 439
3361000 439
3362000 439
3363000 439
3364000 440
3365000 440
3366000 440
3367000 440
3368000 440
3369000 440
3370000 440
3371000 440
3372000 441
3373000 441
3374000 441
3375000 441
3376000 441
3377000 441
3378000 441
3379000 441
3380000 442
3381000 442
3382000 442
3383000 442
3384000 442
3385000 442
3386000 442
3387000 443
3388000 443
3389000 443
3390000 443
3391000 443
3392000 443
3393000 443
3394000 443
3395000 443
3396000 444
3397000 444
3398000 444
3399000 444
3400000 444
3401000 444
3402000 444
3403000 445
3404000 445
3405000 445
3406000 445
3407000 445
3408000 446
3409000 446
3410000 446
3411000 446
3412000 446
3413000 446
3414000 446
3415000 447
3416000 447
3417000 447
3418000 447
3419000 447
3420000 447
3421000 447
3422000 448
3423000 448
3424000 448
3425000 448
3426000 448
3427000 448
3428000 448
3429000 448
3430000 448
3431000 448
3432000 449
3433000 449
3434000 449
3435000 449
3436000 449
3437000 449
3438000 449
3439000 449
3440000 450
3441000 450
3442000 450
3443000 450
3444000 450
3445000 450
3446000 451
3447000 451
3448000 451
3449000 451
3450000 451
3451000 451
3452000 452
3453000 452
3454000 452
3455000 452
3456000 452
3457000 452
3458000 452
3459000 452
3460000 452
3461000 453
3462000 453
3463000 453
3464000 453
3465000 453
3466000 453
3467000 454
3468000 454
3469000 454
3470000 454
3471000 454
3472000 454
3473000 455
3474000 455
3475000 455
3476000 455
3477000 455
3478000 455
3479000 455
3480000 456
3481000 456
3482000 456
3483000 456
3484000 456
3485000 456
3486000 456
3487000 456
3488000 456
3489000 457
3490000 457
3491000 457
3492000 457
3493000 457
3494000 457
3495000 457
3496000 457
3497000 458
3498000 458
3499000 458
3500000 458
3501000 458
3502000 458
3503000 458
3504000 458
3505000 459
3506000 459
3507000 459
3508000 459
3509000 459
3510000 459
3511000 459
3512000 460
3513000 460
3514000 460
3515000 460
3516000 460
3517000 460
3518000 461
3519000 461
3520000 461
3521000 461
3522000 461
3523000 461
3524000 461
3525000 462
3526000 462
3527000 462
3528000 462
3529000 462
3530000 463
3531000 463
3532000 463
3533000 463
3534000 463
3535000 463
3536000 464
3537000 464
3538000 464
3539000 464
3540000 464
3541000 465
3542000 465
3543000 465
3544000 465
3545000 465
3546000 465
3547000 465
3548000 465
3549000 466
3550000 466
3551000 466
3552000 466
3553000 466
3554000 466
3555000 467
3556000 467
3557000 467
3558000 467
3559000 467
3560000 467
3561000 468
3562000 468
3563000 468
3564000 468
3565000 468
3566000 468
3567000 468
3568000 469
3569000 469
3570000 469
3571000 469
3572000 469
3573000 469
3574000 470
3575000 470
3576000 470
3577000 470
3578000 470
3579000 470
3580000 471
3581000 471
3582000 471
3583000 471
3584000 471
3585000 471
3586000 471
3587000 471
3588000 472
3589000 472
3590000 472
3591000 472
3592000 472
3593000 472
3594000 473
3595000 473
3596000 473
3597000 473
3598000 473
3599000 473
3600000 473
3601000 473
3602000 473
3603000 474
3604000 474
3605000 474
3606000 474
3607000 474
3608000 474
3609000 475
3610000 475
3611000 475
3612000 475
3613000 475
3614000 476
3615000 476
3616000 476
3617000 476
3618000 476
3619000 476
3620000 477
3621000 477
3622000 477
3623000 477
3624000 477
3625000 478
3626000 478
3627000 478
3628000 478
3629000 478
3630000 478
3631000 478
3632000 478
3633000 478
3634000 479
3635000 479
3636000 479
3637000 479
3638000 479
3639000 479
3640000 479
3641000 479
3642000 479
3643000 480
3644000 480
3645000 480
3646000 480
3647000 480
3648000 480
3649000 481
3650000 481
3651000 481
3652000 481
3653000 481
3654000 481
3655000 481
3656000 481
3657000 481
3658000 482
3659000 482
3660000 482
3661000 482
3662000 482
3663000 482
3664000 483
3665000 483
3666000 483
3667000 483
3668000 483
3669000 483
3670000 484
3671000 484
3672000 484
3673000 484
3674000 484
3675000 484
3676000 484
3677000 484
3678000 484
3679000 484
3680000 484
3681000 485
3682000 485
3683000 485
3684000 485
3685000 485
3686000 485
3687000 485
3688000 486
3689000 486
3690000 486
3691000 486
3692000 486
3693000 486
3694000 486
3695000 486
3696000 487
3697000 487
3698000 487
3699000 487
3700000 487
3701000 488
3702000 488
3703000 488
3704000 488
3705000 488
3706000 488
3707000 488
3708000 488
3709000 488
3710000 489
3711000 489
3712000 489
3713000 489
3714000 489
3715000 489
3716000 489
3717000 490
3718000 490
3719000 490
3720000 490
3721000 490
3722000 490
3723000 490
3724000 490
3725000 490
3726000 490
3727000 490
3728000 491
3729000 491
3730000 491
3731000 491
3732000 491
3733000 492
3734000 492
3735000 492
3736000 492
3737000 492
3738000 492
3739000 492
3740000 492
3741000 492
3742000 492
3743000 493
3744000 493
3745000 493
3746000 493
3747000 493
3748000 493
3749000 493
3750000 494
3751000 494
3752000 494
3753000 494
3754000 494
3755000 494
3756000 495
3757000 495
3758000 495
3759000 495
3760000 495
3761000 495
3762000 496
3763000 496
3764000 496
3765000 496
3766000 496
3767000 496
3768000 496
3769000 497
3770000 497
3771000 497
3772000 497
3773000 497
3774000 497
3775000 497
3776000 497
3777000 497
3778000 497
3779000 498
3780000 498
3781000 498
3782000 498
3783000 498
3784000 498
3785000 498
3786000 499
3787000 499
3788000 499
3789000 499
3790000 499
3791000 499
3792000 499
3793000 499
3794000 499
3795000 499
3796000 499
3797000 500
3798000 500
3799000 500
3800000 500
3801000 500
3802000 500
3803000 501
3804000 501
3805000 501
3806000 501
3807000 501
3808000 501
3809000 501
3810000 501
3811000 502
3812000 502
3813000 502
3814000 502
3815000 502
3816000 502
3817000 502
3818000 502
3819000 502
3820000 503
3821000 503
3822000 503
3823000 503
3824000 503
3825000 503
3826000 503
3827000 504
3828000 504
3829000 504
3830000 504
3831000 504
3832000 505
3833000 505
3834000 505
3835000 505
3836000 505
3837000 506
3838000 506
3839000 506
3840000 506
3841000 506
3842000 507
3843000 507
3844000 507
3845000 507
3846000 507
3847000 507
3848000 507
3849000 507
3850000 507
3851000 508
3852000 508
3853000 508
3854000 508
3855000 508
3856000 508
3857000 508
3858000 508
3859000 509
3860000 509
3861000 509
3862000 509
3863000 509
3864000 510
3865000 510
3866000 510
3867000 510
3868000 510
3869000 510
3870000 511
3871000 511
3872000 511
3873000 511
3874000 511
3875000 511
3876000 511
3877000 512
3878000 512
3879000 512
3880000 512
3881000 512
3882000 512
3883000 512
3884000 512
3885000 513
3886000 513
3887000 513
3888000 513
3889000 513
3890000 513
3891000 514
3892000 514
3893000 514
3894000 514
3895000 514
3896000 514
3897000 514
3898000 514
3899000 514
3900000 515
3901000 515
3902000 515
3903000 515
3904000 515
3905000 515
3906000 515
3907000 516
3908000 516
3909000 516
3910000 516
3911000 516
3912000 516
3913000 516
3914000 516
3915000 517
3916000 517
3917000 517
3918000 517
3919000 517
3920000 517
3921000 518
3922000 518
3923000 518
3924000 518
3925000 518
3926000 519
3927000 519
3928000 519
3929000 519
3930000 519
3931000 519
3932000 519
3933000 520
3934000 520
3935000 520
3936000 520
3937000 520
3938000 520
3939000 520
3940000 520
3941000 520
3942000 521
3943000 521
3944000 521
3945000 521
3946000 521
3947000 521
3948000 522
3949000 522
3950000 522
3951000 522
3952000 522
3953000 522
3954000 522
3955000 523
3956000 523
3957000 523
3958000 523
3959000 523
3960000 524
3961000 524
3962000 524
3963000 524
3964000 524
3965000 524
3966000 524
3967000 525
3968000 525
3969000 525
3970000 525
3971000 525
3972000 525
3973000 526
3974000 526
3975000 526
3976000 526
3977000 526
3978000 526
3979000 526
3980000 527
3981000 527
3982000 527
3983000 527
3984000 527
3985000 527
3986000 527
3987000 528
3988000 528
3989000 528
3990000 528
3991000 528
3992000 528
3993000 528
3994000 528
3995000 529
3996000 529
3997000 529
3998000 529
3999000 529
4000000 529
4001000 530
4002000 530
4003000 530
4004000 530
4005000 530
4006000 531
4007000 531
4008000 531
4009000 531
4010000 531
4011000 531
4012000 531
4013000 532
4014000 532
4015000 532
4016000 532
4017000 532
4018000 532
4019000 533
4020000 533
4021000 533
4022000 533
4023000 533
4024000 533
4025000 533
4026000 533
4027000 533
4028000 534
4029000 534
4030000 534
4031000 534
4032000 534
4033000 534
4034000 534
4035000 535
4036000 535
4037000 535
4038000 535
4039000 535
4040000 535
4041000 535
4042000 536
4043000 536
4044000 536
4045000 536
4046000 536
4047000 536
4048000 536
4049000 537
4050000 537
4051000 537
4052000 537
4053000 537
4054000 537
4055000 537
4056000 537
4057000 538
4058000 538
4059000 538
4060000 538
4061000 538
4062000 538
4063000 538
4064000 538
4065000 539
4066000 539
4067000 539
4068000 539
4069000 539
4070000 539
4071000 539
4072000 539
4073000 540
4074000 540
4075000 540
4076000 540
4077000 540
4078000 540
4079000 541
4080000 541
4081000 541
4082000 541
4083000 541
4084000 541
4085000 541
4086000 541
4087000 541
4088000 541
4089000 542
4090000 542
4091000 542
4092000 542
4093000 542
4094000 542
4095000 543
4096000 543
4097000 543
4098000 543
4099000 543
4100000 543
4101000 543
4102000 544
4103000 544
4104000 544
4105000 544
4106000 544
4107000 544
4108000 544
4109000 545
4110000 545
4111000 545
4112000 545
4113000 545
4114000 545
4115000 546
4116000 546
4117000 546
4118000 546
4119000 546
4120000 546
4121000 546
4122000 547
4123000 547
4124000 547
4125000 547
4126000 547
4127000 547
4128000 547
4129000 547
4130000 547
4131000 548
4132000 548
4133000 548
4134000 548
4135000 548
4136000 548
4137000 549
4138000 549
4139000 549
4140000 549
4141000 549
4142000 549
4143000 549
4144000 549
4145000 549
4146000 550
4147000 550
4148000 550
4149000 550
4150000 550
4151000 550
4152000 550
4153000 551
4154000 551
4155000 551
4156000 551
4157000 551
4158000 551
4159000 552
4160000 552
4161000 552
4162000 552
4163000 552
4164000 552
4165000 552
4166000 553
4167000 553
4168000 553
4169000 553
4170000 553
4171000 553
4172000 554
4173000 554
4174000 554
4175000 554
4176000 554
4177000 554
4178000 555
4179000 555
4180000 555
4181000 555
4182000 555
4183000 555
4184000 556
4185000 556
4186000 556
4187000 556
4188000 556
4189000 556
4190000 556
4191000 556
4192000 557
4193000 557
4194000 557
4195000 557
4196000 557
4197000 557
4198000 558
4199000 558
4200000 558
4201000 558
4202000 558
4203000 558
4204000 559
4205000 559
4206000 559
4207000 559
4208000 559
4209000 559
4210000 560
4211000 560
4212000 560
4213000 560
4214000 560
4215000 561
4216000 561
4217000 561
4218000 561
4219000 561
4220000 562
4221000 562
4222000 562
4223000 562
4224000 562
4225000 563
4226000 563
4227000 563
4228000 563
4229000 563
4230000 563
4231000 563
4232000 563
4233000 564
4234000 564
4235000 564
4236000 564
4237000 564
4238000 564
4239000 565
4240000 565
4241000 565
4242000 565
4243000 565
4244000 566
4245000 566
4246000 566
4247000 566
4248000 566
4249000 567
4250000 567
4251000 567
4252000 567
4253000 567
4254000 568
4255000 568
4256000 568
4257000 568
4258000 568
4259000 568
4260000 568
4261000 569
4262000 569
4263000 569
4264000 569
4265000 569
4266000 569
4267000 569
4268000 570
4269000 570
4270000 570
4271000 570
4272000 570
4273000 570
4274000 570
4275000 570
4276000 571
4277000 571
4278000 571
4279000 571
4280000 571
4281000 571
4282000 571
4283000 571
4284000 571
4285000 572
4286000 572
4287000 572
4288000 572
4289000 572
4290000 572
4291000 572
4292000 573
4293000 573
4294000 573
4295000 573
4296000 573
4297000 573
4298000 573
4299000 573
4300000 573
4301000 574
4302000 574
4303000 574
4304000 574
4305000 574
4306000 574
4307000 575
4308000 575
4309000 575
4310000 575
4311000 575
4312000 575
4313000 576
4314000 576
4315000 576
4316000 576
4317000 576
4318000 576
4319000 576
4320000 576
4321000 577
4322000 577
4323000 577
4324000 577
4325000 577
4326000 577
4327000 578
4328000 578
4329000 578
4330000 578
4331000 578
4332000 578
4333000 579
4334000 579
4335000 579
4336000 579
4337000 579
4338000 579
4339000 579
4340000 579
4341000 580
4342000 580
4343000 580
4344000 580
4345000 580
4346000 580
4347000 581
4348000 581
4349000 581
4350000 581
4351000 581
4352000 581
4353000 581
4354000 582
4355000 582
4356000 582
4357000 582
4358000 582
4359000 582
4360000 582
4361000 583
4362000 583
4363000 583
4364000 583
4365000 583
4366000 583
4367000 583
4368000 583
4369000 584
4370000 584
4371000 584
4372000 584
4373000 584
4374000 584
4375000 585
4376000 585
4377000 585
4378000 585
4379000 585
4380000 585
4381000 586
4382000 586
4383000 586
4384000 586
4385000 586
4386000 586
4387000 587
4388000 587
4389000 587
4390000 587
4391000 587
4392000 587
4393000 588
4394000 588
4395000 588
4396000 588
4397000 588
4398000 588
4399000 589
4400000 589
4401000 589
4402000 589
4403000 589
4404000 590
4405000 590
4406000 590
4407000 590
4408000 590
4409000 591
4410000 591
4411000 591
4412000 591
4413000 591
4414000 592
4415000 592
4416000 592
4417000 592
4418000 592
4419000 592
4420000 593
4421000 593
4422000 593
4423000 593
4424000 593
4425000 593
4426000 594
4427000 594
4428000 594
4429000 594
4430000 594
4431000 594
4432000 595
4433000 595
4434000 595
4435000 595
4436000 595
4437000 595
4438000 595
4439000 596
4440000 596
4441000 596
4442000 596
4443000 596
4444000 596
4445000 596
4446000 596
4447000 596
4448000 597
4449000 597
4450000 597
4451000 597
4452000 597
4453000 597
4454000 598
4455000 598
4456000 598
4457000 598
4458000 598
4459000 598
4460000 598
4461000 598
4462000 599
4463000 599
4464000 599
4465000 599
4466000 599
4467000 599
4468000 599
4469000 600
4470000 600
4471000 600
4472000 600
4473000 600
4474000 600
4475000 600
4476000 600
4477000 601
4478000 601
4479000 601
4480000 601
4481000 601
4482000 601
4483000 601
4484000 602
4485000 602
4486000 602
4487000 602
4488000 602
4489000 602
4490000 602
4491000 602
4492000 603
4493000 603
4494000 603
4495000 603
4496000 603
4497000 603
4498000 603
4499000 604
4500000 604
4501000 604
4502000 604
4503000 604
4504000 604
4505000 604
4506000 605
4507000 605
4508000 605
4509000 605
4510000 605
4511000 605
4512000 605
4513000 605
4514000 605
4515000 606
4516000 606
4517000 606
4518000 606
4519000 606
4520000 606
4521000 606
4522000 606
4523000 606
4524000 607
4525000 607
4526000 607
4527000 607
4528000 607
4529000 607
4530000 607
4531000 607
4532000 607
4533000 607
4534000 608
4535000 608
4536000 608
4537000 608
4538000 608
4539000 609
4540000 609
4541000 609
4542000 609
4543000 609
4544000 609
4545000 609
4546000 609
4547000 609
4548000 609
4549000 609
4550000 610
4551000 610
4552000 610
4553000 610
4554000 610
4555000 610
4556000 610
4557000 611
4558000 611
4559000 611
4560000 611
4561000 611
4562000 611
4563000 611
4564000 612
4565000 612
4566000 612
4567000 612
4568000 612
4569000 612
4570000 612
4571000 613
4572000 613
4573000 613
4574000 613
4575000 613
4576000 613
4577000 613
4578000 614
4579000 614
4580000 614
4581000 614
4582000 614
4583000 614
4584000 614
4585000 614
4586000 614
4587000 615
4588000 615
4589000 615
4590000 615
4591000 615
4592000 615
4593000 615
4594000 615
4595000 616
4596000 616
4597000 616
4598000 616
4599000 616
4600000 616
4601000 616
4602000 617
4603000 617
4604000 617
4605000 617
4606000 617
4607000 617
4608000 617
4609000 617
4610000 617
4611000 617
4612000 617
4613000 618
4614000 618
4615000 618
4616000 618
4617000 618
4618000 618
4619000 618
4620000 619
4621000 619
4622000 619
4623000 619
4624000 619
4625000 619
4626000 619
4627000 619
4628000 619
4629000 619
4630000 619
4631000 619
4632000 619
4633000 619
4634000 619
4635000 619
4636000 620
4637000 620
4638000 620
4639000 620
4640000 620
4641000 620
4642000 621
4643000 621
4644000 621
4645000 621
4646000 621
4647000 621
4648000 622
4649000 622
4650000 622
4651000 622
4652000 622
4653000 622
4654000 623
4655000 623
4656000 623
4657000 623
4658000 623
4659000 623
4660000 623
4661000 623
4662000 623
4663000 623
4664000 623
4665000 623
4666000 623
4667000 624
4668000 624
4669000 624
4670000 624
4671000 624
4672000 624
4673000 624
4674000 624
4675000 624
4676000 625
4677000 625
4678000 625
4679000 625
4680000 625
4681000 625
4682000 625
4683000 625
4684000 625
4685000 625
4686000 625
4687000 626
4688000 626
4689000 626
4690000 626
4691000 626
4692000 626
4693000 626
4694000 626
4695000 626
4696000 626
4697000 626
4698000 627
4699000 627
4700000 627
4701000 627
4702000 627
4703000 627
4704000 627
4705000 627
4706000 627
4707000 627
4708000 627
4709000 627
4710000 628
4711000 628
4712000 628
4713000 628
4714000 628
4715000 628
4716000 628
4717000 628
4718000 628
4719000 628
4720000 628
4721000 628
4722000 628
4723000 628
4724000 629
4725000 629
4726000 629
4727000 629
4728000 629
4729000 629
4730000 629
4731000 629
4732000 629
4733000 629
4734000 630
4735000 630
4736000 630
4737000 630
4738000 630
4739000 630
4740000 631
4741000 631
4742000 631
4743000 631
4744000 631
4745000 631
4746000 632
4747000 632
4748000 632
4749000 632
4750000 632
4751000 632
4752000 632
4753000 632
4754000 633
4755000 633
4756000 633
4757000 633
4758000 633
4759000 633
4760000 633
4761000 634
4762000 634
4763000 634
4764000 634
4765000 634
4766000 634
4767000 634
4768000 635
4769000 635
4770000 635
4771000 635
4772000 635
4773000 635
4774000 635
4775000 635
4776000 636
4777000 636
4778000 636
4779000 636
4780000 636
4781000 636
4782000 636
4783000 636
4784000 636
4785000 636
4786000 636
4787000 636
4788000 636
4789000 637
4790000 637
4791000 637
4792000 637
4793000 637
4794000 638
4795000 638
4796000 638
4797000 638
4798000 638
4799000 638
4800000 638
4801000 638
4802000 638
4803000 638
4804000 639
4805000 639
4806000 639
4807000 639
4808000 639
4809000 639
4810000 639
4811000 640
4812000 640
4813000 640
4814000 640
4815000 640
4816000 640
4817000 641
4818000 641
4819000 641
4820000 641
4821000 641
4822000 641
4823000 641
4824000 641
4825000 641
4826000 641
4827000 642
4828000 642
4829000 642
4830000 642
4831000 642
4832000 643
4833000 643
4834000 643
4835000 643
4836000 643
4837000 643
4838000 644
4839000 644
4840000 644
4841000 644
4842000 644
4843000 644
4844000 644
4845000 644
4846000 645
4847000 645
4848000 645
4849000 645
4850000 645
4851000 645
4852000 645
4853000 645
4854000 645
4855000 645
4856000 645
4857000 646
4858000 646
4859000 646
4860000 646
4861000 646
4862000 646
4863000 647
4864000 647
4865000 647
4866000 647
4867000 647
4868000 647
4869000 647
4870000 648
4871000 648
4872000 648
4873000 648
4874000 648
4875000 648
4876000 648
4877000 649
4878000 649
4879000 649
4880000 649
4881000 649
4882000 650
4883000 650
4884000 650
4885000 650
4886000 650
4887000 650
4888000 650
4889000 650
4890000 650
4891000 650
4892000 650
4893000 650
4894000 651
4895000 651
4896000 651
4897000 651
4898000 651
4899000 651
4900000 651
4901000 651
4902000 651
4903000 651
4904000 651
4905000 651
4906000 652
4907000 652
4908000 652
4909000 652
4910000 652
4911000 652
4912000 652
4913000 652
4914000 652
4915000 652
4916000 653
4917000 653
4918000 653
4919000 653
4920000 653
4921000 653
4922000 654
4923000 654
4924000 654
4925000 654
4926000 654
4927000 654
4928000 654
4929000 654
4930000 654
4931000 655
4932000 655
4933000 655
4934000 655
4935000 655
4936000 656
4937000 656
4938000 656
4939000 656
4940000 656
4941000 657
4942000 657
4943000 657
4944000 657
4945000 657
4946000 657
4947000 658
4948000 658
4949000 658
4950000 658
4951000 658
4952000 658
4953000 658
4954000 658
4955000 659
4956000 659
4957000 659
4958000 659
4959000 659
4960000 659
4961000 659
4962000 659
4963000 659
4964000 659
4965000 659
4966000 659
4967000 659
4968000 660
4969000 660
4970000 660
4971000 660
4972000 660
4973000 660
4974000 661
4975000 661
4976000 661
4977000 661
4978000 661
4979000 661
4980000 662
4981000 662
4982000 662
4983000 662
4984000 662
4985000 662
4986000 662
4987000 662
4988000 662
4989000 662
4990000 662
4991000 662
4992000 663
4993000 663
4994000 663
4995000 663
4996000 663
4997000 664
4998000 664
4999000 664
5000000 664
