0 0
1000 0
2000 0
3000 0
4000 0
5000 0
6000 0
7000 0
8000 0
9000 0
10000 0
11000 0
12000 0
13000 0
14000 0
15000 0
16000 0
17000 0
18000 0
19000 0
20000 0
21000 0
22000 0
23000 0
24000 1
25000 1
26000 1
27000 1
28000 1
29000 1
30000 1
31000 1
32000 2
33000 2
34000 2
35000 2
36000 2
37000 2
38000 2
39000 2
40000 2
41000 3
42000 3
43000 3
44000 3
45000 3
46000 3
47000 3
48000 3
49000 4
50000 4
51000 4
52000 4
53000 4
54000 4
55000 4
56000 5
57000 5
58000 5
59000 5
60000 5
61000 5
62000 5
63000 5
64000 5
65000 5
66000 5
67000 5
68000 5
69000 5
70000 5
71000 5
72000 5
73000 5
74000 6
75000 6
76000 6
77000 6
78000 6
79000 6
80000 6
81000 6
82000 6
83000 6
84000 6
85000 6
86000 6
87000 6
88000 6
89000 6
90000 6
91000 6
92000 6
93000 6
94000 6
95000 6
96000 7
97000 7
98000 7
99000 7
100000 7
101000 7
102000 8
103000 8
104000 8
105000 8
106000 8
107000 8
108000 8
109000 9
110000 9
111000 9
112000 9
113000 9
114000 9
115000 10
116000 10
117000 10
118000 10
119000 10
120000 10
121000 10
122000 11
123000 11
124000 11
125000 11
126000 11
127000 11
128000 11
129000 11
130000 12
131000 12
132000 12
133000 12
134000 12
135000 12
136000 13
137000 13
138000 13
139000 13
140000 13
141000 13
142000 14
143000 14
144000 14
145000 14
146000 14
147000 14
148000 15
149000 15
150000 15
151000 15
152000 15
153000 15
154000 15
155000 16
156000 16
157000 16
158000 16
159000 16
160000 16
161000 17
162000 17
163000 17
164000 17
165000 17
166000 17
167000 17
168000 18
169000 18
170000 18
171000 18
172000 18
173000 18
174000 18
175000 19
176000 19
177000 19
178000 19
179000 19
180000 20
181000 20
182000 20
183000 20
184000 20
185000 21
186000 21
187000 21
188000 21
189000 21
190000 21
191000 22
192000 22
193000 22
194000 22
195000 22
196000 23
197000 23
198000 23
199000 23
200000 23
201000 23
202000 24
203000 24
204000 24
205000 24
206000 24
207000 25
208000 25
209000 25
210000 25
211000 25
212000 25
213000 26
214000 26
215000 26
216000 26
217000 26
218000 26
219000 26
220000 27
221000 27
222000 27
223000 27
224000 27
225000 28
226000 28
227000 28
228000 28
229000 28
230000 28
231000 28
232000 29
233000 29
234000 29
235000 29
236000 29
237000 30
238000 30
239000 30
240000 30
241000 30
242000 31
243000 31
244000 31
245000 31
246000 31
247000 31
248000 32
249000 32
250000 32
251000 32
252000 32
253000 32
254000 32
255000 33
256000 33
257000 33
258000 33
259000 33
260000 33
261000 34
262000 34
263000 34
264000 34
265000 34
266000 34
267000 34
268000 35
269000 35
270000 35
271000 35
272000 35
273000 35
274000 35
275000 35
276000 36
277000 36
278000 36
279000 36
280000 36
281000 36
282000 37
283000 37
284000 37
285000 37
286000 37
287000 37
288000 37
289000 38
290000 38
291000 38
292000 38
293000 38
294000 38
295000 39
296000 39
297000 39
298000 39
299000 39
300000 40
301000 40
302000 40
303000 40
304000 40
305000 40
306000 41
307000 41
308000 41
309000 41
310000 41
311000 41
312000 41
313000 42
314000 42
315000 42
316000 42
317000 42
318000 42
319000 42
320000 43
321000 43
322000 43
323000 43
324000 43
325000 43
326000 43
327000 43
328000 43
329000 43
330000 43
331000 43
332000 44
333000 44
334000 44
335000 44
336000 44
337000 44
338000 44
339000 44
340000 44
341000 44
342000 44
343000 44
344000 45
345000 45
346000 45
347000 45
348000 45
349000 45
350000 45
351000 45
352000 45
353000 45
354000 45
355000 45
356000 45
357000 45
358000 45
359000 46
360000 46
361000 46
362000 46
363000 46
364000 46
365000 46
366000 47
367000 47
368000 47
369000 47
370000 47
371000 47
372000 47
373000 48
374000 48
375000 48
376000 48
377000 48
378000 48
379000 48
380000 48
381000 48
382000 48
383000 49
384000 49
385000 49
386000 49
387000 49
388000 49
389000 49
390000 49
391000 49
392000 49
393000 50
394000 50
395000 50
396000 50
397000 50
398000 50
399000 50
400000 51
401000 51
402000 51
403000 51
404000 51
405000 51
406000 51
407000 52
408000 52
409000 52
410000 52
411000 52
412000 52
413000 53
414000 53
415000 53
416000 53
417000 53
418000 53
419000 54
420000 54
421000 54
422000 54
423000 54
424000 54
425000 54
426000 55
427000 55
428000 55
429000 55
430000 55
431000 55
432000 55
433000 56
434000 56
435000 56
436000 56
437000 56
438000 56
439000 56
440000 57
441000 57
442000 57
443000 57
444000 57
445000 57
446000 57
447000 58
448000 58
449000 58
450000 58
451000 58
452000 58
453000 58
454000 59
455000 59
456000 59
457000 59
458000 59
459000 59
460000 60
461000 60
462000 60
463000 60
464000 60
465000 60
466000 60
467000 61
468000 61
469000 61
470000 61
471000 61
472000 61
473000 61
474000 62
475000 62
476000 62
477000 62
478000 62
479000 62
480000 63
481000 63
482000 63
483000 63
484000 63
485000 63
486000 63
487000 64
488000 64
489000 64
490000 64
491000 64
492000 64
493000 64
494000 64
495000 65
496000 65
497000 65
498000 65
499000 65
500000 65
501000 65
502000 66
503000 66
504000 66
505000 66
506000 66
507000 66
508000 66
509000 67
510000 67
511000 67
512000 67
513000 67
514000 67
515000 67
516000 68
517000 68
518000 68
519000 68
520000 68
521000 68
522000 69
523000 69
524000 69
525000 69
526000 69
527000 69
528000 69
529000 70
530000 70
531000 70
532000 70
533000 70
534000 70
535000 70
536000 71
537000 71
538000 71
539000 71
540000 71
541000 71
542000 71
543000 72
544000 72
545000 72
546000 72
547000 72
548000 72
549000 72
550000 73
551000 73
552000 73
553000 73
554000 73
555000 73
556000 73
557000 74
558000 74
559000 74
560000 74
561000 74
562000 74
563000 74
564000 75
565000 75
566000 75
567000 75
568000 75
569000 75
570000 76
571000 76
572000 76
573000 76
574000 76
575000 76
576000 76
577000 76
578000 77
579000 77
580000 77
581000 77
582000 77
583000 77
584000 77
585000 78
586000 78
587000 78
588000 78
589000 78
590000 78
591000 79
592000 79
593000 79
594000 79
595000 79
596000 79
597000 79
598000 80
599000 80
600000 80
601000 80
602000 80
603000 80
604000 80
605000 81
606000 81
607000 81
608000 81
609000 81
610000 81
611000 82
612000 82
613000 82
614000 82
615000 82
616000 82
617000 82
618000 83
619000 83
620000 83
621000 83
622000 83
623000 83
624000 84
625000 84
626000 84
627000 84
628000 84
629000 84
630000 84
631000 85
632000 85
633000 85
634000 85
635000 85
636000 85
637000 85
638000 86
639000 86
640000 86
641000 86
642000 86
643000 86
644000 86
645000 86
646000 87
647000 87
648000 87
649000 87
650000 87
651000 87
652000 88
653000 88
654000 88
655000 88
656000 88
657000 88
658000 89
659000 89
660000 89
661000 89
662000 89
663000 89
664000 89
665000 89
666000 89
667000 90
668000 90
669000 90
670000 90
671000 90
672000 90
673000 91
674000 91
675000 91
676000 91
677000 91
678000 91
679000 92
680000 92
681000 92
682000 92
683000 92
684000 92
685000 92
686000 93
687000 93
688000 93
689000 93
690000 93
691000 93
692000 93
693000 94
694000 94
695000 94
696000 94
697000 94
698000 94
699000 94
700000 95
701000 95
702000 95
703000 95
704000 95
705000 95
706000 95
707000 96
708000 96
709000 96
710000 96
711000 96
712000 96
713000 96
714000 97
715000 97
716000 97
717000 97
718000 97
719000 97
720000 97
721000 97
722000 98
723000 98
724000 98
725000 98
726000 98
727000 98
728000 99
729000 99
730000 99
731000 99
732000 99
733000 99
734000 99
735000 99
736000 99
737000 99
738000 100
739000 100
740000 100
741000 100
742000 100
743000 100
744000 100
745000 100
746000 101
747000 101
748000 101
749000 101
750000 101
751000 101
752000 101
753000 102
754000 102
755000 102
756000 102
757000 102
758000 102
759000 102
760000 103
761000 103
762000 103
763000 103
764000 103
765000 103
766000 103
767000 103
768000 103
769000 103
770000 104
771000 104
772000 104
773000 104
774000 104
775000 104
776000 104
777000 104
778000 105
779000 105
780000 105
781000 105
782000 105
783000 105
784000 105
785000 105
786000 106
787000 106
788000 106
789000 106
790000 106
791000 106
792000 106
793000 106
794000 106
795000 107
796000 107
797000 107
798000 107
799000 107
800000 107
801000 107
802000 107
803000 107
804000 107
805000 108
806000 108
807000 108
808000 108
809000 108
810000 108
811000 108
812000 108
813000 108
814000 108
815000 109
816000 109
817000 109
818000 109
819000 109
820000 109
821000 109
822000 110
823000 110
824000 110
825000 110
826000 110
827000 110
828000 110
829000 111
830000 111
831000 111
832000 111
833000 111
834000 111
835000 111
836000 112
837000 112
838000 112
839000 112
840000 112
841000 112
842000 112
843000 113
844000 113
845000 113
846000 113
847000 113
848000 113
849000 114
850000 114
851000 114
852000 114
853000 114
854000 114
855000 114
856000 115
857000 115
858000 115
859000 115
860000 115
861000 115
862000 115
863000 115
864000 115
865000 116
866000 116
867000 116
868000 116
869000 116
870000 116
871000 116
872000 116
873000 116
874000 117
875000 117
876000 117
877000 117
878000 117
879000 117
880000 118
881000 118
882000 118
883000 118
884000 118
885000 118
886000 119
887000 119
888000 119
889000 119
890000 119
891000 119
892000 120
893000 120
894000 120
895000 120
896000 120
897000 120
898000 121
899000 121
900000 121
901000 121
902000 121
903000 121
904000 122
905000 122
906000 122
907000 122
908000 122
909000 122
910000 122
911000 123
912000 123
913000 123
914000 123
915000 123
916000 123
917000 124
918000 124
919000 124
920000 124
921000 124
922000 124
923000 124
924000 125
925000 125
926000 125
927000 125
928000 125
929000 125
930000 126
931000 126
932000 126
933000 126
934000 126
935000 126
936000 127
937000 127
938000 127
939000 127
940000 127
941000 127
942000 128
943000 128
944000 128
945000 128
946000 128
947000 128
948000 128
949000 129
950000 129
951000 129
952000 129
953000 129
954000 129
955000 130
956000 130
957000 130
958000 130
959000 130
960000 130
961000 131
962000 131
963000 131
964000 131
965000 131
966000 131
967000 132
968000 132
969000 132
970000 132
971000 132
972000 132
973000 133
974000 133
975000 133
976000 133
977000 133
978000 133
979000 133
980000 134
981000 134
982000 134
983000 134
984000 134
985000 134
986000 134
987000 134
988000 135
989000 135
990000 135
991000 135
992000 135
993000 135
994000 135
995000 135
996000 136
997000 136
998000 136
999000 136
1000000 136
1001000 136
1002000 136
1003000 137
1004000 137
1005000 137
1006000 137
1007000 137
1008000 137
1009000 138
1010000 138
1011000 138
1012000 138
1013000 138
1014000 138
1015000 138
1016000 138
1017000 139
1018000 139
1019000 139
1020000 139
1021000 139
1022000 139
1023000 140
1024000 140
1025000 140
1026000 140
1027000 140
1028000 140
1029000 140
1030000 141
1031000 141
1032000 141
1033000 141
1034000 141
1035000 141
1036000 141
1037000 142
1038000 142
1039000 142
1040000 142
1041000 142
1042000 142
1043000 143
1044000 143
1045000 143
1046000 143
1047000 143
1048000 143
1049000 144
1050000 144
1051000 144
1052000 144
1053000 144
1054000 144
1055000 145
1056000 145
1057000 145
1058000 145
1059000 145
1060000 145
1061000 146
1062000 146
1063000 146
1064000 146
1065000 146
1066000 146
1067000 147
1068000 147
1069000 147
1070000 147
1071000 147
1072000 147
1073000 148
1074000 148
1075000 148
1076000 148
1077000 148
1078000 148
1079000 148
1080000 149
1081000 149
1082000 149
1083000 149
1084000 149
1085000 149
1086000 149
1087000 149
1088000 150
1089000 150
1090000 150
1091000 150
1092000 150
1093000 150
1094000 151
1095000 151
1096000 151
1097000 151
1098000 151
1099000 151
1100000 152
1101000 152
1102000 152
1103000 152
1104000 152
1105000 152
1106000 152
1107000 153
1108000 153
1109000 153
1110000 153
1111000 153
1112000 153
1113000 153
1114000 154
1115000 154
1116000 154
1117000 154
1118000 154
1119000 154
1120000 154
1121000 155
1122000 155
1123000 155
1124000 155
1125000 155
1126000 155
1127000 155
1128000 156
1129000 156
1130000 156
1131000 156
1132000 156
1133000 156
1134000 156
1135000 157
1136000 157
1137000 157
1138000 157
1139000 157
1140000 157
1141000 157
1142000 158
1143000 158
1144000 158
1145000 158
1146000 158
1147000 158
1148000 159
1149000 159
1150000 159
1151000 159
1152000 159
1153000 160
1154000 160
1155000 160
1156000 160
1157000 160
1158000 160
1159000 161
1160000 161
1161000 161
1162000 161
1163000 161
1164000 161
1165000 161
1166000 161
1167000 162
1168000 162
1169000 162
1170000 162
1171000 162
1172000 162
1173000 163
1174000 163
1175000 163
1176000 163
1177000 163
1178000 163
1179000 163
1180000 164
1181000 164
1182000 164
1183000 164
1184000 164
1185000 164
1186000 164
1187000 164
1188000 165
1189000 165
1190000 165
1191000 165
1192000 165
1193000 165
1194000 165
1195000 166
1196000 166
1197000 166
1198000 166
1199000 166
1200000 166
1201000 166
1202000 167
1203000 167
1204000 167
1205000 167
1206000 167
1207000 167
1208000 168
1209000 168
1210000 168
1211000 168
1212000 168
1213000 168
1214000 169
1215000 169
1216000 169
1217000 169
1218000 169
1219000 169
1220000 169
1221000 169
1222000 170
1223000 170
1224000 170
1225000 170
1226000 170
1227000 170
1228000 171
1229000 171
1230000 171
1231000 171
1232000 171
1233000 171
1234000 171
1235000 172
1236000 172
1237000 172
1238000 172
1239000 172
1240000 172
1241000 172
1242000 173
1243000 173
1244000 173
1245000 173
1246000 173
1247000 173
1248000 173
1249000 173
1250000 173
1251000 173
1252000 174
1253000 174
1254000 174
1255000 174
1256000 174
1257000 174
1258000 175
1259000 175
1260000 175
1261000 175
1262000 175
1263000 175
1264000 175
1265000 176
1266000 176
1267000 176
1268000 176
1269000 176
1270000 176
1271000 176
1272000 176
1273000 176
1274000 177
1275000 177
1276000 177
1277000 177
1278000 177
1279000 177
1280000 178
1281000 178
1282000 178
1283000 178
1284000 178
1285000 178
1286000 178
1287000 179
1288000 179
1289000 179
1290000 179
1291000 179
1292000 179
1293000 179
1294000 180
1295000 180
1296000 180
1297000 180
1298000 180
1299000 181
1300000 181
1301000 181
1302000 181
1303000 181
1304000 181
1305000 182
1306000 182
1307000 182
1308000 182
1309000 182
1310000 183
1311000 183
1312000 183
1313000 183
1314000 183
1315000 183
1316000 184
1317000 184
1318000 184
1319000 184
1320000 184
1321000 185
1322000 185
1323000 185
1324000 185
1325000 185
1326000 185
1327000 185
1328000 185
1329000 185
1330000 185
1331000 185
1332000 185
1333000 185
1334000 185
1335000 186
1336000 186
1337000 186
1338000 186
1339000 186
1340000 186
1341000 186
1342000 186
1343000 186
1344000 186
1345000 186
1346000 186
1347000 186
1348000 186
1349000 186
1350000 186
1351000 186
1352000 186
1353000 186
1354000 186
1355000 186
1356000 186
1357000 186
1358000 187
1359000 187
1360000 187
1361000 187
1362000 187
1363000 187
1364000 187
1365000 187
1366000 187
1367000 187
1368000 187
1369000 187
1370000 187
1371000 187
1372000 187
1373000 187
1374000 187
1375000 187
1376000 187
1377000 187
1378000 187
1379000 187
1380000 187
1381000 188
1382000 188
1383000 188
1384000 188
1385000 188
1386000 188
1387000 188
1388000 188
1389000 188
1390000 189
1391000 189
1392000 189
1393000 189
1394000 189
1395000 189
1396000 189
1397000 189
1398000 189
1399000 189
1400000 190
1401000 190
1402000 190
1403000 190
1404000 190
1405000 190
1406000 191
1407000 191
1408000 191
1409000 191
1410000 191
1411000 191
1412000 191
1413000 191
1414000 191
1415000 191
1416000 191
1417000 191
1418000 191
1419000 192
1420000 192
1421000 192
1422000 192
1423000 192
1424000 192
1425000 192
1426000 192
1427000 192
1428000 192
1429000 193
1430000 193
1431000 193
1432000 193
1433000 193
1434000 193
1435000 193
1436000 193
1437000 194
1438000 194
1439000 194
1440000 194
1441000 194
1442000 194
1443000 195
1444000 195
1445000 195
1446000 195
1447000 195
1448000 196
1449000 196
1450000 196
1451000 196
1452000 196
1453000 196
1454000 197
1455000 197
1456000 197
1457000 197
1458000 197
1459000 197
1460000 197
1461000 197
1462000 197
1463000 197
1464000 197
1465000 197
1466000 197
1467000 197
1468000 198
1469000 198
1470000 198
1471000 198
1472000 198
1473000 198
1474000 198
1475000 199
1476000 199
1477000 199
1478000 199
1479000 199
1480000 199
1481000 199
1482000 199
1483000 199
1484000 200
1485000 200
1486000 200
1487000 200
1488000 200
1489000 200
1490000 200
1491000 200
1492000 201
1493000 201
1494000 201
1495000 201
1496000 201
1497000 201
1498000 201
1499000 202
1500000 202
1501000 202
1502000 202
1503000 202
1504000 202
1505000 202
1506000 202
1507000 202
1508000 202
1509000 203
1510000 203
1511000 203
1512000 203
1513000 203
1514000 203
1515000 203
1516000 203
1517000 203
1518000 203
1519000 204
1520000 204
1521000 204
1522000 204
1523000 204
1524000 204
1525000 204
1526000 204
1527000 204
1528000 204
1529000 204
1530000 205
1531000 205
1532000 205
1533000 205
1534000 205
1535000 205
1536000 205
1537000 205
1538000 205
1539000 205
1540000 205
1541000 205
1542000 206
1543000 206
1544000 206
1545000 206
1546000 206
1547000 206
1548000 206
1549000 206
1550000 206
1551000 207
1552000 207
1553000 207
1554000 207
1555000 207
1556000 207
1557000 207
1558000 208
1559000 208
1560000 208
1561000 208
1562000 208
1563000 208
1564000 208
1565000 208
1566000 208
1567000 208
1568000 208
1569000 209
1570000 209
1571000 209
1572000 209
1573000 209
1574000 209
1575000 209
1576000 209
1577000 209
1578000 210
1579000 210
1580000 210
1581000 210
1582000 210
1583000 210
1584000 210
1585000 210
1586000 211
1587000 211
1588000 211
1589000 211
1590000 211
1591000 211
1592000 211
1593000 212
1594000 212
1595000 212
1596000 212
1597000 212
1598000 212
1599000 212
1600000 213
1601000 213
1602000 213
1603000 213
1604000 213
1605000 213
1606000 213
1607000 214
1608000 214
1609000 214
1610000 214
1611000 214
1612000 214
1613000 215
1614000 215
1615000 215
1616000 215
1617000 215
1618000 215
1619000 215
1620000 216
1621000 216
1622000 216
1623000 216
1624000 216
1625000 216
1626000 217
1627000 217
1628000 217
1629000 217
1630000 217
1631000 217
1632000 218
1633000 218
1634000 218
1635000 218
1636000 218
1637000 218
1638000 218
1639000 219
1640000 219
1641000 219
1642000 219
1643000 219
1644000 219
1645000 220
1646000 220
1647000 220
1648000 220
1649000 220
1650000 220
1651000 220
1652000 221
1653000 221
1654000 221
1655000 221
1656000 221
1657000 221
1658000 222
1659000 222
1660000 222
1661000 222
1662000 222
1663000 222
1664000 222
1665000 223
1666000 223
1667000 223
1668000 223
1669000 223
1670000 223
1671000 223
1672000 224
1673000 224
1674000 224
1675000 224
1676000 224
1677000 224
1678000 224
1679000 225
1680000 225
1681000 225
1682000 225
1683000 225
1684000 225
1685000 226
1686000 226
1687000 226
1688000 226
1689000 226
1690000 226
1691000 226
1692000 227
1693000 227
1694000 227
1695000 227
1696000 227
1697000 227
1698000 227
1699000 228
1700000 228
1701000 228
1702000 228
1703000 228
1704000 228
1705000 229
1706000 229
1707000 229
1708000 229
1709000 229
1710000 229
1711000 230
1712000 230
1713000 230
1714000 230
1715000 230
1716000 230
1717000 230
1718000 231
1719000 231
1720000 231
1721000 231
1722000 231
1723000 231
1724000 231
1725000 232
1726000 232
1727000 232
1728000 232
1729000 232
1730000 232
1731000 232
1732000 232
1733000 232
1734000 232
1735000 233
1736000 233
1737000 233
1738000 233
1739000 233
1740000 233
1741000 234
1742000 234
1743000 234
1744000 234
1745000 234
1746000 235
1747000 235
1748000 235
1749000 235
1750000 235
1751000 235
1752000 236
1753000 236
1754000 236
1755000 236
1756000 236
1757000 237
1758000 237
1759000 237
1760000 237
1761000 237
1762000 237
1763000 238
1764000 238
1765000 238
1766000 238
1767000 238
1768000 238
1769000 238
1770000 238
1771000 239
1772000 239
1773000 239
1774000 239
1775000 239
1776000 239
1777000 239
1778000 239
1779000 240
1780000 240
1781000 240
1782000 240
1783000 240
1784000 240
1785000 240
1786000 240
1787000 240
1788000 241
1789000 241
1790000 241
1791000 241
1792000 241
1793000 241
1794000 242
1795000 242
1796000 242
1797000 242
1798000 242
1799000 242
1800000 243
1801000 243
1802000 243
1803000 243
1804000 243
1805000 244
1806000 244
1807000 244
1808000 244
1809000 244
1810000 244
1811000 244
1812000 244
1813000 244
1814000 245
1815000 245
1816000 245
1817000 245
1818000 245
1819000 245
1820000 246
1821000 246
1822000 246
1823000 246
1824000 246
1825000 247
1826000 247
1827000 247
1828000 247
1829000 247
1830000 247
1831000 248
1832000 248
1833000 248
1834000 248
1835000 248
1836000 248
1837000 249
1838000 249
1839000 249
1840000 249
1841000 249
1842000 249
1843000 250
1844000 250
1845000 250
1846000 250
1847000 250
1848000 250
1849000 250
1850000 251
1851000 251
1852000 251
1853000 251
1854000 251
1855000 251
1856000 251
1857000 251
1858000 251
1859000 252
1860000 252
1861000 252
1862000 252
1863000 252
1864000 253
1865000 253
1866000 253
1867000 253
1868000 253
1869000 253
1870000 254
1871000 254
1872000 254
1873000 254
1874000 254
1875000 254
1876000 255
1877000 255
1878000 255
1879000 255
1880000 255
1881000 256
1882000 256
1883000 256
1884000 256
1885000 256
1886000 256
1887000 257
1888000 257
1889000 257
1890000 257
1891000 257
1892000 257
1893000 257
1894000 257
1895000 257
1896000 257
1897000 257
1898000 257
1899000 257
1900000 257
1901000 257
1902000 257
1903000 257
1904000 257
1905000 258
1906000 258
1907000 258
1908000 258
1909000 258
1910000 258
1911000 258
1912000 258
1913000 258
1914000 258
1915000 258
1916000 259
1917000 259
1918000 259
1919000 259
1920000 259
1921000 259
1922000 259
1923000 259
1924000 259
1925000 259
1926000 259
1927000 260
1928000 260
1929000 260
1930000 260
1931000 260
1932000 260
1933000 260
1934000 260
1935000 260
1936000 260
1937000 261
1938000 261
1939000 261
1940000 261
1941000 261
1942000 261
1943000 261
1944000 261
1945000 261
1946000 262
1947000 262
1948000 262
1949000 262
1950000 262
1951000 262
1952000 262
1953000 262
1954000 262
1955000 262
1956000 262
1957000 262
1958000 262
1959000 262
1960000 262
1961000 263
1962000 263
1963000 263
1964000 263
1965000 263
1966000 263
1967000 263
1968000 263
1969000 263
1970000 263
1971000 263
1972000 263
1973000 263
1974000 263
1975000 264
1976000 264
1977000 264
1978000 264
1979000 264
1980000 264
1981000 264
1982000 264
1983000 264
1984000 265
1985000 265
1986000 265
1987000 265
1988000 265
1989000 265
1990000 265
1991000 265
1992000 265
1993000 265
1994000 265
1995000 266
1996000 266
1997000 266
1998000 266
1999000 266
2000000 266
2001000 267
2002000 267
2003000 267
2004000 267
2005000 267
2006000 267
2007000 268
2008000 268
2009000 268
2010000 268
2011000 268
2012000 268
2013000 268
2014000 268
2015000 269
2016000 269
2017000 269
2018000 269
2019000 269
2020000 269
2021000 269
2022000 270
2023000 270
2024000 270
2025000 270
2026000 270
2027000 270
2028000 270
2029000 270
2030000 271
2031000 271
2032000 271
2033000 271
2034000 271
2035000 271
2036000 271
2037000 272
2038000 272
2039000 272
2040000 272
2041000 272
2042000 272
2043000 273
2044000 273
2045000 273
2046000 273
2047000 273
2048000 273
2049000 273
2050000 274
2051000 274
2052000 274
2053000 274
2054000 274
2055000 274
2056000 274
2057000 275
2058000 275
2059000 275
2060000 275
2061000 275
2062000 276
2063000 276
2064000 276
2065000 276
2066000 276
2067000 276
2068000 276
2069000 276
2070000 277
2071000 277
2072000 277
2073000 277
2074000 277
2075000 278
2076000 278
2077000 278
2078000 278
2079000 278
2080000 278
2081000 279
2082000 279
2083000 279
2084000 279
2085000 279
2086000 279
2087000 279
2088000 280
2089000 280
2090000 280
2091000 280
2092000 280
2093000 280
2094000 280
2095000 281
2096000 281
2097000 281
2098000 281
2099000 281
2100000 281
2101000 281
2102000 282
2103000 282
2104000 282
2105000 282
2106000 282
2107000 282
2108000 282
2109000 282
2110000 283
2111000 283
2112000 283
2113000 283
2114000 283
2115000 283
2116000 283
2117000 283
2118000 284
2119000 284
2120000 284
2121000 284
2122000 284
2123000 284
2124000 284
2125000 285
2126000 285
2127000 285
2128000 285
2129000 285
2130000 285
2131000 285
2132000 286
2133000 286
2134000 286
2135000 286
2136000 286
2137000 286
2138000 286
2139000 286
2140000 287
2141000 287
2142000 287
2143000 287
2144000 287
2145000 287
2146000 287
2147000 288
2148000 288
2149000 288
2150000 288
2151000 288
2152000 288
2153000 288
2154000 289
2155000 289
2156000 289
2157000 289
2158000 289
2159000 289
2160000 289
2161000 290
2162000 290
2163000 290
2164000 290
2165000 290
2166000 290
2167000 291
2168000 291
2169000 291
2170000 291
2171000 291
2172000 291
2173000 291
2174000 292
2175000 292
2176000 292
2177000 292
2178000 292
2179000 292
2180000 292
2181000 293
2182000 293
2183000 293
2184000 293
2185000 293
2186000 293
2187000 293
2188000 294
2189000 294
2190000 294
2191000 294
2192000 294
2193000 295
2194000 295
2195000 295
2196000 295
2197000 295
2198000 296
2199000 296
2200000 296
2201000 296
2202000 296
2203000 296
2204000 297
2205000 297
2206000 297
2207000 297
2208000 297
2209000 297
2210000 297
2211000 297
2212000 297
2213000 297
2214000 297
2215000 297
2216000 297
2217000 297
2218000 298
2219000 298
2220000 298
2221000 298
2222000 298
2223000 298
2224000 298
2225000 298
2226000 298
2227000 299
2228000 299
2229000 299
2230000 299
2231000 299
2232000 299
2233000 299
2234000 299
2235000 299
2236000 300
2237000 300
2238000 300
2239000 300
2240000 300
2241000 300
2242000 300
2243000 300
2244000 301
2245000 301
2246000 301
2247000 301
2248000 301
2249000 301
2250000 301
2251000 301
2252000 301
2253000 301
2254000 302
2255000 302
2256000 302
2257000 302
2258000 302
2259000 302
2260000 302
2261000 302
2262000 303
2263000 303
2264000 303
2265000 303
2266000 303
2267000 303
2268000 303
2269000 303
2270000 304
2271000 304
2272000 304
2273000 304
2274000 304
2275000 304
2276000 305
2277000 305
2278000 305
2279000 305
2280000 305
2281000 305
2282000 305
2283000 305
2284000 305
2285000 306
2286000 306
2287000 306
2288000 306
2289000 306
2290000 306
2291000 306
2292000 306
2293000 307
2294000 307
2295000 307
2296000 307
2297000 307
2298000 307
2299000 307
2300000 307
2301000 307
2302000 308
2303000 308
2304000 308
2305000 308
2306000 308
2307000 308
2308000 308
2309000 308
2310000 308
2311000 308
2312000 309
2313000 309
2314000 309
2315000 309
2316000 309
2317000 309
2318000 309
2319000 309
2320000 310
2321000 310
2322000 310
2323000 310
2324000 310
2325000 310
2326000 310
2327000 310
2328000 311
2329000 311
2330000 311
2331000 311
2332000 311
2333000 311
2334000 311
2335000 311
2336000 312
2337000 312
2338000 312
2339000 312
2340000 312
2341000 312
2342000 312
2343000 312
2344000 313
2345000 313
2346000 313
2347000 313
2348000 313
2349000 313
2350000 313
2351000 313
2352000 314
2353000 314
2354000 314
2355000 314
2356000 314
2357000 314
2358000 314
2359000 314
2360000 314
2361000 315
2362000 315
2363000 315
2364000 315
2365000 315
2366000 315
2367000 315
2368000 315
2369000 315
2370000 315
2371000 316
2372000 316
2373000 316
2374000 316
2375000 316
2376000 316
2377000 316
2378000 316
2379000 317
2380000 317
2381000 317
2382000 317
2383000 317
2384000 317
2385000 317
2386000 317
2387000 317
2388000 318
2389000 318
2390000 318
2391000 318
2392000 318
2393000 318
2394000 318
2395000 318
2396000 319
2397000 319
2398000 319
2399000 319
2400000 319
2401000 319
2402000 319
2403000 320
2404000 320
2405000 320
2406000 320
2407000 320
2408000 320
2409000 320
2410000 321
2411000 321
2412000 321
2413000 321
2414000 321
2415000 321
2416000 321
2417000 321
2418000 321
2419000 322
2420000 322
2421000 322
2422000 322
2423000 322
2424000 322
2425000 323
2426000 323
2427000 323
2428000 323
2429000 323
2430000 323
2431000 324
2432000 324
2433000 324
2434000 324
2435000 324
2436000 324
2437000 324
2438000 325
2439000 325
2440000 325
2441000 325
2442000 325
2443000 325
2444000 325
2445000 325
2446000 326
2447000 326
2448000 326
2449000 326
2450000 326
2451000 326
2452000 326
2453000 327
2454000 327
2455000 327
2456000 327
2457000 327
2458000 327
2459000 327
2460000 327
2461000 328
2462000 328
2463000 328
2464000 328
2465000 328
2466000 328
2467000 329
2468000 329
2469000 329
2470000 329
2471000 329
2472000 330
2473000 330
2474000 330
2475000 330
2476000 330
2477000 330
2478000 330
2479000 330
2480000 331
2481000 331
2482000 331
2483000 331
2484000 331
2485000 331
2486000 331
2487000 332
2488000 332
2489000 332
2490000 332
2491000 332
2492000 332
2493000 332
2494000 332
2495000 333
2496000 333
2497000 333
2498000 333
2499000 333
2500000 333
2501000 333
2502000 334
2503000 334
2504000 334
2505000 334
2506000 334
2507000 334
2508000 335
2509000 335
2510000 335
2511000 335
2512000 335
2513000 335
2514000 335
2515000 335
2516000 335
2517000 336
2518000 336
2519000 336
2520000 336
2521000 336
2522000 336
2523000 336
2524000 336
2525000 337
2526000 337
2527000 337
2528000 337
2529000 337
2530000 337
2531000 338
2532000 338
2533000 338
2534000 338
2535000 338
2536000 338
2537000 338
2538000 338
2539000 339
2540000 339
2541000 339
2542000 339
2543000 339
2544000 339
2545000 339
2546000 340
2547000 340
2548000 340
2549000 340
2550000 340
2551000 340
2552000 340
2553000 340
2554000 341
2555000 341
2556000 341
2557000 341
2558000 341
2559000 341
2560000 341
2561000 341
2562000 342
2563000 342
2564000 342
2565000 342
2566000 342
2567000 342
2568000 342
2569000 342
2570000 343
2571000 343
2572000 343
2573000 343
2574000 343
2575000 343
2576000 343
2577000 344
2578000 344
2579000 344
2580000 344
2581000 344
2582000 344
2583000 344
2584000 345
2585000 345
2586000 345
2587000 345
2588000 345
2589000 345
2590000 345
2591000 345
2592000 346
2593000 346
2594000 346
2595000 346
2596000 346
2597000 346
2598000 346
2599000 346
2600000 347
2601000 347
2602000 347
2603000 347
2604000 347
2605000 347
2606000 348
2607000 348
2608000 348
2609000 348
2610000 348
2611000 348
2612000 348
2613000 348
2614000 349
2615000 349
2616000 349
2617000 349
2618000 349
2619000 349
2620000 349
2621000 349
2622000 349
2623000 349
2624000 350
2625000 350
2626000 350
2627000 350
2628000 350
2629000 351
2630000 351
2631000 351
2632000 351
2633000 351
2634000 351
2635000 351
2636000 352
2637000 352
2638000 352
2639000 352
2640000 352
2641000 352
2642000 353
2643000 353
2644000 353
2645000 353
2646000 353
2647000 353
2648000 353
2649000 354
2650000 354
2651000 354
2652000 354
2653000 354
2654000 354
2655000 354
2656000 355
2657000 355
2658000 355
2659000 355
2660000 355
2661000 355
2662000 355
2663000 356
2664000 356
2665000 356
2666000 356
2667000 356
2668000 356
2669000 356
2670000 357
2671000 357
2672000 357
2673000 357
2674000 357
2675000 357
2676000 357
2677000 357
2678000 358
2679000 358
2680000 358
2681000 358
2682000 358
2683000 358
2684000 359
2685000 359
2686000 359
2687000 359
2688000 359
2689000 359
2690000 359
2691000 360
2692000 360
2693000 360
2694000 360
2695000 360
2696000 360
2697000 360
2698000 360
2699000 361
2700000 361
2701000 361
2702000 361
2703000 361
2704000 361
2705000 361
2706000 362
2707000 362
2708000 362
2709000 362
2710000 362
2711000 362
2712000 362
2713000 363
2714000 363
2715000 363
2716000 363
2717000 363
2718000 363
2719000 363
2720000 364
2721000 364
2722000 364
2723000 364
2724000 364
2725000 364
2726000 364
2727000 364
2728000 365
2729000 365
2730000 365
2731000 365
2732000 365
2733000 365
2734000 365
2735000 365
2736000 365
2737000 366
2738000 366
2739000 366
2740000 366
2741000 366
2742000 366
2743000 366
2744000 366
2745000 367
2746000 367
2747000 367
2748000 367
2749000 367
2750000 367
2751000 368
2752000 368
2753000 368
2754000 368
2755000 368
2756000 368
2757000 368
2758000 368
2759000 369
2760000 369
2761000 369
2762000 369
2763000 369
2764000 369
2765000 369
2766000 369
2767000 369
2768000 369
2769000 370
2770000 370
2771000 370
2772000 370
2773000 370
2774000 370
2775000 371
2776000 371
2777000 371
2778000 371
2779000 371
2780000 371
2781000 371
2782000 372
2783000 372
2784000 372
2785000 372
2786000 372
2787000 372
2788000 373
2789000 373
2790000 373
2791000 373
2792000 373
2793000 373
2794000 373
2795000 374
2796000 374
2797000 374
2798000 374
2799000 374
2800000 374
2801000 374
2802000 374
2803000 374
2804000 375
2805000 375
2806000 375
2807000 375
2808000 375
2809000 375
2810000 376
2811000 376
2812000 376
2813000 376
2814000 376
2815000 376
2816000 376
2817000 376
2818000 376
2819000 376
2820000 376
2821000 377
2822000 377
2823000 377
2824000 377
2825000 377
2826000 377
2827000 377
2828000 377
2829000 378
2830000 378
2831000 378
2832000 378
2833000 378
2834000 378
2835000 378
2836000 378
2837000 378
2838000 379
2839000 379
2840000 379
2841000 379
2842000 379
2843000 379
2844000 379
2845000 379
2846000 380
2847000 380
2848000 380
2849000 380
2850000 380
2851000 380
2852000 381
2853000 381
2854000 381
2855000 381
2856000 381
2857000 381
2858000 382
2859000 382
2860000 382
2861000 382
2862000 382
2863000 382
2864000 383
2865000 383
2866000 383
2867000 383
2868000 383
2869000 383
2870000 383
2871000 384
2872000 384
2873000 384
2874000 384
2875000 384
2876000 384
2877000 384
2878000 385
2879000 385
2880000 385
2881000 385
2882000 385
2883000 385
2884000 385
2885000 385
2886000 386
2887000 386
2888000 386
2889000 386
2890000 386
2891000 386
2892000 387
2893000 387
2894000 387
2895000 387
2896000 387
2897000 387
2898000 387
2899000 388
2900000 388
2901000 388
2902000 388
2903000 388
2904000 388
2905000 389
2906000 389
2907000 389
2908000 389
2909000 389
2910000 389
2911000 390
2912000 390
2913000 390
2914000 390
2915000 390
2916000 390
2917000 390
2918000 391
2919000 391
2920000 391
2921000 391
2922000 391
2923000 391
2924000 391
2925000 391
2926000 391
2927000 391
2928000 392
2929000 392
2930000 392
2931000 392
2932000 392
2933000 392
2934000 393
2935000 393
2936000 393
2937000 393
2938000 393
2939000 393
2940000 393
2941000 393
2942000 393
2943000 393
2944000 393
2945000 393
2946000 393
2947000 393
2948000 393
2949000 394
2950000 394
2951000 394
2952000 394
2953000 394
2954000 394
2955000 394
2956000 394
2957000 394
2958000 394
2959000 394
2960000 394
2961000 395
2962000 395
2963000 395
2964000 395
2965000 395
2966000 395
2967000 395
2968000 395
2969000 395
2970000 395
2971000 395
2972000 395
2973000 395
2974000 395
2975000 395
2976000 395
2977000 395
2978000 395
2979000 396
2980000 396
2981000 396
2982000 396
2983000 396
2984000 396
2985000 396
2986000 396
2987000 396
2988000 396
2989000 396
2990000 396
2991000 396
2992000 396
2993000 396
2994000 396
2995000 397
2996000 397
2997000 397
2998000 397
2999000 397
3000000 397
3001000 397
3002000 397
3003000 397
3004000 397
3005000 397
3006000 397
3007000 398
3008000 398
3009000 398
3010000 398
3011000 398
3012000 398
3013000 398
3014000 398
3015000 398
3016000 398
3017000 398
3018000 398
3019000 398
3020000 398
3021000 398
3022000 399
3023000 399
3024000 399
3025000 399
3026000 399
3027000 399
3028000 399
3029000 399
3030000 399
3031000 399
3032000 399
3033000 399
3034000 399
3035000 400
3036000 400
3037000 400
3038000 400
3039000 400
3040000 400
3041000 400
3042000 400
3043000 400
3044000 400
3045000 400
3046000 400
3047000 400
3048000 400
3049000 400
3050000 400
3051000 401
3052000 401
3053000 401
3054000 401
3055000 401
3056000 401
3057000 401
3058000 401
3059000 401
3060000 401
3061000 401
3062000 401
3063000 402
3064000 402
3065000 402
3066000 402
3067000 402
3068000 402
3069000 402
3070000 402
3071000 402
3072000 402
3073000 402
3074000 402
3075000 402
3076000 402
3077000 402
3078000 402
3079000 402
3080000 402
3081000 402
3082000 402
3083000 402
3084000 402
3085000 402
3086000 402
3087000 402
3088000 402
3089000 402
3090000 403
3091000 403
3092000 403
3093000 403
3094000 403
3095000 403
3096000 403
3097000 403
3098000 403
3099000 403
3100000 404
3101000 404
3102000 404
3103000 404
3104000 404
3105000 404
3106000 404
3107000 404
3108000 404
3109000 404
3110000 405
3111000 405
3112000 405
3113000 405
3114000 405
3115000 405
3116000 405
3117000 405
3118000 405
3119000 405
3120000 405
3121000 406
3122000 406
3123000 406
3124000 406
3125000 406
3126000 406
3127000 406
3128000 406
3129000 406
3130000 406
3131000 407
3132000 407
3133000 407
3134000 407
3135000 407
3136000 407
3137000 407
3138000 408
3139000 408
3140000 408
3141000 408
3142000 408
3143000 408
3144000 409
3145000 409
3146000 409
3147000 409
3148000 409
3149000 409
3150000 409
3151000 409
3152000 409
3153000 409
3154000 409
3155000 410
3156000 410
3157000 410
3158000 410
3159000 410
3160000 410
3161000 410
3162000 410
3163000 410
3164000 410
3165000 410
3166000 410
3167000 410
3168000 411
3169000 411
3170000 411
3171000 411
3172000 411
3173000 411
3174000 411
3175000 411
3176000 411
3177000 411
3178000 411
3179000 411
3180000 411
3181000 411
3182000 411
3183000 411
3184000 411
3185000 411
3186000 412
3187000 412
3188000 412
3189000 412
3190000 412
3191000 412
3192000 412
3193000 412
3194000 412
3195000 412
3196000 412
3197000 412
3198000 412
3199000 413
3200000 413
3201000 413
3202000 413
3203000 413
3204000 413
3205000 413
3206000 413
3207000 413
3208000 413
3209000 413
3210000 413
3211000 414
3212000 414
3213000 414
3214000 414
3215000 414
3216000 414
3217000 414
3218000 414
3219000 414
3220000 414
3221000 414
3222000 415
3223000 415
3224000 415
3225000 415
3226000 415
3227000 415
3228000 415
3229000 415
3230000 415
3231000 415
3232000 416
3233000 416
3234000 416
3235000 416
3236000 416
3237000 416
3238000 416
3239000 416
3240000 416
3241000 416
3242000 416
3243000 416
3244000 416
3245000 417
3246000 417
3247000 417
3248000 417
3249000 417
3250000 417
3251000 417
3252000 417
3253000 417
3254000 417
3255000 418
3256000 418
3257000 418
3258000 418
3259000 418
3260000 418
3261000 418
3262000 418
3263000 418
3264000 418
3265000 418
3266000 418
3267000 418
3268000 419
3269000 419
3270000 419
3271000 419
3272000 419
3273000 419
3274000 419
3275000 419
3276000 419
3277000 419
3278000 420
3279000 420
3280000 420
3281000 420
3282000 420
3283000 420
3284000 420
3285000 420
3286000 420
3287000 420
3288000 420
3289000 421
3290000 421
3291000 421
3292000 421
3293000 421
3294000 421
3295000 421
3296000 421
3297000 421
3298000 421
3299000 421
3300000 422
3301000 422
3302000 422
3303000 422
3304000 422
3305000 422
3306000 422
3307000 422
3308000 422
3309000 423
3310000 423
3311000 423
3312000 423
3313000 423
3314000 423
3315000 423
3316000 423
3317000 423
3318000 423
3319000 423
3320000 423
3321000 424
3322000 424
3323000 424
3324000 424
3325000 424
3326000 424
3327000 424
3328000 424
3329000 424
3330000 424
3331000 424
3332000 425
3333000 425
3334000 425
3335000 425
3336000 425
3337000 425
3338000 425
3339000 425
3340000 425
3341000 425
3342000 426
3343000 426
3344000 426
3345000 426
3346000 426
3347000 426
3348000 426
3349000 426
3350000 426
3351000 426
3352000 427
3353000 427
3354000 427
3355000 427
3356000 427
3357000 427
3358000 427
3359000 427
3360000 427
3361000 427
3362000 427
3363000 427
3364000 428
3365000 428
3366000 428
3367000 428
3368000 428
3369000 428
3370000 428
3371000 428
3372000 428
3373000 428
3374000 428
3375000 429
3376000 429
3377000 429
3378000 429
3379000 429
3380000 429
3381000 429
3382000 430
3383000 430
3384000 430
3385000 430
3386000 430
3387000 430
3388000 430
3389000 430
3390000 430
3391000 430
3392000 430
3393000 430
3394000 430
3395000 430
3396000 430
3397000 430
3398000 430
3399000 430
3400000 430
3401000 430
3402000 430
3403000 430
3404000 430
3405000 431
3406000 431
3407000 431
3408000 431
3409000 431
3410000 431
3411000 431
3412000 431
3413000 431
3414000 431
3415000 431
3416000 431
3417000 431
3418000 431
3419000 431
3420000 431
3421000 431
3422000 431
3423000 431
3424000 431
3425000 431
3426000 431
3427000 431
3428000 431
3429000 431
3430000 431
3431000 431
3432000 431
3433000 431
3434000 431
3435000 431
3436000 431
3437000 431
3438000 431
3439000 431
3440000 431
3441000 431
3442000 431
3443000 431
3444000 431
3445000 431
3446000 431
3447000 431
3448000 431
3449000 431
3450000 431
3451000 431
3452000 431
3453000 431
3454000 431
3455000 431
3456000 431
3457000 431
3458000 431
3459000 431
3460000 431
3461000 431
3462000 431
3463000 431
3464000 431
3465000 431
3466000 431
3467000 431
3468000 431
3469000 431
3470000 431
3471000 431
3472000 431
3473000 431
3474000 431
3475000 431
3476000 431
3477000 431
3478000 431
3479000 431
3480000 431
3481000 431
3482000 431
3483000 431
3484000 431
3485000 431
3486000 431
3487000 431
3488000 431
3489000 431
3490000 431
3491000 431
3492000 431
3493000 431
3494000 431
3495000 431
3496000 431
3497000 431
3498000 431
3499000 431
3500000 431
3501000 431
3502000 431
3503000 431
3504000 431
3505000 431
3506000 431
3507000 431
3508000 431
3509000 431
3510000 431
3511000 431
3512000 431
3513000 431
3514000 431
3515000 431
3516000 431
3517000 431
3518000 431
3519000 431
3520000 431
3521000 431
3522000 431
3523000 431
3524000 431
3525000 431
3526000 431
3527000 431
3528000 431
3529000 431
3530000 431
3531000 431
3532000 431
3533000 431
3534000 431
3535000 431
3536000 431
3537000 431
3538000 431
3539000 431
3540000 431
3541000 431
3542000 431
3543000 431
3544000 431
3545000 431
3546000 431
3547000 431
3548000 431
3549000 431
3550000 431
3551000 431
3552000 431
3553000 431
3554000 431
3555000 431
3556000 431
3557000 431
3558000 431
3559000 431
3560000 431
3561000 431
3562000 431
3563000 431
3564000 431
3565000 431
3566000 431
3567000 431
3568000 431
3569000 431
3570000 431
3571000 431
3572000 431
3573000 431
3574000 431
3575000 431
3576000 431
3577000 431
3578000 431
3579000 431
3580000 431
3581000 431
3582000 431
3583000 431
3584000 431
3585000 431
3586000 431
3587000 431
3588000 431
3589000 431
3590000 431
3591000 431
3592000 431
3593000 431
3594000 431
3595000 431
3596000 431
3597000 431
3598000 431
3599000 431
3600000 431
3601000 431
3602000 431
3603000 431
3604000 431
3605000 432
3606000 432
3607000 432
3608000 432
3609000 432
3610000 432
3611000 432
3612000 432
3613000 432
3614000 432
3615000 432
3616000 432
3617000 432
3618000 432
3619000 432
3620000 432
3621000 432
3622000 432
3623000 432
3624000 432
3625000 432
3626000 432
3627000 433
3628000 433
3629000 433
3630000 433
3631000 433
3632000 433
3633000 433
3634000 433
3635000 433
3636000 433
3637000 433
3638000 433
3639000 433
3640000 433
3641000 433
3642000 433
3643000 433
3644000 433
3645000 433
3646000 433
3647000 433
3648000 433
3649000 433
3650000 433
3651000 433
3652000 433
3653000 433
3654000 433
3655000 433
3656000 433
3657000 433
3658000 433
3659000 433
3660000 433
3661000 434
3662000 434
3663000 434
3664000 434
3665000 434
3666000 434
3667000 434
3668000 434
3669000 434
3670000 434
3671000 434
3672000 434
3673000 434
3674000 434
3675000 434
3676000 434
3677000 434
3678000 434
3679000 434
3680000 434
3681000 434
3682000 434
3683000 434
3684000 434
3685000 434
3686000 434
3687000 434
3688000 434
3689000 434
3690000 434
3691000 434
3692000 434
3693000 434
3694000 434
3695000 434
3696000 434
3697000 434
3698000 434
3699000 434
3700000 434
3701000 434
3702000 434
3703000 434
3704000 434
3705000 434
3706000 434
3707000 434
3708000 434
3709000 434
3710000 434
3711000 434
3712000 434
3713000 434
3714000 434
3715000 434
3716000 434
3717000 434
3718000 434
3719000 434
3720000 434
3721000 434
3722000 434
3723000 434
3724000 434
3725000 434
3726000 434
3727000 434
3728000 434
3729000 434
3730000 434
3731000 434
3732000 434
3733000 434
3734000 434
3735000 434
3736000 434
3737000 434
3738000 434
3739000 434
3740000 434
3741000 434
3742000 434
3743000 434
3744000 434
3745000 434
3746000 434
3747000 434
3748000 434
3749000 434
3750000 434
3751000 434
3752000 434
3753000 434
3754000 434
3755000 434
3756000 434
3757000 434
3758000 434
3759000 434
3760000 434
3761000 434
3762000 434
3763000 434
3764000 435
3765000 435
3766000 435
3767000 435
3768000 435
3769000 435
3770000 435
3771000 435
3772000 435
3773000 435
3774000 435
3775000 435
3776000 435
3777000 435
3778000 435
3779000 435
3780000 435
3781000 435
3782000 435
3783000 435
3784000 435
3785000 435
3786000 435
3787000 435
3788000 435
3789000 435
3790000 435
3791000 436
3792000 436
3793000 436
3794000 436
3795000 436
3796000 436
3797000 436
3798000 436
3799000 436
3800000 436
3801000 436
3802000 436
3803000 436
3804000 436
3805000 436
3806000 436
3807000 436
3808000 436
3809000 436
3810000 436
3811000 436
3812000 436
3813000 436
3814000 436
3815000 436
3816000 436
3817000 437
3818000 437
3819000 437
3820000 437
3821000 437
3822000 437
3823000 437
3824000 437
3825000 437
3826000 437
3827000 437
3828000 437
3829000 437
3830000 437
3831000 437
3832000 437
3833000 437
3834000 437
3835000 437
3836000 437
3837000 437
3838000 437
3839000 437
3840000 437
3841000 437
3842000 437
3843000 437
3844000 438
3845000 438
3846000 438
3847000 438
3848000 438
3849000 438
3850000 438
3851000 438
3852000 438
3853000 438
3854000 438
3855000 438
3856000 438
3857000 438
3858000 438
3859000 438
3860000 438
3861000 438
3862000 439
3863000 439
3864000 439
3865000 439
3866000 439
3867000 439
3868000 439
3869000 439
3870000 439
3871000 439
3872000 439
3873000 439
3874000 439
3875000 439
3876000 439
3877000 439
3878000 439
3879000 439
3880000 439
3881000 439
3882000 439
3883000 439
3884000 439
3885000 439
3886000 439
3887000 440
3888000 440
3889000 440
3890000 440
3891000 440
3892000 440
3893000 440
3894000 440
3895000 440
3896000 440
3897000 440
3898000 440
3899000 440
3900000 440
3901000 440
3902000 440
3903000 440
3904000 440
3905000 440
3906000 440
3907000 440
3908000 440
3909000 440
3910000 440
3911000 440
3912000 440
3913000 440
3914000 440
3915000 440
3916000 440
3917000 440
3918000 440
3919000 440
3920000 441
3921000 441
3922000 441
3923000 441
3924000 441
3925000 441
3926000 441
3927000 441
3928000 441
3929000 441
3930000 441
3931000 441
3932000 441
3933000 441
3934000 441
3935000 441
3936000 441
3937000 441
3938000 441
3939000 441
3940000 441
3941000 441
3942000 441
3943000 442
3944000 442
3945000 442
3946000 442
3947000 442
3948000 442
3949000 442
3950000 442
3951000 442
3952000 442
3953000 442
3954000 442
3955000 442
3956000 443
3957000 443
3958000 443
3959000 443
3960000 443
3961000 443
3962000 443
3963000 443
3964000 443
3965000 443
3966000 443
3967000 443
3968000 443
3969000 444
3970000 444
3971000 444
3972000 444
3973000 444
3974000 444
3975000 444
3976000 444
3977000 444
3978000 444
3979000 445
3980000 445
3981000 445
3982000 445
3983000 445
3984000 445
3985000 445
3986000 445
3987000 445
3988000 445
3989000 445
3990000 446
3991000 446
3992000 446
3993000 446
3994000 446
3995000 446
3996000 446
3997000 446
3998000 446
3999000 446
4000000 447
4001000 447
4002000 447
4003000 447
4004000 447
4005000 447
4006000 447
4007000 447
4008000 447
4009000 447
4010000 447
4011000 448
4012000 448
4013000 448
4014000 448
4015000 448
4016000 448
4017000 448
4018000 448
4019000 448
4020000 448
4021000 448
4022000 448
4023000 449
4024000 449
4025000 449
4026000 449
4027000 449
4028000 449
4029000 449
4030000 449
4031000 449
4032000 449
4033000 449
4034000 449
4035000 450
4036000 450
4037000 450
4038000 450
4039000 450
4040000 450
4041000 450
4042000 450
4043000 450
4044000 451
4045000 451
4046000 451
4047000 451
4048000 451
4049000 451
4050000 451
4051000 451
4052000 451
4053000 451
4054000 452
4055000 452
4056000 452
4057000 452
4058000 452
4059000 452
4060000 452
4061000 452
4062000 452
4063000 453
4064000 453
4065000 453
4066000 453
4067000 453
4068000 453
4069000 453
4070000 453
4071000 453
4072000 453
4073000 453
4074000 453
4075000 453
4076000 454
4077000 454
4078000 454
4079000 454
4080000 454
4081000 454
4082000 454
4083000 454
4084000 454
4085000 454
4086000 455
4087000 455
4088000 455
4089000 455
4090000 455
4091000 455
4092000 455
4093000 455
4094000 455
4095000 455
4096000 455
4097000 455
4098000 456
4099000 456
4100000 456
4101000 456
4102000 456
4103000 456
4104000 456
4105000 456
4106000 456
4107000 456
4108000 457
4109000 457
4110000 457
4111000 457
4112000 457
4113000 457
4114000 457
4115000 457
4116000 457
4117000 457
4118000 458
4119000 458
4120000 458
4121000 458
4122000 458
4123000 458
4124000 458
4125000 458
4126000 458
4127000 458
4128000 458
4129000 459
4130000 459
4131000 459
4132000 459
4133000 459
4134000 459
4135000 459
4136000 459
4137000 459
4138000 459
4139000 459
4140000 460
4141000 460
4142000 460
4143000 460
4144000 460
4145000 460
4146000 460
4147000 460
4148000 460
4149000 461
4150000 461
4151000 461
4152000 461
4153000 461
4154000 461
4155000 461
4156000 461
4157000 461
4158000 461
4159000 461
4160000 461
4161000 461
4162000 462
4163000 462
4164000 462
4165000 462
4166000 462
4167000 462
4168000 462
4169000 462
4170000 462
4171000 463
4172000 463
4173000 463
4174000 463
4175000 463
4176000 463
4177000 463
4178000 463
4179000 463
4180000 463
4181000 464
4182000 464
4183000 464
4184000 464
4185000 464
4186000 464
4187000 464
4188000 464
4189000 464
4190000 464
4191000 464
4192000 465
4193000 465
4194000 465
4195000 465
4196000 465
4197000 465
4198000 465
4199000 465
4200000 465
4201000 465
4202000 465
4203000 465
4204000 465
4205000 466
4206000 466
4207000 466
4208000 466
4209000 466
4210000 466
4211000 466
4212000 466
4213000 466
4214000 466
4215000 466
4216000 467
4217000 467
4218000 467
4219000 467
4220000 467
4221000 467
4222000 467
4223000 467
4224000 467
4225000 467
4226000 467
4227000 468
4228000 468
4229000 468
4230000 468
4231000 468
4232000 468
4233000 468
4234000 468
4235000 468
4236000 468
4237000 468
4238000 468
4239000 469
4240000 469
4241000 469
4242000 469
4243000 469
4244000 469
4245000 469
4246000 469
4247000 469
4248000 469
4249000 469
4250000 470
4251000 470
4252000 470
4253000 470
4254000 470
4255000 470
4256000 470
4257000 470
4258000 470
4259000 470
4260000 471
4261000 471
4262000 471
4263000 471
4264000 471
4265000 471
4266000 471
4267000 471
4268000 471
4269000 471
4270000 471
4271000 472
4272000 472
4273000 472
4274000 472
4275000 472
4276000 472
4277000 472
4278000 472
4279000 472
4280000 472
4281000 472
4282000 472
4283000 472
4284000 473
4285000 473
4286000 473
4287000 473
4288000 473
4289000 473
4290000 473
4291000 473
4292000 473
4293000 473
4294000 473
4295000 474
4296000 474
4297000 474
4298000 474
4299000 474
4300000 474
4301000 474
4302000 474
4303000 474
4304000 474
4305000 474
4306000 475
4307000 475
4308000 475
4309000 475
4310000 475
4311000 475
4312000 475
4313000 475
4314000 475
4315000 475
4316000 475
4317000 475
4318000 476
4319000 476
4320000 476
4321000 476
4322000 476
4323000 476
4324000 476
4325000 476
4326000 476
4327000 476
4328000 476
4329000 476
4330000 477
4331000 477
4332000 477
4333000 477
4334000 477
4335000 477
4336000 477
4337000 477
4338000 477
4339000 477
4340000 478
4341000 478
4342000 478
4343000 478
4344000 478
4345000 478
4346000 478
4347000 478
4348000 478
4349000 478
4350000 478
4351000 478
4352000 479
4353000 479
4354000 479
4355000 479
4356000 479
4357000 479
4358000 479
4359000 479
4360000 479
4361000 480
4362000 480
4363000 480
4364000 480
4365000 480
4366000 480
4367000 480
4368000 480
4369000 480
4370000 480
4371000 480
4372000 481
4373000 481
4374000 481
4375000 481
4376000 481
4377000 481
4378000 481
4379000 481
4380000 481
4381000 481
4382000 481
4383000 481
4384000 482
4385000 482
4386000 482
4387000 482
4388000 482
4389000 482
4390000 482
4391000 482
4392000 482
4393000 482
4394000 482
4395000 483
4396000 483
4397000 483
4398000 483
4399000 483
4400000 483
4401000 483
4402000 483
4403000 484
4404000 484
4405000 484
4406000 484
4407000 484
4408000 484
4409000 484
4410000 484
4411000 484
4412000 484
4413000 484
4414000 485
4415000 485
4416000 485
4417000 485
4418000 485
4419000 485
4420000 485
4421000 485
4422000 485
4423000 485
4424000 485
4425000 486
4426000 486
4427000 486
4428000 486
4429000 486
4430000 486
4431000 486
4432000 486
4433000 486
4434000 486
4435000 486
4436000 487
4437000 487
4438000 487
4439000 487
4440000 487
4441000 487
4442000 487
4443000 487
4444000 487
4445000 487
4446000 487
4447000 488
4448000 488
4449000 488
4450000 488
4451000 488
4452000 488
4453000 488
4454000 488
4455000 488
4456000 488
4457000 488
4458000 488
4459000 489
4460000 489
4461000 489
4462000 489
4463000 489
4464000 489
4465000 489
4466000 489
4467000 489
4468000 489
4469000 489
4470000 490
4471000 490
4472000 490
4473000 490
4474000 490
4475000 490
4476000 490
4477000 490
4478000 490
4479000 490
4480000 491
4481000 491
4482000 491
4483000 491
4484000 491
4485000 491
4486000 491
4487000 491
4488000 491
4489000 491
4490000 491
4491000 492
4492000 492
4493000 492
4494000 492
4495000 492
4496000 492
4497000 492
4498000 492
4499000 492
4500000 492
4501000 492
4502000 492
4503000 492
4504000 492
4505000 492
4506000 492
4507000 492
4508000 492
4509000 492
4510000 492
4511000 492
4512000 492
4513000 492
4514000 492
4515000 492
4516000 492
4517000 492
4518000 492
4519000 492
4520000 492
4521000 492
4522000 492
4523000 492
4524000 492
4525000 492
4526000 492
4527000 492
4528000 492
4529000 492
4530000 492
4531000 492
4532000 492
4533000 492
4534000 492
4535000 492
4536000 493
4537000 493
4538000 493
4539000 493
4540000 493
4541000 493
4542000 493
4543000 493
4544000 493
4545000 493
4546000 493
4547000 493
4548000 493
4549000 493
4550000 493
4551000 493
4552000 493
4553000 493
4554000 493
4555000 494
4556000 494
4557000 494
4558000 494
4559000 494
4560000 494
4561000 495
4562000 495
4563000 495
4564000 495
4565000 495
4566000 495
4567000 495
4568000 495
4569000 495
4570000 495
4571000 496
4572000 496
4573000 496
4574000 496
4575000 496
4576000 496
4577000 496
4578000 496
4579000 497
4580000 497
4581000 497
4582000 497
4583000 497
4584000 497
4585000 497
4586000 498
4587000 498
4588000 498
4589000 498
4590000 498
4591000 498
4592000 498
4593000 498
4594000 499
4595000 499
4596000 499
4597000 499
4598000 499
4599000 499
4600000 499
4601000 500
4602000 500
4603000 500
4604000 500
4605000 500
4606000 500
4607000 501
4608000 501
4609000 501
4610000 501
4611000 501
4612000 501
4613000 501
4614000 501
4615000 502
4616000 502
4617000 502
4618000 502
4619000 502
4620000 502
4621000 503
4622000 503
4623000 503
4624000 503
4625000 503
4626000 503
4627000 503
4628000 504
4629000 504
4630000 504
4631000 504
4632000 504
4633000 504
4634000 504
4635000 504
4636000 505
4637000 505
4638000 505
4639000 505
4640000 505
4641000 505
4642000 505
4643000 506
4644000 506
4645000 506
4646000 506
4647000 506
4648000 506
4649000 507
4650000 507
4651000 507
4652000 507
4653000 507
4654000 507
4655000 507
4656000 507
4657000 507
4658000 508
4659000 508
4660000 508
4661000 508
4662000 508
4663000 508
4664000 509
4665000 509
4666000 509
4667000 509
4668000 509
4669000 509
4670000 509
4671000 510
4672000 510
4673000 510
4674000 510
4675000 510
4676000 510
4677000 510
4678000 510
4679000 511
4680000 511
4681000 511
4682000 511
4683000 511
4684000 512
4685000 512
4686000 512
4687000 512
4688000 512
4689000 512
4690000 512
4691000 512
4692000 513
4693000 513
4694000 513
4695000 513
4696000 513
4697000 513
4698000 514
4699000 514
4700000 514
4701000 514
4702000 514
4703000 514
4704000 514
4705000 514
4706000 514
4707000 515
4708000 515
4709000 515
4710000 515
4711000 515
4712000 515
4713000 515
4714000 516
4715000 516
4716000 516
4717000 516
4718000 516
4719000 516
4720000 517
4721000 517
4722000 517
4723000 517
4724000 517
4725000 517
4726000 517
4727000 518
4728000 518
4729000 518
4730000 518
4731000 518
4732000 518
4733000 518
4734000 518
4735000 518
4736000 519
4737000 519
4738000 519
4739000 519
4740000 519
4741000 519
4742000 519
4743000 519
4744000 519
4745000 519
4746000 519
4747000 519
4748000 519
4749000 520
4750000 520
4751000 520
4752000 520
4753000 520
4754000 520
4755000 521
4756000 521
4757000 521
4758000 521
4759000 521
4760000 521
4761000 521
4762000 522
4763000 522
4764000 522
4765000 522
4766000 522
4767000 522
4768000 522
4769000 522
4770000 522
4771000 523
4772000 523
4773000 523
4774000 523
4775000 523
4776000 523
4777000 523
4778000 523
4779000 524
4780000 524
4781000 524
4782000 524
4783000 524
4784000 524
4785000 525
4786000 525
4787000 525
4788000 525
4789000 525
4790000 525
4791000 526
4792000 526
4793000 526
4794000 526
4795000 526
4796000 526
4797000 527
4798000 527
4799000 527
4800000 527
4801000 527
4802000 527
4803000 527
4804000 527
4805000 527
4806000 528
4807000 528
4808000 528
4809000 528
4810000 528
4811000 528
4812000 529
4813000 529
4814000 529
4815000 529
4816000 529
4817000 529
4818000 529
4819000 529
4820000 529
4821000 530
4822000 530
4823000 530
4824000 530
4825000 530
4826000 530
4827000 530
4828000 531
4829000 531
4830000 531
4831000 531
4832000 531
4833000 531
4834000 531
4835000 532
4836000 532
4837000 532
4838000 532
4839000 532
4840000 532
4841000 533
4842000 533
4843000 533
4844000 533
4845000 533
4846000 533
4847000 533
4848000 534
4849000 534
4850000 534
4851000 534
4852000 534
4853000 534
4854000 535
4855000 535
4856000 535
4857000 535
4858000 535
4859000 535
4860000 535
4861000 535
4862000 536
4863000 536
4864000 536
4865000 536
4866000 536
4867000 536
4868000 536
4869000 537
4870000 537
4871000 537
4872000 537
4873000 537
4874000 537
4875000 538
4876000 538
4877000 538
4878000 538
4879000 538
4880000 538
4881000 538
4882000 538
4883000 539
4884000 539
4885000 539
4886000 539
4887000 539
4888000 539
4889000 539
4890000 540
4891000 540
4892000 540
4893000 540
4894000 540
4895000 540
4896000 540
4897000 540
4898000 540
4899000 541
4900000 541
4901000 541
4902000 541
4903000 541
4904000 541
4905000 541
4906000 541
4907000 542
4908000 542
4909000 542
4910000 542
4911000 542
4912000 542
4913000 542
4914000 542
4915000 543
4916000 543
4917000 543
4918000 543
4919000 543
4920000 543
4921000 543
4922000 543
4923000 543
4924000 544
4925000 544
4926000 544
4927000 544
4928000 544
4929000 544
4930000 544
4931000 544
4932000 544
4933000 545
4934000 545
4935000 545
4936000 545
4937000 545
4938000 545
4939000 545
4940000 545
4941000 545
4942000 546
4943000 546
4944000 546
4945000 546
4946000 546
4947000 546
4948000 546
4949000 546
4950000 547
4951000 547
4952000 547
4953000 547
4954000 547
4955000 548
4956000 548
4957000 548
4958000 548
4959000 548
4960000 548
4961000 548
4962000 548
4963000 549
4964000 549
4965000 549
4966000 549
4967000 549
4968000 549
4969000 549
4970000 550
4971000 550
4972000 550
4973000 550
4974000 550
4975000 550
4976000 550
4977000 550
4978000 551
4979000 551
4980000 551
4981000 551
4982000 551
4983000 551
4984000 552
4985000 552
4986000 552
4987000 552
4988000 552
4989000 552
4990000 552
4991000 552
4992000 553
4993000 553
4994000 553
4995000 553
4996000 553
4997000 553
4998000 554
4999000 554
5000000 554
