0 0
1000 0
2000 0
3000 0
4000 0
5000 0
6000 0
7000 0
8000 0
9000 0
10000 0
11000 0
12000 0
13000 0
14000 0
15000 0
16000 0
17000 0
18000 0
19000 0
20000 0
21000 0
22000 0
23000 0
24000 0
25000 0
26000 0
27000 1
28000 1
29000 1
30000 1
31000 1
32000 1
33000 1
34000 1
35000 1
36000 1
37000 1
38000 1
39000 1
40000 1
41000 1
42000 1
43000 2
44000 2
45000 2
46000 2
47000 2
48000 2
49000 2
50000 2
51000 2
52000 2
53000 2
54000 3
55000 3
56000 3
57000 3
58000 3
59000 3
60000 3
61000 3
62000 3
63000 3
64000 4
65000 4
66000 4
67000 4
68000 4
69000 4
70000 4
71000 4
72000 4
73000 4
74000 4
75000 4
76000 4
77000 4
78000 4
79000 4
80000 4
81000 4
82000 4
83000 4
84000 4
85000 4
86000 4
87000 5
88000 5
89000 5
90000 5
91000 5
92000 5
93000 5
94000 5
95000 5
96000 5
97000 5
98000 5
99000 6
100000 6
101000 6
102000 6
103000 6
104000 6
105000 6
106000 6
107000 6
108000 6
109000 6
110000 7
111000 7
112000 7
113000 7
114000 7
115000 7
116000 7
117000 7
118000 8
119000 8
120000 8
121000 8
122000 8
123000 8
124000 8
125000 8
126000 9
127000 9
128000 9
129000 9
130000 9
131000 9
132000 9
133000 10
134000 10
135000 10
136000 10
137000 10
138000 10
139000 10
140000 10
141000 11
142000 11
143000 11
144000 11
145000 11
146000 11
147000 11
148000 11
149000 11
150000 11
151000 12
152000 12
153000 12
154000 12
155000 12
156000 12
157000 12
158000 12
159000 13
160000 13
161000 13
162000 13
163000 13
164000 13
165000 13
166000 13
167000 13
168000 14
169000 14
170000 14
171000 14
172000 14
173000 14
174000 15
175000 15
176000 15
177000 15
178000 15
179000 15
180000 15
181000 15
182000 16
183000 16
184000 16
185000 16
186000 16
187000 16
188000 16
189000 16
190000 16
191000 16
192000 17
193000 17
194000 17
195000 17
196000 17
197000 17
198000 17
199000 17
200000 17
201000 17
202000 17
203000 17
204000 17
205000 17
206000 17
207000 17
208000 17
209000 17
210000 17
211000 17
212000 17
213000 18
214000 18
215000 18
216000 18
217000 18
218000 18
219000 18
220000 18
221000 18
222000 18
223000 19
224000 19
225000 19
226000 19
227000 19
228000 19
229000 19
230000 20
231000 20
232000 20
233000 20
234000 20
235000 20
236000 20
237000 20
238000 20
239000 21
240000 21
241000 21
242000 21
243000 21
244000 21
245000 21
246000 21
247000 21
248000 22
249000 22
250000 22
251000 22
252000 22
253000 23
254000 23
255000 23
256000 23
257000 23
258000 23
259000 23
260000 24
261000 24
262000 24
263000 24
264000 24
265000 25
266000 25
267000 25
268000 25
269000 25
270000 25
271000 25
272000 25
273000 25
274000 25
275000 25
276000 25
277000 25
278000 25
279000 25
280000 25
281000 25
282000 25
283000 26
284000 26
285000 26
286000 26
287000 26
288000 26
289000 26
290000 26
291000 26
292000 26
293000 26
294000 27
295000 27
296000 27
297000 27
298000 27
299000 27
300000 27
301000 27
302000 27
303000 28
304000 28
305000 28
306000 28
307000 28
308000 28
309000 28
310000 29
311000 29
312000 29
313000 29
314000 29
315000 29
316000 30
317000 30
318000 30
319000 30
320000 30
321000 30
322000 30
323000 30
324000 30
325000 30
326000 31
327000 31
328000 31
329000 31
330000 31
331000 31
332000 31
333000 31
334000 32
335000 32
336000 32
337000 32
338000 32
339000 32
340000 32
341000 32
342000 33
343000 33
344000 33
345000 33
346000 33
347000 33
348000 34
349000 34
350000 34
351000 34
352000 34
353000 35
354000 35
355000 35
356000 35
357000 35
358000 35
359000 35
360000 36
361000 36
362000 36
363000 36
364000 36
365000 36
366000 36
367000 37
368000 37
369000 37
370000 37
371000 37
372000 37
373000 37
374000 37
375000 38
376000 38
377000 38
378000 38
379000 38
380000 38
381000 38
382000 38
383000 38
384000 39
385000 39
386000 39
387000 39
388000 39
389000 39
390000 39
391000 39
392000 39
393000 39
394000 39
395000 39
396000 40
397000 40
398000 40
399000 40
400000 40
401000 40
402000 41
403000 41
404000 41
405000 41
406000 41
407000 41
408000 41
409000 41
410000 41
411000 42
412000 42
413000 42
414000 42
415000 42
416000 42
417000 43
418000 43
419000 43
420000 43
421000 43
422000 44
423000 44
424000 44
425000 44
426000 44
427000 44
428000 45
429000 45
430000 45
431000 45
432000 45
433000 45
434000 46
435000 46
436000 46
437000 46
438000 46
439000 46
440000 47
441000 47
442000 47
443000 47
444000 47
445000 47
446000 48
447000 48
448000 48
449000 48
450000 48
451000 48
452000 48
453000 49
454000 49
455000 49
456000 49
457000 49
458000 50
459000 50
460000 50
461000 50
462000 50
463000 50
464000 50
465000 51
466000 51
467000 51
468000 51
469000 51
470000 51
471000 51
472000 52
473000 52
474000 52
475000 52
476000 52
477000 53
478000 53
479000 53
480000 53
481000 53
482000 54
483000 54
484000 54
485000 54
486000 54
487000 54
488000 55
489000 55
490000 55
491000 55
492000 55
493000 56
494000 56
495000 56
496000 56
497000 56
498000 56
499000 57
500000 57
501000 57
502000 57
503000 57
504000 57
505000 58
506000 58
507000 58
508000 58
509000 58
510000 58
511000 58
512000 58
513000 58
514000 58
515000 58
516000 59
517000 59
518000 59
519000 59
520000 59
521000 59
522000 59
523000 59
524000 59
525000 59
526000 59
527000 60
528000 60
529000 60
530000 60
531000 60
532000 60
533000 61
534000 61
535000 61
536000 61
537000 61
538000 62
539000 62
540000 62
541000 62
542000 62
543000 63
544000 63
545000 63
546000 63
547000 63
548000 63
549000 64
550000 64
551000 64
552000 64
553000 64
554000 64
555000 65
556000 65
557000 65
558000 65
559000 65
560000 65
561000 66
562000 66
563000 66
564000 66
565000 66
566000 66
567000 67
568000 67
569000 67
570000 67
571000 67
572000 68
573000 68
574000 68
575000 68
576000 68
577000 69
578000 69
579000 69
580000 69
581000 69
582000 69
583000 70
584000 70
585000 70
586000 70
587000 70
588000 70
589000 71
590000 71
591000 71
592000 71
593000 71
594000 71
595000 72
596000 72
597000 72
598000 72
599000 72
600000 73
601000 73
602000 73
603000 73
604000 73
605000 73
606000 74
607000 74
608000 74
609000 74
610000 74
611000 74
612000 75
613000 75
614000 75
615000 75
616000 75
617000 75
618000 76
619000 76
620000 76
621000 76
622000 76
623000 76
624000 77
625000 77
626000 77
627000 77
628000 77
629000 77
630000 78
631000 78
632000 78
633000 78
634000 78
635000 78
636000 78
637000 79
638000 79
639000 79
640000 79
641000 79
642000 79
643000 80
644000 80
645000 80
646000 80
647000 80
648000 81
649000 81
650000 81
651000 81
652000 81
653000 82
654000 82
655000 82
656000 82
657000 82
658000 83
659000 83
660000 83
661000 83
662000 83
663000 83
664000 83
665000 84
666000 84
667000 84
668000 84
669000 84
670000 84
671000 85
672000 85
673000 85
674000 85
675000 85
676000 85
677000 86
678000 86
679000 86
680000 86
681000 86
682000 86
683000 87
684000 87
685000 87
686000 87
687000 88
688000 88
689000 88
690000 88
691000 89
692000 89
693000 89
694000 89
695000 89
696000 90
697000 90
698000 90
699000 90
700000 90
701000 91
702000 91
703000 91
704000 91
705000 91
706000 91
707000 92
708000 92
709000 92
710000 92
711000 93
712000 93
713000 93
714000 93
715000 94
716000 94
717000 94
718000 94
719000 94
720000 94
721000 95
722000 95
723000 95
724000 95
725000 95
726000 95
727000 96
728000 96
729000 96
730000 96
731000 96
732000 96
733000 97
734000 97
735000 97
736000 97
737000 97
738000 98
739000 98
740000 98
741000 98
742000 98
743000 99
744000 99
745000 99
746000 99
747000 99
748000 100
749000 100
750000 100
751000 100
752000 100
753000 100
754000 100
755000 101
756000 101
757000 101
758000 101
759000 101
760000 101
761000 101
762000 101
763000 101
764000 102
765000 102
766000 102
767000 102
768000 102
769000 103
770000 103
771000 103
772000 103
773000 103
774000 103
775000 104
776000 104
777000 104
778000 104
779000 104
780000 104
781000 105
782000 105
783000 105
784000 105
785000 105
786000 105
787000 106
788000 106
789000 106
790000 106
791000 106
792000 106
793000 107
794000 107
795000 107
796000 107
797000 107
798000 107
799000 108
800000 108
801000 108
802000 108
803000 108
804000 108
805000 109
806000 109
807000 109
808000 109
809000 109
810000 110
811000 110
812000 110
813000 110
814000 110
815000 110
816000 110
817000 111
818000 111
819000 111
820000 111
821000 111
822000 111
823000 112
824000 112
825000 112
826000 112
827000 112
828000 112
829000 112
830000 113
831000 113
832000 113
833000 113
834000 113
835000 114
836000 114
837000 114
838000 114
839000 114
840000 115
841000 115
842000 115
843000 115
844000 115
845000 115
846000 116
847000 116
848000 116
849000 116
850000 116
851000 116
852000 116
853000 117
854000 117
855000 117
856000 117
857000 117
858000 117
859000 118
860000 118
861000 118
862000 118
863000 118
864000 119
865000 119
866000 119
867000 119
868000 119
869000 119
870000 120
871000 120
872000 120
873000 120
874000 120
875000 121
876000 121
877000 121
878000 121
879000 121
880000 122
881000 122
882000 122
883000 122
884000 122
885000 122
886000 123
887000 123
888000 123
889000 123
890000 123
891000 123
892000 124
893000 124
894000 124
895000 124
896000 124
897000 124
898000 125
899000 125
900000 125
901000 125
902000 125
903000 125
904000 125
905000 125
906000 125
907000 125
908000 125
909000 125
910000 125
911000 125
912000 126
913000 126
914000 126
915000 126
916000 126
917000 127
918000 127
919000 127
920000 127
921000 127
922000 127
923000 128
924000 128
925000 128
926000 128
927000 128
928000 129
929000 129
930000 129
931000 129
932000 130
933000 130
934000 130
935000 130
936000 131
937000 131
938000 131
939000 131
940000 131
941000 131
942000 132
943000 132
944000 132
945000 132
946000 132
947000 132
948000 133
949000 133
950000 133
951000 133
952000 133
953000 133
954000 133
955000 133
956000 134
957000 134
958000 134
959000 134
960000 134
961000 135
962000 135
963000 135
964000 135
965000 135
966000 135
967000 136
968000 136
969000 136
970000 136
971000 136
972000 137
973000 137
974000 137
975000 137
976000 137
977000 137
978000 138
979000 138
980000 138
981000 138
982000 138
983000 139
984000 139
985000 139
986000 139
987000 139
988000 140
989000 140
990000 140
991000 140
992000 140
993000 140
994000 140
995000 140
996000 141
997000 141
998000 141
999000 141
1000000 141
1001000 141
1002000 142
1003000 142
1004000 142
1005000 142
1006000 142
1007000 142
1008000 143
1009000 143
1010000 143
1011000 143
1012000 143
1013000 143
1014000 144
1015000 144
1016000 144
1017000 144
1018000 144
1019000 145
1020000 145
1021000 145
1022000 145
1023000 145
1024000 146
1025000 146
1026000 146
1027000 146
1028000 146
1029000 146
1030000 146
1031000 147
1032000 147
1033000 147
1034000 147
1035000 147
1036000 148
1037000 148
1038000 148
1039000 148
1040000 149
1041000 149
1042000 149
1043000 149
1044000 149
1045000 150
1046000 150
1047000 150
1048000 150
1049000 150
1050000 150
1051000 151
1052000 151
1053000 151
1054000 151
1055000 151
1056000 151
1057000 152
1058000 152
1059000 152
1060000 152
1061000 152
1062000 152
1063000 153
1064000 153
1065000 153
1066000 153
1067000 153
1068000 153
1069000 154
1070000 154
1071000 154
1072000 154
1073000 154
1074000 155
1075000 155
1076000 155
1077000 155
1078000 155
1079000 155
1080000 155
1081000 155
1082000 156
1083000 156
1084000 156
1085000 156
1086000 156
1087000 157
1088000 157
1089000 157
1090000 157
1091000 157
1092000 158
1093000 158
1094000 158
1095000 158
1096000 158
1097000 159
1098000 159
1099000 159
1100000 159
1101000 159
1102000 159
1103000 160
1104000 160
1105000 160
1106000 160
1107000 160
1108000 160
1109000 161
1110000 161
1111000 161
1112000 161
1113000 161
1114000 161
1115000 162
1116000 162
1117000 162
1118000 162
1119000 162
1120000 162
1121000 162
1122000 162
1123000 163
1124000 163
1125000 163
1126000 163
1127000 163
1128000 164
1129000 164
1130000 164
1131000 164
1132000 165
1133000 165
1134000 165
1135000 165
1136000 165
1137000 165
1138000 166
1139000 166
1140000 166
1141000 166
1142000 166
1143000 166
1144000 167
1145000 167
1146000 167
1147000 167
1148000 167
1149000 168
1150000 168
1151000 168
1152000 168
1153000 168
1154000 169
1155000 169
1156000 169
1157000 169
1158000 169
1159000 170
1160000 170
1161000 170
1162000 170
1163000 170
1164000 170
1165000 171
1166000 171
1167000 171
1168000 171
1169000 171
1170000 172
1171000 172
1172000 172
1173000 172
1174000 172
1175000 173
1176000 173
1177000 173
1178000 173
1179000 173
1180000 173
1181000 173
1182000 174
1183000 174
1184000 174
1185000 174
1186000 174
1187000 174
1188000 175
1189000 175
1190000 175
1191000 175
1192000 175
1193000 176
1194000 176
1195000 176
1196000 176
1197000 176
1198000 176
1199000 177
1200000 177
1201000 177
1202000 177
1203000 177
1204000 178
1205000 178
1206000 178
1207000 178
1208000 178
1209000 179
1210000 179
1211000 179
1212000 179
1213000 179
1214000 180
1215000 180
1216000 180
1217000 180
1218000 180
1219000 180
1220000 181
1221000 181
1222000 181
1223000 181
1224000 181
1225000 181
1226000 181
1227000 182
1228000 182
1229000 182
1230000 182
1231000 182
1232000 182
1233000 182
1234000 183
1235000 183
1236000 183
1237000 183
1238000 183
1239000 183
1240000 184
1241000 184
1242000 184
1243000 184
1244000 184
1245000 185
1246000 185
1247000 185
1248000 185
1249000 185
1250000 186
1251000 186
1252000 186
1253000 186
1254000 186
1255000 186
1256000 187
1257000 187
1258000 187
1259000 187
1260000 187
1261000 188
1262000 188
1263000 188
1264000 188
1265000 188
1266000 188
1267000 189
1268000 189
1269000 189
1270000 189
1271000 189
1272000 189
1273000 189
1274000 189
1275000 190
1276000 190
1277000 190
1278000 190
1279000 190
1280000 190
1281000 190
1282000 190
1283000 190
1284000 190
1285000 190
1286000 190
1287000 191
1288000 191
1289000 191
1290000 191
1291000 191
1292000 191
1293000 192
1294000 192
1295000 192
1296000 192
1297000 192
1298000 192
1299000 192
1300000 192
1301000 192
1302000 192
1303000 193
1304000 193
1305000 193
1306000 193
1307000 193
1308000 194
1309000 194
1310000 194
1311000 194
1312000 194
1313000 194
1314000 195
1315000 195
1316000 195
1317000 195
1318000 195
1319000 195
1320000 196
1321000 196
1322000 196
1323000 196
1324000 196
1325000 196
1326000 197
1327000 197
1328000 197
1329000 197
1330000 197
1331000 198
1332000 198
1333000 198
1334000 198
1335000 198
1336000 198
1337000 198
1338000 198
1339000 198
1340000 198
1341000 198
1342000 198
1343000 199
1344000 199
1345000 199
1346000 199
1347000 199
1348000 200
1349000 200
1350000 200
1351000 200
1352000 200
1353000 201
1354000 201
1355000 201
1356000 201
1357000 201
1358000 201
1359000 202
1360000 202
1361000 202
1362000 202
1363000 202
1364000 203
1365000 203
1366000 203
1367000 203
1368000 203
1369000 203
1370000 204
1371000 204
1372000 204
1373000 204
1374000 204
1375000 204
1376000 205
1377000 205
1378000 205
1379000 205
1380000 205
1381000 206
1382000 206
1383000 206
1384000 206
1385000 206
1386000 207
1387000 207
1388000 207
1389000 207
1390000 207
1391000 207
1392000 208
1393000 208
1394000 208
1395000 208
1396000 208
1397000 209
1398000 209
1399000 209
1400000 209
1401000 209
1402000 209
1403000 209
1404000 210
1405000 210
1406000 210
1407000 210
1408000 210
1409000 211
1410000 211
1411000 211
1412000 211
1413000 211
1414000 211
1415000 212
1416000 212
1417000 212
1418000 212
1419000 212
1420000 212
1421000 212
1422000 212
1423000 212
1424000 212
1425000 212
1426000 212
1427000 212
1428000 212
1429000 212
1430000 212
1431000 212
1432000 212
1433000 212
1434000 212
1435000 212
1436000 212
1437000 213
1438000 213
1439000 213
1440000 213
1441000 213
1442000 213
1443000 214
1444000 214
1445000 214
1446000 214
1447000 214
1448000 214
1449000 215
1450000 215
1451000 215
1452000 215
1453000 215
1454000 215
1455000 216
1456000 216
1457000 216
1458000 216
1459000 216
1460000 216
1461000 216
1462000 216
1463000 217
1464000 217
1465000 217
1466000 217
1467000 217
1468000 217
1469000 218
1470000 218
1471000 218
1472000 218
1473000 218
1474000 218
1475000 218
1476000 219
1477000 219
1478000 219
1479000 219
1480000 219
1481000 219
1482000 220
1483000 220
1484000 220
1485000 220
1486000 220
1487000 220
1488000 220
1489000 221
1490000 221
1491000 221
1492000 221
1493000 221
1494000 222
1495000 222
1496000 222
1497000 222
1498000 222
1499000 223
1500000 223
1501000 223
1502000 223
1503000 223
1504000 223
1505000 223
1506000 223
1507000 223
1508000 223
1509000 224
1510000 224
1511000 224
1512000 224
1513000 224
1514000 224
1515000 224
1516000 225
1517000 225
1518000 225
1519000 225
1520000 225
1521000 225
1522000 225
1523000 225
1524000 225
1525000 225
1526000 225
1527000 226
1528000 226
1529000 226
1530000 226
1531000 226
1532000 226
1533000 226
1534000 226
1535000 226
1536000 226
1537000 226
1538000 226
1539000 227
1540000 227
1541000 227
1542000 227
1543000 227
1544000 227
1545000 227
1546000 228
1547000 228
1548000 228
1549000 228
1550000 228
1551000 228
1552000 228
1553000 228
1554000 228
1555000 229
1556000 229
1557000 229
1558000 229
1559000 229
1560000 229
1561000 229
1562000 230
1563000 230
1564000 230
1565000 230
1566000 230
1567000 230
1568000 230
1569000 230
1570000 231
1571000 231
1572000 231
1573000 231
1574000 231
1575000 231
1576000 232
1577000 232
1578000 232
1579000 232
1580000 232
1581000 232
1582000 233
1583000 233
1584000 233
1585000 233
1586000 233
1587000 233
1588000 233
1589000 233
1590000 234
1591000 234
1592000 234
1593000 234
1594000 234
1595000 234
1596000 234
1597000 234
1598000 235
1599000 235
1600000 235
1601000 235
1602000 235
1603000 235
1604000 235
1605000 236
1606000 236
1607000 236
1608000 236
1609000 236
1610000 236
1611000 236
1612000 237
1613000 237
1614000 237
1615000 237
1616000 237
1617000 237
1618000 237
1619000 238
1620000 238
1621000 238
1622000 238
1623000 238
1624000 238
1625000 238
1626000 238
1627000 238
1628000 239
1629000 239
1630000 239
1631000 239
1632000 239
1633000 239
1634000 239
1635000 240
1636000 240
1637000 240
1638000 240
1639000 240
1640000 240
1641000 240
1642000 241
1643000 241
1644000 241
1645000 241
1646000 241
1647000 241
1648000 242
1649000 242
1650000 242
1651000 242
1652000 242
1653000 242
1654000 242
1655000 242
1656000 242
1657000 243
1658000 243
1659000 243
1660000 243
1661000 243
1662000 243
1663000 243
1664000 243
1665000 243
1666000 244
1667000 244
1668000 244
1669000 244
1670000 244
1671000 244
1672000 245
1673000 245
1674000 245
1675000 245
1676000 245
1677000 245
1678000 245
1679000 245
1680000 245
1681000 246
1682000 246
1683000 246
1684000 246
1685000 246
1686000 246
1687000 246
1688000 246
1689000 246
1690000 247
1691000 247
1692000 247
1693000 247
1694000 247
1695000 247
1696000 247
1697000 247
1698000 248
1699000 248
1700000 248
1701000 248
1702000 248
1703000 248
1704000 249
1705000 249
1706000 249
1707000 249
1708000 249
1709000 249
1710000 250
1711000 250
1712000 250
1713000 250
1714000 250
1715000 250
1716000 250
1717000 250
1718000 251
1719000 251
1720000 251
1721000 251
1722000 251
1723000 251
1724000 251
1725000 251
1726000 251
1727000 252
1728000 252
1729000 252
1730000 252
1731000 252
1732000 252
1733000 252
1734000 253
1735000 253
1736000 253
1737000 253
1738000 253
1739000 253
1740000 253
1741000 254
1742000 254
1743000 254
1744000 254
1745000 254
1746000 254
1747000 255
1748000 255
1749000 255
1750000 255
1751000 255
1752000 255
1753000 256
1754000 256
1755000 256
1756000 256
1757000 256
1758000 256
1759000 256
1760000 256
1761000 256
1762000 257
1763000 257
1764000 257
1765000 257
1766000 257
1767000 257
1768000 258
1769000 258
1770000 258
1771000 258
1772000 258
1773000 258
1774000 258
1775000 259
1776000 259
1777000 259
1778000 259
1779000 259
1780000 259
1781000 259
1782000 260
1783000 260
1784000 260
1785000 260
1786000 260
1787000 260
1788000 260
1789000 260
1790000 261
1791000 261
1792000 261
1793000 261
1794000 261
1795000 261
1796000 262
1797000 262
1798000 262
1799000 262
1800000 262
1801000 262
1802000 263
1803000 263
1804000 263
1805000 263
1806000 263
1807000 263
1808000 263
1809000 263
1810000 263
1811000 264
1812000 264
1813000 264
1814000 264
1815000 264
1816000 264
1817000 265
1818000 265
1819000 265
1820000 265
1821000 265
1822000 265
1823000 266
1824000 266
1825000 266
1826000 266
1827000 266
1828000 266
1829000 267
1830000 267
1831000 267
1832000 267
1833000 267
1834000 267
1835000 267
1836000 267
1837000 268
1838000 268
1839000 268
1840000 268
1841000 268
1842000 268
1843000 268
1844000 268
1845000 268
1846000 268
1847000 269
1848000 269
1849000 269
1850000 269
1851000 269
1852000 269
1853000 269
1854000 269
1855000 269
1856000 270
1857000 270
1858000 270
1859000 270
1860000 270
1861000 270
1862000 271
1863000 271
1864000 271
1865000 271
1866000 271
1867000 271
1868000 272
1869000 272
1870000 272
1871000 272
1872000 272
1873000 272
1874000 273
1875000 273
1876000 273
1877000 273
1878000 273
1879000 273
1880000 273
1881000 274
1882000 274
1883000 274
1884000 274
1885000 274
1886000 274
1887000 275
1888000 275
1889000 275
1890000 275
1891000 275
1892000 275
1893000 275
1894000 276
1895000 276
1896000 276
1897000 276
1898000 276
1899000 276
1900000 276
1901000 277
1902000 277
1903000 277
1904000 277
1905000 277
1906000 277
1907000 277
1908000 278
1909000 278
1910000 278
1911000 278
1912000 278
1913000 279
1914000 279
1915000 279
1916000 279
1917000 279
1918000 279
1919000 279
1920000 279
1921000 280
1922000 280
1923000 280
1924000 280
1925000 280
1926000 280
1927000 280
1928000 280
1929000 281
1930000 281
1931000 281
1932000 281
1933000 281
1934000 281
1935000 281
1936000 281
1937000 282
1938000 282
1939000 282
1940000 282
1941000 282
1942000 282
1943000 283
1944000 283
1945000 283
1946000 283
1947000 283
1948000 283
1949000 283
1950000 283
1951000 284
1952000 284
1953000 284
1954000 284
1955000 284
1956000 284
1957000 284
1958000 284
1959000 285
1960000 285
1961000 285
1962000 285
1963000 285
1964000 285
1965000 286
1966000 286
1967000 286
1968000 286
1969000 286
1970000 286
1971000 286
1972000 287
1973000 287
1974000 287
1975000 287
1976000 287
1977000 287
1978000 288
1979000 288
1980000 288
1981000 288
1982000 288
1983000 288
1984000 288
1985000 288
1986000 288
1987000 288
1988000 289
1989000 289
1990000 289
1991000 289
1992000 289
1993000 289
1994000 290
1995000 290
1996000 290
1997000 290
1998000 290
1999000 290
2000000 290
2001000 291
2002000 291
2003000 291
2004000 291
2005000 291
2006000 291
2007000 291
2008000 291
2009000 292
2010000 292
2011000 292
2012000 292
2013000 292
2014000 292
2015000 292
2016000 293
2017000 293
2018000 293
2019000 293
2020000 293
2021000 293
2022000 294
2023000 294
2024000 294
2025000 294
2026000 294
2027000 294
2028000 294
2029000 294
2030000 295
2031000 295
2032000 295
2033000 295
2034000 295
2035000 295
2036000 295
2037000 296
2038000 296
2039000 296
2040000 296
2041000 296
2042000 297
2043000 297
2044000 297
2045000 297
2046000 297
2047000 297
2048000 298
2049000 298
2050000 298
2051000 298
2052000 298
2053000 298
2054000 299
2055000 299
2056000 299
2057000 299
2058000 299
2059000 299
2060000 299
2061000 300
2062000 300
2063000 300
2064000 300
2065000 300
2066000 300
2067000 300
2068000 301
2069000 301
2070000 301
2071000 301
2072000 301
2073000 301
2074000 301
2075000 302
2076000 302
2077000 302
2078000 302
2079000 302
2080000 302
2081000 302
2082000 303
2083000 303
2084000 303
2085000 303
2086000 303
2087000 303
2088000 304
2089000 304
2090000 304
2091000 304
2092000 304
2093000 304
2094000 304
2095000 305
2096000 305
2097000 305
2098000 305
2099000 305
2100000 306
2101000 306
2102000 306
2103000 306
2104000 306
2105000 306
2106000 306
2107000 306
2108000 307
2109000 307
2110000 307
2111000 307
2112000 307
2113000 307
2114000 308
2115000 308
2116000 308
2117000 308
2118000 308
2119000 308
2120000 309
2121000 309
2122000 309
2123000 309
2124000 309
2125000 309
2126000 310
2127000 310
2128000 310
2129000 310
2130000 310
2131000 310
2132000 310
2133000 310
2134000 310
2135000 311
2136000 311
2137000 311
2138000 311
2139000 311
2140000 311
2141000 311
2142000 312
2143000 312
2144000 312
2145000 312
2146000 312
2147000 312
2148000 312
2149000 313
2150000 313
2151000 313
2152000 313
2153000 313
2154000 313
2155000 313
2156000 313
2157000 314
2158000 314
2159000 314
2160000 314
2161000 314
2162000 314
2163000 315
2164000 315
2165000 315
2166000 315
2167000 315
2168000 315
2169000 316
2170000 316
2171000 316
2172000 316
2173000 316
2174000 316
2175000 316
2176000 316
2177000 317
2178000 317
2179000 317
2180000 317
2181000 317
2182000 317
2183000 317
2184000 318
2185000 318
2186000 318
2187000 318
2188000 318
2189000 318
2190000 319
2191000 319
2192000 319
2193000 319
2194000 319
2195000 319
2196000 319
2197000 320
2198000 320
2199000 320
2200000 320
2201000 320
2202000 320
2203000 320
2204000 321
2205000 321
2206000 321
2207000 321
2208000 321
2209000 322
2210000 322
2211000 322
2212000 322
2213000 322
2214000 322
2215000 322
2216000 323
2217000 323
2218000 323
2219000 323
2220000 323
2221000 323
2222000 323
2223000 324
2224000 324
2225000 324
2226000 324
2227000 324
2228000 324
2229000 324
2230000 325
2231000 325
2232000 325
2233000 325
2234000 325
2235000 325
2236000 325
2237000 326
2238000 326
2239000 326
2240000 326
2241000 326
2242000 326
2243000 326
2244000 327
2245000 327
2246000 327
2247000 327
2248000 327
2249000 327
2250000 328
2251000 328
2252000 328
2253000 328
2254000 328
2255000 328
2256000 329
2257000 329
2258000 329
2259000 329
2260000 329
2261000 329
2262000 329
2263000 329
2264000 330
2265000 330
2266000 330
2267000 330
2268000 330
2269000 330
2270000 330
2271000 331
2272000 331
2273000 331
2274000 331
2275000 331
2276000 331
2277000 331
2278000 331
2279000 332
2280000 332
2281000 332
2282000 332
2283000 332
2284000 332
2285000 333
2286000 333
2287000 333
2288000 333
2289000 333
2290000 333
2291000 334
2292000 334
2293000 334
2294000 334
2295000 334
2296000 334
2297000 334
2298000 335
2299000 335
2300000 335
2301000 335
2302000 335
2303000 335
2304000 336
2305000 336
2306000 336
2307000 336
2308000 336
2309000 336
2310000 336
2311000 337
2312000 337
2313000 337
2314000 337
2315000 337
2316000 337
2317000 337
2318000 338
2319000 338
2320000 338
2321000 338
2322000 338
2323000 338
2324000 338
2325000 338
2326000 338
2327000 339
2328000 339
2329000 339
2330000 339
2331000 339
2332000 339
2333000 340
2334000 340
2335000 340
2336000 340
2337000 340
2338000 340
2339000 340
2340000 340
2341000 340
2342000 340
2343000 341
2344000 341
2345000 341
2346000 341
2347000 341
2348000 341
2349000 341
2350000 342
2351000 342
2352000 342
2353000 342
2354000 342
2355000 342
2356000 343
2357000 343
2358000 343
2359000 343
2360000 343
2361000 343
2362000 344
2363000 344
2364000 344
2365000 344
2366000 344
2367000 344
2368000 344
2369000 344
2370000 345
2371000 345
2372000 345
2373000 345
2374000 345
2375000 345
2376000 346
2377000 346
2378000 346
2379000 346
2380000 346
2381000 346
2382000 346
2383000 347
2384000 347
2385000 347
2386000 347
2387000 347
2388000 347
2389000 347
2390000 347
2391000 347
2392000 348
2393000 348
2394000 348
2395000 348
2396000 348
2397000 348
2398000 349
2399000 349
2400000 349
2401000 349
2402000 349
2403000 349
2404000 350
2405000 350
2406000 350
2407000 350
2408000 350
2409000 350
2410000 350
2411000 351
2412000 351
2413000 351
2414000 351
2415000 351
2416000 351
2417000 351
2418000 351
2419000 352
2420000 352
2421000 352
2422000 352
2423000 352
2424000 352
2425000 353
2426000 353
2427000 353
2428000 353
2429000 353
2430000 353
2431000 353
2432000 354
2433000 354
2434000 354
2435000 354
2436000 354
2437000 354
2438000 354
2439000 355
2440000 355
2441000 355
2442000 355
2443000 355
2444000 355
2445000 356
2446000 356
2447000 356
2448000 356
2449000 356
2450000 356
2451000 357
2452000 357
2453000 357
2454000 357
2455000 357
2456000 357
2457000 358
2458000 358
2459000 358
2460000 358
2461000 358
2462000 358
2463000 359
2464000 359
2465000 359
2466000 359
2467000 359
2468000 359
2469000 359
2470000 359
2471000 360
2472000 360
2473000 360
2474000 360
2475000 360
2476000 360
2477000 361
2478000 361
2479000 361
2480000 361
2481000 361
2482000 361
2483000 361
2484000 361
2485000 362
2486000 362
2487000 362
2488000 362
2489000 362
2490000 362
2491000 362
2492000 362
2493000 363
2494000 363
2495000 363
2496000 363
2497000 363
2498000 363
2499000 363
2500000 363
2501000 364
2502000 364
2503000 364
2504000 364
2505000 364
2506000 364
2507000 364
2508000 364
2509000 365
2510000 365
2511000 365
2512000 365
2513000 365
2514000 365
2515000 365
2516000 365
2517000 366
2518000 366
2519000 366
2520000 366
2521000 366
2522000 366
2523000 366
2524000 367
2525000 367
2526000 367
2527000 367
2528000 367
2529000 367
2530000 368
2531000 368
2532000 368
2533000 368
2534000 368
2535000 368
2536000 369
2537000 369
2538000 369
2539000 369
2540000 369
2541000 369
2542000 369
2543000 369
2544000 369
2545000 369
2546000 369
2547000 370
2548000 370
2549000 370
2550000 370
2551000 370
2552000 370
2553000 370
2554000 370
2555000 371
2556000 371
2557000 371
2558000 371
2559000 371
2560000 371
2561000 371
2562000 371
2563000 372
2564000 372
2565000 372
2566000 372
2567000 372
2568000 372
2569000 372
2570000 372
2571000 373
2572000 373
2573000 373
2574000 373
2575000 373
2576000 373
2577000 373
2578000 374
2579000 374
2580000 374
2581000 374
2582000 374
2583000 374
2584000 374
2585000 374
2586000 375
2587000 375
2588000 375
2589000 375
2590000 375
2591000 375
2592000 375
2593000 375
2594000 376
2595000 376
2596000 376
2597000 376
2598000 376
2599000 376
2600000 377
2601000 377
2602000 377
2603000 377
2604000 377
2605000 377
2606000 377
2607000 378
2608000 378
2609000 378
2610000 378
2611000 378
2612000 378
2613000 378
2614000 378
2615000 379
2616000 379
2617000 379
2618000 379
2619000 379
2620000 379
2621000 379
2622000 379
2623000 380
2624000 380
2625000 380
2626000 380
2627000 380
2628000 380
2629000 380
2630000 380
2631000 381
2632000 381
2633000 381
2634000 381
2635000 381
2636000 381
2637000 381
2638000 381
2639000 382
2640000 382
2641000 382
2642000 382
2643000 382
2644000 382
2645000 382
2646000 382
2647000 382
2648000 382
2649000 383
2650000 383
2651000 383
2652000 383
2653000 383
2654000 383
2655000 383
2656000 383
2657000 383
2658000 383
2659000 383
2660000 384
2661000 384
2662000 384
2663000 384
2664000 384
2665000 384
2666000 384
2667000 385
2668000 385
2669000 385
2670000 385
2671000 385
2672000 385
2673000 386
2674000 386
2675000 386
2676000 386
2677000 386
2678000 386
2679000 386
2680000 386
2681000 387
2682000 387
2683000 387
2684000 387
2685000 387
2686000 387
2687000 387
2688000 387
2689000 388
2690000 388
2691000 388
2692000 388
2693000 388
2694000 388
2695000 388
2696000 388
2697000 389
2698000 389
2699000 389
2700000 389
2701000 389
2702000 389
2703000 389
2704000 389
2705000 389
2706000 390
2707000 390
2708000 390
2709000 390
2710000 390
2711000 390
2712000 391
2713000 391
2714000 391
2715000 391
2716000 391
2717000 391
2718000 391
2719000 391
2720000 392
2721000 392
2722000 392
2723000 392
2724000 392
2725000 392
2726000 392
2727000 393
2728000 393
2729000 393
2730000 393
2731000 393
2732000 393
2733000 394
2734000 394
2735000 394
2736000 394
2737000 394
2738000 394
2739000 395
2740000 395
2741000 395
2742000 395
2743000 395
2744000 395
2745000 395
2746000 396
2747000 396
2748000 396
2749000 396
2750000 396
2751000 396
2752000 397
2753000 397
2754000 397
2755000 397
2756000 397
2757000 397
2758000 397
2759000 397
2760000 398
2761000 398
2762000 398
2763000 398
2764000 398
2765000 398
2766000 398
2767000 398
2768000 399
2769000 399
2770000 399
2771000 399
2772000 399
2773000 399
2774000 399
2775000 399
2776000 400
2777000 400
2778000 400
2779000 400
2780000 400
2781000 400
2782000 400
2783000 400
2784000 400
2785000 401
2786000 401
2787000 401
2788000 401
2789000 401
2790000 401
2791000 401
2792000 401
2793000 402
2794000 402
2795000 402
2796000 402
2797000 402
2798000 402
2799000 402
2800000 403
2801000 403
2802000 403
2803000 403
2804000 403
2805000 403
2806000 404
2807000 404
2808000 404
2809000 404
2810000 404
2811000 404
2812000 404
2813000 404
2814000 404
2815000 404
2816000 405
2817000 405
2818000 405
2819000 405
2820000 405
2821000 405
2822000 406
2823000 406
2824000 406
2825000 406
2826000 406
2827000 406
2828000 406
2829000 407
2830000 407
2831000 407
2832000 407
2833000 407
2834000 407
2835000 408
2836000 408
2837000 408
2838000 408
2839000 408
2840000 408
2841000 408
2842000 408
2843000 408
2844000 408
2845000 408
2846000 408
2847000 408
2848000 409
2849000 409
2850000 409
2851000 409
2852000 409
2853000 409
2854000 409
2855000 409
2856000 410
2857000 410
2858000 410
2859000 410
2860000 410
2861000 410
2862000 410
2863000 410
2864000 411
2865000 411
2866000 411
2867000 411
2868000 411
2869000 411
2870000 412
2871000 412
2872000 412
2873000 412
2874000 412
2875000 412
2876000 412
2877000 413
2878000 413
2879000 413
2880000 413
2881000 413
2882000 413
2883000 413
2884000 414
2885000 414
2886000 414
2887000 414
2888000 414
2889000 414
2890000 414
2891000 414
2892000 415
2893000 415
2894000 415
2895000 415
2896000 415
2897000 415
2898000 415
2899000 416
2900000 416
2901000 416
2902000 416
2903000 416
2904000 416
2905000 416
2906000 416
2907000 417
2908000 417
2909000 417
2910000 417
2911000 417
2912000 417
2913000 417
2914000 418
2915000 418
2916000 418
2917000 418
2918000 418
2919000 418
2920000 418
2921000 418
2922000 419
2923000 419
2924000 419
2925000 419
2926000 419
2927000 419
2928000 419
2929000 420
2930000 420
2931000 420
2932000 420
2933000 420
2934000 420
2935000 421
2936000 421
2937000 421
2938000 421
2939000 421
2940000 421
2941000 421
2942000 421
2943000 421
2944000 421
2945000 422
2946000 422
2947000 422
2948000 422
2949000 422
2950000 422
2951000 423
2952000 423
2953000 423
2954000 423
2955000 423
2956000 423
2957000 423
2958000 423
2959000 423
2960000 424
2961000 424
2962000 424
2963000 424
2964000 424
2965000 424
2966000 424
2967000 425
2968000 425
2969000 425
2970000 425
2971000 425
2972000 426
2973000 426
2974000 426
2975000 426
2976000 426
2977000 426
2978000 426
2979000 426
2980000 426
2981000 426
2982000 427
2983000 427
2984000 427
2985000 427
2986000 427
2987000 427
2988000 427
2989000 427
2990000 428
2991000 428
2992000 428
2993000 428
2994000 428
2995000 428
2996000 428
2997000 428
2998000 428
2999000 429
3000000 429
3001000 429
3002000 429
3003000 429
3004000 429
3005000 429
3006000 429
3007000 430
3008000 430
3009000 430
3010000 430
3011000 430
3012000 430
3013000 430
3014000 430
3015000 431
3016000 431
3017000 431
3018000 431
3019000 431
3020000 431
3021000 432
3022000 432
3023000 432
3024000 432
3025000 432
3026000 432
3027000 433
3028000 433
3029000 433
3030000 433
3031000 433
3032000 433
3033000 433
3034000 433
3035000 434
3036000 434
3037000 434
3038000 434
3039000 434
3040000 434
3041000 434
3042000 435
3043000 435
3044000 435
3045000 435
3046000 435
3047000 435
3048000 435
3049000 435
3050000 436
3051000 436
3052000 436
3053000 436
3054000 436
3055000 436
3056000 436
3057000 437
3058000 437
3059000 437
3060000 437
3061000 437
3062000 437
3063000 437
3064000 437
3065000 438
3066000 438
3067000 438
3068000 438
3069000 438
3070000 438
3071000 438
3072000 438
3073000 439
3074000 439
3075000 439
3076000 439
3077000 439
3078000 439
3079000 439
3080000 439
3081000 440
3082000 440
3083000 440
3084000 440
3085000 440
3086000 440
3087000 440
3088000 441
3089000 441
3090000 441
3091000 441
3092000 441
3093000 441
3094000 441
3095000 442
3096000 442
3097000 442
3098000 442
3099000 442
3100000 442
3101000 442
3102000 442
3103000 443
3104000 443
3105000 443
3106000 443
3107000 443
3108000 443
3109000 443
3110000 444
3111000 444
3112000 444
3113000 444
3114000 444
3115000 444
3116000 445
3117000 445
3118000 445
3119000 445
3120000 445
3121000 445
3122000 445
3123000 445
3124000 446
3125000 446
3126000 446
3127000 446
3128000 446
3129000 446
3130000 446
3131000 446
3132000 446
3133000 446
3134000 446
3135000 446
3136000 446
3137000 446
3138000 446
3139000 446
3140000 447
3141000 447
3142000 447
3143000 447
3144000 447
3145000 447
3146000 447
3147000 447
3148000 447
3149000 447
3150000 447
3151000 447
3152000 447
3153000 447
3154000 448
3155000 448
3156000 448
3157000 448
3158000 448
3159000 448
3160000 448
3161000 448
3162000 448
3163000 449
3164000 449
3165000 449
3166000 449
3167000 449
3168000 449
3169000 449
3170000 449
3171000 450
3172000 450
3173000 450
3174000 450
3175000 450
3176000 450
3177000 450
3178000 450
3179000 451
3180000 451
3181000 451
3182000 451
3183000 451
3184000 452
3185000 452
3186000 452
3187000 452
3188000 452
3189000 452
3190000 452
3191000 452
3192000 452
3193000 452
3194000 452
3195000 453
3196000 453
3197000 453
3198000 453
3199000 453
3200000 453
3201000 453
3202000 453
3203000 454
3204000 454
3205000 454
3206000 454
3207000 454
3208000 454
3209000 454
3210000 454
3211000 454
3212000 454
3213000 454
3214000 454
3215000 454
3216000 455
3217000 455
3218000 455
3219000 455
3220000 455
3221000 455
3222000 456
3223000 456
3224000 456
3225000 456
3226000 456
3227000 456
3228000 456
3229000 456
3230000 456
3231000 457
3232000 457
3233000 457
3234000 457
3235000 457
3236000 457
3237000 457
3238000 457
3239000 457
3240000 458
3241000 458
3242000 458
3243000 458
3244000 458
3245000 458
3246000 458
3247000 459
3248000 459
3249000 459
3250000 459
3251000 459
3252000 459
3253000 459
3254000 459
3255000 460
3256000 460
3257000 460
3258000 460
3259000 460
3260000 460
3261000 460
3262000 460
3263000 460
3264000 461
3265000 461
3266000 461
3267000 461
3268000 461
3269000 461
3270000 461
3271000 461
3272000 461
3273000 461
3274000 461
3275000 461
3276000 462
3277000 462
3278000 462
3279000 462
3280000 462
3281000 463
3282000 463
3283000 463
3284000 463
3285000 463
3286000 463
3287000 463
3288000 463
3289000 464
3290000 464
3291000 464
3292000 464
3293000 464
3294000 464
3295000 465
3296000 465
3297000 465
3298000 465
3299000 465
3300000 465
3301000 466
3302000 466
3303000 466
3304000 466
3305000 466
3306000 466
3307000 466
3308000 466
3309000 467
3310000 467
3311000 467
3312000 467
3313000 467
3314000 467
3315000 467
3316000 467
3317000 468
3318000 468
3319000 468
3320000 468
3321000 468
3322000 468
3323000 469
3324000 469
3325000 469
3326000 469
3327000 469
3328000 469
3329000 469
3330000 470
3331000 470
3332000 470
3333000 470
3334000 470
3335000 470
3336000 470
3337000 470
3338000 470
3339000 470
3340000 470
3341000 470
3342000 471
3343000 471
3344000 471
3345000 471
3346000 471
3347000 471
3348000 471
3349000 471
3350000 471
3351000 471
3352000 472
3353000 472
3354000 472
3355000 472
3356000 472
3357000 472
3358000 472
3359000 472
3360000 472
3361000 473
3362000 473
3363000 473
3364000 473
3365000 473
3366000 473
3367000 473
3368000 473
3369000 473
3370000 474
3371000 474
3372000 474
3373000 474
3374000 474
3375000 474
3376000 474
3377000 474
3378000 475
3379000 475
3380000 475
3381000 475
3382000 475
3383000 475
3384000 475
3385000 475
3386000 475
3387000 476
3388000 476
3389000 476
3390000 476
3391000 476
3392000 476
3393000 476
3394000 476
3395000 477
3396000 477
3397000 477
3398000 477
3399000 477
3400000 477
3401000 477
3402000 477
3403000 477
3404000 478
3405000 478
3406000 478
3407000 478
3408000 478
3409000 478
3410000 478
3411000 478
3412000 478
3413000 479
3414000 479
3415000 479
3416000 479
3417000 479
3418000 480
3419000 480
3420000 480
3421000 480
3422000 480
3423000 480
3424000 480
3425000 481
3426000 481
3427000 481
3428000 481
3429000 481
3430000 481
3431000 482
3432000 482
3433000 482
3434000 482
3435000 482
3436000 482
3437000 482
3438000 482
3439000 482
3440000 483
3441000 483
3442000 483
3443000 483
3444000 483
3445000 483
3446000 483
3447000 483
3448000 484
3449000 484
3450000 484
3451000 484
3452000 484
3453000 484
3454000 484
3455000 484
3456000 484
3457000 484
3458000 485
3459000 485
3460000 485
3461000 485
3462000 485
3463000 486
3464000 486
3465000 486
3466000 486
3467000 486
3468000 486
3469000 486
3470000 486
3471000 486
3472000 486
3473000 486
3474000 486
3475000 486
3476000 486
3477000 486
3478000 486
3479000 487
3480000 487
3481000 487
3482000 487
3483000 487
3484000 487
3485000 487
3486000 488
3487000 488
3488000 488
3489000 488
3490000 488
3491000 488
3492000 488
3493000 488
3494000 488
3495000 488
3496000 489
3497000 489
3498000 489
3499000 489
3500000 489
3501000 489
3502000 489
3503000 490
3504000 490
3505000 490
3506000 490
3507000 490
3508000 490
3509000 491
3510000 491
3511000 491
3512000 491
3513000 491
3514000 491
3515000 491
3516000 491
3517000 491
3518000 491
3519000 492
3520000 492
3521000 492
3522000 492
3523000 492
3524000 492
3525000 492
3526000 492
3527000 492
3528000 492
3529000 492
3530000 492
3531000 493
3532000 493
3533000 493
3534000 493
3535000 493
3536000 493
3537000 493
3538000 493
3539000 493
3540000 493
3541000 494
3542000 494
3543000 494
3544000 494
3545000 494
3546000 494
3547000 495
3548000 495
3549000 495
3550000 495
3551000 495
3552000 495
3553000 496
3554000 496
3555000 496
3556000 496
3557000 496
3558000 496
3559000 496
3560000 496
3561000 496
3562000 496
3563000 497
3564000 497
3565000 497
3566000 497
3567000 497
3568000 498
3569000 498
3570000 498
3571000 498
3572000 498
3573000 498
3574000 498
3575000 498
3576000 498
3577000 498
3578000 498
3579000 499
3580000 499
3581000 499
3582000 499
3583000 499
3584000 499
3585000 499
3586000 499
3587000 499
3588000 499
3589000 499
3590000 499
3591000 499
3592000 499
3593000 500
3594000 500
3595000 500
3596000 500
3597000 500
3598000 500
3599000 500
3600000 500
3601000 500
3602000 500
3603000 500
3604000 500
3605000 500
3606000 500
3607000 501
3608000 501
3609000 501
3610000 501
3611000 501
3612000 501
3613000 501
3614000 502
3615000 502
3616000 502
3617000 502
3618000 502
3619000 503
3620000 503
3621000 503
3622000 503
3623000 503
3624000 503
3625000 503
3626000 503
3627000 503
3628000 504
3629000 504
3630000 504
3631000 504
3632000 504
3633000 504
3634000 504
3635000 504
3636000 505
3637000 505
3638000 505
3639000 505
3640000 505
3641000 505
3642000 505
3643000 505
3644000 505
3645000 506
3646000 506
3647000 506
3648000 506
3649000 506
3650000 506
3651000 506
3652000 507
3653000 507
3654000 507
3655000 507
3656000 507
3657000 507
3658000 508
3659000 508
3660000 508
3661000 508
3662000 508
3663000 509
3664000 509
3665000 509
3666000 509
3667000 509
3668000 509
3669000 510
3670000 510
3671000 510
3672000 510
3673000 510
3674000 510
3675000 511
3676000 511
3677000 511
3678000 511
3679000 511
3680000 511
3681000 511
3682000 512
3683000 512
3684000 512
3685000 512
3686000 512
3687000 512
3688000 513
3689000 513
3690000 513
3691000 513
3692000 513
3693000 513
3694000 514
3695000 514
3696000 514
3697000 514
3698000 514
3699000 514
3700000 514
3701000 514
3702000 514
3703000 515
3704000 515
3705000 515
3706000 515
3707000 515
3708000 515
3709000 515
3710000 515
3711000 515
3712000 516
3713000 516
3714000 516
3715000 516
3716000 516
3717000 516
3718000 516
3719000 516
3720000 516
3721000 516
3722000 517
3723000 517
3724000 517
3725000 517
3726000 517
3727000 517
3728000 517
3729000 517
3730000 517
3731000 517
3732000 517
3733000 517
3734000 517
3735000 517
3736000 517
3737000 517
3738000 517
3739000 517
3740000 517
3741000 517
3742000 517
3743000 517
3744000 518
3745000 518
3746000 518
3747000 518
3748000 518
3749000 518
3750000 519
3751000 519
3752000 519
3753000 519
3754000 519
3755000 519
3756000 519
3757000 519
3758000 519
3759000 519
3760000 519
3761000 519
3762000 519
3763000 519
3764000 520
3765000 520
3766000 520
3767000 520
3768000 520
3769000 520
3770000 521
3771000 521
3772000 521
3773000 521
3774000 521
3775000 521
3776000 522
3777000 522
3778000 522
3779000 522
3780000 522
3781000 522
3782000 522
3783000 523
3784000 523
3785000 523
3786000 523
3787000 523
3788000 523
3789000 523
3790000 524
3791000 524
3792000 524
3793000 524
3794000 524
3795000 524
3796000 524
3797000 525
3798000 525
3799000 525
3800000 525
3801000 525
3802000 525
3803000 526
3804000 526
3805000 526
3806000 526
3807000 526
3808000 526
3809000 527
3810000 527
3811000 527
3812000 527
3813000 527
3814000 527
3815000 527
3816000 527
3817000 528
3818000 528
3819000 528
3820000 528
3821000 528
3822000 528
3823000 528
3824000 529
3825000 529
3826000 529
3827000 529
3828000 529
3829000 529
3830000 530
3831000 530
3832000 530
3833000 530
3834000 530
3835000 530
3836000 530
3837000 531
3838000 531
3839000 531
3840000 531
3841000 531
3842000 531
3843000 531
3844000 532
3845000 532
3846000 532
3847000 532
3848000 532
3849000 532
3850000 532
3851000 532
3852000 533
3853000 533
3854000 533
3855000 533
3856000 533
3857000 533
3858000 533
3859000 534
3860000 534
3861000 534
3862000 534
3863000 534
3864000 534
3865000 534
3866000 535
3867000 535
3868000 535
3869000 535
3870000 535
3871000 535
3872000 535
3873000 535
3874000 536
3875000 536
3876000 536
3877000 536
3878000 536
3879000 536
3880000 536
3881000 536
3882000 537
3883000 537
3884000 537
3885000 537
3886000 537
3887000 537
3888000 537
3889000 537
3890000 538
3891000 538
3892000 538
3893000 538
3894000 538
3895000 538
3896000 539
3897000 539
3898000 539
3899000 539
3900000 539
3901000 539
3902000 540
3903000 540
3904000 540
3905000 540
3906000 540
3907000 540
3908000 541
3909000 541
3910000 541
3911000 541
3912000 541
3913000 541
3914000 541
3915000 542
3916000 542
3917000 542
3918000 542
3919000 542
3920000 542
3921000 542
3922000 542
3923000 542
3924000 542
3925000 543
3926000 543
3927000 543
3928000 543
3929000 543
3930000 543
3931000 543
3932000 543
3933000 543
3934000 544
3935000 544
3936000 544
3937000 544
3938000 544
3939000 544
3940000 545
3941000 545
3942000 545
3943000 545
3944000 545
3945000 545
3946000 545
3947000 545
3948000 545
3949000 546
3950000 546
3951000 546
3952000 546
3953000 546
3954000 546
3955000 546
3956000 546
3957000 547
3958000 547
3959000 547
3960000 547
3961000 547
3962000 547
3963000 547
3964000 547
3965000 547
3966000 548
3967000 548
3968000 548
3969000 548
3970000 548
3971000 548
3972000 549
3973000 549
3974000 549
3975000 549
3976000 549
3977000 549
3978000 549
3979000 550
3980000 550
3981000 550
3982000 550
3983000 550
3984000 551
3985000 551
3986000 551
3987000 551
3988000 551
3989000 551
3990000 551
3991000 551
3992000 551
3993000 551
3994000 551
3995000 552
3996000 552
3997000 552
3998000 552
3999000 552
4000000 552
4001000 552
4002000 553
4003000 553
4004000 553
4005000 553
4006000 553
4007000 553
4008000 553
4009000 553
4010000 553
4011000 553
4012000 553
4013000 553
4014000 554
4015000 554
4016000 554
4017000 554
4018000 554
4019000 554
4020000 554
4021000 554
4022000 554
4023000 554
4024000 555
4025000 555
4026000 555
4027000 555
4028000 555
4029000 555
4030000 555
4031000 555
4032000 555
4033000 556
4034000 556
4035000 556
4036000 556
4037000 556
4038000 556
4039000 556
4040000 556
4041000 556
4042000 556
4043000 556
4044000 557
4045000 557
4046000 557
4047000 557
4048000 557
4049000 557
4050000 557
4051000 557
4052000 557
4053000 558
4054000 558
4055000 558
4056000 558
4057000 558
4058000 558
4059000 558
4060000 558
4061000 558
4062000 559
4063000 559
4064000 559
4065000 559
4066000 559
4067000 559
4068000 560
4069000 560
4070000 560
4071000 560
4072000 560
4073000 560
4074000 560
4075000 560
4076000 561
4077000 561
4078000 561
4079000 561
4080000 561
4081000 561
4082000 561
4083000 561
4084000 561
4085000 562
4086000 562
4087000 562
4088000 562
4089000 562
4090000 562
4091000 562
4092000 562
4093000 562
4094000 562
4095000 563
4096000 563
4097000 563
4098000 563
4099000 563
4100000 563
4101000 563
4102000 564
4103000 564
4104000 564
4105000 564
4106000 564
4107000 564
4108000 564
4109000 564
4110000 564
4111000 564
4112000 565
4113000 565
4114000 565
4115000 565
4116000 565
4117000 565
4118000 565
4119000 565
4120000 565
4121000 565
4122000 565
4123000 566
4124000 566
4125000 566
4126000 566
4127000 566
4128000 566
4129000 566
4130000 566
4131000 567
4132000 567
4133000 567
4134000 567
4135000 567
4136000 567
4137000 567
4138000 567
4139000 567
4140000 567
4141000 567
4142000 568
4143000 568
4144000 568
4145000 568
4146000 568
4147000 568
4148000 568
4149000 568
4150000 568
4151000 569
4152000 569
4153000 569
4154000 569
4155000 569
4156000 569
4157000 569
4158000 570
4159000 570
4160000 570
4161000 570
4162000 570
4163000 570
4164000 570
4165000 570
4166000 570
4167000 570
4168000 571
4169000 571
4170000 571
4171000 571
4172000 571
4173000 571
4174000 571
4175000 571
4176000 572
4177000 572
4178000 572
4179000 572
4180000 572
4181000 572
4182000 572
4183000 572
4184000 573
4185000 573
4186000 573
4187000 573
4188000 573
4189000 573
4190000 573
4191000 574
4192000 574
4193000 574
4194000 574
4195000 574
4196000 574
4197000 574
4198000 575
4199000 575
4200000 575
4201000 575
4202000 575
4203000 575
4204000 575
4205000 576
4206000 576
4207000 576
4208000 576
4209000 576
4210000 576
4211000 577
4212000 577
4213000 577
4214000 577
4215000 577
4216000 577
4217000 577
4218000 577
4219000 578
4220000 578
4221000 578
4222000 578
4223000 578
4224000 578
4225000 578
4226000 578
4227000 579
4228000 579
4229000 579
4230000 579
4231000 579
4232000 579
4233000 580
4234000 580
4235000 580
4236000 580
4237000 580
4238000 580
4239000 580
4240000 580
4241000 580
4242000 580
4243000 580
4244000 581
4245000 581
4246000 581
4247000 581
4248000 581
4249000 582
4250000 582
4251000 582
4252000 582
4253000 582
4254000 583
4255000 583
4256000 583
4257000 583
4258000 583
4259000 583
4260000 583
4261000 583
4262000 583
4263000 583
4264000 584
4265000 584
4266000 584
4267000 584
4268000 584
4269000 584
4270000 584
4271000 584
4272000 584
4273000 584
4274000 585
4275000 585
4276000 585
4277000 585
4278000 585
4279000 585
4280000 585
4281000 585
4282000 585
4283000 586
4284000 586
4285000 586
4286000 586
4287000 586
4288000 586
4289000 586
4290000 586
4291000 587
4292000 587
4293000 587
4294000 587
4295000 587
4296000 587
4297000 587
4298000 587
4299000 587
4300000 587
4301000 587
4302000 588
4303000 588
4304000 588
4305000 588
4306000 588
4307000 588
4308000 588
4309000 588
4310000 589
4311000 589
4312000 589
4313000 589
4314000 589
4315000 589
4316000 589
4317000 589
4318000 590
4319000 590
4320000 590
4321000 590
4322000 590
4323000 590
4324000 590
4325000 590
4326000 590
4327000 591
4328000 591
4329000 591
4330000 591
4331000 591
4332000 591
4333000 591
4334000 592
4335000 592
4336000 592
4337000 592
4338000 592
4339000 592
4340000 593
4341000 593
4342000 593
4343000 593
4344000 593
4345000 593
4346000 593
4347000 594
4348000 594
4349000 594
4350000 594
4351000 594
4352000 594
4353000 594
4354000 594
4355000 594
4356000 595
4357000 595
4358000 595
4359000 595
4360000 595
4361000 595
4362000 595
4363000 596
4364000 596
4365000 596
4366000 596
4367000 596
4368000 596
4369000 596
4370000 597
4371000 597
4372000 597
4373000 597
4374000 597
4375000 597
4376000 597
4377000 597
4378000 597
4379000 597
4380000 598
4381000 598
4382000 598
4383000 598
4384000 598
4385000 598
4386000 598
4387000 599
4388000 599
4389000 599
4390000 599
4391000 599
4392000 599
4393000 599
4394000 600
4395000 600
4396000 600
4397000 600
4398000 600
4399000 600
4400000 600
4401000 600
4402000 601
4403000 601
4404000 601
4405000 601
4406000 601
4407000 601
4408000 601
4409000 601
4410000 602
4411000 602
4412000 602
4413000 602
4414000 602
4415000 602
4416000 603
4417000 603
4418000 603
4419000 603
4420000 603
4421000 603
4422000 603
4423000 603
4424000 603
4425000 603
4426000 603
4427000 604
4428000 604
4429000 604
4430000 604
4431000 604
4432000 604
4433000 604
4434000 605
4435000 605
4436000 605
4437000 605
4438000 605
4439000 605
4440000 606
4441000 606
4442000 606
4443000 606
4444000 606
4445000 606
4446000 606
4447000 606
4448000 607
4449000 607
4450000 607
4451000 607
4452000 607
4453000 607
4454000 607
4455000 607
4456000 608
4457000 608
4458000 608
4459000 608
4460000 608
4461000 608
4462000 608
4463000 608
4464000 608
4465000 609
4466000 609
4467000 609
4468000 609
4469000 609
4470000 609
4471000 609
4472000 609
4473000 609
4474000 610
4475000 610
4476000 610
4477000 610
4478000 610
4479000 610
4480000 610
4481000 611
4482000 611
4483000 611
4484000 611
4485000 611
4486000 611
4487000 611
4488000 611
4489000 612
4490000 612
4491000 612
4492000 612
4493000 612
4494000 612
4495000 612
4496000 612
4497000 612
4498000 612
4499000 613
4500000 613
4501000 613
4502000 613
4503000 613
4504000 613
4505000 613
4506000 613
4507000 613
4508000 613
4509000 614
4510000 614
4511000 614
4512000 614
4513000 614
4514000 614
4515000 615
4516000 615
4517000 615
4518000 615
4519000 615
4520000 615
4521000 615
4522000 615
4523000 616
4524000 616
4525000 616
4526000 616
4527000 616
4528000 616
4529000 617
4530000 617
4531000 617
4532000 617
4533000 617
4534000 617
4535000 617
4536000 617
4537000 617
4538000 618
4539000 618
4540000 618
4541000 618
4542000 618
4543000 618
4544000 618
4545000 619
4546000 619
4547000 619
4548000 619
4549000 619
4550000 619
4551000 620
4552000 620
4553000 620
4554000 620
4555000 620
4556000 620
4557000 620
4558000 620
4559000 621
4560000 621
4561000 621
4562000 621
4563000 621
4564000 621
4565000 622
4566000 622
4567000 622
4568000 622
4569000 622
4570000 622
4571000 623
4572000 623
4573000 623
4574000 623
4575000 623
4576000 623
4577000 623
4578000 624
4579000 624
4580000 624
4581000 624
4582000 624
4583000 624
4584000 624
4585000 624
4586000 624
4587000 625
4588000 625
4589000 625
4590000 625
4591000 625
4592000 625
4593000 625
4594000 625
4595000 625
4596000 626
4597000 626
4598000 626
4599000 626
4600000 626
4601000 626
4602000 626
4603000 627
4604000 627
4605000 627
4606000 627
4607000 627
4608000 627
4609000 627
4610000 628
4611000 628
4612000 628
4613000 628
4614000 628
4615000 628
4616000 629
4617000 629
4618000 629
4619000 629
4620000 629
4621000 629
4622000 629
4623000 629
4624000 629
4625000 630
4626000 630
4627000 630
4628000 630
4629000 630
4630000 630
4631000 630
4632000 631
4633000 631
4634000 631
4635000 631
4636000 631
4637000 631
4638000 631
4639000 631
4640000 631
4641000 631
4642000 632
4643000 632
4644000 632
4645000 632
4646000 632
4647000 632
4648000 633
4649000 633
4650000 633
4651000 633
4652000 633
4653000 633
4654000 633
4655000 633
4656000 633
4657000 634
4658000 634
4659000 634
4660000 634
4661000 634
4662000 634
4663000 634
4664000 634
4665000 635
4666000 635
4667000 635
4668000 635
4669000 635
4670000 635
4671000 636
4672000 636
4673000 636
4674000 636
4675000 636
4676000 636
4677000 636
4678000 636
4679000 637
4680000 637
4681000 637
4682000 637
4683000 637
4684000 637
4685000 637
4686000 637
4687000 638
4688000 638
4689000 638
4690000 638
4691000 638
4692000 638
4693000 638
4694000 638
4695000 638
4696000 638
4697000 639
4698000 639
4699000 639
4700000 639
4701000 639
4702000 639
4703000 640
4704000 640
4705000 640
4706000 640
4707000 640
4708000 640
4709000 640
4710000 641
4711000 641
4712000 641
4713000 641
4714000 641
4715000 641
4716000 642
4717000 642
4718000 642
4719000 642
4720000 642
4721000 642
4722000 642
4723000 643
4724000 643
4725000 643
4726000 643
4727000 643
4728000 643
4729000 643
4730000 643
4731000 643
4732000 643
4733000 644
4734000 644
4735000 644
4736000 644
4737000 644
4738000 644
4739000 644
4740000 644
4741000 644
4742000 644
4743000 645
4744000 645
4745000 645
4746000 645
4747000 645
4748000 645
4749000 645
4750000 645
4751000 646
4752000 646
4753000 646
4754000 646
4755000 646
4756000 646
4757000 646
4758000 646
4759000 646
4760000 647
4761000 647
4762000 647
4763000 647
4764000 647
4765000 647
4766000 647
4767000 647
4768000 648
4769000 648
4770000 648
4771000 648
4772000 648
4773000 648
4774000 648
4775000 648
4776000 648
4777000 648
4778000 648
4779000 649
4780000 649
4781000 649
4782000 649
4783000 649
4784000 649
4785000 649
4786000 650
4787000 650
4788000 650
4789000 650
4790000 650
4791000 650
4792000 650
4793000 650
4794000 650
4795000 650
4796000 651
4797000 651
4798000 651
4799000 651
4800000 651
4801000 651
4802000 651
4803000 651
4804000 651
4805000 651
4806000 652
4807000 652
4808000 652
4809000 652
4810000 652
4811000 652
4812000 652
4813000 652
4814000 653
4815000 653
4816000 653
4817000 653
4818000 653
4819000 653
4820000 653
4821000 654
4822000 654
4823000 654
4824000 654
4825000 654
4826000 654
4827000 654
4828000 654
4829000 654
4830000 654
4831000 655
4832000 655
4833000 655
4834000 655
4835000 655
4836000 655
4837000 655
4838000 655
4839000 656
4840000 656
4841000 656
4842000 656
4843000 656
4844000 656
4845000 656
4846000 656
4847000 656
4848000 656
4849000 657
4850000 657
4851000 657
4852000 657
4853000 657
4854000 657
4855000 657
4856000 658
4857000 658
4858000 658
4859000 658
4860000 658
4861000 658
4862000 659
4863000 659
4864000 659
4865000 659
4866000 659
4867000 659
4868000 659
4869000 659
4870000 660
4871000 660
4872000 660
4873000 660
4874000 660
4875000 660
4876000 660
4877000 660
4878000 661
4879000 661
4880000 661
4881000 661
4882000 661
4883000 661
4884000 661
4885000 661
4886000 662
4887000 662
4888000 662
4889000 662
4890000 662
4891000 662
4892000 662
4893000 662
4894000 662
4895000 662
4896000 662
4897000 663
4898000 663
4899000 663
4900000 663
4901000 663
4902000 664
4903000 664
4904000 664
4905000 664
4906000 664
4907000 664
4908000 664
4909000 664
4910000 665
4911000 665
4912000 665
4913000 665
4914000 665
4915000 665
4916000 666
4917000 666
4918000 666
4919000 666
4920000 666
4921000 666
4922000 666
4923000 666
4924000 666
4925000 667
4926000 667
4927000 667
4928000 667
4929000 667
4930000 667
4931000 668
4932000 668
4933000 668
4934000 668
4935000 668
4936000 668
4937000 668
4938000 669
4939000 669
4940000 669
4941000 669
4942000 669
4943000 669
4944000 669
4945000 670
4946000 670
4947000 670
4948000 670
4949000 670
4950000 670
4951000 671
4952000 671
4953000 671
4954000 671
4955000 671
4956000 671
4957000 671
4958000 672
4959000 672
4960000 672
4961000 672
4962000 672
4963000 672
4964000 672
4965000 673
4966000 673
4967000 673
4968000 673
4969000 673
4970000 673
4971000 673
4972000 673
4973000 673
4974000 673
4975000 674
4976000 674
4977000 674
4978000 674
4979000 674
4980000 674
4981000 674
4982000 674
4983000 674
4984000 674
4985000 674
4986000 674
4987000 675
4988000 675
4989000 675
4990000 675
4991000 675
4992000 675
4993000 675
4994000 675
4995000 675
4996000 676
4997000 676
4998000 676
4999000 676
5000000 676
