0 0
1000 0
2000 0
3000 0
4000 0
5000 0
6000 0
7000 0
8000 0
9000 0
10000 0
11000 0
12000 0
13000 0
14000 0
15000 0
16000 0
17000 0
18000 0
19000 0
20000 0
21000 0
22000 0
23000 0
24000 1
25000 1
26000 1
27000 1
28000 1
29000 1
30000 1
31000 1
32000 1
33000 2
34000 2
35000 2
36000 2
37000 2
38000 2
39000 2
40000 2
41000 3
42000 3
43000 3
44000 3
45000 3
46000 3
47000 3
48000 3
49000 3
50000 3
51000 4
52000 4
53000 4
54000 4
55000 4
56000 4
57000 4
58000 4
59000 4
60000 4
61000 4
62000 4
63000 4
64000 4
65000 5
66000 5
67000 5
68000 5
69000 5
70000 5
71000 5
72000 5
73000 5
74000 5
75000 5
76000 5
77000 6
78000 6
79000 6
80000 6
81000 6
82000 6
83000 6
84000 6
85000 6
86000 6
87000 6
88000 7
89000 7
90000 7
91000 7
92000 7
93000 7
94000 7
95000 7
96000 7
97000 7
98000 7
99000 8
100000 8
101000 8
102000 8
103000 8
104000 8
105000 8
106000 8
107000 8
108000 8
109000 8
110000 8
111000 8
112000 8
113000 8
114000 8
115000 8
116000 9
117000 9
118000 9
119000 9
120000 9
121000 9
122000 9
123000 9
124000 9
125000 9
126000 9
127000 9
128000 9
129000 9
130000 9
131000 9
132000 9
133000 10
134000 10
135000 10
136000 10
137000 10
138000 10
139000 10
140000 10
141000 10
142000 10
143000 10
144000 10
145000 10
146000 10
147000 11
148000 11
149000 11
150000 11
151000 11
152000 11
153000 11
154000 11
155000 11
156000 11
157000 11
158000 11
159000 11
160000 11
161000 11
162000 12
163000 12
164000 12
165000 12
166000 12
167000 12
168000 12
169000 13
170000 13
171000 13
172000 13
173000 13
174000 13
175000 13
176000 13
177000 13
178000 13
179000 13
180000 13
181000 13
182000 14
183000 14
184000 14
185000 14
186000 14
187000 14
188000 14
189000 14
190000 14
191000 14
192000 14
193000 14
194000 14
195000 14
196000 15
197000 15
198000 15
199000 15
200000 15
201000 15
202000 15
203000 15
204000 15
205000 15
206000 15
207000 15
208000 15
209000 16
210000 16
211000 16
212000 16
213000 16
214000 16
215000 16
216000 16
217000 16
218000 16
219000 16
220000 16
221000 17
222000 17
223000 17
224000 17
225000 17
226000 17
227000 17
228000 17
229000 17
230000 18
231000 18
232000 18
233000 18
234000 18
235000 18
236000 18
237000 18
238000 18
239000 18
240000 19
241000 19
242000 19
243000 19
244000 19
245000 19
246000 19
247000 19
248000 19
249000 20
250000 20
251000 20
252000 20
253000 20
254000 20
255000 20
256000 20
257000 20
258000 20
259000 21
260000 21
261000 21
262000 21
263000 21
264000 21
265000 21
266000 21
267000 22
268000 22
269000 22
270000 22
271000 22
272000 22
273000 22
274000 22
275000 22
276000 22
277000 22
278000 23
279000 23
280000 23
281000 23
282000 23
283000 23
284000 23
285000 23
286000 23
287000 24
288000 24
289000 24
290000 24
291000 24
292000 24
293000 24
294000 24
295000 25
296000 25
297000 25
298000 25
299000 25
300000 25
301000 26
302000 26
303000 26
304000 26
305000 26
306000 26
307000 26
308000 26
309000 27
310000 27
311000 27
312000 27
313000 27
314000 27
315000 27
316000 27
317000 27
318000 28
319000 28
320000 28
321000 28
322000 28
323000 28
324000 28
325000 29
326000 29
327000 29
328000 29
329000 29
330000 29
331000 30
332000 30
333000 30
334000 30
335000 30
336000 30
337000 31
338000 31
339000 31
340000 31
341000 31
342000 31
343000 32
344000 32
345000 32
346000 32
347000 32
348000 32
349000 33
350000 33
351000 33
352000 33
353000 33
354000 33
355000 33
356000 34
357000 34
358000 34
359000 34
360000 34
361000 34
362000 34
363000 34
364000 35
365000 35
366000 35
367000 35
368000 35
369000 35
370000 35
371000 35
372000 35
373000 35
374000 35
375000 35
376000 35
377000 35
378000 35
379000 35
380000 35
381000 35
382000 35
383000 35
384000 35
385000 35
386000 35
387000 35
388000 35
389000 35
390000 35
391000 36
392000 36
393000 36
394000 36
395000 36
396000 36
397000 36
398000 36
399000 37
400000 37
401000 37
402000 37
403000 37
404000 37
405000 37
406000 37
407000 37
408000 37
409000 38
410000 38
411000 38
412000 38
413000 38
414000 38
415000 38
416000 39
417000 39
418000 39
419000 39
420000 39
421000 39
422000 39
423000 39
424000 40
425000 40
426000 40
427000 40
428000 40
429000 40
430000 40
431000 41
432000 41
433000 41
434000 41
435000 41
436000 41
437000 41
438000 42
439000 42
440000 42
441000 42
442000 42
443000 42
444000 42
445000 42
446000 43
447000 43
448000 43
449000 43
450000 43
451000 43
452000 43
453000 43
454000 43
455000 44
456000 44
457000 44
458000 44
459000 44
460000 44
461000 45
462000 45
463000 45
464000 45
465000 45
466000 45
467000 45
468000 45
469000 46
470000 46
471000 46
472000 46
473000 46
474000 46
475000 46
476000 46
477000 46
478000 47
479000 47
480000 47
481000 47
482000 47
483000 47
484000 47
485000 48
486000 48
487000 48
488000 48
489000 48
490000 48
491000 48
492000 48
493000 48
494000 49
495000 49
496000 49
497000 49
498000 49
499000 49
500000 49
501000 49
502000 49
503000 49
504000 49
505000 49
506000 49
507000 49
508000 49
509000 49
510000 49
511000 49
512000 49
513000 49
514000 49
515000 50
516000 50
517000 50
518000 50
519000 50
520000 50
521000 50
522000 50
523000 50
524000 50
525000 51
526000 51
527000 51
528000 51
529000 51
530000 51
531000 51
532000 51
533000 51
534000 51
535000 51
536000 52
537000 52
538000 52
539000 52
540000 52
541000 52
542000 52
543000 52
544000 52
545000 52
546000 52
547000 52
548000 52
549000 53
550000 53
551000 53
552000 53
553000 53
554000 53
555000 53
556000 53
557000 53
558000 53
559000 53
560000 53
561000 53
562000 53
563000 53
564000 53
565000 53
566000 53
567000 53
568000 54
569000 54
570000 54
571000 54
572000 54
573000 54
574000 54
575000 54
576000 54
577000 55
578000 55
579000 55
580000 55
581000 55
582000 55
583000 55
584000 55
585000 55
586000 55
587000 55
588000 55
589000 55
590000 55
591000 56
592000 56
593000 56
594000 56
595000 56
596000 56
597000 56
598000 56
599000 56
600000 56
601000 56
602000 56
603000 56
604000 56
605000 56
606000 56
607000 56
608000 56
609000 57
610000 57
611000 57
612000 57
613000 57
614000 57
615000 57
616000 57
617000 57
618000 57
619000 57
620000 57
621000 57
622000 57
623000 57
624000 58
625000 58
626000 58
627000 58
628000 58
629000 58
630000 58
631000 58
632000 58
633000 58
634000 58
635000 58
636000 59
637000 59
638000 59
639000 59
640000 59
641000 59
642000 59
643000 59
644000 59
645000 59
646000 59
647000 59
648000 59
649000 59
650000 59
651000 59
652000 59
653000 59
654000 59
655000 59
656000 60
657000 60
658000 60
659000 60
660000 60
661000 60
662000 60
663000 61
664000 61
665000 61
666000 61
667000 61
668000 61
669000 61
670000 61
671000 61
672000 62
673000 62
674000 62
675000 62
676000 62
677000 62
678000 62
679000 62
680000 63
681000 63
682000 63
683000 63
684000 63
685000 63
686000 63
687000 63
688000 63
689000 63
690000 63
691000 63
692000 63
693000 64
694000 64
695000 64
696000 64
697000 64
698000 64
699000 64
700000 65
701000 65
702000 65
703000 65
704000 65
705000 65
706000 65
707000 65
708000 65
709000 65
710000 66
711000 66
712000 66
713000 66
714000 66
715000 66
716000 66
717000 66
718000 66
719000 66
720000 66
721000 66
722000 67
723000 67
724000 67
725000 67
726000 67
727000 67
728000 67
729000 67
730000 67
731000 67
732000 68
733000 68
734000 68
735000 68
736000 68
737000 68
738000 68
739000 68
740000 69
741000 69
742000 69
743000 69
744000 69
745000 69
746000 69
747000 70
748000 70
749000 70
750000 70
751000 70
752000 70
753000 70
754000 71
755000 71
756000 71
757000 71
758000 71
759000 71
760000 71
761000 71
762000 72
763000 72
764000 72
765000 72
766000 72
767000 72
768000 72
769000 72
770000 72
771000 73
772000 73
773000 73
774000 73
775000 73
776000 73
777000 73
778000 73
779000 73
780000 74
781000 74
782000 74
783000 74
784000 74
785000 74
786000 74
787000 74
788000 74
789000 75
790000 75
791000 75
792000 75
793000 75
794000 75
795000 75
796000 75
797000 76
798000 76
799000 76
800000 76
801000 76
802000 76
803000 76
804000 76
805000 76
806000 77
807000 77
808000 77
809000 77
810000 77
811000 77
812000 77
813000 77
814000 78
815000 78
816000 78
817000 78
818000 78
819000 78
820000 78
821000 78
822000 78
823000 78
824000 78
825000 78
826000 78
827000 78
828000 78
829000 79
830000 79
831000 79
832000 79
833000 79
834000 80
835000 80
836000 80
837000 80
838000 80
839000 80
840000 81
841000 81
842000 81
843000 81
844000 81
845000 81
846000 81
847000 81
848000 81
849000 82
850000 82
851000 82
852000 82
853000 82
854000 82
855000 82
856000 82
857000 82
858000 83
859000 83
860000 83
861000 83
862000 83
863000 83
864000 83
865000 83
866000 83
867000 84
868000 84
869000 84
870000 84
871000 84
872000 84
873000 84
874000 85
875000 85
876000 85
877000 85
878000 85
879000 85
880000 86
881000 86
882000 86
883000 86
884000 86
885000 86
886000 86
887000 86
888000 87
889000 87
890000 87
891000 87
892000 87
893000 87
894000 87
895000 88
896000 88
897000 88
898000 88
899000 88
900000 88
901000 88
902000 88
903000 88
904000 88
905000 88
906000 88
907000 89
908000 89
909000 89
910000 89
911000 89
912000 89
913000 89
914000 90
915000 90
916000 90
917000 90
918000 90
919000 90
920000 90
921000 90
922000 91
923000 91
924000 91
925000 91
926000 91
927000 92
928000 92
929000 92
930000 92
931000 92
932000 92
933000 92
934000 92
935000 92
936000 93
937000 93
938000 93
939000 93
940000 93
941000 93
942000 93
943000 94
944000 94
945000 94
946000 94
947000 94
948000 94
949000 94
950000 95
951000 95
952000 95
953000 95
954000 95
955000 95
956000 95
957000 95
958000 95
959000 95
960000 96
961000 96
962000 96
963000 96
964000 96
965000 96
966000 96
967000 96
968000 96
969000 96
970000 96
971000 96
972000 96
973000 96
974000 96
975000 96
976000 97
977000 97
978000 97
979000 97
980000 97
981000 97
982000 98
983000 98
984000 98
985000 98
986000 98
987000 98
988000 98
989000 98
990000 98
991000 98
992000 99
993000 99
994000 99
995000 99
996000 99
997000 99
998000 100
999000 100
1000000 100
1001000 100
1002000 100
1003000 100
1004000 101
1005000 101
1006000 101
1007000 101
1008000 101
1009000 101
1010000 101
1011000 101
1012000 102
1013000 102
1014000 102
1015000 102
1016000 102
1017000 102
1018000 102
1019000 102
1020000 103
1021000 103
1022000 103
1023000 103
1024000 103
1025000 103
1026000 103
1027000 104
1028000 104
1029000 104
1030000 104
1031000 104
1032000 104
1033000 104
1034000 104
1035000 105
1036000 105
1037000 105
1038000 105
1039000 105
1040000 105
1041000 105
1042000 105
1043000 105
1044000 106
1045000 106
1046000 106
1047000 106
1048000 106
1049000 106
1050000 106
1051000 107
1052000 107
1053000 107
1054000 107
1055000 107
1056000 108
1057000 108
1058000 108
1059000 108
1060000 108
1061000 108
1062000 109
1063000 109
1064000 109
1065000 109
1066000 109
1067000 109
1068000 110
1069000 110
1070000 110
1071000 110
1072000 110
1073000 110
1074000 110
1075000 110
1076000 111
1077000 111
1078000 111
1079000 111
1080000 111
1081000 111
1082000 111
1083000 111
1084000 111
1085000 111
1086000 112
1087000 112
1088000 112
1089000 112
1090000 112
1091000 112
1092000 112
1093000 112
1094000 113
1095000 113
1096000 113
1097000 113
1098000 113
1099000 113
1100000 113
1101000 113
1102000 114
1103000 114
1104000 114
1105000 114
1106000 114
1107000 115
1108000 115
1109000 115
1110000 115
1111000 115
1112000 115
1113000 116
1114000 116
1115000 116
1116000 116
1117000 116
1118000 116
1119000 116
1120000 117
1121000 117
1122000 117
1123000 117
1124000 117
1125000 117
1126000 118
1127000 118
1128000 118
1129000 118
1130000 118
1131000 118
1132000 118
1133000 118
1134000 118
1135000 118
1136000 119
1137000 119
1138000 119
1139000 119
1140000 119
1141000 119
1142000 119
1143000 120
1144000 120
1145000 120
1146000 120
1147000 120
1148000 120
1149000 121
1150000 121
1151000 121
1152000 121
1153000 121
1154000 121
1155000 121
1156000 122
1157000 122
1158000 122
1159000 122
1160000 122
1161000 122
1162000 122
1163000 122
1164000 123
1165000 123
1166000 123
1167000 123
1168000 123
1169000 123
1170000 123
1171000 124
1172000 124
1173000 124
1174000 124
1175000 124
1176000 124
1177000 125
1178000 125
1179000 125
1180000 125
1181000 125
1182000 125
1183000 125
1184000 125
1185000 125
1186000 126
1187000 126
1188000 126
1189000 126
1190000 126
1191000 126
1192000 126
1193000 126
1194000 126
1195000 127
1196000 127
1197000 127
1198000 127
1199000 127
1200000 127
1201000 127
1202000 127
1203000 127
1204000 127
1205000 128
1206000 128
1207000 128
1208000 128
1209000 128
1210000 128
1211000 128
1212000 129
1213000 129
1214000 129
1215000 129
1216000 129
1217000 129
1218000 129
1219000 129
1220000 129
1221000 130
1222000 130
1223000 130
1224000 130
1225000 130
1226000 130
1227000 131
1228000 131
1229000 131
1230000 131
1231000 131
1232000 131
1233000 132
1234000 132
1235000 132
1236000 132
1237000 132
1238000 132
1239000 132
1240000 132
1241000 133
1242000 133
1243000 133
1244000 133
1245000 133
1246000 133
1247000 133
1248000 134
1249000 134
1250000 134
1251000 134
1252000 134
1253000 134
1254000 134
1255000 135
1256000 135
1257000 135
1258000 135
1259000 135
1260000 135
1261000 135
1262000 135
1263000 136
1264000 136
1265000 136
1266000 136
1267000 136
1268000 136
1269000 136
1270000 137
1271000 137
1272000 137
1273000 137
1274000 137
1275000 137
1276000 138
1277000 138
1278000 138
1279000 138
1280000 138
1281000 138
1282000 139
1283000 139
1284000 139
1285000 139
1286000 139
1287000 139
1288000 140
1289000 140
1290000 140
1291000 140
1292000 140
1293000 140
1294000 140
1295000 140
1296000 141
1297000 141
1298000 141
1299000 141
1300000 141
1301000 141
1302000 141
1303000 141
1304000 142
1305000 142
1306000 142
1307000 142
1308000 142
1309000 142
1310000 142
1311000 142
1312000 142
1313000 143
1314000 143
1315000 143
1316000 143
1317000 143
1318000 143
1319000 143
1320000 143
1321000 144
1322000 144
1323000 144
1324000 144
1325000 144
1326000 144
1327000 145
1328000 145
1329000 145
1330000 145
1331000 145
1332000 145
1333000 145
1334000 145
1335000 146
1336000 146
1337000 146
1338000 146
1339000 146
1340000 146
1341000 146
1342000 147
1343000 147
1344000 147
1345000 147
1346000 147
1347000 147
1348000 147
1349000 147
1350000 148
1351000 148
1352000 148
1353000 148
1354000 148
1355000 148
1356000 149
1357000 149
1358000 149
1359000 149
1360000 149
1361000 149
1362000 149
1363000 150
1364000 150
1365000 150
1366000 150
1367000 150
1368000 150
1369000 151
1370000 151
1371000 151
1372000 151
1373000 151
1374000 151
1375000 151
1376000 151
1377000 151
1378000 152
1379000 152
1380000 152
1381000 152
1382000 152
1383000 152
1384000 152
1385000 153
1386000 153
1387000 153
1388000 153
1389000 153
1390000 153
1391000 154
1392000 154
1393000 154
1394000 154
1395000 154
1396000 154
1397000 155
1398000 155
1399000 155
1400000 155
1401000 155
1402000 155
1403000 155
1404000 156
1405000 156
1406000 156
1407000 156
1408000 156
1409000 156
1410000 157
1411000 157
1412000 157
1413000 157
1414000 157
1415000 157
1416000 157
1417000 158
1418000 158
1419000 158
1420000 158
1421000 158
1422000 159
1423000 159
1424000 159
1425000 159
1426000 159
1427000 160
1428000 160
1429000 160
1430000 160
1431000 160
1432000 160
1433000 160
1434000 161
1435000 161
1436000 161
1437000 161
1438000 161
1439000 161
1440000 161
1441000 161
1442000 162
1443000 162
1444000 162
1445000 162
1446000 162
1447000 162
1448000 162
1449000 163
1450000 163
1451000 163
1452000 163
1453000 163
1454000 163
1455000 163
1456000 164
1457000 164
1458000 164
1459000 164
1460000 164
1461000 164
1462000 164
1463000 164
1464000 164
1465000 165
1466000 165
1467000 165
1468000 165
1469000 165
1470000 165
1471000 165
1472000 166
1473000 166
1474000 166
1475000 166
1476000 166
1477000 166
1478000 166
1479000 166
1480000 167
1481000 167
1482000 167
1483000 167
1484000 167
1485000 167
1486000 167
1487000 167
1488000 168
1489000 168
1490000 168
1491000 168
1492000 168
1493000 168
1494000 169
1495000 169
1496000 169
1497000 169
1498000 169
1499000 169
1500000 169
1501000 169
1502000 169
1503000 169
1504000 170
1505000 170
1506000 170
1507000 170
1508000 170
1509000 170
1510000 170
1511000 170
1512000 170
1513000 171
1514000 171
1515000 171
1516000 171
1517000 171
1518000 171
1519000 172
1520000 172
1521000 172
1522000 172
1523000 172
1524000 172
1525000 172
1526000 172
1527000 172
1528000 172
1529000 173
1530000 173
1531000 173
1532000 173
1533000 173
1534000 173
1535000 173
1536000 174
1537000 174
1538000 174
1539000 174
1540000 174
1541000 174
1542000 174
1543000 174
1544000 175
1545000 175
1546000 175
1547000 175
1548000 175
1549000 175
1550000 175
1551000 175
1552000 175
1553000 175
1554000 175
1555000 175
1556000 176
1557000 176
1558000 176
1559000 176
1560000 176
1561000 176
1562000 176
1563000 177
1564000 177
1565000 177
1566000 177
1567000 177
1568000 177
1569000 177
1570000 177
1571000 177
1572000 177
1573000 177
1574000 177
1575000 177
1576000 177
1577000 177
1578000 177
1579000 177
1580000 178
1581000 178
1582000 178
1583000 178
1584000 178
1585000 178
1586000 178
1587000 178
1588000 179
1589000 179
1590000 179
1591000 179
1592000 179
1593000 179
1594000 180
1595000 180
1596000 180
1597000 180
1598000 180
1599000 180
1600000 180
1601000 180
1602000 181
1603000 181
1604000 181
1605000 181
1606000 181
1607000 181
1608000 181
1609000 181
1610000 181
1611000 182
1612000 182
1613000 182
1614000 182
1615000 182
1616000 182
1617000 182
1618000 182
1619000 182
1620000 182
1621000 182
1622000 182
1623000 182
1624000 183
1625000 183
1626000 183
1627000 183
1628000 183
1629000 183
1630000 183
1631000 184
1632000 184
1633000 184
1634000 184
1635000 184
1636000 184
1637000 185
1638000 185
1639000 185
1640000 185
1641000 185
1642000 185
1643000 185
1644000 186
1645000 186
1646000 186
1647000 186
1648000 186
1649000 186
1650000 186
1651000 186
1652000 186
1653000 186
1654000 187
1655000 187
1656000 187
1657000 187
1658000 187
1659000 187
1660000 187
1661000 188
1662000 188
1663000 188
1664000 188
1665000 188
1666000 188
1667000 189
1668000 189
1669000 189
1670000 189
1671000 189
1672000 190
1673000 190
1674000 190
1675000 190
1676000 190
1677000 190
1678000 190
1679000 191
1680000 191
1681000 191
1682000 191
1683000 191
1684000 191
1685000 192
1686000 192
1687000 192
1688000 192
1689000 192
1690000 192
1691000 192
1692000 193
1693000 193
1694000 193
1695000 193
1696000 193
1697000 193
1698000 193
1699000 194
1700000 194
1701000 194
1702000 194
1703000 194
1704000 194
1705000 194
1706000 195
1707000 195
1708000 195
1709000 195
1710000 195
1711000 195
1712000 195
1713000 196
1714000 196
1715000 196
1716000 196
1717000 196
1718000 196
1719000 196
1720000 197
1721000 197
1722000 197
1723000 197
1724000 197
1725000 197
1726000 198
1727000 198
1728000 198
1729000 198
1730000 198
1731000 198
1732000 199
1733000 199
1734000 199
1735000 199
1736000 199
1737000 199
1738000 199
1739000 200
1740000 200
1741000 200
1742000 200
1743000 200
1744000 200
1745000 201
1746000 201
1747000 201
1748000 201
1749000 201
1750000 201
1751000 201
1752000 201
1753000 201
1754000 202
1755000 202
1756000 202
1757000 202
1758000 202
1759000 202
1760000 203
1761000 203
1762000 203
1763000 203
1764000 203
1765000 204
1766000 204
1767000 204
1768000 204
1769000 204
1770000 204
1771000 205
1772000 205
1773000 205
1774000 205
1775000 205
1776000 205
1777000 205
1778000 206
1779000 206
1780000 206
1781000 206
1782000 206
1783000 207
1784000 207
1785000 207
1786000 207
1787000 207
1788000 207
1789000 207
1790000 208
1791000 208
1792000 208
1793000 208
1794000 208
1795000 209
1796000 209
1797000 209
1798000 209
1799000 209
1800000 210
1801000 210
1802000 210
1803000 210
1804000 210
1805000 210
1806000 210
1807000 210
1808000 211
1809000 211
1810000 211
1811000 211
1812000 211
1813000 211
1814000 212
1815000 212
1816000 212
1817000 212
1818000 212
1819000 213
1820000 213
1821000 213
1822000 213
1823000 213
1824000 213
1825000 214
1826000 214
1827000 214
1828000 214
1829000 214
1830000 214
1831000 215
1832000 215
1833000 215
1834000 215
1835000 215
1836000 215
1837000 216
1838000 216
1839000 216
1840000 216
1841000 216
1842000 216
1843000 217
1844000 217
1845000 217
1846000 217
1847000 217
1848000 217
1849000 217
1850000 218
1851000 218
1852000 218
1853000 218
1854000 218
1855000 218
1856000 218
1857000 218
1858000 219
1859000 219
1860000 219
1861000 219
1862000 219
1863000 219
1864000 219
1865000 220
1866000 220
1867000 220
1868000 220
1869000 220
1870000 220
1871000 220
1872000 220
1873000 221
1874000 221
1875000 221
1876000 221
1877000 221
1878000 222
1879000 222
1880000 222
1881000 222
1882000 222
1883000 222
1884000 223
1885000 223
1886000 223
1887000 223
1888000 223
1889000 223
1890000 223
1891000 223
1892000 224
1893000 224
1894000 224
1895000 224
1896000 224
1897000 224
1898000 225
1899000 225
1900000 225
1901000 225
1902000 225
1903000 225
1904000 226
1905000 226
1906000 226
1907000 226
1908000 226
1909000 226
1910000 227
1911000 227
1912000 227
1913000 227
1914000 227
1915000 228
1916000 228
1917000 228
1918000 228
1919000 228
1920000 228
1921000 229
1922000 229
1923000 229
1924000 229
1925000 229
1926000 229
1927000 230
1928000 230
1929000 230
1930000 230
1931000 230
1932000 231
1933000 231
1934000 231
1935000 231
1936000 231
1937000 232
1938000 232
1939000 232
1940000 232
1941000 232
1942000 232
1943000 232
1944000 233
1945000 233
1946000 233
1947000 233
1948000 233
1949000 233
1950000 234
1951000 234
1952000 234
1953000 234
1954000 234
1955000 235
1956000 235
1957000 235
1958000 235
1959000 235
1960000 235
1961000 236
1962000 236
1963000 236
1964000 236
1965000 236
1966000 236
1967000 236
1968000 237
1969000 237
1970000 237
1971000 237
1972000 237
1973000 238
1974000 238
1975000 238
1976000 238
1977000 238
1978000 238
1979000 239
1980000 239
1981000 239
1982000 239
1983000 239
1984000 239
1985000 239
1986000 240
1987000 240
1988000 240
1989000 240
1990000 240
1991000 240
1992000 241
1993000 241
1994000 241
1995000 241
1996000 241
1997000 242
1998000 242
1999000 242
2000000 242
2001000 242
2002000 242
2003000 242
2004000 242
2005000 243
2006000 243
2007000 243
2008000 243
2009000 243
2010000 243
2011000 244
2012000 244
2013000 244
2014000 244
2015000 244
2016000 245
2017000 245
2018000 245
2019000 245
2020000 245
2021000 246
2022000 246
2023000 246
2024000 246
2025000 246
2026000 246
2027000 246
2028000 247
2029000 247
2030000 247
2031000 247
2032000 247
2033000 247
2034000 247
2035000 247
2036000 248
2037000 248
2038000 248
2039000 248
2040000 248
2041000 248
2042000 248
2043000 249
2044000 249
2045000 249
2046000 249
2047000 249
2048000 249
2049000 250
2050000 250
2051000 250
2052000 250
2053000 250
2054000 250
2055000 251
2056000 251
2057000 251
2058000 251
2059000 252
2060000 252
2061000 252
2062000 252
2063000 252
2064000 253
2065000 253
2066000 253
2067000 253
2068000 253
2069000 253
2070000 254
2071000 254
2072000 254
2073000 254
2074000 254
2075000 254
2076000 255
2077000 255
2078000 255
2079000 255
2080000 255
2081000 255
2082000 256
2083000 256
2084000 256
2085000 256
2086000 256
2087000 256
2088000 257
2089000 257
2090000 257
2091000 257
2092000 257
2093000 257
2094000 257
2095000 258
2096000 258
2097000 258
2098000 258
2099000 258
2100000 258
2101000 258
2102000 258
2103000 259
2104000 259
2105000 259
2106000 259
2107000 259
2108000 259
2109000 259
2110000 260
2111000 260
2112000 260
2113000 260
2114000 260
2115000 260
2116000 260
2117000 261
2118000 261
2119000 261
2120000 261
2121000 261
2122000 261
2123000 262
2124000 262
2125000 262
2126000 262
2127000 262
2128000 263
2129000 263
2130000 263
2131000 263
2132000 263
2133000 263
2134000 264
2135000 264
2136000 264
2137000 264
2138000 264
2139000 265
2140000 265
2141000 265
2142000 265
2143000 265
2144000 266
2145000 266
2146000 266
2147000 266
2148000 266
2149000 266
2150000 266
2151000 267
2152000 267
2153000 267
2154000 267
2155000 267
2156000 267
2157000 268
2158000 268
2159000 268
2160000 268
2161000 268
2162000 268
2163000 268
2164000 268
2165000 268
2166000 268
2167000 268
2168000 268
2169000 268
2170000 268
2171000 268
2172000 269
2173000 269
2174000 269
2175000 269
2176000 269
2177000 269
2178000 269
2179000 269
2180000 269
2181000 269
2182000 269
2183000 269
2184000 270
2185000 270
2186000 270
2187000 270
2188000 270
2189000 270
2190000 270
2191000 270
2192000 270
2193000 270
2194000 270
2195000 270
2196000 270
2197000 270
2198000 270
2199000 270
2200000 270
2201000 270
2202000 270
2203000 270
2204000 270
2205000 270
2206000 270
2207000 270
2208000 270
2209000 271
2210000 271
2211000 271
2212000 271
2213000 271
2214000 271
2215000 271
2216000 271
2217000 271
2218000 271
2219000 271
2220000 272
2221000 272
2222000 272
2223000 272
2224000 272
2225000 272
2226000 272
2227000 273
2228000 273
2229000 273
2230000 273
2231000 273
2232000 273
2233000 273
2234000 273
2235000 273
2236000 273
2237000 273
2238000 273
2239000 274
2240000 274
2241000 274
2242000 274
2243000 274
2244000 274
2245000 274
2246000 274
2247000 275
2248000 275
2249000 275
2250000 275
2251000 275
2252000 275
2253000 275
2254000 275
2255000 276
2256000 276
2257000 276
2258000 276
2259000 276
2260000 276
2261000 276
2262000 276
2263000 277
2264000 277
2265000 277
2266000 277
2267000 277
2268000 277
2269000 277
2270000 277
2271000 277
2272000 278
2273000 278
2274000 278
2275000 278
2276000 278
2277000 278
2278000 278
2279000 278
2280000 278
2281000 279
2282000 279
2283000 279
2284000 279
2285000 279
2286000 279
2287000 279
2288000 280
2289000 280
2290000 280
2291000 280
2292000 280
2293000 280
2294000 280
2295000 280
2296000 280
2297000 281
2298000 281
2299000 281
2300000 281
2301000 281
2302000 281
2303000 281
2304000 282
2305000 282
2306000 282
2307000 282
2308000 282
2309000 282
2310000 282
2311000 283
2312000 283
2313000 283
2314000 283
2315000 283
2316000 283
2317000 283
2318000 284
2319000 284
2320000 284
2321000 284
2322000 284
2323000 284
2324000 284
2325000 284
2326000 285
2327000 285
2328000 285
2329000 285
2330000 285
2331000 285
2332000 285
2333000 285
2334000 286
2335000 286
2336000 286
2337000 286
2338000 286
2339000 286
2340000 286
2341000 286
2342000 287
2343000 287
2344000 287
2345000 287
2346000 287
2347000 287
2348000 287
2349000 288
2350000 288
2351000 288
2352000 288
2353000 288
2354000 288
2355000 288
2356000 288
2357000 289
2358000 289
2359000 289
2360000 289
2361000 289
2362000 289
2363000 289
2364000 289
2365000 290
2366000 290
2367000 290
2368000 290
2369000 290
2370000 290
2371000 290
2372000 290
2373000 291
2374000 291
2375000 291
2376000 291
2377000 291
2378000 291
2379000 291
2380000 292
2381000 292
2382000 292
2383000 292
2384000 292
2385000 292
2386000 292
2387000 293
2388000 293
2389000 293
2390000 293
2391000 293
2392000 293
2393000 293
2394000 294
2395000 294
2396000 294
2397000 294
2398000 294
2399000 294
2400000 294
2401000 294
2402000 294
2403000 295
2404000 295
2405000 295
2406000 295
2407000 295
2408000 295
2409000 295
2410000 295
2411000 296
2412000 296
2413000 296
2414000 296
2415000 296
2416000 296
2417000 296
2418000 296
2419000 296
2420000 297
2421000 297
2422000 297
2423000 297
2424000 297
2425000 297
2426000 297
2427000 297
2428000 297
2429000 298
2430000 298
2431000 298
2432000 298
2433000 298
2434000 298
2435000 298
2436000 298
2437000 299
2438000 299
2439000 299
2440000 299
2441000 299
2442000 299
2443000 299
2444000 300
2445000 300
2446000 300
2447000 300
2448000 300
2449000 300
2450000 300
2451000 301
2452000 301
2453000 301
2454000 301
2455000 301
2456000 301
2457000 301
2458000 301
2459000 301
2460000 302
2461000 302
2462000 302
2463000 302
2464000 302
2465000 302
2466000 302
2467000 303
2468000 303
2469000 303
2470000 303
2471000 303
2472000 303
2473000 303
2474000 303
2475000 304
2476000 304
2477000 304
2478000 304
2479000 304
2480000 304
2481000 304
2482000 304
2483000 304
2484000 304
2485000 305
2486000 305
2487000 305
2488000 305
2489000 305
2490000 305
2491000 305
2492000 306
2493000 306
2494000 306
2495000 306
2496000 306
2497000 306
2498000 306
2499000 306
2500000 307
2501000 307
2502000 307
2503000 307
2504000 307
2505000 307
2506000 307
2507000 307
2508000 307
2509000 308
2510000 308
2511000 308
2512000 308
2513000 308
2514000 308
2515000 308
2516000 308
2517000 308
2518000 308
2519000 309
2520000 309
2521000 309
2522000 309
2523000 309
2524000 309
2525000 309
2526000 310
2527000 310
2528000 310
2529000 310
2530000 310
2531000 310
2532000 310
2533000 310
2534000 310
2535000 310
2536000 311
2537000 311
2538000 311
2539000 311
2540000 311
2541000 311
2542000 311
2543000 311
2544000 311
2545000 311
2546000 311
2547000 311
2548000 311
2549000 311
2550000 311
2551000 311
2552000 311
2553000 312
2554000 312
2555000 312
2556000 312
2557000 312
2558000 312
2559000 312
2560000 313
2561000 313
2562000 313
2563000 313
2564000 313
2565000 313
2566000 313
2567000 314
2568000 314
2569000 314
2570000 314
2571000 314
2572000 314
2573000 314
2574000 314
2575000 314
2576000 314
2577000 315
2578000 315
2579000 315
2580000 315
2581000 315
2582000 315
2583000 315
2584000 315
2585000 316
2586000 316
2587000 316
2588000 316
2589000 316
2590000 316
2591000 316
2592000 316
2593000 316
2594000 316
2595000 316
2596000 316
2597000 316
2598000 316
2599000 317
2600000 317
2601000 317
2602000 317
2603000 317
2604000 317
2605000 317
2606000 318
2607000 318
2608000 318
2609000 318
2610000 318
2611000 318
2612000 318
2613000 318
2614000 318
2615000 319
2616000 319
2617000 319
2618000 319
2619000 319
2620000 319
2621000 319
2622000 319
2623000 319
2624000 319
2625000 320
2626000 320
2627000 320
2628000 320
2629000 320
2630000 320
2631000 321
2632000 321
2633000 321
2634000 321
2635000 321
2636000 321
2637000 321
2638000 321
2639000 321
2640000 322
2641000 322
2642000 322
2643000 322
2644000 322
2645000 322
2646000 322
2647000 322
2648000 322
2649000 322
2650000 323
2651000 323
2652000 323
2653000 323
2654000 323
2655000 323
2656000 323
2657000 324
2658000 324
2659000 324
2660000 324
2661000 324
2662000 324
2663000 324
2664000 325
2665000 325
2666000 325
2667000 325
2668000 325
2669000 325
2670000 325
2671000 325
2672000 326
2673000 326
2674000 326
2675000 326
2676000 326
2677000 326
2678000 326
2679000 326
2680000 326
2681000 326
2682000 327
2683000 327
2684000 327
2685000 327
2686000 327
2687000 327
2688000 327
2689000 327
2690000 327
2691000 328
2692000 328
2693000 328
2694000 328
2695000 328
2696000 328
2697000 328
2698000 328
2699000 328
2700000 328
2701000 329
2702000 329
2703000 329
2704000 329
2705000 329
2706000 329
2707000 329
2708000 329
2709000 330
2710000 330
2711000 330
2712000 330
2713000 330
2714000 330
2715000 330
2716000 330
2717000 331
2718000 331
2719000 331
2720000 331
2721000 331
2722000 331
2723000 331
2724000 332
2725000 332
2726000 332
2727000 332
2728000 332
2729000 332
2730000 332
2731000 332
2732000 332
2733000 333
2734000 333
2735000 333
2736000 333
2737000 333
2738000 333
2739000 333
2740000 333
2741000 333
2742000 333
2743000 334
2744000 334
2745000 334
2746000 334
2747000 334
2748000 334
2749000 334
2750000 335
2751000 335
2752000 335
2753000 335
2754000 335
2755000 335
2756000 336
2757000 336
2758000 336
2759000 336
2760000 336
2761000 336
2762000 336
2763000 336
2764000 337
2765000 337
2766000 337
2767000 337
2768000 337
2769000 337
2770000 338
2771000 338
2772000 338
2773000 338
2774000 338
2775000 338
2776000 338
2777000 338
2778000 338
2779000 339
2780000 339
2781000 339
2782000 339
2783000 339
2784000 339
2785000 340
2786000 340
2787000 340
2788000 340
2789000 340
2790000 340
2791000 340
2792000 340
2793000 341
2794000 341
2795000 341
2796000 341
2797000 341
2798000 341
2799000 341
2800000 341
2801000 341
2802000 342
2803000 342
2804000 342
2805000 342
2806000 342
2807000 342
2808000 343
2809000 343
2810000 343
2811000 343
2812000 343
2813000 343
2814000 343
2815000 343
2816000 344
2817000 344
2818000 344
2819000 344
2820000 344
2821000 344
2822000 344
2823000 345
2824000 345
2825000 345
2826000 345
2827000 345
2828000 345
2829000 345
2830000 345
2831000 345
2832000 346
2833000 346
2834000 346
2835000 346
2836000 346
2837000 346
2838000 346
2839000 346
2840000 347
2841000 347
2842000 347
2843000 347
2844000 347
2845000 347
2846000 347
2847000 347
2848000 348
2849000 348
2850000 348
2851000 348
2852000 348
2853000 348
2854000 349
2855000 349
2856000 349
2857000 349
2858000 349
2859000 349
2860000 349
2861000 349
2862000 349
2863000 350
2864000 350
2865000 350
2866000 350
2867000 350
2868000 350
2869000 350
2870000 350
2871000 350
2872000 351
2873000 351
2874000 351
2875000 351
2876000 351
2877000 351
2878000 351
2879000 351
2880000 351
2881000 352
2882000 352
2883000 352
2884000 352
2885000 352
2886000 352
2887000 352
2888000 352
2889000 352
2890000 352
2891000 352
2892000 352
2893000 353
2894000 353
2895000 353
2896000 353
2897000 353
2898000 353
2899000 353
2900000 353
2901000 353
2902000 353
2903000 354
2904000 354
2905000 354
2906000 354
2907000 354
2908000 354
2909000 354
2910000 355
2911000 355
2912000 355
2913000 355
2914000 355
2915000 355
2916000 355
2917000 355
2918000 355
2919000 356
2920000 356
2921000 356
2922000 356
2923000 356
2924000 357
2925000 357
2926000 357
2927000 357
2928000 357
2929000 357
2930000 358
2931000 358
2932000 358
2933000 358
2934000 358
2935000 358
2936000 358
2937000 358
2938000 358
2939000 358
2940000 359
2941000 359
2942000 359
2943000 359
2944000 359
2945000 359
2946000 359
2947000 359
2948000 359
2949000 360
2950000 360
2951000 360
2952000 360
2953000 360
2954000 360
2955000 360
2956000 360
2957000 360
2958000 360
2959000 360
2960000 361
2961000 361
2962000 361
2963000 361
2964000 361
2965000 361
2966000 361
2967000 361
2968000 361
2969000 361
2970000 361
2971000 361
2972000 361
2973000 361
2974000 362
2975000 362
2976000 362
2977000 362
2978000 362
2979000 362
2980000 362
2981000 362
2982000 362
2983000 363
2984000 363
2985000 363
2986000 363
2987000 363
2988000 363
2989000 363
2990000 363
2991000 363
2992000 363
2993000 363
2994000 364
2995000 364
2996000 364
2997000 364
2998000 364
2999000 364
3000000 364
3001000 365
3002000 365
3003000 365
3004000 365
3005000 365
3006000 365
3007000 365
3008000 365
3009000 365
3010000 366
3011000 366
3012000 366
3013000 366
3014000 366
3015000 366
3016000 366
3017000 366
3018000 366
3019000 366
3020000 366
3021000 366
3022000 367
3023000 367
3024000 367
3025000 367
3026000 367
3027000 367
3028000 367
3029000 367
3030000 367
3031000 367
3032000 368
3033000 368
3034000 368
3035000 368
3036000 368
3037000 368
3038000 368
3039000 368
3040000 368
3041000 368
3042000 368
3043000 368
3044000 369
3045000 369
3046000 369
3047000 369
3048000 369
3049000 369
3050000 369
3051000 369
3052000 369
3053000 369
3054000 369
3055000 370
3056000 370
3057000 370
3058000 370
3059000 370
3060000 370
3061000 370
3062000 370
3063000 371
3064000 371
3065000 371
3066000 371
3067000 371
3068000 371
3069000 371
3070000 371
3071000 371
3072000 371
3073000 372
3074000 372
3075000 372
3076000 372
3077000 372
3078000 372
3079000 372
3080000 372
3081000 373
3082000 373
3083000 373
3084000 373
3085000 373
3086000 373
3087000 373
3088000 373
3089000 374
3090000 374
3091000 374
3092000 374
3093000 374
3094000 374
3095000 374
3096000 374
3097000 375
3098000 375
3099000 375
3100000 375
3101000 375
3102000 375
3103000 375
3104000 375
3105000 375
3106000 376
3107000 376
3108000 376
3109000 376
3110000 376
3111000 376
3112000 376
3113000 376
3114000 376
3115000 376
3116000 376
3117000 376
3118000 377
3119000 377
3120000 377
3121000 377
3122000 377
3123000 377
3124000 377
3125000 377
3126000 378
3127000 378
3128000 378
3129000 378
3130000 378
3131000 378
3132000 378
3133000 378
3134000 378
3135000 379
3136000 379
3137000 379
3138000 379
3139000 379
3140000 379
3141000 379
3142000 379
3143000 379
3144000 380
3145000 380
3146000 380
3147000 380
3148000 380
3149000 380
3150000 380
3151000 381
3152000 381
3153000 381
3154000 381
3155000 381
3156000 381
3157000 381
3158000 381
3159000 381
3160000 381
3161000 381
3162000 382
3163000 382
3164000 382
3165000 382
3166000 382
3167000 382
3168000 382
3169000 382
3170000 382
3171000 382
3172000 383
3173000 383
3174000 383
3175000 383
3176000 383
3177000 383
3178000 383
3179000 383
3180000 384
3181000 384
3182000 384
3183000 384
3184000 384
3185000 384
3186000 384
3187000 384
3188000 385
3189000 385
3190000 385
3191000 385
3192000 385
3193000 385
3194000 385
3195000 385
3196000 386
3197000 386
3198000 386
3199000 386
3200000 386
3201000 386
3202000 386
3203000 386
3204000 386
3205000 387
3206000 387
3207000 387
3208000 387
3209000 387
3210000 387
3211000 387
3212000 387
3213000 387
3214000 388
3215000 388
3216000 388
3217000 388
3218000 388
3219000 388
3220000 388
3221000 388
3222000 388
3223000 388
3224000 389
3225000 389
3226000 389
3227000 389
3228000 389
3229000 389
3230000 389
3231000 389
3232000 389
3233000 389
3234000 390
3235000 390
3236000 390
3237000 390
3238000 390
3239000 390
3240000 390
3241000 390
3242000 390
3243000 390
3244000 391
3245000 391
3246000 391
3247000 391
3248000 391
3249000 391
3250000 391
3251000 391
3252000 391
3253000 391
3254000 391
3255000 391
3256000 391
3257000 391
3258000 391
3259000 392
3260000 392
3261000 392
3262000 392
3263000 392
3264000 392
3265000 392
3266000 392
3267000 392
3268000 392
3269000 392
3270000 393
3271000 393
3272000 393
3273000 393
3274000 393
3275000 393
3276000 393
3277000 393
3278000 393
3279000 393
3280000 393
3281000 394
3282000 394
3283000 394
3284000 394
3285000 394
3286000 394
3287000 394
3288000 394
3289000 394
3290000 394
3291000 394
3292000 394
3293000 394
3294000 394
3295000 394
3296000 394
3297000 394
3298000 395
3299000 395
3300000 395
3301000 395
3302000 395
3303000 395
3304000 395
3305000 395
3306000 396
3307000 396
3308000 396
3309000 396
3310000 396
3311000 396
3312000 397
3313000 397
3314000 397
3315000 397
3316000 397
3317000 397
3318000 398
3319000 398
3320000 398
3321000 398
3322000 398
3323000 398
3324000 398
3325000 398
3326000 399
3327000 399
3328000 399
3329000 399
3330000 399
3331000 399
3332000 400
3333000 400
3334000 400
3335000 400
3336000 400
3337000 400
3338000 400
3339000 400
3340000 401
3341000 401
3342000 401
3343000 401
3344000 401
3345000 401
3346000 402
3347000 402
3348000 402
3349000 402
3350000 402
3351000 402
3352000 403
3353000 403
3354000 403
3355000 403
3356000 403
3357000 403
3358000 404
3359000 404
3360000 404
3361000 404
3362000 404
3363000 404
3364000 405
3365000 405
3366000 405
3367000 405
3368000 405
3369000 405
3370000 405
3371000 405
3372000 406
3373000 406
3374000 406
3375000 406
3376000 406
3377000 406
3378000 407
3379000 407
3380000 407
3381000 407
3382000 407
3383000 408
3384000 408
3385000 408
3386000 408
3387000 408
3388000 408
3389000 409
3390000 409
3391000 409
3392000 409
3393000 409
3394000 409
3395000 410
3396000 410
3397000 410
3398000 410
3399000 410
3400000 410
3401000 410
3402000 411
3403000 411
3404000 411
3405000 411
3406000 411
3407000 411
3408000 412
3409000 412
3410000 412
3411000 412
3412000 412
3413000 412
3414000 413
3415000 413
3416000 413
3417000 413
3418000 413
3419000 413
3420000 414
3421000 414
3422000 414
3423000 414
3424000 414
3425000 414
3426000 414
3427000 415
3428000 415
3429000 415
3430000 415
3431000 415
3432000 415
3433000 416
3434000 416
3435000 416
3436000 416
3437000 416
3438000 416
3439000 417
3440000 417
3441000 417
3442000 417
3443000 417
3444000 417
3445000 418
3446000 418
3447000 418
3448000 418
3449000 418
3450000 418
3451000 419
3452000 419
3453000 419
3454000 419
3455000 419
3456000 420
3457000 420
3458000 420
3459000 420
3460000 420
3461000 420
3462000 421
3463000 421
3464000 421
3465000 421
3466000 421
3467000 421
3468000 422
3469000 422
3470000 422
3471000 422
3472000 422
3473000 422
3474000 423
3475000 423
3476000 423
3477000 423
3478000 423
3479000 423
3480000 424
3481000 424
3482000 424
3483000 424
3484000 424
3485000 424
3486000 425
3487000 425
3488000 425
3489000 425
3490000 425
3491000 426
3492000 426
3493000 426
3494000 426
3495000 426
3496000 426
3497000 426
3498000 427
3499000 427
3500000 427
3501000 427
3502000 427
3503000 427
3504000 428
3505000 428
3506000 428
3507000 428
3508000 428
3509000 428
3510000 429
3511000 429
3512000 429
3513000 429
3514000 429
3515000 429
3516000 429
3517000 430
3518000 430
3519000 430
3520000 430
3521000 430
3522000 430
3523000 430
3524000 431
3525000 431
3526000 431
3527000 431
3528000 431
3529000 431
3530000 432
3531000 432
3532000 432
3533000 432
3534000 432
3535000 432
3536000 432
3537000 433
3538000 433
3539000 433
3540000 433
3541000 433
3542000 433
3543000 433
3544000 434
3545000 434
3546000 434
3547000 434
3548000 434
3549000 435
3550000 435
3551000 435
3552000 435
3553000 435
3554000 435
3555000 435
3556000 436
3557000 436
3558000 436
3559000 436
3560000 436
3561000 436
3562000 436
3563000 437
3564000 437
3565000 437
3566000 437
3567000 437
3568000 437
3569000 437
3570000 438
3571000 438
3572000 438
3573000 438
3574000 438
3575000 439
3576000 439
3577000 439
3578000 439
3579000 439
3580000 439
3581000 440
3582000 440
3583000 440
3584000 440
3585000 440
3586000 441
3587000 441
3588000 441
3589000 441
3590000 441
3591000 441
3592000 442
3593000 442
3594000 442
3595000 442
3596000 442
3597000 442
3598000 442
3599000 443
3600000 443
3601000 443
3602000 443
3603000 443
3604000 443
3605000 444
3606000 444
3607000 444
3608000 444
3609000 444
3610000 445
3611000 445
3612000 445
3613000 445
3614000 445
3615000 445
3616000 446
3617000 446
3618000 446
3619000 446
3620000 446
3621000 446
3622000 447
3623000 447
3624000 447
3625000 447
3626000 447
3627000 447
3628000 447
3629000 447
3630000 447
3631000 448
3632000 448
3633000 448
3634000 448
3635000 448
3636000 448
3637000 449
3638000 449
3639000 449
3640000 449
3641000 449
3642000 449
3643000 450
3644000 450
3645000 450
3646000 450
3647000 450
3648000 451
3649000 451
3650000 451
3651000 451
3652000 451
3653000 451
3654000 452
3655000 452
3656000 452
3657000 452
3658000 452
3659000 452
3660000 453
3661000 453
3662000 453
3663000 453
3664000 453
3665000 454
3666000 454
3667000 454
3668000 454
3669000 454
3670000 454
3671000 455
3672000 455
3673000 455
3674000 455
3675000 455
3676000 455
3677000 455
3678000 456
3679000 456
3680000 456
3681000 456
3682000 456
3683000 456
3684000 456
3685000 457
3686000 457
3687000 457
3688000 457
3689000 457
3690000 457
3691000 457
3692000 458
3693000 458
3694000 458
3695000 458
3696000 458
3697000 459
3698000 459
3699000 459
3700000 459
3701000 459
3702000 459
3703000 459
3704000 460
3705000 460
3706000 460
3707000 460
3708000 460
3709000 460
3710000 461
3711000 461
3712000 461
3713000 461
3714000 461
3715000 462
3716000 462
3717000 462
3718000 462
3719000 462
3720000 462
3721000 463
3722000 463
3723000 463
3724000 463
3725000 463
3726000 463
3727000 464
3728000 464
3729000 464
3730000 464
3731000 464
3732000 464
3733000 465
3734000 465
3735000 465
3736000 465
3737000 465
3738000 465
3739000 466
3740000 466
3741000 466
3742000 466
3743000 466
3744000 466
3745000 466
3746000 467
3747000 467
3748000 467
3749000 467
3750000 467
3751000 467
3752000 468
3753000 468
3754000 468
3755000 468
3756000 468
3757000 468
3758000 469
3759000 469
3760000 469
3761000 469
3762000 469
3763000 469
3764000 469
3765000 470
3766000 470
3767000 470
3768000 470
3769000 470
3770000 470
3771000 470
3772000 471
3773000 471
3774000 471
3775000 471
3776000 471
3777000 471
3778000 471
3779000 472
3780000 472
3781000 472
3782000 472
3783000 472
3784000 472
3785000 473
3786000 473
3787000 473
3788000 473
3789000 473
3790000 474
3791000 474
3792000 474
3793000 474
3794000 474
3795000 474
3796000 474
3797000 475
3798000 475
3799000 475
3800000 475
3801000 475
3802000 475
3803000 475
3804000 476
3805000 476
3806000 476
3807000 476
3808000 476
3809000 476
3810000 477
3811000 477
3812000 477
3813000 477
3814000 477
3815000 477
3816000 478
3817000 478
3818000 478
3819000 478
3820000 478
3821000 478
3822000 479
3823000 479
3824000 479
3825000 479
3826000 479
3827000 479
3828000 480
3829000 480
3830000 480
3831000 480
3832000 480
3833000 481
3834000 481
3835000 481
3836000 481
3837000 481
3838000 482
3839000 482
3840000 482
3841000 482
3842000 482
3843000 482
3844000 482
3845000 483
3846000 483
3847000 483
3848000 483
3849000 483
3850000 483
3851000 484
3852000 484
3853000 484
3854000 484
3855000 484
3856000 484
3857000 485
3858000 485
3859000 485
3860000 485
3861000 485
3862000 485
3863000 486
3864000 486
3865000 486
3866000 486
3867000 486
3868000 486
3869000 487
3870000 487
3871000 487
3872000 487
3873000 487
3874000 488
3875000 488
3876000 488
3877000 488
3878000 488
3879000 488
3880000 489
3881000 489
3882000 489
3883000 489
3884000 489
3885000 489
3886000 489
3887000 490
3888000 490
3889000 490
3890000 490
3891000 490
3892000 491
3893000 491
3894000 491
3895000 491
3896000 491
3897000 491
3898000 492
3899000 492
3900000 492
3901000 492
3902000 492
3903000 493
3904000 493
3905000 493
3906000 493
3907000 493
3908000 493
3909000 494
3910000 494
3911000 494
3912000 494
3913000 494
3914000 494
3915000 495
3916000 495
3917000 495
3918000 495
3919000 495
3920000 495
3921000 495
3922000 495
3923000 496
3924000 496
3925000 496
3926000 496
3927000 496
3928000 496
3929000 497
3930000 497
3931000 497
3932000 497
3933000 497
3934000 497
3935000 498
3936000 498
3937000 498
3938000 498
3939000 498
3940000 499
3941000 499
3942000 499
3943000 499
3944000 499
3945000 500
3946000 500
3947000 500
3948000 500
3949000 500
3950000 500
3951000 501
3952000 501
3953000 501
3954000 501
3955000 501
3956000 501
3957000 502
3958000 502
3959000 502
3960000 502
3961000 502
3962000 503
3963000 503
3964000 503
3965000 503
3966000 503
3967000 503
3968000 504
3969000 504
3970000 504
3971000 504
3972000 504
3973000 504
3974000 505
3975000 505
3976000 505
3977000 505
3978000 505
3979000 505
3980000 506
3981000 506
3982000 506
3983000 506
3984000 506
3985000 506
3986000 507
3987000 507
3988000 507
3989000 507
3990000 507
3991000 507
3992000 508
3993000 508
3994000 508
3995000 508
3996000 508
3997000 508
3998000 508
3999000 509
4000000 509
4001000 509
4002000 509
4003000 509
4004000 509
4005000 510
4006000 510
4007000 510
4008000 510
4009000 510
4010000 510
4011000 511
4012000 511
4013000 511
4014000 511
4015000 511
4016000 512
4017000 512
4018000 512
4019000 512
4020000 512
4021000 512
4022000 512
4023000 512
4024000 512
4025000 513
4026000 513
4027000 513
4028000 513
4029000 513
4030000 514
4031000 514
4032000 514
4033000 514
4034000 514
4035000 514
4036000 514
4037000 515
4038000 515
4039000 515
4040000 515
4041000 515
4042000 516
4043000 516
4044000 516
4045000 516
4046000 516
4047000 516
4048000 517
4049000 517
4050000 517
4051000 517
4052000 517
4053000 517
4054000 518
4055000 518
4056000 518
4057000 518
4058000 518
4059000 518
4060000 519
4061000 519
4062000 519
4063000 519
4064000 519
4065000 519
4066000 519
4067000 519
4068000 520
4069000 520
4070000 520
4071000 520
4072000 520
4073000 520
4074000 521
4075000 521
4076000 521
4077000 521
4078000 521
4079000 521
4080000 521
4081000 522
4082000 522
4083000 522
4084000 522
4085000 522
4086000 522
4087000 523
4088000 523
4089000 523
4090000 523
4091000 523
4092000 523
4093000 524
4094000 524
4095000 524
4096000 524
4097000 524
4098000 525
4099000 525
4100000 525
4101000 525
4102000 525
4103000 525
4104000 526
4105000 526
4106000 526
4107000 526
4108000 526
4109000 526
4110000 527
4111000 527
4112000 527
4113000 527
4114000 527
4115000 527
4116000 527
4117000 528
4118000 528
4119000 528
4120000 528
4121000 528
4122000 528
4123000 529
4124000 529
4125000 529
4126000 529
4127000 529
4128000 529
4129000 530
4130000 530
4131000 530
4132000 530
4133000 530
4134000 530
4135000 531
4136000 531
4137000 531
4138000 531
4139000 531
4140000 531
4141000 531
4142000 532
4143000 532
4144000 532
4145000 532
4146000 532
4147000 532
4148000 533
4149000 533
4150000 533
4151000 533
4152000 533
4153000 533
4154000 533
4155000 534
4156000 534
4157000 534
4158000 534
4159000 534
4160000 534
4161000 535
4162000 535
4163000 535
4164000 535
4165000 535
4166000 535
4167000 535
4168000 536
4169000 536
4170000 536
4171000 536
4172000 536
4173000 536
4174000 537
4175000 537
4176000 537
4177000 537
4178000 537
4179000 537
4180000 538
4181000 538
4182000 538
4183000 538
4184000 538
4185000 538
4186000 539
4187000 539
4188000 539
4189000 539
4190000 539
4191000 539
4192000 539
4193000 540
4194000 540
4195000 540
4196000 540
4197000 540
4198000 540
4199000 541
4200000 541
4201000 541
4202000 541
4203000 541
4204000 541
4205000 542
4206000 542
4207000 542
4208000 542
4209000 542
4210000 542
4211000 543
4212000 543
4213000 543
4214000 543
4215000 543
4216000 543
4217000 544
4218000 544
4219000 544
4220000 544
4221000 544
4222000 544
4223000 545
4224000 545
4225000 545
4226000 545
4227000 545
4228000 546
4229000 546
4230000 546
4231000 546
4232000 546
4233000 546
4234000 547
4235000 547
4236000 547
4237000 547
4238000 547
4239000 548
4240000 548
4241000 548
4242000 548
4243000 548
4244000 548
4245000 549
4246000 549
4247000 549
4248000 549
4249000 549
4250000 550
4251000 550
4252000 550
4253000 550
4254000 550
4255000 550
4256000 551
4257000 551
4258000 551
4259000 551
4260000 551
4261000 551
4262000 552
4263000 552
4264000 552
4265000 552
4266000 552
4267000 552
4268000 553
4269000 553
4270000 553
4271000 553
4272000 553
4273000 553
4274000 554
4275000 554
4276000 554
4277000 554
4278000 554
4279000 555
4280000 555
4281000 555
4282000 555
4283000 555
4284000 555
4285000 556
4286000 556
4287000 556
4288000 556
4289000 556
4290000 557
4291000 557
4292000 557
4293000 557
4294000 557
4295000 557
4296000 558
4297000 558
4298000 558
4299000 558
4300000 558
4301000 558
4302000 559
4303000 559
4304000 559
4305000 559
4306000 559
4307000 559
4308000 559
4309000 560
4310000 560
4311000 560
4312000 560
4313000 560
4314000 561
4315000 561
4316000 561
4317000 561
4318000 561
4319000 561
4320000 562
4321000 562
4322000 562
4323000 562
4324000 562
4325000 562
4326000 562
4327000 563
4328000 563
4329000 563
4330000 563
4331000 563
4332000 563
4333000 563
4334000 564
4335000 564
4336000 564
4337000 564
4338000 564
4339000 564
4340000 565
4341000 565
4342000 565
4343000 565
4344000 565
4345000 565
4346000 566
4347000 566
4348000 566
4349000 566
4350000 566
4351000 566
4352000 566
4353000 567
4354000 567
4355000 567
4356000 567
4357000 567
4358000 567
4359000 568
4360000 568
4361000 568
4362000 568
4363000 568
4364000 568
4365000 569
4366000 569
4367000 569
4368000 569
4369000 569
4370000 569
4371000 569
4372000 570
4373000 570
4374000 570
4375000 570
4376000 570
4377000 570
4378000 571
4379000 571
4380000 571
4381000 571
4382000 571
4383000 571
4384000 572
4385000 572
4386000 572
4387000 572
4388000 572
4389000 572
4390000 573
4391000 573
4392000 573
4393000 573
4394000 573
4395000 573
4396000 574
4397000 574
4398000 574
4399000 574
4400000 574
4401000 574
4402000 575
4403000 575
4404000 575
4405000 575
4406000 575
4407000 575
4408000 576
4409000 576
4410000 576
4411000 576
4412000 576
4413000 576
4414000 577
4415000 577
4416000 577
4417000 577
4418000 577
4419000 577
4420000 578
4421000 578
4422000 578
4423000 578
4424000 578
4425000 578
4426000 579
4427000 579
4428000 579
4429000 579
4430000 579
4431000 579
4432000 580
4433000 580
4434000 580
4435000 580
4436000 580
4437000 581
4438000 581
4439000 581
4440000 581
4441000 581
4442000 581
4443000 582
4444000 582
4445000 582
4446000 582
4447000 582
4448000 582
4449000 582
4450000 583
4451000 583
4452000 583
4453000 583
4454000 583
4455000 583
4456000 584
4457000 584
4458000 584
4459000 584
4460000 584
4461000 584
4462000 585
4463000 585
4464000 585
4465000 585
4466000 585
4467000 585
4468000 585
4469000 586
4470000 586
4471000 586
4472000 586
4473000 586
4474000 586
4475000 587
4476000 587
4477000 587
4478000 587
4479000 587
4480000 587
4481000 588
4482000 588
4483000 588
4484000 588
4485000 588
4486000 588
4487000 588
4488000 589
4489000 589
4490000 589
4491000 589
4492000 589
4493000 589
4494000 589
4495000 590
4496000 590
4497000 590
4498000 590
4499000 590
4500000 590
4501000 591
4502000 591
4503000 591
4504000 591
4505000 591
4506000 591
4507000 592
4508000 592
4509000 592
4510000 592
4511000 592
4512000 593
4513000 593
4514000 593
4515000 593
4516000 593
4517000 593
4518000 593
4519000 594
4520000 594
4521000 594
4522000 594
4523000 594
4524000 594
4525000 594
4526000 595
4527000 595
4528000 595
4529000 595
4530000 595
4531000 595
4532000 596
4533000 596
4534000 596
4535000 596
4536000 596
4537000 596
4538000 597
4539000 597
4540000 597
4541000 597
4542000 597
4543000 597
4544000 597
4545000 598
4546000 598
4547000 598
4548000 598
4549000 598
4550000 598
4551000 599
4552000 599
4553000 599
4554000 599
4555000 599
4556000 599
4557000 599
4558000 600
4559000 600
4560000 600
4561000 600
4562000 600
4563000 600
4564000 601
4565000 601
4566000 601
4567000 601
4568000 601
4569000 601
4570000 602
4571000 602
4572000 602
4573000 602
4574000 602
4575000 602
4576000 603
4577000 603
4578000 603
4579000 603
4580000 603
4581000 603
4582000 604
4583000 604
4584000 604
4585000 604
4586000 604
4587000 604
4588000 605
4589000 605
4590000 605
4591000 605
4592000 605
4593000 605
4594000 606
4595000 606
4596000 606
4597000 606
4598000 606
4599000 606
4600000 607
4601000 607
4602000 607
4603000 607
4604000 607
4605000 607
4606000 607
4607000 607
4608000 607
4609000 607
4610000 607
4611000 607
4612000 607
4613000 607
4614000 607
4615000 607
4616000 607
4617000 607
4618000 607
4619000 607
4620000 607
4621000 607
4622000 607
4623000 607
4624000 607
4625000 607
4626000 607
4627000 607
4628000 607
4629000 607
4630000 607
4631000 607
4632000 607
4633000 607
4634000 607
4635000 607
4636000 607
4637000 607
4638000 607
4639000 607
4640000 607
4641000 607
4642000 607
4643000 607
4644000 607
4645000 607
4646000 607
4647000 607
4648000 607
4649000 607
4650000 607
4651000 607
4652000 607
4653000 607
4654000 607
4655000 607
4656000 607
4657000 607
4658000 607
4659000 607
4660000 607
4661000 607
4662000 607
4663000 607
4664000 607
4665000 607
4666000 607
4667000 607
4668000 607
4669000 607
4670000 607
4671000 607
4672000 607
4673000 607
4674000 607
4675000 607
4676000 607
4677000 607
4678000 607
4679000 607
4680000 607
4681000 607
4682000 607
4683000 607
4684000 607
4685000 607
4686000 607
4687000 607
4688000 608
4689000 608
4690000 608
4691000 608
4692000 608
4693000 608
4694000 608
4695000 608
4696000 608
4697000 608
4698000 608
4699000 608
4700000 608
4701000 609
4702000 609
4703000 609
4704000 609
4705000 609
4706000 609
4707000 609
4708000 609
4709000 609
4710000 609
4711000 609
4712000 609
4713000 609
4714000 609
4715000 609
4716000 609
4717000 609
4718000 610
4719000 610
4720000 610
4721000 610
4722000 610
4723000 610
4724000 610
4725000 610
4726000 610
4727000 610
4728000 610
4729000 610
4730000 610
4731000 610
4732000 610
4733000 610
4734000 610
4735000 610
4736000 610
4737000 610
4738000 610
4739000 610
4740000 610
4741000 610
4742000 610
4743000 610
4744000 610
4745000 611
4746000 611
4747000 611
4748000 611
4749000 611
4750000 611
4751000 611
4752000 611
4753000 611
4754000 611
4755000 611
4756000 611
4757000 611
4758000 611
4759000 611
4760000 611
4761000 611
4762000 611
4763000 611
4764000 611
4765000 611
4766000 611
4767000 611
4768000 611
4769000 611
4770000 611
4771000 611
4772000 611
4773000 611
4774000 611
4775000 611
4776000 611
4777000 611
4778000 611
4779000 611
4780000 611
4781000 611
4782000 611
4783000 611
4784000 611
4785000 611
4786000 611
4787000 611
4788000 611
4789000 611
4790000 611
4791000 611
4792000 611
4793000 611
4794000 611
4795000 611
4796000 611
4797000 611
4798000 611
4799000 611
4800000 611
4801000 611
4802000 611
4803000 611
4804000 611
4805000 611
4806000 611
4807000 611
4808000 611
4809000 611
4810000 611
4811000 611
4812000 611
4813000 611
4814000 611
4815000 611
4816000 611
4817000 611
4818000 611
4819000 611
4820000 611
4821000 611
4822000 611
4823000 611
4824000 611
4825000 611
4826000 611
4827000 611
4828000 611
4829000 611
4830000 611
4831000 611
4832000 611
4833000 611
4834000 611
4835000 611
4836000 611
4837000 611
4838000 611
4839000 611
4840000 611
4841000 611
4842000 611
4843000 611
4844000 611
4845000 611
4846000 611
4847000 611
4848000 611
4849000 611
4850000 611
4851000 611
4852000 611
4853000 611
4854000 611
4855000 611
4856000 611
4857000 611
4858000 611
4859000 611
4860000 611
4861000 611
4862000 611
4863000 611
4864000 611
4865000 611
4866000 611
4867000 611
4868000 611
4869000 611
4870000 611
4871000 611
4872000 611
4873000 611
4874000 611
4875000 611
4876000 611
4877000 611
4878000 611
4879000 611
4880000 611
4881000 611
4882000 611
4883000 611
4884000 611
4885000 611
4886000 611
4887000 611
4888000 611
4889000 611
4890000 611
4891000 611
4892000 611
4893000 611
4894000 611
4895000 611
4896000 611
4897000 611
4898000 611
4899000 611
4900000 611
4901000 611
4902000 611
4903000 611
4904000 611
4905000 611
4906000 611
4907000 611
4908000 611
4909000 611
4910000 611
4911000 611
4912000 611
4913000 611
4914000 611
4915000 611
4916000 611
4917000 611
4918000 611
4919000 611
4920000 611
4921000 611
4922000 611
4923000 611
4924000 611
4925000 611
4926000 611
4927000 611
4928000 611
4929000 611
4930000 611
4931000 611
4932000 611
4933000 611
4934000 611
4935000 611
4936000 611
4937000 611
4938000 611
4939000 611
4940000 611
4941000 611
4942000 611
4943000 611
4944000 611
4945000 611
4946000 611
4947000 611
4948000 611
4949000 611
4950000 611
4951000 611
4952000 611
4953000 611
4954000 611
4955000 611
4956000 611
4957000 611
4958000 611
4959000 611
4960000 611
4961000 611
4962000 611
4963000 611
4964000 611
4965000 611
4966000 611
4967000 611
4968000 611
4969000 611
4970000 611
4971000 611
4972000 611
4973000 611
4974000 611
4975000 611
4976000 611
4977000 611
4978000 611
4979000 611
4980000 611
4981000 611
4982000 611
4983000 611
4984000 611
4985000 611
4986000 611
4987000 611
4988000 611
4989000 611
4990000 611
4991000 611
4992000 611
4993000 611
4994000 611
4995000 611
4996000 611
4997000 611
4998000 611
4999000 611
5000000 611
