0 0
1000 0
2000 0
3000 0
4000 0
5000 0
6000 0
7000 0
8000 0
9000 0
10000 0
11000 0
12000 0
13000 0
14000 0
15000 0
16000 0
17000 0
18000 0
19000 0
20000 0
21000 0
22000 0
23000 0
24000 0
25000 0
26000 0
27000 0
28000 0
29000 0
30000 0
31000 0
32000 0
33000 0
34000 0
35000 0
36000 0
37000 1
38000 1
39000 1
40000 1
41000 1
42000 2
43000 2
44000 2
45000 2
46000 2
47000 3
48000 3
49000 3
50000 3
51000 3
52000 3
53000 3
54000 4
55000 4
56000 4
57000 4
58000 4
59000 5
60000 5
61000 5
62000 5
63000 5
64000 5
65000 5
66000 6
67000 6
68000 6
69000 6
70000 6
71000 6
72000 6
73000 7
74000 7
75000 7
76000 7
77000 7
78000 8
79000 8
80000 8
81000 8
82000 8
83000 8
84000 8
85000 8
86000 8
87000 9
88000 9
89000 9
90000 9
91000 9
92000 9
93000 9
94000 9
95000 10
96000 10
97000 10
98000 10
99000 10
100000 11
101000 11
102000 11
103000 11
104000 11
105000 11
106000 11
107000 12
108000 12
109000 12
110000 12
111000 12
112000 12
113000 12
114000 13
115000 13
116000 13
117000 13
118000 13
119000 13
120000 13
121000 13
122000 14
123000 14
124000 14
125000 14
126000 14
127000 14
128000 15
129000 15
130000 15
131000 15
132000 15
133000 16
134000 16
135000 16
136000 16
137000 16
138000 16
139000 16
140000 17
141000 17
142000 17
143000 17
144000 17
145000 17
146000 17
147000 17
148000 17
149000 17
150000 17
151000 18
152000 18
153000 18
154000 18
155000 18
156000 18
157000 18
158000 18
159000 18
160000 18
161000 18
162000 18
163000 19
164000 19
165000 19
166000 19
167000 19
168000 19
169000 19
170000 19
171000 19
172000 19
173000 19
174000 19
175000 19
176000 20
177000 20
178000 20
179000 20
180000 20
181000 20
182000 20
183000 20
184000 20
185000 20
186000 20
187000 20
188000 20
189000 20
190000 20
191000 20
192000 20
193000 20
194000 20
195000 21
196000 21
197000 21
198000 21
199000 21
200000 21
201000 21
202000 21
203000 21
204000 21
205000 21
206000 21
207000 22
208000 22
209000 22
210000 22
211000 22
212000 22
213000 23
214000 23
215000 23
216000 23
217000 23
218000 23
219000 23
220000 23
221000 24
222000 24
223000 24
224000 24
225000 24
226000 24
227000 24
228000 25
229000 25
230000 25
231000 25
232000 25
233000 26
234000 26
235000 26
236000 26
237000 26
238000 26
239000 26
240000 27
241000 27
242000 27
243000 27
244000 27
245000 27
246000 27
247000 27
248000 28
249000 28
250000 28
251000 28
252000 28
253000 28
254000 29
255000 29
256000 29
257000 29
258000 29
259000 29
260000 29
261000 29
262000 29
263000 29
264000 30
265000 30
266000 30
267000 30
268000 30
269000 30
270000 30
271000 30
272000 31
273000 31
274000 31
275000 31
276000 31
277000 31
278000 31
279000 32
280000 32
281000 32
282000 32
283000 32
284000 32
285000 32
286000 32
287000 33
288000 33
289000 33
290000 33
291000 33
292000 33
293000 34
294000 34
295000 34
296000 34
297000 34
298000 34
299000 34
300000 34
301000 34
302000 35
303000 35
304000 35
305000 35
306000 35
307000 35
308000 35
309000 35
310000 35
311000 35
312000 36
313000 36
314000 36
315000 36
316000 36
317000 36
318000 36
319000 37
320000 37
321000 37
322000 37
323000 37
324000 37
325000 38
326000 38
327000 38
328000 38
329000 38
330000 38
331000 38
332000 39
333000 39
334000 39
335000 39
336000 39
337000 39
338000 39
339000 39
340000 40
341000 40
342000 40
343000 40
344000 40
345000 40
346000 41
347000 41
348000 41
349000 41
350000 41
351000 41
352000 42
353000 42
354000 42
355000 42
356000 42
357000 42
358000 42
359000 43
360000 43
361000 43
362000 43
363000 43
364000 43
365000 43
366000 44
367000 44
368000 44
369000 44
370000 44
371000 44
372000 45
373000 45
374000 45
375000 45
376000 45
377000 45
378000 45
379000 46
380000 46
381000 46
382000 46
383000 46
384000 46
385000 47
386000 47
387000 47
388000 47
389000 47
390000 47
391000 47
392000 47
393000 48
394000 48
395000 48
396000 48
397000 48
398000 48
399000 48
400000 49
401000 49
402000 49
403000 49
404000 49
405000 49
406000 49
407000 50
408000 50
409000 50
410000 50
411000 50
412000 50
413000 50
414000 50
415000 51
416000 51
417000 51
418000 51
419000 51
420000 51
421000 52
422000 52
423000 52
424000 52
425000 52
426000 52
427000 52
428000 52
429000 52
430000 52
431000 53
432000 53
433000 53
434000 53
435000 53
436000 53
437000 53
438000 53
439000 53
440000 53
441000 53
442000 54
443000 54
444000 54
445000 54
446000 54
447000 54
448000 54
449000 54
450000 54
451000 54
452000 54
453000 54
454000 54
455000 54
456000 54
457000 54
458000 54
459000 55
460000 55
461000 55
462000 55
463000 55
464000 55
465000 55
466000 55
467000 56
468000 56
469000 56
470000 56
471000 56
472000 56
473000 56
474000 56
475000 56
476000 57
477000 57
478000 57
479000 57
480000 57
481000 57
482000 57
483000 57
484000 57
485000 57
486000 58
487000 58
488000 58
489000 58
490000 58
491000 58
492000 58
493000 59
494000 59
495000 59
496000 59
497000 59
498000 59
499000 59
500000 59
501000 59
502000 59
503000 59
504000 59
505000 59
506000 59
507000 59
508000 59
509000 59
510000 60
511000 60
512000 60
513000 60
514000 60
515000 60
516000 60
517000 60
518000 60
519000 60
520000 60
521000 61
522000 61
523000 61
524000 61
525000 61
526000 61
527000 61
528000 61
529000 61
530000 61
531000 61
532000 62
533000 62
534000 62
535000 62
536000 62
537000 62
538000 62
539000 62
540000 62
541000 62
542000 62
543000 62
544000 62
545000 62
546000 62
547000 62
548000 62
549000 62
550000 62
551000 62
552000 62
553000 62
554000 62
555000 62
556000 62
557000 62
558000 63
559000 63
560000 63
561000 63
562000 63
563000 63
564000 63
565000 63
566000 63
567000 63
568000 63
569000 63
570000 63
571000 63
572000 63
573000 63
574000 63
575000 64
576000 64
577000 64
578000 64
579000 64
580000 64
581000 64
582000 64
583000 64
584000 64
585000 64
586000 64
587000 64
588000 65
589000 65
590000 65
591000 65
592000 65
593000 65
594000 65
595000 65
596000 66
597000 66
598000 66
599000 66
600000 66
601000 66
602000 66
603000 66
604000 66
605000 66
606000 66
607000 66
608000 66
609000 66
610000 66
611000 66
612000 66
613000 67
614000 67
615000 67
616000 67
617000 67
618000 67
619000 67
620000 67
621000 67
622000 67
623000 67
624000 67
625000 68
626000 68
627000 68
628000 68
629000 68
630000 68
631000 68
632000 68
633000 68
634000 68
635000 69
636000 69
637000 69
638000 69
639000 69
640000 69
641000 69
642000 69
643000 69
644000 70
645000 70
646000 70
647000 70
648000 70
649000 70
650000 71
651000 71
652000 71
653000 71
654000 71
655000 71
656000 71
657000 71
658000 72
659000 72
660000 72
661000 72
662000 72
663000 72
664000 72
665000 73
666000 73
667000 73
668000 73
669000 73
670000 73
671000 73
672000 73
673000 73
674000 73
675000 73
676000 74
677000 74
678000 74
679000 74
680000 74
681000 74
682000 74
683000 74
684000 75
685000 75
686000 75
687000 75
688000 75
689000 75
690000 76
691000 76
692000 76
693000 76
694000 76
695000 76
696000 76
697000 76
698000 76
699000 77
700000 77
701000 77
702000 77
703000 77
704000 77
705000 77
706000 77
707000 77
708000 77
709000 77
710000 77
711000 77
712000 77
713000 77
714000 77
715000 77
716000 78
717000 78
718000 78
719000 78
720000 78
721000 78
722000 78
723000 78
724000 78
725000 78
726000 78
727000 78
728000 78
729000 78
730000 78
731000 78
732000 78
733000 78
734000 78
735000 78
736000 78
737000 78
738000 78
739000 78
740000 78
741000 78
742000 78
743000 78
744000 79
745000 79
746000 79
747000 79
748000 79
749000 79
750000 79
751000 79
752000 79
753000 79
754000 79
755000 79
756000 79
757000 79
758000 79
759000 79
760000 79
761000 79
762000 79
763000 79
764000 79
765000 79
766000 80
767000 80
768000 80
769000 80
770000 80
771000 80
772000 80
773000 80
774000 80
775000 80
776000 80
777000 81
778000 81
779000 81
780000 81
781000 81
782000 81
783000 82
784000 82
785000 82
786000 82
787000 82
788000 82
789000 83
790000 83
791000 83
792000 83
793000 83
794000 84
795000 84
796000 84
797000 84
798000 84
799000 84
800000 85
801000 85
802000 85
803000 85
804000 85
805000 86
806000 86
807000 86
808000 86
809000 86
810000 87
811000 87
812000 87
813000 87
814000 87
815000 87
816000 88
817000 88
818000 88
819000 88
820000 88
821000 89
822000 89
823000 89
824000 89
825000 89
826000 90
827000 90
828000 90
829000 90
830000 90
831000 91
832000 91
833000 91
834000 91
835000 92
836000 92
837000 92
838000 92
839000 92
840000 93
841000 93
842000 93
843000 93
844000 93
845000 93
846000 94
847000 94
848000 94
849000 94
850000 94
851000 95
852000 95
853000 95
854000 95
855000 95
856000 95
857000 96
858000 96
859000 96
860000 96
861000 96
862000 96
863000 96
864000 96
865000 96
866000 96
867000 96
868000 96
869000 96
870000 96
871000 96
872000 96
873000 96
874000 96
875000 96
876000 96
877000 96
878000 96
879000 96
880000 96
881000 96
882000 96
883000 96
884000 96
885000 96
886000 96
887000 96
888000 96
889000 96
890000 97
891000 97
892000 97
893000 97
894000 97
895000 97
896000 97
897000 97
898000 97
899000 97
900000 97
901000 97
902000 97
903000 97
904000 97
905000 97
906000 97
907000 97
908000 97
909000 97
910000 97
911000 97
912000 97
913000 97
914000 97
915000 97
916000 98
917000 98
918000 98
919000 98
920000 98
921000 98
922000 98
923000 98
924000 98
925000 98
926000 98
927000 98
928000 98
929000 98
930000 98
931000 98
932000 98
933000 98
934000 98
935000 98
936000 98
937000 98
938000 98
939000 98
940000 98
941000 99
942000 99
943000 99
944000 99
945000 99
946000 99
947000 99
948000 99
949000 99
950000 99
951000 99
952000 99
953000 99
954000 99
955000 99
956000 99
957000 99
958000 99
959000 99
960000 99
961000 99
962000 99
963000 99
964000 99
965000 100
966000 100
967000 100
968000 100
969000 100
970000 100
971000 100
972000 100
973000 100
974000 100
975000 100
976000 100
977000 100
978000 100
979000 100
980000 100
981000 100
982000 100
983000 100
984000 100
985000 100
986000 100
987000 100
988000 100
989000 100
990000 100
991000 100
992000 101
993000 101
994000 101
995000 101
996000 101
997000 101
998000 101
999000 101
1000000 101
1001000 101
1002000 101
1003000 101
1004000 101
1005000 101
1006000 101
1007000 101
1008000 101
1009000 101
1010000 101
1011000 101
1012000 101
1013000 101
1014000 101
1015000 101
1016000 102
1017000 102
1018000 102
1019000 102
1020000 102
1021000 102
1022000 102
1023000 102
1024000 102
1025000 102
1026000 102
1027000 102
1028000 102
1029000 102
1030000 102
1031000 102
1032000 102
1033000 102
1034000 102
1035000 102
1036000 102
1037000 102
1038000 102
1039000 102
1040000 102
1041000 102
1042000 102
1043000 102
1044000 102
1045000 102
1046000 102
1047000 102
1048000 102
1049000 102
1050000 102
1051000 103
1052000 103
1053000 103
1054000 103
1055000 103
1056000 103
1057000 103
1058000 103
1059000 103
1060000 103
1061000 103
1062000 103
1063000 103
1064000 103
1065000 103
1066000 103
1067000 103
1068000 103
1069000 103
1070000 103
1071000 103
1072000 103
1073000 103
1074000 103
1075000 103
1076000 103
1077000 103
1078000 103
1079000 103
1080000 103
1081000 103
1082000 103
1083000 103
1084000 103
1085000 103
1086000 103
1087000 103
1088000 103
1089000 103
1090000 103
1091000 103
1092000 103
1093000 103
1094000 103
1095000 103
1096000 103
1097000 104
1098000 104
1099000 104
1100000 104
1101000 104
1102000 104
1103000 104
1104000 104
1105000 104
1106000 104
1107000 104
1108000 104
1109000 104
1110000 104
1111000 104
1112000 104
1113000 104
1114000 104
1115000 104
1116000 104
1117000 104
1118000 104
1119000 104
1120000 104
1121000 104
1122000 104
1123000 104
1124000 104
1125000 104
1126000 104
1127000 104
1128000 104
1129000 105
1130000 105
1131000 105
1132000 105
1133000 105
1134000 105
1135000 105
1136000 105
1137000 105
1138000 105
1139000 105
1140000 105
1141000 105
1142000 105
1143000 105
1144000 105
1145000 105
1146000 105
1147000 105
1148000 106
1149000 106
1150000 106
1151000 106
1152000 106
1153000 106
1154000 106
1155000 106
1156000 106
1157000 106
1158000 106
1159000 106
1160000 106
1161000 106
1162000 106
1163000 106
1164000 106
1165000 106
1166000 106
1167000 106
1168000 106
1169000 107
1170000 107
1171000 107
1172000 107
1173000 107
1174000 107
1175000 107
1176000 107
1177000 107
1178000 107
1179000 107
1180000 107
1181000 107
1182000 107
1183000 107
1184000 107
1185000 107
1186000 107
1187000 107
1188000 107
1189000 107
1190000 107
1191000 107
1192000 107
1193000 107
1194000 107
1195000 107
1196000 107
1197000 107
1198000 107
1199000 107
1200000 107
1201000 107
1202000 107
1203000 108
1204000 108
1205000 108
1206000 108
1207000 108
1208000 108
1209000 108
1210000 108
1211000 108
1212000 108
1213000 108
1214000 108
1215000 108
1216000 108
1217000 108
1218000 108
1219000 108
1220000 108
1221000 108
1222000 108
1223000 108
1224000 108
1225000 108
1226000 108
1227000 108
1228000 108
1229000 108
1230000 108
1231000 108
1232000 108
1233000 108
1234000 108
1235000 109
1236000 109
1237000 109
1238000 109
1239000 109
1240000 109
1241000 109
1242000 109
1243000 109
1244000 109
1245000 109
1246000 109
1247000 109
1248000 109
1249000 109
1250000 109
1251000 109
1252000 109
1253000 109
1254000 110
1255000 110
1256000 110
1257000 110
1258000 110
1259000 110
1260000 110
1261000 110
1262000 110
1263000 110
1264000 110
1265000 110
1266000 110
1267000 110
1268000 110
1269000 110
1270000 110
1271000 110
1272000 110
1273000 110
1274000 110
1275000 111
1276000 111
1277000 111
1278000 111
1279000 111
1280000 111
1281000 111
1282000 111
1283000 111
1284000 111
1285000 111
1286000 111
1287000 111
1288000 111
1289000 111
1290000 111
1291000 111
1292000 111
1293000 111
1294000 111
1295000 112
1296000 112
1297000 112
1298000 112
1299000 112
1300000 112
1301000 112
1302000 112
1303000 112
1304000 112
1305000 112
1306000 112
1307000 112
1308000 112
1309000 112
1310000 112
1311000 112
1312000 112
1313000 113
1314000 113
1315000 113
1316000 113
1317000 113
1318000 113
1319000 113
1320000 113
1321000 113
1322000 113
1323000 113
1324000 113
1325000 113
1326000 113
1327000 113
1328000 113
1329000 113
1330000 113
1331000 113
1332000 113
1333000 113
1334000 113
1335000 113
1336000 114
1337000 114
1338000 114
1339000 114
1340000 114
1341000 114
1342000 114
1343000 114
1344000 114
1345000 114
1346000 114
1347000 114
1348000 114
1349000 114
1350000 114
1351000 114
1352000 114
1353000 114
1354000 114
1355000 114
1356000 114
1357000 115
1358000 115
1359000 115
1360000 115
1361000 115
1362000 115
1363000 115
1364000 115
1365000 115
1366000 115
1367000 115
1368000 115
1369000 115
1370000 115
1371000 115
1372000 115
1373000 115
1374000 115
1375000 115
1376000 115
1377000 115
1378000 116
1379000 116
1380000 116
1381000 116
1382000 116
1383000 116
1384000 116
1385000 116
1386000 116
1387000 116
1388000 116
1389000 116
1390000 116
1391000 116
1392000 116
1393000 116
1394000 116
1395000 116
1396000 116
1397000 116
1398000 116
1399000 116
1400000 116
1401000 117
1402000 117
1403000 117
1404000 117
1405000 117
1406000 117
1407000 117
1408000 117
1409000 117
1410000 117
1411000 117
1412000 117
1413000 117
1414000 117
1415000 117
1416000 117
1417000 117
1418000 117
1419000 117
1420000 118
1421000 118
1422000 118
1423000 118
1424000 118
1425000 118
1426000 118
1427000 118
1428000 118
1429000 118
1430000 118
1431000 118
1432000 118
1433000 118
1434000 118
1435000 118
1436000 118
1437000 118
1438000 119
1439000 119
1440000 119
1441000 119
1442000 119
1443000 119
1444000 119
1445000 119
1446000 119
1447000 119
1448000 119
1449000 119
1450000 119
1451000 119
1452000 119
1453000 119
1454000 119
1455000 119
1456000 119
1457000 119
1458000 120
1459000 120
1460000 120
1461000 120
1462000 120
1463000 120
1464000 120
1465000 120
1466000 120
1467000 120
1468000 120
1469000 120
1470000 120
1471000 120
1472000 120
1473000 120
1474000 120
1475000 120
1476000 120
1477000 120
1478000 121
1479000 121
1480000 121
1481000 121
1482000 121
1483000 121
1484000 121
1485000 121
1486000 121
1487000 121
1488000 121
1489000 121
1490000 121
1491000 121
1492000 121
1493000 121
1494000 121
1495000 121
1496000 121
1497000 121
1498000 122
1499000 122
1500000 122
1501000 122
1502000 122
1503000 122
1504000 122
1505000 122
1506000 122
1507000 122
1508000 122
1509000 122
1510000 122
1511000 122
1512000 122
1513000 122
1514000 122
1515000 122
1516000 122
1517000 122
1518000 122
1519000 122
1520000 122
1521000 122
1522000 123
1523000 123
1524000 123
1525000 123
1526000 123
1527000 123
1528000 123
1529000 123
1530000 123
1531000 123
1532000 123
1533000 123
1534000 123
1535000 123
1536000 123
1537000 123
1538000 123
1539000 123
1540000 123
1541000 123
1542000 123
1543000 123
1544000 123
1545000 123
1546000 123
1547000 123
1548000 123
1549000 123
1550000 124
1551000 124
1552000 124
1553000 124
1554000 124
1555000 124
1556000 124
1557000 124
1558000 124
1559000 124
1560000 124
1561000 124
1562000 124
1563000 124
1564000 124
1565000 124
1566000 124
1567000 124
1568000 124
1569000 124
1570000 124
1571000 124
1572000 124
1573000 124
1574000 124
1575000 124
1576000 124
1577000 124
1578000 124
1579000 124
1580000 124
1581000 124
1582000 125
1583000 125
1584000 125
1585000 125
1586000 125
1587000 125
1588000 125
1589000 125
1590000 125
1591000 125
1592000 125
1593000 125
1594000 125
1595000 125
1596000 125
1597000 126
1598000 126
1599000 126
1600000 126
1601000 126
1602000 126
1603000 126
1604000 126
1605000 126
1606000 126
1607000 126
1608000 126
1609000 126
1610000 126
1611000 127
1612000 127
1613000 127
1614000 127
1615000 127
1616000 127
1617000 127
1618000 127
1619000 127
1620000 127
1621000 127
1622000 127
1623000 127
1624000 127
1625000 128
1626000 128
1627000 128
1628000 128
1629000 128
1630000 128
1631000 128
1632000 128
1633000 128
1634000 128
1635000 128
1636000 128
1637000 128
1638000 128
1639000 128
1640000 128
1641000 128
1642000 129
1643000 129
1644000 129
1645000 129
1646000 129
1647000 129
1648000 129
1649000 129
1650000 129
1651000 129
1652000 129
1653000 129
1654000 129
1655000 129
1656000 129
1657000 129
1658000 129
1659000 129
1660000 129
1661000 130
1662000 130
1663000 130
1664000 130
1665000 130
1666000 130
1667000 130
1668000 130
1669000 130
1670000 130
1671000 130
1672000 130
1673000 130
1674000 130
1675000 130
1676000 130
1677000 130
1678000 130
1679000 130
1680000 130
1681000 131
1682000 131
1683000 131
1684000 131
1685000 131
1686000 131
1687000 131
1688000 131
1689000 131
1690000 131
1691000 131
1692000 132
1693000 132
1694000 132
1695000 132
1696000 132
1697000 132
1698000 132
1699000 132
1700000 132
1701000 132
1702000 132
1703000 132
1704000 132
1705000 132
1706000 132
1707000 133
1708000 133
1709000 133
1710000 133
1711000 133
1712000 133
1713000 133
1714000 133
1715000 133
1716000 133
1717000 133
1718000 133
1719000 134
1720000 134
1721000 134
1722000 134
1723000 134
1724000 134
1725000 134
1726000 134
1727000 134
1728000 134
1729000 134
1730000 134
1731000 135
1732000 135
1733000 135
1734000 135
1735000 135
1736000 135
1737000 135
1738000 135
1739000 135
1740000 135
1741000 136
1742000 136
1743000 136
1744000 136
1745000 136
1746000 136
1747000 136
1748000 136
1749000 137
1750000 137
1751000 137
1752000 137
1753000 137
1754000 138
1755000 138
1756000 138
1757000 138
1758000 138
1759000 139
1760000 139
1761000 139
1762000 139
1763000 139
1764000 139
1765000 139
1766000 140
1767000 140
1768000 140
1769000 140
1770000 140
1771000 140
1772000 141
1773000 141
1774000 141
1775000 141
1776000 141
1777000 141
1778000 141
1779000 142
1780000 142
1781000 142
1782000 142
1783000 142
1784000 142
1785000 143
1786000 143
1787000 143
1788000 143
1789000 143
1790000 143
1791000 143
1792000 143
1793000 143
1794000 143
1795000 143
1796000 143
1797000 143
1798000 143
1799000 143
1800000 143
1801000 143
1802000 143
1803000 143
1804000 143
1805000 143
1806000 143
1807000 144
1808000 144
1809000 144
1810000 144
1811000 144
1812000 144
1813000 144
1814000 144
1815000 144
1816000 144
1817000 145
1818000 145
1819000 145
1820000 145
1821000 145
1822000 145
1823000 145
1824000 145
1825000 145
1826000 145
1827000 145
1828000 145
1829000 145
1830000 145
1831000 146
1832000 146
1833000 146
1834000 146
1835000 146
1836000 146
1837000 146
1838000 146
1839000 146
1840000 146
1841000 146
1842000 147
1843000 147
1844000 147
1845000 147
1846000 147
1847000 147
1848000 147
1849000 147
1850000 147
1851000 148
1852000 148
1853000 148
1854000 148
1855000 148
1856000 148
1857000 149
1858000 149
1859000 149
1860000 149
1861000 149
1862000 149
1863000 150
1864000 150
1865000 150
1866000 150
1867000 150
1868000 150
1869000 151
1870000 151
1871000 151
1872000 151
1873000 151
1874000 151
1875000 151
1876000 152
1877000 152
1878000 152
1879000 152
1880000 152
1881000 152
1882000 152
1883000 153
1884000 153
1885000 153
1886000 153
1887000 153
1888000 153
1889000 153
1890000 154
1891000 154
1892000 154
1893000 154
1894000 154
1895000 154
1896000 155
1897000 155
1898000 155
1899000 155
1900000 155
1901000 155
1902000 155
1903000 155
1904000 155
1905000 155
1906000 155
1907000 155
1908000 156
1909000 156
1910000 156
1911000 156
1912000 156
1913000 156
1914000 156
1915000 157
1916000 157
1917000 157
1918000 157
1919000 157
1920000 157
1921000 158
1922000 158
1923000 158
1924000 158
1925000 158
1926000 158
1927000 159
1928000 159
1929000 159
1930000 159
1931000 159
1932000 159
1933000 160
1934000 160
1935000 160
1936000 160
1937000 160
1938000 161
1939000 161
1940000 161
1941000 161
1942000 161
1943000 161
1944000 162
1945000 162
1946000 162
1947000 162
1948000 162
1949000 162
1950000 162
1951000 163
1952000 163
1953000 163
1954000 163
1955000 163
1956000 163
1957000 163
1958000 164
1959000 164
1960000 164
1961000 164
1962000 164
1963000 164
1964000 165
1965000 165
1966000 165
1967000 165
1968000 165
1969000 165
1970000 165
1971000 166
1972000 166
1973000 166
1974000 166
1975000 166
1976000 166
1977000 167
1978000 167
1979000 167
1980000 167
1981000 167
1982000 167
1983000 168
1984000 168
1985000 168
1986000 168
1987000 168
1988000 168
1989000 169
1990000 169
1991000 169
1992000 169
1993000 169
1994000 169
1995000 169
1996000 169
1997000 170
1998000 170
1999000 170
2000000 170
2001000 170
2002000 170
2003000 170
2004000 170
2005000 171
2006000 171
2007000 171
2008000 171
2009000 171
2010000 171
2011000 172
2012000 172
2013000 172
2014000 172
2015000 172
2016000 172
2017000 172
2018000 173
2019000 173
2020000 173
2021000 173
2022000 173
2023000 173
2024000 174
2025000 174
2026000 174
2027000 174
2028000 174
2029000 174
2030000 174
2031000 175
2032000 175
2033000 175
2034000 175
2035000 175
2036000 175
2037000 175
2038000 175
2039000 176
2040000 176
2041000 176
2042000 176
2043000 176
2044000 176
2045000 176
2046000 177
2047000 177
2048000 177
2049000 177
2050000 177
2051000 177
2052000 178
2053000 178
2054000 178
2055000 178
2056000 178
2057000 178
2058000 178
2059000 179
2060000 179
2061000 179
2062000 179
2063000 179
2064000 180
2065000 180
2066000 180
2067000 180
2068000 180
2069000 181
2070000 181
2071000 181
2072000 181
2073000 181
2074000 182
2075000 182
2076000 182
2077000 182
2078000 182
2079000 182
2080000 183
2081000 183
2082000 183
2083000 183
2084000 183
2085000 183
2086000 183
2087000 183
2088000 184
2089000 184
2090000 184
2091000 184
2092000 184
2093000 184
2094000 185
2095000 185
2096000 185
2097000 185
2098000 185
2099000 185
2100000 185
2101000 186
2102000 186
2103000 186
2104000 186
2105000 186
2106000 186
2107000 186
2108000 186
2109000 187
2110000 187
2111000 187
2112000 187
2113000 187
2114000 187
2115000 188
2116000 188
2117000 188
2118000 188
2119000 188
2120000 188
2121000 188
2122000 189
2123000 189
2124000 189
2125000 189
2126000 189
2127000 190
2128000 190
2129000 190
2130000 190
2131000 190
2132000 190
2133000 190
2134000 191
2135000 191
2136000 191
2137000 191
2138000 191
2139000 191
2140000 191
2141000 192
2142000 192
2143000 192
2144000 192
2145000 192
2146000 192
2147000 192
2148000 192
2149000 193
2150000 193
2151000 193
2152000 193
2153000 193
2154000 193
2155000 193
2156000 194
2157000 194
2158000 194
2159000 194
2160000 194
2161000 194
2162000 194
2163000 195
2164000 195
2165000 195
2166000 195
2167000 195
2168000 195
2169000 196
2170000 196
2171000 196
2172000 196
2173000 196
2174000 196
2175000 197
2176000 197
2177000 197
2178000 197
2179000 197
2180000 197
2181000 197
2182000 197
2183000 197
2184000 198
2185000 198
2186000 198
2187000 198
2188000 198
2189000 198
2190000 199
2191000 199
2192000 199
2193000 199
2194000 199
2195000 199
2196000 200
2197000 200
2198000 200
2199000 200
2200000 200
2201000 200
2202000 200
2203000 201
2204000 201
2205000 201
2206000 201
2207000 201
2208000 201
2209000 201
2210000 202
2211000 202
2212000 202
2213000 202
2214000 202
2215000 203
2216000 203
2217000 203
2218000 203
2219000 203
2220000 203
2221000 203
2222000 204
2223000 204
2224000 204
2225000 204
2226000 204
2227000 204
2228000 204
2229000 205
2230000 205
2231000 205
2232000 205
2233000 205
2234000 205
2235000 205
2236000 205
2237000 206
2238000 206
2239000 206
2240000 206
2241000 206
2242000 206
2243000 206
2244000 206
2245000 207
2246000 207
2247000 207
2248000 207
2249000 207
2250000 208
2251000 208
2252000 208
2253000 208
2254000 208
2255000 208
2256000 208
2257000 209
2258000 209
2259000 209
2260000 209
2261000 209
2262000 209
2263000 209
2264000 210
2265000 210
2266000 210
2267000 210
2268000 210
2269000 210
2270000 210
2271000 211
2272000 211
2273000 211
2274000 211
2275000 211
2276000 211
2277000 211
2278000 212
2279000 212
2280000 212
2281000 212
2282000 212
2283000 212
2284000 212
2285000 213
2286000 213
2287000 213
2288000 213
2289000 213
2290000 213
2291000 214
2292000 214
2293000 214
2294000 214
2295000 214
2296000 214
2297000 214
2298000 214
2299000 215
2300000 215
2301000 215
2302000 215
2303000 215
2304000 215
2305000 216
2306000 216
2307000 216
2308000 216
2309000 216
2310000 216
2311000 216
2312000 217
2313000 217
2314000 217
2315000 217
2316000 217
2317000 217
2318000 217
2319000 217
2320000 218
2321000 218
2322000 218
2323000 218
2324000 218
2325000 219
2326000 219
2327000 219
2328000 219
2329000 219
2330000 219
2331000 220
2332000 220
2333000 220
2334000 220
2335000 220
2336000 220
2337000 220
2338000 221
2339000 221
2340000 221
2341000 221
2342000 221
2343000 221
2344000 221
2345000 222
2346000 222
2347000 222
2348000 222
2349000 222
2350000 222
2351000 222
2352000 222
2353000 223
2354000 223
2355000 223
2356000 223
2357000 223
2358000 223
2359000 224
2360000 224
2361000 224
2362000 224
2363000 224
2364000 224
2365000 225
2366000 225
2367000 225
2368000 225
2369000 225
2370000 225
2371000 226
2372000 226
2373000 226
2374000 226
2375000 226
2376000 227
2377000 227
2378000 227
2379000 227
2380000 227
2381000 228
2382000 228
2383000 228
2384000 228
2385000 228
2386000 228
2387000 229
2388000 229
2389000 229
2390000 229
2391000 229
2392000 229
2393000 229
2394000 230
2395000 230
2396000 230
2397000 230
2398000 230
2399000 231
2400000 231
2401000 231
2402000 231
2403000 231
2404000 231
2405000 231
2406000 231
2407000 231
2408000 232
2409000 232
2410000 232
2411000 232
2412000 232
2413000 232
2414000 233
2415000 233
2416000 233
2417000 233
2418000 233
2419000 234
2420000 234
2421000 234
2422000 234
2423000 234
2424000 234
2425000 235
2426000 235
2427000 235
2428000 235
2429000 235
2430000 235
2431000 235
2432000 236
2433000 236
2434000 236
2435000 236
2436000 236
2437000 236
2438000 237
2439000 237
2440000 237
2441000 237
2442000 237
2443000 238
2444000 238
2445000 238
2446000 238
2447000 238
2448000 238
2449000 239
2450000 239
2451000 239
2452000 239
2453000 239
2454000 239
2455000 239
2456000 240
2457000 240
2458000 240
2459000 240
2460000 240
2461000 240
2462000 240
2463000 240
2464000 241
2465000 241
2466000 241
2467000 241
2468000 241
2469000 241
2470000 241
2471000 242
2472000 242
2473000 242
2474000 242
2475000 242
2476000 242
2477000 242
2478000 243
2479000 243
2480000 243
2481000 243
2482000 243
2483000 243
2484000 243
2485000 244
2486000 244
2487000 244
2488000 244
2489000 244
2490000 244
2491000 244
2492000 245
2493000 245
2494000 245
2495000 245
2496000 245
2497000 245
2498000 245
2499000 246
2500000 246
2501000 246
2502000 246
2503000 246
2504000 246
2505000 247
2506000 247
2507000 247
2508000 247
2509000 247
2510000 247
2511000 248
2512000 248
2513000 248
2514000 248
2515000 248
2516000 248
2517000 249
2518000 249
2519000 249
2520000 249
2521000 249
2522000 249
2523000 249
2524000 249
2525000 249
2526000 250
2527000 250
2528000 250
2529000 250
2530000 250
2531000 251
2532000 251
2533000 251
2534000 251
2535000 251
2536000 251
2537000 252
2538000 252
2539000 252
2540000 252
2541000 252
2542000 252
2543000 253
2544000 253
2545000 253
2546000 253
2547000 253
2548000 253
2549000 253
2550000 253
2551000 253
2552000 254
2553000 254
2554000 254
2555000 254
2556000 254
2557000 254
2558000 254
2559000 255
2560000 255
2561000 255
2562000 255
2563000 255
2564000 255
2565000 255
2566000 255
2567000 256
2568000 256
2569000 256
2570000 256
2571000 256
2572000 256
2573000 256
2574000 256
2575000 257
2576000 257
2577000 257
2578000 257
2579000 257
2580000 257
2581000 257
2582000 258
2583000 258
2584000 258
2585000 258
2586000 258
2587000 258
2588000 258
2589000 259
2590000 259
2591000 259
2592000 259
2593000 259
2594000 259
2595000 259
2596000 259
2597000 260
2598000 260
2599000 260
2600000 260
2601000 260
2602000 260
2603000 260
2604000 260
2605000 261
2606000 261
2607000 261
2608000 261
2609000 261
2610000 261
2611000 262
2612000 262
2613000 262
2614000 262
2615000 262
2616000 262
2617000 263
2618000 263
2619000 263
2620000 263
2621000 263
2622000 263
2623000 264
2624000 264
2625000 264
2626000 264
2627000 264
2628000 264
2629000 264
2630000 265
2631000 265
2632000 265
2633000 265
2634000 265
2635000 265
2636000 265
2637000 265
2638000 266
2639000 266
2640000 266
2641000 266
2642000 266
2643000 266
2644000 266
2645000 266
2646000 267
2647000 267
2648000 267
2649000 267
2650000 267
2651000 267
2652000 268
2653000 268
2654000 268
2655000 268
2656000 268
2657000 269
2658000 269
2659000 269
2660000 269
2661000 269
2662000 269
2663000 270
2664000 270
2665000 270
2666000 270
2667000 270
2668000 270
2669000 271
2670000 271
2671000 271
2672000 271
2673000 271
2674000 271
2675000 271
2676000 272
2677000 272
2678000 272
2679000 272
2680000 272
2681000 272
2682000 273
2683000 273
2684000 273
2685000 273
2686000 273
2687000 273
2688000 273
2689000 274
2690000 274
2691000 274
2692000 274
2693000 274
2694000 274
2695000 275
2696000 275
2697000 275
2698000 275
2699000 275
2700000 275
2701000 275
2702000 276
2703000 276
2704000 276
2705000 276
2706000 276
2707000 277
2708000 277
2709000 277
2710000 277
2711000 277
2712000 277
2713000 278
2714000 278
2715000 278
2716000 278
2717000 278
2718000 278
2719000 279
2720000 279
2721000 279
2722000 279
2723000 279
2724000 279
2725000 279
2726000 280
2727000 280
2728000 280
2729000 280
2730000 280
2731000 280
2732000 280
2733000 281
2734000 281
2735000 281
2736000 281
2737000 281
2738000 282
2739000 282
2740000 282
2741000 282
2742000 282
2743000 283
2744000 283
2745000 283
2746000 283
2747000 283
2748000 283
2749000 283
2750000 284
2751000 284
2752000 284
2753000 284
2754000 284
2755000 284
2756000 285
2757000 285
2758000 285
2759000 285
2760000 285
2761000 285
2762000 285
2763000 286
2764000 286
2765000 286
2766000 286
2767000 286
2768000 287
2769000 287
2770000 287
2771000 287
2772000 287
2773000 287
2774000 287
2775000 288
2776000 288
2777000 288
2778000 288
2779000 288
2780000 288
2781000 288
2782000 289
2783000 289
2784000 289
2785000 289
2786000 289
2787000 289
2788000 290
2789000 290
2790000 290
2791000 290
2792000 290
2793000 291
2794000 291
2795000 291
2796000 291
2797000 291
2798000 291
2799000 292
2800000 292
2801000 292
2802000 292
2803000 292
2804000 292
2805000 292
2806000 293
2807000 293
2808000 293
2809000 293
2810000 293
2811000 294
2812000 294
2813000 294
2814000 294
2815000 294
2816000 294
2817000 294
2818000 295
2819000 295
2820000 295
2821000 295
2822000 295
2823000 295
2824000 296
2825000 296
2826000 296
2827000 296
2828000 296
2829000 296
2830000 297
2831000 297
2832000 297
2833000 297
2834000 297
2835000 297
2836000 298
2837000 298
2838000 298
2839000 298
2840000 298
2841000 298
2842000 299
2843000 299
2844000 299
2845000 299
2846000 299
2847000 299
2848000 299
2849000 299
2850000 299
2851000 300
2852000 300
2853000 300
2854000 300
2855000 300
2856000 300
2857000 301
2858000 301
2859000 301
2860000 301
2861000 301
2862000 301
2863000 301
2864000 302
2865000 302
2866000 302
2867000 302
2868000 302
2869000 302
2870000 303
2871000 303
2872000 303
2873000 303
2874000 303
2875000 303
2876000 303
2877000 303
2878000 304
2879000 304
2880000 304
2881000 304
2882000 304
2883000 304
2884000 304
2885000 305
2886000 305
2887000 305
2888000 305
2889000 305
2890000 306
2891000 306
2892000 306
2893000 306
2894000 306
2895000 307
2896000 307
2897000 307
2898000 307
2899000 307
2900000 307
2901000 307
2902000 308
2903000 308
2904000 308
2905000 308
2906000 308
2907000 308
2908000 309
2909000 309
2910000 309
2911000 309
2912000 309
2913000 310
2914000 310
2915000 310
2916000 310
2917000 310
2918000 310
2919000 311
2920000 311
2921000 311
2922000 311
2923000 311
2924000 311
2925000 311
2926000 312
2927000 312
2928000 312
2929000 312
2930000 312
2931000 312
2932000 312
2933000 313
2934000 313
2935000 313
2936000 313
2937000 313
2938000 313
2939000 313
2940000 314
2941000 314
2942000 314
2943000 314
2944000 314
2945000 314
2946000 315
2947000 315
2948000 315
2949000 315
2950000 315
2951000 315
2952000 316
2953000 316
2954000 316
2955000 316
2956000 316
2957000 316
2958000 317
2959000 317
2960000 317
2961000 317
2962000 317
2963000 317
2964000 317
2965000 318
2966000 318
2967000 318
2968000 318
2969000 318
2970000 318
2971000 318
2972000 318
2973000 319
2974000 319
2975000 319
2976000 319
2977000 319
2978000 320
2979000 320
2980000 320
2981000 320
2982000 320
2983000 320
2984000 321
2985000 321
2986000 321
2987000 321
2988000 321
2989000 321
2990000 321
2991000 321
2992000 322
2993000 322
2994000 322
2995000 322
2996000 322
2997000 322
2998000 322
2999000 323
3000000 323
3001000 323
3002000 323
3003000 323
3004000 323
3005000 324
3006000 324
3007000 324
3008000 324
3009000 324
3010000 324
3011000 324
3012000 325
3013000 325
3014000 325
3015000 325
3016000 325
3017000 325
3018000 325
3019000 326
3020000 326
3021000 326
3022000 326
3023000 326
3024000 326
3025000 327
3026000 327
3027000 327
3028000 327
3029000 327
3030000 328
3031000 328
3032000 328
3033000 328
3034000 328
3035000 328
3036000 328
3037000 328
3038000 329
3039000 329
3040000 329
3041000 329
3042000 329
3043000 329
3044000 330
3045000 330
3046000 330
3047000 330
3048000 330
3049000 330
3050000 330
3051000 330
3052000 331
3053000 331
3054000 331
3055000 331
3056000 331
3057000 331
3058000 331
3059000 331
3060000 332
3061000 332
3062000 332
3063000 332
3064000 332
3065000 332
3066000 332
3067000 333
3068000 333
3069000 333
3070000 333
3071000 333
3072000 334
3073000 334
3074000 334
3075000 334
3076000 334
3077000 335
3078000 335
3079000 335
3080000 335
3081000 335
3082000 335
3083000 336
3084000 336
3085000 336
3086000 336
3087000 336
3088000 337
3089000 337
3090000 337
3091000 337
3092000 337
3093000 337
3094000 337
3095000 337
3096000 338
3097000 338
3098000 338
3099000 338
3100000 338
3101000 338
3102000 338
3103000 338
3104000 338
3105000 338
3106000 338
3107000 338
3108000 338
3109000 338
3110000 338
3111000 338
3112000 338
3113000 338
3114000 338
3115000 338
3116000 338
3117000 338
3118000 338
3119000 338
3120000 338
3121000 338
3122000 338
3123000 338
3124000 338
3125000 338
3126000 338
3127000 338
3128000 338
3129000 338
3130000 338
3131000 338
3132000 338
3133000 338
3134000 338
3135000 338
3136000 338
3137000 338
3138000 338
3139000 338
3140000 338
3141000 338
3142000 338
3143000 338
3144000 338
3145000 338
3146000 338
3147000 338
3148000 338
3149000 338
3150000 338
3151000 338
3152000 338
3153000 338
3154000 338
3155000 338
3156000 338
3157000 338
3158000 338
3159000 338
3160000 338
3161000 338
3162000 338
3163000 338
3164000 338
3165000 338
3166000 338
3167000 338
3168000 338
3169000 338
3170000 338
3171000 338
3172000 338
3173000 338
3174000 338
3175000 338
3176000 338
3177000 338
3178000 338
3179000 338
3180000 338
3181000 338
3182000 338
3183000 338
3184000 338
3185000 338
3186000 338
3187000 338
3188000 338
3189000 338
3190000 338
3191000 338
3192000 338
3193000 338
3194000 338
3195000 338
3196000 338
3197000 338
3198000 338
3199000 338
3200000 338
3201000 338
3202000 338
3203000 338
3204000 338
3205000 338
3206000 338
3207000 338
3208000 338
3209000 338
3210000 338
3211000 338
3212000 338
3213000 338
3214000 338
3215000 338
3216000 338
3217000 338
3218000 338
3219000 338
3220000 338
3221000 338
3222000 338
3223000 338
3224000 338
3225000 338
3226000 338
3227000 338
3228000 338
3229000 338
3230000 338
3231000 338
3232000 338
3233000 338
3234000 338
3235000 338
3236000 338
3237000 338
3238000 338
3239000 338
3240000 338
3241000 338
3242000 338
3243000 338
3244000 338
3245000 338
3246000 338
3247000 338
3248000 338
3249000 338
3250000 338
3251000 338
3252000 338
3253000 338
3254000 339
3255000 339
3256000 339
3257000 339
3258000 339
3259000 339
3260000 339
3261000 340
3262000 340
3263000 340
3264000 340
3265000 340
3266000 340
3267000 340
3268000 340
3269000 340
3270000 341
3271000 341
3272000 341
3273000 341
3274000 341
3275000 341
3276000 341
3277000 342
3278000 342
3279000 342
3280000 342
3281000 342
3282000 342
3283000 342
3284000 343
3285000 343
3286000 343
3287000 343
3288000 343
3289000 343
3290000 343
3291000 343
3292000 344
3293000 344
3294000 344
3295000 344
3296000 344
3297000 344
3298000 344
3299000 344
3300000 344
3301000 344
3302000 344
3303000 344
3304000 344
3305000 344
3306000 344
3307000 345
3308000 345
3309000 345
3310000 345
3311000 345
3312000 345
3313000 345
3314000 346
3315000 346
3316000 346
3317000 346
3318000 346
3319000 346
3320000 347
3321000 347
3322000 347
3323000 347
3324000 347
3325000 347
3326000 347
3327000 348
3328000 348
3329000 348
3330000 348
3331000 348
3332000 348
3333000 348
3334000 348
3335000 348
3336000 349
3337000 349
3338000 349
3339000 349
3340000 349
3341000 349
3342000 349
3343000 350
3344000 350
3345000 350
3346000 350
3347000 350
3348000 350
3349000 351
3350000 351
3351000 351
3352000 351
3353000 351
3354000 351
3355000 352
3356000 352
3357000 352
3358000 352
3359000 352
3360000 353
3361000 353
3362000 353
3363000 353
3364000 353
3365000 354
3366000 354
3367000 354
3368000 354
3369000 354
3370000 355
3371000 355
3372000 355
3373000 355
3374000 355
3375000 355
3376000 355
3377000 356
3378000 356
3379000 356
3380000 356
3381000 356
3382000 356
3383000 356
3384000 356
3385000 357
3386000 357
3387000 357
3388000 357
3389000 357
3390000 357
3391000 358
3392000 358
3393000 358
3394000 358
3395000 358
3396000 358
3397000 359
3398000 359
3399000 359
3400000 359
3401000 359
3402000 360
3403000 360
3404000 360
3405000 360
3406000 360
3407000 360
3408000 360
3409000 360
3410000 361
3411000 361
3412000 361
3413000 361
3414000 361
3415000 361
3416000 361
3417000 362
3418000 362
3419000 362
3420000 362
3421000 362
3422000 362
3423000 362
3424000 363
3425000 363
3426000 363
3427000 363
3428000 363
3429000 363
3430000 363
3431000 363
3432000 363
3433000 363
3434000 364
3435000 364
3436000 364
3437000 364
3438000 364
3439000 364
3440000 364
3441000 365
3442000 365
3443000 365
3444000 365
3445000 365
3446000 365
3447000 366
3448000 366
3449000 366
3450000 366
3451000 366
3452000 366
3453000 367
3454000 367
3455000 367
3456000 367
3457000 367
3458000 367
3459000 367
3460000 368
3461000 368
3462000 368
3463000 368
3464000 368
3465000 368
3466000 369
3467000 369
3468000 369
3469000 369
3470000 369
3471000 369
3472000 370
3473000 370
3474000 370
3475000 370
3476000 370
3477000 370
3478000 371
3479000 371
3480000 371
3481000 371
3482000 371
3483000 371
3484000 371
3485000 372
3486000 372
3487000 372
3488000 372
3489000 372
3490000 372
3491000 373
3492000 373
3493000 373
3494000 373
3495000 373
3496000 373
3497000 373
3498000 374
3499000 374
3500000 374
3501000 374
3502000 374
3503000 375
3504000 375
3505000 375
3506000 375
3507000 375
3508000 375
3509000 375
3510000 376
3511000 376
3512000 376
3513000 376
3514000 376
3515000 376
3516000 377
3517000 377
3518000 377
3519000 377
3520000 377
3521000 378
3522000 378
3523000 378
3524000 378
3525000 378
3526000 378
3527000 378
3528000 379
3529000 379
3530000 379
3531000 379
3532000 379
3533000 379
3534000 379
3535000 380
3536000 380
3537000 380
3538000 380
3539000 380
3540000 380
3541000 381
3542000 381
3543000 381
3544000 381
3545000 381
3546000 381
3547000 382
3548000 382
3549000 382
3550000 382
3551000 382
3552000 382
3553000 382
3554000 383
3555000 383
3556000 383
3557000 383
3558000 383
3559000 384
3560000 384
3561000 384
3562000 384
3563000 384
3564000 384
3565000 384
3566000 385
3567000 385
3568000 385
3569000 385
3570000 385
3571000 385
3572000 386
3573000 386
3574000 386
3575000 386
3576000 386
3577000 386
3578000 386
3579000 387
3580000 387
3581000 387
3582000 387
3583000 387
3584000 387
3585000 387
3586000 388
3587000 388
3588000 388
3589000 388
3590000 388
3591000 388
3592000 389
3593000 389
3594000 389
3595000 389
3596000 389
3597000 389
3598000 390
3599000 390
3600000 390
3601000 390
3602000 390
3603000 391
3604000 391
3605000 391
3606000 391
3607000 391
3608000 391
3609000 392
3610000 392
3611000 392
3612000 392
3613000 392
3614000 392
3615000 393
3616000 393
3617000 393
3618000 393
3619000 393
3620000 393
3621000 394
3622000 394
3623000 394
3624000 394
3625000 394
3626000 394
3627000 394
3628000 394
3629000 394
3630000 395
3631000 395
3632000 395
3633000 395
3634000 395
3635000 395
3636000 395
3637000 396
3638000 396
3639000 396
3640000 396
3641000 396
3642000 396
3643000 397
3644000 397
3645000 397
3646000 397
3647000 397
3648000 397
3649000 397
3650000 398
3651000 398
3652000 398
3653000 398
3654000 398
3655000 398
3656000 399
3657000 399
3658000 399
3659000 399
3660000 399
3661000 399
3662000 399
3663000 400
3664000 400
3665000 400
3666000 400
3667000 400
3668000 401
3669000 401
3670000 401
3671000 401
3672000 401
3673000 401
3674000 402
3675000 402
3676000 402
3677000 402
3678000 402
3679000 402
3680000 403
3681000 403
3682000 403
3683000 403
3684000 403
3685000 403
3686000 403
3687000 403
3688000 404
3689000 404
3690000 404
3691000 404
3692000 404
3693000 404
3694000 405
3695000 405
3696000 405
3697000 405
3698000 405
3699000 405
3700000 405
3701000 405
3702000 405
3703000 405
3704000 405
3705000 405
3706000 405
3707000 405
3708000 405
3709000 405
3710000 405
3711000 405
3712000 405
3713000 405
3714000 405
3715000 405
3716000 405
3717000 405
3718000 405
3719000 405
3720000 405
3721000 405
3722000 405
3723000 405
3724000 405
3725000 405
3726000 405
3727000 405
3728000 405
3729000 405
3730000 405
3731000 405
3732000 405
3733000 405
3734000 405
3735000 405
3736000 405
3737000 405
3738000 405
3739000 405
3740000 405
3741000 405
3742000 405
3743000 405
3744000 405
3745000 405
3746000 405
3747000 405
3748000 405
3749000 405
3750000 405
3751000 405
3752000 405
3753000 405
3754000 405
3755000 405
3756000 405
3757000 405
3758000 405
3759000 405
3760000 405
3761000 405
3762000 405
3763000 405
3764000 405
3765000 405
3766000 405
3767000 405
3768000 405
3769000 405
3770000 405
3771000 405
3772000 405
3773000 405
3774000 405
3775000 405
3776000 405
3777000 405
3778000 405
3779000 405
3780000 405
3781000 405
3782000 405
3783000 405
3784000 405
3785000 405
3786000 405
3787000 405
3788000 405
3789000 405
3790000 405
3791000 405
3792000 405
3793000 405
3794000 405
3795000 405
3796000 405
3797000 405
3798000 405
3799000 405
3800000 405
3801000 405
3802000 405
3803000 405
3804000 405
3805000 405
3806000 405
3807000 405
3808000 405
3809000 405
3810000 405
3811000 405
3812000 405
3813000 405
3814000 405
3815000 405
3816000 405
3817000 405
3818000 405
3819000 405
3820000 405
3821000 405
3822000 405
3823000 405
3824000 405
3825000 405
3826000 405
3827000 405
3828000 405
3829000 405
3830000 405
3831000 405
3832000 405
3833000 405
3834000 405
3835000 405
3836000 405
3837000 405
3838000 405
3839000 405
3840000 405
3841000 405
3842000 405
3843000 405
3844000 405
3845000 405
3846000 405
3847000 405
3848000 405
3849000 405
3850000 406
3851000 406
3852000 406
3853000 406
3854000 406
3855000 406
3856000 407
3857000 407
3858000 407
3859000 407
3860000 407
3861000 407
3862000 408
3863000 408
3864000 408
3865000 408
3866000 408
3867000 408
3868000 409
3869000 409
3870000 409
3871000 409
3872000 409
3873000 409
3874000 410
3875000 410
3876000 410
3877000 410
3878000 410
3879000 410
3880000 410
3881000 410
3882000 410
3883000 411
3884000 411
3885000 411
3886000 411
3887000 411
3888000 411
3889000 412
3890000 412
3891000 412
3892000 412
3893000 412
3894000 413
3895000 413
3896000 413
3897000 413
3898000 413
3899000 413
3900000 414
3901000 414
3902000 414
3903000 414
3904000 414
3905000 414
3906000 414
3907000 415
3908000 415
3909000 415
3910000 415
3911000 415
3912000 416
3913000 416
3914000 416
3915000 416
3916000 416
3917000 416
3918000 417
3919000 417
3920000 417
3921000 417
3922000 417
3923000 417
3924000 418
3925000 418
3926000 418
3927000 418
3928000 418
3929000 418
3930000 419
3931000 419
3932000 419
3933000 419
3934000 419
3935000 420
3936000 420
3937000 420
3938000 420
3939000 420
3940000 420
3941000 420
3942000 421
3943000 421
3944000 421
3945000 421
3946000 421
3947000 421
3948000 421
3949000 422
3950000 422
3951000 422
3952000 422
3953000 422
3954000 422
3955000 422
3956000 422
3957000 423
3958000 423
3959000 423
3960000 423
3961000 423
3962000 423
3963000 423
3964000 424
3965000 424
3966000 424
3967000 424
3968000 424
3969000 424
3970000 425
3971000 425
3972000 425
3973000 425
3974000 425
3975000 426
3976000 426
3977000 426
3978000 426
3979000 426
3980000 426
3981000 426
3982000 426
3983000 426
3984000 426
3985000 427
3986000 427
3987000 427
3988000 427
3989000 427
3990000 427
3991000 427
3992000 428
3993000 428
3994000 428
3995000 428
3996000 428
3997000 428
3998000 429
3999000 429
4000000 429
4001000 429
4002000 429
4003000 430
4004000 430
4005000 430
4006000 430
4007000 430
4008000 430
4009000 431
4010000 431
4011000 431
4012000 431
4013000 431
4014000 431
4015000 431
4016000 432
4017000 432
4018000 432
4019000 432
4020000 432
4021000 432
4022000 432
4023000 432
4024000 432
4025000 433
4026000 433
4027000 433
4028000 433
4029000 433
4030000 433
4031000 433
4032000 434
4033000 434
4034000 434
4035000 434
4036000 434
4037000 434
4038000 434
4039000 435
4040000 435
4041000 435
4042000 435
4043000 435
4044000 435
4045000 436
4046000 436
4047000 436
4048000 436
4049000 436
4050000 436
4051000 436
4052000 437
4053000 437
4054000 437
4055000 437
4056000 437
4057000 437
4058000 438
4059000 438
4060000 438
4061000 438
4062000 438
4063000 438
4064000 438
4065000 438
4066000 439
4067000 439
4068000 439
4069000 439
4070000 439
4071000 439
4072000 440
4073000 440
4074000 440
4075000 440
4076000 440
4077000 440
4078000 440
4079000 440
4080000 441
4081000 441
4082000 441
4083000 441
4084000 441
4085000 441
4086000 441
4087000 441
4088000 441
4089000 442
4090000 442
4091000 442
4092000 442
4093000 442
4094000 442
4095000 442
4096000 442
4097000 442
4098000 442
4099000 442
4100000 443
4101000 443
4102000 443
4103000 443
4104000 443
4105000 443
4106000 443
4107000 443
4108000 443
4109000 443
4110000 443
4111000 443
4112000 444
4113000 444
4114000 444
4115000 444
4116000 444
4117000 445
4118000 445
4119000 445
4120000 445
4121000 445
4122000 445
4123000 445
4124000 446
4125000 446
4126000 446
4127000 446
4128000 446
4129000 446
4130000 446
4131000 446
4132000 447
4133000 447
4134000 447
4135000 447
4136000 447
4137000 447
4138000 448
4139000 448
4140000 448
4141000 448
4142000 448
4143000 448
4144000 449
4145000 449
4146000 449
4147000 449
4148000 449
4149000 449
4150000 449
4151000 449
4152000 450
4153000 450
4154000 450
4155000 450
4156000 450
4157000 450
4158000 450
4159000 451
4160000 451
4161000 451
4162000 451
4163000 451
4164000 451
4165000 451
4166000 452
4167000 452
4168000 452
4169000 452
4170000 452
4171000 452
4172000 452
4173000 453
4174000 453
4175000 453
4176000 453
4177000 453
4178000 453
4179000 453
4180000 454
4181000 454
4182000 454
4183000 454
4184000 454
4185000 454
4186000 454
4187000 455
4188000 455
4189000 455
4190000 455
4191000 455
4192000 455
4193000 456
4194000 456
4195000 456
4196000 456
4197000 456
4198000 456
4199000 457
4200000 457
4201000 457
4202000 457
4203000 457
4204000 457
4205000 458
4206000 458
4207000 458
4208000 458
4209000 458
4210000 458
4211000 458
4212000 459
4213000 459
4214000 459
4215000 459
4216000 459
4217000 459
4218000 459
4219000 459
4220000 459
4221000 460
4222000 460
4223000 460
4224000 460
4225000 460
4226000 460
4227000 460
4228000 461
4229000 461
4230000 461
4231000 461
4232000 461
4233000 461
4234000 461
4235000 461
4236000 462
4237000 462
4238000 462
4239000 462
4240000 462
4241000 462
4242000 463
4243000 463
4244000 463
4245000 463
4246000 463
4247000 463
4248000 464
4249000 464
4250000 464
4251000 464
4252000 464
4253000 464
4254000 464
4255000 464
4256000 465
4257000 465
4258000 465
4259000 465
4260000 465
4261000 465
4262000 465
4263000 466
4264000 466
4265000 466
4266000 466
4267000 466
4268000 466
4269000 467
4270000 467
4271000 467
4272000 467
4273000 467
4274000 467
4275000 467
4276000 468
4277000 468
4278000 468
4279000 468
4280000 468
4281000 468
4282000 469
4283000 469
4284000 469
4285000 469
4286000 469
4287000 469
4288000 469
4289000 469
4290000 470
4291000 470
4292000 470
4293000 470
4294000 470
4295000 470
4296000 470
4297000 471
4298000 471
4299000 471
4300000 471
4301000 471
4302000 471
4303000 471
4304000 471
4305000 472
4306000 472
4307000 472
4308000 472
4309000 472
4310000 472
4311000 472
4312000 472
4313000 472
4314000 473
4315000 473
4316000 473
4317000 473
4318000 473
4319000 473
4320000 473
4321000 473
4322000 474
4323000 474
4324000 474
4325000 474
4326000 474
4327000 474
4328000 474
4329000 474
4330000 474
4331000 474
4332000 475
4333000 475
4334000 475
4335000 475
4336000 475
4337000 475
4338000 475
4339000 475
4340000 476
4341000 476
4342000 476
4343000 476
4344000 476
4345000 476
4346000 476
4347000 476
4348000 476
4349000 476
4350000 476
4351000 476
4352000 477
4353000 477
4354000 477
4355000 477
4356000 477
4357000 477
4358000 477
4359000 478
4360000 478
4361000 478
4362000 478
4363000 478
4364000 478
4365000 478
4366000 479
4367000 479
4368000 479
4369000 479
4370000 479
4371000 479
4372000 479
4373000 479
4374000 479
4375000 479
4376000 480
4377000 480
4378000 480
4379000 480
4380000 480
4381000 480
4382000 480
4383000 480
4384000 480
4385000 480
4386000 480
4387000 481
4388000 481
4389000 481
4390000 481
4391000 481
4392000 481
4393000 481
4394000 481
4395000 481
4396000 482
4397000 482
4398000 482
4399000 482
4400000 482
4401000 482
4402000 482
4403000 482
4404000 482
4405000 482
4406000 482
4407000 482
4408000 482
4409000 482
4410000 483
4411000 483
4412000 483
4413000 483
4414000 483
4415000 483
4416000 483
4417000 483
4418000 484
4419000 484
4420000 484
4421000 484
4422000 484
4423000 484
4424000 484
4425000 484
4426000 485
4427000 485
4428000 485
4429000 485
4430000 485
4431000 485
4432000 485
4433000 485
4434000 485
4435000 485
4436000 485
4437000 485
4438000 485
4439000 485
4440000 485
4441000 485
4442000 485
4443000 485
4444000 485
4445000 485
4446000 485
4447000 485
4448000 486
4449000 486
4450000 486
4451000 486
4452000 486
4453000 486
4454000 486
4455000 486
4456000 486
4457000 486
4458000 487
4459000 487
4460000 487
4461000 487
4462000 487
4463000 487
4464000 487
4465000 487
4466000 487
4467000 487
4468000 487
4469000 487
4470000 487
4471000 488
4472000 488
4473000 488
4474000 488
4475000 488
4476000 488
4477000 488
4478000 488
4479000 488
4480000 488
4481000 489
4482000 489
4483000 489
4484000 489
4485000 489
4486000 489
4487000 489
4488000 489
4489000 489
4490000 490
4491000 490
4492000 490
4493000 490
4494000 490
4495000 490
4496000 490
4497000 490
4498000 490
4499000 491
4500000 491
4501000 491
4502000 491
4503000 491
4504000 491
4505000 491
4506000 491
4507000 491
4508000 492
4509000 492
4510000 492
4511000 492
4512000 492
4513000 492
4514000 492
4515000 492
4516000 492
4517000 492
4518000 492
4519000 492
4520000 493
4521000 493
4522000 493
4523000 493
4524000 493
4525000 493
4526000 493
4527000 493
4528000 493
4529000 493
4530000 494
4531000 494
4532000 494
4533000 494
4534000 494
4535000 494
4536000 494
4537000 494
4538000 494
4539000 495
4540000 495
4541000 495
4542000 495
4543000 495
4544000 495
4545000 495
4546000 495
4547000 495
4548000 495
4549000 495
4550000 496
4551000 496
4552000 496
4553000 496
4554000 496
4555000 496
4556000 496
4557000 496
4558000 496
4559000 496
4560000 496
4561000 497
4562000 497
4563000 497
4564000 497
4565000 497
4566000 497
4567000 497
4568000 497
4569000 497
4570000 497
4571000 497
4572000 497
4573000 497
4574000 498
4575000 498
4576000 498
4577000 498
4578000 498
4579000 498
4580000 498
4581000 498
4582000 498
4583000 498
4584000 498
4585000 499
4586000 499
4587000 499
4588000 499
4589000 499
4590000 499
4591000 499
4592000 499
4593000 499
4594000 500
4595000 500
4596000 500
4597000 500
4598000 500
4599000 500
4600000 500
4601000 500
4602000 500
4603000 500
4604000 501
4605000 501
4606000 501
4607000 501
4608000 501
4609000 501
4610000 501
4611000 501
4612000 501
4613000 502
4614000 502
4615000 502
4616000 502
4617000 502
4618000 502
4619000 502
4620000 502
4621000 502
4622000 502
4623000 503
4624000 503
4625000 503
4626000 503
4627000 503
4628000 503
4629000 503
4630000 503
4631000 503
4632000 503
4633000 503
4634000 503
4635000 503
4636000 504
4637000 504
4638000 504
4639000 504
4640000 504
4641000 504
4642000 504
4643000 504
4644000 504
4645000 504
4646000 504
4647000 505
4648000 505
4649000 505
4650000 505
4651000 505
4652000 505
4653000 505
4654000 505
4655000 505
4656000 505
4657000 506
4658000 506
4659000 506
4660000 506
4661000 506
4662000 506
4663000 506
4664000 506
4665000 506
4666000 506
4667000 507
4668000 507
4669000 507
4670000 507
4671000 507
4672000 507
4673000 507
4674000 507
4675000 507
4676000 507
4677000 507
4678000 508
4679000 508
4680000 508
4681000 508
4682000 508
4683000 508
4684000 508
4685000 508
4686000 508
4687000 508
4688000 508
4689000 509
4690000 509
4691000 509
4692000 509
4693000 509
4694000 509
4695000 509
4696000 509
4697000 509
4698000 509
4699000 510
4700000 510
4701000 510
4702000 510
4703000 510
4704000 510
4705000 510
4706000 510
4707000 510
4708000 510
4709000 511
4710000 511
4711000 511
4712000 511
4713000 511
4714000 511
4715000 511
4716000 511
4717000 511
4718000 511
4719000 511
4720000 511
4721000 511
4722000 512
4723000 512
4724000 512
4725000 512
4726000 512
4727000 512
4728000 512
4729000 512
4730000 513
4731000 513
4732000 513
4733000 513
4734000 513
4735000 513
4736000 513
4737000 513
4738000 513
4739000 513
4740000 514
4741000 514
4742000 514
4743000 514
4744000 514
4745000 514
4746000 514
4747000 514
4748000 514
4749000 514
4750000 515
4751000 515
4752000 515
4753000 515
4754000 515
4755000 515
4756000 515
4757000 515
4758000 515
4759000 515
4760000 516
4761000 516
4762000 516
4763000 516
4764000 516
4765000 516
4766000 516
4767000 516
4768000 516
4769000 517
4770000 517
4771000 517
4772000 517
4773000 517
4774000 517
4775000 517
4776000 517
4777000 517
4778000 517
4779000 517
4780000 518
4781000 518
4782000 518
4783000 518
4784000 518
4785000 518
4786000 518
4787000 518
4788000 518
4789000 518
4790000 518
4791000 519
4792000 519
4793000 519
4794000 519
4795000 519
4796000 519
4797000 519
4798000 519
4799000 519
4800000 519
4801000 519
4802000 519
4803000 519
4804000 519
4805000 520
4806000 520
4807000 520
4808000 520
4809000 520
4810000 520
4811000 520
4812000 520
4813000 520
4814000 520
4815000 520
4816000 520
4817000 520
4818000 520
4819000 520
4820000 520
4821000 520
4822000 520
4823000 520
4824000 521
4825000 521
4826000 521
4827000 521
4828000 521
4829000 521
4830000 521
4831000 521
4832000 521
4833000 521
4834000 521
4835000 521
4836000 521
4837000 521
4838000 521
4839000 521
4840000 521
4841000 521
4842000 521
4843000 522
4844000 522
4845000 522
4846000 522
4847000 522
4848000 522
4849000 522
4850000 522
4851000 522
4852000 522
4853000 522
4854000 522
4855000 522
4856000 522
4857000 522
4858000 522
4859000 522
4860000 522
4861000 522
4862000 523
4863000 523
4864000 523
4865000 523
4866000 523
4867000 523
4868000 523
4869000 523
4870000 523
4871000 523
4872000 523
4873000 523
4874000 523
4875000 523
4876000 523
4877000 523
4878000 523
4879000 523
4880000 523
4881000 523
4882000 523
4883000 523
4884000 524
4885000 524
4886000 524
4887000 524
4888000 524
4889000 524
4890000 524
4891000 524
4892000 524
4893000 524
4894000 524
4895000 524
4896000 524
4897000 524
4898000 524
4899000 524
4900000 524
4901000 524
4902000 524
4903000 524
4904000 524
4905000 524
4906000 524
4907000 524
4908000 524
4909000 524
4910000 524
4911000 524
4912000 524
4913000 524
4914000 524
4915000 524
4916000 524
4917000 524
4918000 524
4919000 524
4920000 524
4921000 524
4922000 524
4923000 524
4924000 524
4925000 524
4926000 524
4927000 524
4928000 524
4929000 524
4930000 524
4931000 524
4932000 524
4933000 524
4934000 524
4935000 524
4936000 524
4937000 524
4938000 524
4939000 524
4940000 524
4941000 524
4942000 524
4943000 524
4944000 524
4945000 524
4946000 524
4947000 524
4948000 524
4949000 524
4950000 524
4951000 524
4952000 524
4953000 524
4954000 524
4955000 524
4956000 524
4957000 524
4958000 524
4959000 524
4960000 524
4961000 524
4962000 524
4963000 524
4964000 524
4965000 524
4966000 524
4967000 524
4968000 524
4969000 524
4970000 524
4971000 524
4972000 524
4973000 524
4974000 524
4975000 524
4976000 524
4977000 524
4978000 524
4979000 524
4980000 524
4981000 524
4982000 524
4983000 524
4984000 524
4985000 524
4986000 524
4987000 524
4988000 524
4989000 524
4990000 524
4991000 524
4992000 524
4993000 524
4994000 524
4995000 524
4996000 524
4997000 524
4998000 524
4999000 524
5000000 524
