0 0
1000 0
2000 0
3000 0
4000 0
5000 0
6000 0
7000 0
8000 0
9000 0
10000 0
11000 0
12000 0
13000 0
14000 0
15000 0
16000 0
17000 0
18000 0
19000 0
20000 0
21000 0
22000 0
23000 0
24000 0
25000 0
26000 0
27000 0
28000 0
29000 0
30000 0
31000 0
32000 0
33000 0
34000 1
35000 1
36000 1
37000 1
38000 1
39000 1
40000 1
41000 1
42000 1
43000 1
44000 1
45000 1
46000 1
47000 1
48000 1
49000 1
50000 2
51000 2
52000 2
53000 2
54000 2
55000 2
56000 2
57000 2
58000 2
59000 2
60000 2
61000 2
62000 3
63000 3
64000 3
65000 3
66000 3
67000 3
68000 3
69000 3
70000 3
71000 3
72000 3
73000 4
74000 4
75000 4
76000 4
77000 4
78000 4
79000 4
80000 4
81000 4
82000 5
83000 5
84000 5
85000 5
86000 5
87000 5
88000 5
89000 5
90000 5
91000 5
92000 5
93000 5
94000 5
95000 5
96000 5
97000 6
98000 6
99000 6
100000 6
101000 6
102000 6
103000 6
104000 6
105000 6
106000 6
107000 6
108000 7
109000 7
110000 7
111000 7
112000 7
113000 7
114000 7
115000 7
116000 7
117000 7
118000 8
119000 8
120000 8
121000 8
122000 8
123000 8
124000 8
125000 9
126000 9
127000 9
128000 9
129000 9
130000 9
131000 9
132000 10
133000 10
134000 10
135000 10
136000 10
137000 10
138000 10
139000 11
140000 11
141000 11
142000 11
143000 11
144000 11
145000 12
146000 12
147000 12
148000 12
149000 12
150000 12
151000 12
152000 12
153000 12
154000 13
155000 13
156000 13
157000 13
158000 13
159000 13
160000 13
161000 13
162000 14
163000 14
164000 14
165000 14
166000 14
167000 14
168000 14
169000 15
170000 15
171000 15
172000 15
173000 15
174000 15
175000 15
176000 15
177000 15
178000 16
179000 16
180000 16
181000 16
182000 16
183000 16
184000 16
185000 16
186000 17
187000 17
188000 17
189000 17
190000 17
191000 17
192000 17
193000 17
194000 18
195000 18
196000 18
197000 18
198000 18
199000 18
200000 19
201000 19
202000 19
203000 19
204000 19
205000 19
206000 19
207000 19
208000 20
209000 20
210000 20
211000 20
212000 20
213000 20
214000 20
215000 20
216000 20
217000 20
218000 20
219000 20
220000 20
221000 21
222000 21
223000 21
224000 21
225000 21
226000 21
227000 21
228000 21
229000 22
230000 22
231000 22
232000 22
233000 22
234000 22
235000 22
236000 22
237000 22
238000 22
239000 23
240000 23
241000 23
242000 23
243000 23
244000 23
245000 24
246000 24
247000 24
248000 24
249000 24
250000 24
251000 24
252000 24
253000 24
254000 24
255000 25
256000 25
257000 25
258000 25
259000 25
260000 25
261000 25
262000 25
263000 25
264000 25
265000 26
266000 26
267000 26
268000 26
269000 26
270000 26
271000 26
272000 26
273000 26
274000 26
275000 26
276000 26
277000 27
278000 27
279000 27
280000 27
281000 27
282000 27
283000 27
284000 27
285000 27
286000 28
287000 28
288000 28
289000 28
290000 28
291000 28
292000 28
293000 28
294000 28
295000 28
296000 29
297000 29
298000 29
299000 29
300000 29
301000 29
302000 29
303000 29
304000 29
305000 30
306000 30
307000 30
308000 30
309000 30
310000 30
311000 31
312000 31
313000 31
314000 31
315000 31
316000 31
317000 31
318000 31
319000 32
320000 32
321000 32
322000 32
323000 32
324000 32
325000 32
326000 33
327000 33
328000 33
329000 33
330000 33
331000 33
332000 33
333000 33
334000 33
335000 34
336000 34
337000 34
338000 34
339000 34
340000 34
341000 34
342000 34
343000 35
344000 35
345000 35
346000 35
347000 35
348000 35
349000 35
350000 35
351000 35
352000 35
353000 36
354000 36
355000 36
356000 36
357000 36
358000 36
359000 36
360000 36
361000 37
362000 37
363000 37
364000 37
365000 37
366000 37
367000 38
368000 38
369000 38
370000 38
371000 38
372000 38
373000 38
374000 38
375000 38
376000 38
377000 39
378000 39
379000 39
380000 39
381000 39
382000 39
383000 39
384000 39
385000 39
386000 40
387000 40
388000 40
389000 40
390000 40
391000 40
392000 40
393000 40
394000 40
395000 40
396000 40
397000 40
398000 41
399000 41
400000 41
401000 41
402000 41
403000 41
404000 41
405000 41
406000 41
407000 41
408000 42
409000 42
410000 42
411000 42
412000 42
413000 42
414000 42
415000 42
416000 42
417000 42
418000 42
419000 42
420000 42
421000 43
422000 43
423000 43
424000 43
425000 43
426000 44
427000 44
428000 44
429000 44
430000 44
431000 44
432000 44
433000 44
434000 45
435000 45
436000 45
437000 45
438000 45
439000 45
440000 45
441000 45
442000 45
443000 45
444000 46
445000 46
446000 46
447000 46
448000 46
449000 46
450000 46
451000 46
452000 47
453000 47
454000 47
455000 47
456000 47
457000 47
458000 47
459000 47
460000 47
461000 48
462000 48
463000 48
464000 48
465000 48
466000 48
467000 48
468000 48
469000 49
470000 49
471000 49
472000 49
473000 49
474000 49
475000 49
476000 49
477000 50
478000 50
479000 50
480000 50
481000 50
482000 50
483000 50
484000 50
485000 50
486000 50
487000 50
488000 50
489000 50
490000 51
491000 51
492000 51
493000 51
494000 51
495000 51
496000 51
497000 51
498000 51
499000 52
500000 52
501000 52
502000 52
503000 52
504000 52
505000 52
506000 52
507000 52
508000 52
509000 53
510000 53
511000 53
512000 53
513000 53
514000 53
515000 53
516000 53
517000 53
518000 54
519000 54
520000 54
521000 54
522000 54
523000 54
524000 54
525000 54
526000 54
527000 55
528000 55
529000 55
530000 55
531000 55
532000 55
533000 55
534000 55
535000 55
536000 55
537000 56
538000 56
539000 56
540000 56
541000 56
542000 56
543000 56
544000 56
545000 57
546000 57
547000 57
548000 57
549000 57
550000 57
551000 58
552000 58
553000 58
554000 58
555000 58
556000 58
557000 58
558000 58
559000 58
560000 58
561000 59
562000 59
563000 59
564000 59
565000 59
566000 59
567000 59
568000 60
569000 60
570000 60
571000 60
572000 60
573000 60
574000 60
575000 60
576000 60
577000 60
578000 61
579000 61
580000 61
581000 61
582000 61
583000 61
584000 61
585000 61
586000 61
587000 61
588000 61
589000 62
590000 62
591000 62
592000 62
593000 62
594000 62
595000 62
596000 62
597000 62
598000 62
599000 62
600000 62
601000 63
602000 63
603000 63
604000 63
605000 63
606000 63
607000 63
608000 63
609000 63
610000 63
611000 63
612000 63
613000 63
614000 63
615000 64
616000 64
617000 64
618000 64
619000 64
620000 64
621000 64
622000 64
623000 64
624000 64
625000 64
626000 64
627000 65
628000 65
629000 65
630000 65
631000 65
632000 65
633000 65
634000 65
635000 65
636000 65
637000 65
638000 65
639000 66
640000 66
641000 66
642000 66
643000 66
644000 66
645000 66
646000 66
647000 66
648000 66
649000 66
650000 67
651000 67
652000 67
653000 67
654000 67
655000 67
656000 67
657000 67
658000 67
659000 67
660000 67
661000 67
662000 67
663000 67
664000 67
665000 67
666000 68
667000 68
668000 68
669000 68
670000 68
671000 68
672000 68
673000 68
674000 68
675000 68
676000 68
677000 68
678000 68
679000 68
680000 68
681000 69
682000 69
683000 69
684000 69
685000 69
686000 69
687000 69
688000 69
689000 69
690000 69
691000 69
692000 69
693000 69
694000 69
695000 69
696000 69
697000 69
698000 69
699000 69
700000 69
701000 69
702000 69
703000 69
704000 69
705000 69
706000 69
707000 69
708000 69
709000 69
710000 69
711000 69
712000 69
713000 69
714000 69
715000 69
716000 69
717000 69
718000 69
719000 69
720000 69
721000 70
722000 70
723000 70
724000 70
725000 70
726000 70
727000 70
728000 70
729000 70
730000 70
731000 70
732000 70
733000 70
734000 70
735000 70
736000 70
737000 70
738000 70
739000 70
740000 70
741000 70
742000 70
743000 70
744000 70
745000 70
746000 70
747000 70
748000 70
749000 70
750000 70
751000 70
752000 70
753000 70
754000 70
755000 70
756000 70
757000 70
758000 70
759000 70
760000 71
761000 71
762000 71
763000 71
764000 71
765000 71
766000 71
767000 71
768000 71
769000 72
770000 72
771000 72
772000 72
773000 72
774000 73
775000 73
776000 73
777000 73
778000 73
779000 73
780000 73
781000 74
782000 74
783000 74
784000 74
785000 74
786000 74
787000 74
788000 74
789000 75
790000 75
791000 75
792000 75
793000 75
794000 75
795000 75
796000 75
797000 75
798000 76
799000 76
800000 76
801000 76
802000 76
803000 76
804000 76
805000 76
806000 76
807000 76
808000 76
809000 76
810000 77
811000 77
812000 77
813000 77
814000 77
815000 77
816000 78
817000 78
818000 78
819000 78
820000 78
821000 78
822000 78
823000 78
824000 78
825000 78
826000 78
827000 79
828000 79
829000 79
830000 79
831000 79
832000 79
833000 79
834000 79
835000 79
836000 79
837000 79
838000 79
839000 80
840000 80
841000 80
842000 80
843000 80
844000 80
845000 80
846000 80
847000 81
848000 81
849000 81
850000 81
851000 81
852000 81
853000 81
854000 81
855000 81
856000 81
857000 81
858000 81
859000 81
860000 82
861000 82
862000 82
863000 82
864000 82
865000 82
866000 82
867000 82
868000 83
869000 83
870000 83
871000 83
872000 83
873000 83
874000 83
875000 83
876000 83
877000 84
878000 84
879000 84
880000 84
881000 84
882000 84
883000 84
884000 84
885000 84
886000 85
887000 85
888000 85
889000 85
890000 85
891000 85
892000 85
893000 85
894000 86
895000 86
896000 86
897000 86
898000 86
899000 86
900000 86
901000 86
902000 86
903000 86
904000 87
905000 87
906000 87
907000 87
908000 87
909000 87
910000 87
911000 87
912000 88
913000 88
914000 88
915000 88
916000 88
917000 89
918000 89
919000 89
920000 89
921000 89
922000 89
923000 89
924000 89
925000 89
926000 89
927000 90
928000 90
929000 90
930000 90
931000 90
932000 90
933000 90
934000 90
935000 90
936000 90
937000 91
938000 91
939000 91
940000 91
941000 91
942000 91
943000 91
944000 91
945000 91
946000 91
947000 92
948000 92
949000 92
950000 92
951000 92
952000 92
953000 92
954000 93
955000 93
956000 93
957000 93
958000 93
959000 93
960000 94
961000 94
962000 94
963000 94
964000 94
965000 94
966000 94
967000 95
968000 95
969000 95
970000 95
971000 95
972000 95
973000 95
974000 95
975000 95
976000 96
977000 96
978000 96
979000 96
980000 96
981000 96
982000 96
983000 96
984000 97
985000 97
986000 97
987000 97
988000 97
989000 97
990000 97
991000 97
992000 97
993000 98
994000 98
995000 98
996000 98
997000 98
998000 98
999000 98
1000000 98
1001000 98
1002000 98
1003000 98
1004000 98
1005000 99
1006000 99
1007000 99
1008000 99
1009000 99
1010000 99
1011000 100
1012000 100
1013000 100
1014000 100
1015000 100
1016000 100
1017000 100
1018000 101
1019000 101
1020000 101
1021000 101
1022000 101
1023000 101
1024000 101
1025000 101
1026000 102
1027000 102
1028000 102
1029000 102
1030000 102
1031000 103
1032000 103
1033000 103
1034000 103
1035000 103
1036000 103
1037000 103
1038000 103
1039000 103
1040000 103
1041000 103
1042000 103
1043000 103
1044000 103
1045000 104
1046000 104
1047000 104
1048000 104
1049000 104
1050000 104
1051000 104
1052000 104
1053000 104
1054000 104
1055000 104
1056000 105
1057000 105
1058000 105
1059000 105
1060000 105
1061000 105
1062000 105
1063000 105
1064000 105
1065000 105
1066000 106
1067000 106
1068000 106
1069000 106
1070000 106
1071000 106
1072000 106
1073000 106
1074000 106
1075000 107
1076000 107
1077000 107
1078000 107
1079000 107
1080000 107
1081000 107
1082000 108
1083000 108
1084000 108
1085000 108
1086000 108
1087000 108
1088000 108
1089000 108
1090000 108
1091000 108
1092000 109
1093000 109
1094000 109
1095000 109
1096000 109
1097000 109
1098000 109
1099000 109
1100000 109
1101000 110
1102000 110
1103000 110
1104000 110
1105000 110
1106000 110
1107000 110
1108000 110
1109000 111
1110000 111
1111000 111
1112000 111
1113000 111
1114000 111
1115000 111
1116000 111
1117000 112
1118000 112
1119000 112
1120000 112
1121000 112
1122000 112
1123000 112
1124000 112
1125000 112
1126000 113
1127000 113
1128000 113
1129000 113
1130000 113
1131000 113
1132000 113
1133000 113
1134000 113
1135000 113
1136000 113
1137000 113
1138000 113
1139000 113
1140000 113
1141000 113
1142000 113
1143000 114
1144000 114
1145000 114
1146000 114
1147000 114
1148000 114
1149000 114
1150000 114
1151000 115
1152000 115
1153000 115
1154000 115
1155000 115
1156000 116
1157000 116
1158000 116
1159000 116
1160000 116
1161000 116
1162000 116
1163000 117
1164000 117
1165000 117
1166000 117
1167000 117
1168000 117
1169000 117
1170000 117
1171000 117
1172000 117
1173000 118
1174000 118
1175000 118
1176000 118
1177000 118
1178000 118
1179000 118
1180000 118
1181000 118
1182000 119
1183000 119
1184000 119
1185000 119
1186000 119
1187000 119
1188000 120
1189000 120
1190000 120
1191000 120
1192000 120
1193000 120
1194000 120
1195000 121
1196000 121
1197000 121
1198000 121
1199000 121
1200000 121
1201000 121
1202000 122
1203000 122
1204000 122
1205000 122
1206000 122
1207000 122
1208000 122
1209000 123
1210000 123
1211000 123
1212000 123
1213000 123
1214000 123
1215000 123
1216000 123
1217000 124
1218000 124
1219000 124
1220000 124
1221000 124
1222000 124
1223000 125
1224000 125
1225000 125
1226000 125
1227000 125
1228000 125
1229000 125
1230000 125
1231000 125
1232000 126
1233000 126
1234000 126
1235000 126
1236000 126
1237000 126
1238000 126
1239000 126
1240000 127
1241000 127
1242000 127
1243000 127
1244000 127
1245000 127
1246000 128
1247000 128
1248000 128
1249000 128
1250000 128
1251000 128
1252000 128
1253000 128
1254000 129
1255000 129
1256000 129
1257000 129
1258000 129
1259000 129
1260000 129
1261000 129
1262000 129
1263000 129
1264000 130
1265000 130
1266000 130
1267000 130
1268000 130
1269000 131
1270000 131
1271000 131
1272000 131
1273000 131
1274000 131
1275000 131
1276000 132
1277000 132
1278000 132
1279000 132
1280000 132
1281000 132
1282000 132
1283000 132
1284000 133
1285000 133
1286000 133
1287000 133
1288000 133
1289000 134
1290000 134
1291000 134
1292000 134
1293000 134
1294000 135
1295000 135
1296000 135
1297000 135
1298000 135
1299000 136
1300000 136
1301000 136
1302000 136
1303000 136
1304000 136
1305000 137
1306000 137
1307000 137
1308000 137
1309000 137
1310000 138
1311000 138
1312000 138
1313000 138
1314000 138
1315000 138
1316000 139
1317000 139
1318000 139
1319000 139
1320000 139
1321000 139
1322000 140
1323000 140
1324000 140
1325000 140
1326000 140
1327000 140
1328000 140
1329000 140
1330000 141
1331000 141
1332000 141
1333000 141
1334000 141
1335000 141
1336000 142
1337000 142
1338000 142
1339000 142
1340000 142
1341000 142
1342000 143
1343000 143
1344000 143
1345000 143
1346000 143
1347000 143
1348000 143
1349000 143
1350000 143
1351000 143
1352000 144
1353000 144
1354000 144
1355000 144
1356000 144
1357000 144
1358000 144
1359000 145
1360000 145
1361000 145
1362000 145
1363000 145
1364000 145
1365000 145
1366000 145
1367000 145
1368000 145
1369000 145
1370000 146
1371000 146
1372000 146
1373000 146
1374000 146
1375000 147
1376000 147
1377000 147
1378000 147
1379000 147
1380000 147
1381000 148
1382000 148
1383000 148
1384000 148
1385000 148
1386000 148
1387000 149
1388000 149
1389000 149
1390000 149
1391000 149
1392000 150
1393000 150
1394000 150
1395000 150
1396000 150
1397000 151
1398000 151
1399000 151
1400000 151
1401000 151
1402000 151
1403000 151
1404000 151
1405000 152
1406000 152
1407000 152
1408000 152
1409000 152
1410000 152
1411000 152
1412000 152
1413000 152
1414000 152
1415000 152
1416000 152
1417000 153
1418000 153
1419000 153
1420000 153
1421000 153
1422000 153
1423000 153
1424000 154
1425000 154
1426000 154
1427000 154
1428000 154
1429000 154
1430000 154
1431000 154
1432000 155
1433000 155
1434000 155
1435000 155
1436000 155
1437000 156
1438000 156
1439000 156
1440000 156
1441000 156
1442000 156
1443000 156
1444000 157
1445000 157
1446000 157
1447000 157
1448000 157
1449000 157
1450000 158
1451000 158
1452000 158
1453000 158
1454000 158
1455000 158
1456000 159
1457000 159
1458000 159
1459000 159
1460000 159
1461000 159
1462000 160
1463000 160
1464000 160
1465000 160
1466000 160
1467000 160
1468000 160
1469000 160
1470000 161
1471000 161
1472000 161
1473000 161
1474000 161
1475000 161
1476000 161
1477000 161
1478000 162
1479000 162
1480000 162
1481000 162
1482000 162
1483000 162
1484000 163
1485000 163
1486000 163
1487000 163
1488000 163
1489000 163
1490000 164
1491000 164
1492000 164
1493000 164
1494000 164
1495000 164
1496000 164
1497000 164
1498000 165
1499000 165
1500000 165
1501000 165
1502000 165
1503000 165
1504000 165
1505000 165
1506000 166
1507000 166
1508000 166
1509000 166
1510000 166
1511000 167
1512000 167
1513000 167
1514000 167
1515000 167
1516000 167
1517000 168
1518000 168
1519000 168
1520000 168
1521000 168
1522000 168
1523000 168
1524000 168
1525000 169
1526000 169
1527000 169
1528000 169
1529000 169
1530000 169
1531000 169
1532000 169
1533000 170
1534000 170
1535000 170
1536000 170
1537000 170
1538000 170
1539000 170
1540000 170
1541000 171
1542000 171
1543000 171
1544000 171
1545000 171
1546000 172
1547000 172
1548000 172
1549000 172
1550000 172
1551000 172
1552000 173
1553000 173
1554000 173
1555000 173
1556000 173
1557000 173
1558000 173
1559000 173
1560000 174
1561000 174
1562000 174
1563000 174
1564000 174
1565000 174
1566000 174
1567000 175
1568000 175
1569000 175
1570000 175
1571000 175
1572000 175
1573000 176
1574000 176
1575000 176
1576000 176
1577000 176
1578000 177
1579000 177
1580000 177
1581000 177
1582000 177
1583000 177
1584000 177
1585000 177
1586000 177
1587000 178
1588000 178
1589000 178
1590000 178
1591000 178
1592000 178
1593000 178
1594000 179
1595000 179
1596000 179
1597000 179
1598000 179
1599000 179
1600000 179
1601000 179
1602000 180
1603000 180
1604000 180
1605000 180
1606000 180
1607000 180
1608000 181
1609000 181
1610000 181
1611000 181
1612000 181
1613000 181
1614000 181
1615000 182
1616000 182
1617000 182
1618000 182
1619000 182
1620000 182
1621000 182
1622000 183
1623000 183
1624000 183
1625000 183
1626000 183
1627000 183
1628000 183
1629000 184
1630000 184
1631000 184
1632000 184
1633000 184
1634000 185
1635000 185
1636000 185
1637000 185
1638000 185
1639000 185
1640000 186
1641000 186
1642000 186
1643000 186
1644000 186
1645000 186
1646000 186
1647000 186
1648000 186
1649000 186
1650000 186
1651000 187
1652000 187
1653000 187
1654000 187
1655000 187
1656000 187
1657000 187
1658000 187
1659000 187
1660000 188
1661000 188
1662000 188
1663000 188
1664000 188
1665000 188
1666000 188
1667000 188
1668000 189
1669000 189
1670000 189
1671000 189
1672000 189
1673000 189
1674000 190
1675000 190
1676000 190
1677000 190
1678000 190
1679000 191
1680000 191
1681000 191
1682000 191
1683000 191
1684000 191
1685000 191
1686000 192
1687000 192
1688000 192
1689000 192
1690000 192
1691000 193
1692000 193
1693000 193
1694000 193
1695000 193
1696000 193
1697000 193
1698000 193
1699000 194
1700000 194
1701000 194
1702000 194
1703000 194
1704000 194
1705000 194
1706000 195
1707000 195
1708000 195
1709000 195
1710000 195
1711000 195
1712000 196
1713000 196
1714000 196
1715000 196
1716000 196
1717000 197
1718000 197
1719000 197
1720000 197
1721000 197
1722000 197
1723000 197
1724000 197
1725000 197
1726000 198
1727000 198
1728000 198
1729000 198
1730000 198
1731000 198
1732000 198
1733000 199
1734000 199
1735000 199
1736000 199
1737000 199
1738000 199
1739000 199
1740000 200
1741000 200
1742000 200
1743000 200
1744000 200
1745000 200
1746000 200
1747000 200
1748000 201
1749000 201
1750000 201
1751000 201
1752000 201
1753000 201
1754000 201
1755000 201
1756000 201
1757000 201
1758000 202
1759000 202
1760000 202
1761000 202
1762000 202
1763000 202
1764000 203
1765000 203
1766000 203
1767000 203
1768000 203
1769000 203
1770000 203
1771000 203
1772000 204
1773000 204
1774000 204
1775000 204
1776000 204
1777000 204
1778000 205
1779000 205
1780000 205
1781000 205
1782000 205
1783000 205
1784000 205
1785000 206
1786000 206
1787000 206
1788000 206
1789000 206
1790000 206
1791000 206
1792000 206
1793000 207
1794000 207
1795000 207
1796000 207
1797000 207
1798000 207
1799000 208
1800000 208
1801000 208
1802000 208
1803000 208
1804000 208
1805000 208
1806000 208
1807000 209
1808000 209
1809000 209
1810000 209
1811000 209
1812000 209
1813000 210
1814000 210
1815000 210
1816000 210
1817000 210
1818000 211
1819000 211
1820000 211
1821000 211
1822000 211
1823000 211
1824000 212
1825000 212
1826000 212
1827000 212
1828000 212
1829000 212
1830000 212
1831000 212
1832000 213
1833000 213
1834000 213
1835000 213
1836000 213
1837000 213
1838000 213
1839000 214
1840000 214
1841000 214
1842000 214
1843000 214
1844000 214
1845000 214
1846000 214
1847000 215
1848000 215
1849000 215
1850000 215
1851000 215
1852000 215
1853000 215
1854000 215
1855000 215
1856000 216
1857000 216
1858000 216
1859000 216
1860000 216
1861000 216
1862000 216
1863000 217
1864000 217
1865000 217
1866000 217
1867000 217
1868000 217
1869000 217
1870000 217
1871000 217
1872000 217
1873000 218
1874000 218
1875000 218
1876000 218
1877000 218
1878000 218
1879000 219
1880000 219
1881000 219
1882000 219
1883000 219
1884000 219
1885000 219
1886000 220
1887000 220
1888000 220
1889000 220
1890000 220
1891000 220
1892000 220
1893000 220
1894000 220
1895000 220
1896000 221
1897000 221
1898000 221
1899000 221
1900000 221
1901000 222
1902000 222
1903000 222
1904000 222
1905000 222
1906000 222
1907000 223
1908000 223
1909000 223
1910000 223
1911000 223
1912000 223
1913000 223
1914000 223
1915000 223
1916000 224
1917000 224
1918000 224
1919000 224
1920000 224
1921000 224
1922000 224
1923000 225
1924000 225
1925000 225
1926000 225
1927000 225
1928000 225
1929000 225
1930000 225
1931000 226
1932000 226
1933000 226
1934000 226
1935000 226
1936000 226
1937000 226
1938000 227
1939000 227
1940000 227
1941000 227
1942000 227
1943000 227
1944000 227
1945000 228
1946000 228
1947000 228
1948000 228
1949000 228
1950000 228
1951000 228
1952000 228
1953000 229
1954000 229
1955000 229
1956000 229
1957000 229
1958000 230
1959000 230
1960000 230
1961000 230
1962000 230
1963000 230
1964000 230
1965000 230
1966000 231
1967000 231
1968000 231
1969000 231
1970000 231
1971000 232
1972000 232
1973000 232
1974000 232
1975000 232
1976000 232
1977000 232
1978000 233
1979000 233
1980000 233
1981000 233
1982000 233
1983000 233
1984000 233
1985000 234
1986000 234
1987000 234
1988000 234
1989000 234
1990000 234
1991000 234
1992000 234
1993000 234
1994000 235
1995000 235
1996000 235
1997000 235
1998000 235
1999000 235
2000000 235
2001000 235
2002000 236
2003000 236
2004000 236
2005000 236
2006000 236
2007000 236
2008000 237
2009000 237
2010000 237
2011000 237
2012000 237
2013000 237
2014000 237
2015000 238
2016000 238
2017000 238
2018000 238
2019000 238
2020000 238
2021000 239
2022000 239
2023000 239
2024000 239
2025000 239
2026000 240
2027000 240
2028000 240
2029000 240
2030000 240
2031000 240
2032000 240
2033000 241
2034000 241
2035000 241
2036000 241
2037000 241
2038000 241
2039000 242
2040000 242
2041000 242
2042000 242
2043000 242
2044000 242
2045000 243
2046000 243
2047000 243
2048000 243
2049000 243
2050000 243
2051000 244
2052000 244
2053000 244
2054000 244
2055000 244
2056000 245
2057000 245
2058000 245
2059000 245
2060000 245
2061000 245
2062000 245
2063000 245
2064000 245
2065000 245
2066000 245
2067000 245
2068000 246
2069000 246
2070000 246
2071000 246
2072000 246
2073000 246
2074000 246
2075000 246
2076000 246
2077000 246
2078000 247
2079000 247
2080000 247
2081000 247
2082000 247
2083000 247
2084000 247
2085000 248
2086000 248
2087000 248
2088000 248
2089000 248
2090000 248
2091000 248
2092000 248
2093000 248
2094000 248
2095000 248
2096000 248
2097000 249
2098000 249
2099000 249
2100000 249
2101000 249
2102000 249
2103000 250
2104000 250
2105000 250
2106000 250
2107000 250
2108000 250
2109000 250
2110000 251
2111000 251
2112000 251
2113000 251
2114000 251
2115000 251
2116000 251
2117000 251
2118000 252
2119000 252
2120000 252
2121000 252
2122000 252
2123000 252
2124000 252
2125000 253
2126000 253
2127000 253
2128000 253
2129000 253
2130000 253
2131000 254
2132000 254
2133000 254
2134000 254
2135000 254
2136000 254
2137000 254
2138000 255
2139000 255
2140000 255
2141000 255
2142000 255
2143000 255
2144000 256
2145000 256
2146000 256
2147000 256
2148000 256
2149000 257
2150000 257
2151000 257
2152000 257
2153000 257
2154000 257
2155000 257
2156000 257
2157000 258
2158000 258
2159000 258
2160000 258
2161000 258
2162000 258
2163000 258
2164000 258
2165000 259
2166000 259
2167000 259
2168000 259
2169000 259
2170000 260
2171000 260
2172000 260
2173000 260
2174000 260
2175000 260
2176000 261
2177000 261
2178000 261
2179000 261
2180000 261
2181000 262
2182000 262
2183000 262
2184000 262
2185000 262
2186000 262
2187000 262
2188000 263
2189000 263
2190000 263
2191000 263
2192000 263
2193000 263
2194000 263
2195000 263
2196000 264
2197000 264
2198000 264
2199000 264
2200000 264
2201000 264
2202000 265
2203000 265
2204000 265
2205000 265
2206000 265
2207000 265
2208000 265
2209000 265
2210000 265
2211000 265
2212000 266
2213000 266
2214000 266
2215000 266
2216000 266
2217000 266
2218000 266
2219000 267
2220000 267
2221000 267
2222000 267
2223000 267
2224000 267
2225000 267
2226000 268
2227000 268
2228000 268
2229000 268
2230000 268
2231000 269
2232000 269
2233000 269
2234000 269
2235000 269
2236000 269
2237000 269
2238000 269
2239000 270
2240000 270
2241000 270
2242000 270
2243000 270
2244000 270
2245000 271
2246000 271
2247000 271
2248000 271
2249000 271
2250000 271
2251000 272
2252000 272
2253000 272
2254000 272
2255000 272
2256000 272
2257000 272
2258000 273
2259000 273
2260000 273
2261000 273
2262000 273
2263000 274
2264000 274
2265000 274
2266000 274
2267000 274
2268000 274
2269000 274
2270000 274
2271000 275
2272000 275
2273000 275
2274000 275
2275000 275
2276000 275
2277000 276
2278000 276
2279000 276
2280000 276
2281000 276
2282000 277
2283000 277
2284000 277
2285000 277
2286000 277
2287000 277
2288000 277
2289000 278
2290000 278
2291000 278
2292000 278
2293000 278
2294000 278
2295000 279
2296000 279
2297000 279
2298000 279
2299000 279
2300000 279
2301000 279
2302000 279
2303000 279
2304000 280
2305000 280
2306000 280
2307000 280
2308000 280
2309000 280
2310000 280
2311000 280
2312000 280
2313000 280
2314000 280
2315000 281
2316000 281
2317000 281
2318000 281
2319000 281
2320000 281
2321000 281
2322000 281
2323000 282
2324000 282
2325000 282
2326000 282
2327000 282
2328000 283
2329000 283
2330000 283
2331000 283
2332000 284
2333000 284
2334000 284
2335000 284
2336000 284
2337000 284
2338000 284
2339000 285
2340000 285
2341000 285
2342000 285
2343000 285
2344000 285
2345000 286
2346000 286
2347000 286
2348000 286
2349000 286
2350000 287
2351000 287
2352000 287
2353000 287
2354000 287
2355000 287
2356000 288
2357000 288
2358000 288
2359000 288
2360000 288
2361000 288
2362000 288
2363000 288
2364000 288
2365000 288
2366000 289
2367000 289
2368000 289
2369000 289
2370000 289
2371000 289
2372000 289
2373000 289
2374000 290
2375000 290
2376000 290
2377000 290
2378000 290
2379000 290
2380000 290
2381000 291
2382000 291
2383000 291
2384000 291
2385000 291
2386000 291
2387000 292
2388000 292
2389000 292
2390000 292
2391000 292
2392000 292
2393000 292
2394000 293
2395000 293
2396000 293
2397000 293
2398000 293
2399000 293
2400000 294
2401000 294
2402000 294
2403000 294
2404000 294
2405000 294
2406000 294
2407000 295
2408000 295
2409000 295
2410000 295
2411000 295
2412000 295
2413000 296
2414000 296
2415000 296
2416000 296
2417000 296
2418000 296
2419000 296
2420000 296
2421000 297
2422000 297
2423000 297
2424000 297
2425000 297
2426000 297
2427000 297
2428000 298
2429000 298
2430000 298
2431000 298
2432000 298
2433000 298
2434000 298
2435000 298
2436000 298
2437000 298
2438000 298
2439000 298
2440000 298
2441000 298
2442000 298
2443000 298
2444000 298
2445000 298
2446000 298
2447000 298
2448000 298
2449000 298
2450000 298
2451000 298
2452000 298
2453000 298
2454000 298
2455000 298
2456000 298
2457000 298
2458000 298
2459000 298
2460000 298
2461000 298
2462000 298
2463000 298
2464000 298
2465000 298
2466000 298
2467000 298
2468000 298
2469000 298
2470000 298
2471000 298
2472000 298
2473000 298
2474000 298
2475000 298
2476000 298
2477000 298
2478000 298
2479000 298
2480000 298
2481000 298
2482000 298
2483000 298
2484000 298
2485000 298
2486000 298
2487000 298
2488000 298
2489000 298
2490000 298
2491000 298
2492000 298
2493000 298
2494000 298
2495000 298
2496000 298
2497000 298
2498000 298
2499000 298
2500000 298
2501000 298
2502000 298
2503000 298
2504000 298
2505000 298
2506000 298
2507000 298
2508000 298
2509000 298
2510000 298
2511000 298
2512000 298
2513000 298
2514000 298
2515000 298
2516000 298
2517000 298
2518000 298
2519000 298
2520000 298
2521000 298
2522000 298
2523000 298
2524000 298
2525000 298
2526000 298
2527000 298
2528000 298
2529000 298
2530000 298
2531000 298
2532000 298
2533000 298
2534000 298
2535000 298
2536000 298
2537000 298
2538000 298
2539000 298
2540000 298
2541000 298
2542000 298
2543000 298
2544000 298
2545000 298
2546000 298
2547000 298
2548000 298
2549000 298
2550000 298
2551000 298
2552000 298
2553000 298
2554000 298
2555000 298
2556000 298
2557000 298
2558000 298
2559000 298
2560000 298
2561000 298
2562000 298
2563000 298
2564000 298
2565000 298
2566000 298
2567000 298
2568000 298
2569000 298
2570000 298
2571000 298
2572000 298
2573000 298
2574000 298
2575000 298
2576000 298
2577000 298
2578000 298
2579000 298
2580000 298
2581000 298
2582000 298
2583000 298
2584000 298
2585000 298
2586000 298
2587000 298
2588000 298
2589000 298
2590000 298
2591000 298
2592000 298
2593000 298
2594000 298
2595000 298
2596000 298
2597000 298
2598000 298
2599000 298
2600000 298
2601000 298
2602000 298
2603000 298
2604000 298
2605000 298
2606000 298
2607000 298
2608000 298
2609000 298
2610000 298
2611000 298
2612000 298
2613000 298
2614000 298
2615000 298
2616000 298
2617000 298
2618000 298
2619000 298
2620000 298
2621000 298
2622000 298
2623000 298
2624000 298
2625000 298
2626000 298
2627000 298
2628000 298
2629000 298
2630000 298
2631000 298
2632000 298
2633000 298
2634000 298
2635000 298
2636000 298
2637000 298
2638000 298
2639000 298
2640000 298
2641000 298
2642000 298
2643000 298
2644000 298
2645000 298
2646000 298
2647000 298
2648000 298
2649000 298
2650000 298
2651000 298
2652000 298
2653000 298
2654000 298
2655000 298
2656000 298
2657000 298
2658000 298
2659000 298
2660000 298
2661000 298
2662000 298
2663000 298
2664000 298
2665000 298
2666000 298
2667000 298
2668000 298
2669000 298
2670000 298
2671000 298
2672000 298
2673000 298
2674000 298
2675000 298
2676000 298
2677000 298
2678000 298
2679000 298
2680000 298
2681000 298
2682000 298
2683000 298
2684000 298
2685000 298
2686000 298
2687000 298
2688000 298
2689000 298
2690000 298
2691000 298
2692000 298
2693000 298
2694000 298
2695000 298
2696000 298
2697000 298
2698000 298
2699000 298
2700000 298
2701000 298
2702000 298
2703000 298
2704000 298
2705000 298
2706000 298
2707000 298
2708000 298
2709000 298
2710000 298
2711000 298
2712000 298
2713000 298
2714000 298
2715000 298
2716000 298
2717000 298
2718000 298
2719000 298
2720000 298
2721000 298
2722000 298
2723000 298
2724000 298
2725000 298
2726000 298
2727000 298
2728000 298
2729000 298
2730000 298
2731000 298
2732000 298
2733000 298
2734000 298
2735000 298
2736000 298
2737000 298
2738000 298
2739000 298
2740000 298
2741000 298
2742000 299
2743000 299
2744000 299
2745000 299
2746000 299
2747000 299
2748000 299
2749000 299
2750000 299
2751000 300
2752000 300
2753000 300
2754000 300
2755000 300
2756000 300
2757000 300
2758000 300
2759000 300
2760000 300
2761000 300
2762000 301
2763000 301
2764000 301
2765000 301
2766000 301
2767000 301
2768000 301
2769000 301
2770000 301
2771000 301
2772000 301
2773000 301
2774000 301
2775000 301
2776000 301
2777000 302
2778000 302
2779000 302
2780000 302
2781000 302
2782000 302
2783000 302
2784000 302
2785000 302
2786000 302
2787000 302
2788000 302
2789000 302
2790000 302
2791000 302
2792000 302
2793000 302
2794000 303
2795000 303
2796000 303
2797000 303
2798000 303
2799000 303
2800000 303
2801000 303
2802000 303
2803000 303
2804000 303
2805000 303
2806000 303
2807000 303
2808000 303
2809000 303
2810000 303
2811000 303
2812000 303
2813000 303
2814000 304
2815000 304
2816000 304
2817000 304
2818000 304
2819000 304
2820000 304
2821000 304
2822000 304
2823000 304
2824000 304
2825000 304
2826000 304
2827000 305
2828000 305
2829000 305
2830000 305
2831000 305
2832000 305
2833000 305
2834000 305
2835000 305
2836000 305
2837000 305
2838000 306
2839000 306
2840000 306
2841000 306
2842000 306
2843000 306
2844000 306
2845000 306
2846000 306
2847000 307
2848000 307
2849000 307
2850000 307
2851000 307
2852000 307
2853000 307
2854000 307
2855000 307
2856000 307
2857000 307
2858000 307
2859000 308
2860000 308
2861000 308
2862000 308
2863000 308
2864000 308
2865000 308
2866000 308
2867000 308
2868000 309
2869000 309
2870000 309
2871000 309
2872000 309
2873000 309
2874000 309
2875000 309
2876000 309
2877000 309
2878000 309
2879000 309
2880000 309
2881000 309
2882000 310
2883000 310
2884000 310
2885000 310
2886000 310
2887000 310
2888000 310
2889000 310
2890000 310
2891000 310
2892000 310
2893000 310
2894000 310
2895000 311
2896000 311
2897000 311
2898000 311
2899000 311
2900000 311
2901000 311
2902000 311
2903000 311
2904000 311
2905000 311
2906000 311
2907000 311
2908000 311
2909000 311
2910000 312
2911000 312
2912000 312
2913000 312
2914000 312
2915000 312
2916000 312
2917000 312
2918000 312
2919000 312
2920000 312
2921000 312
2922000 313
2923000 313
2924000 313
2925000 313
2926000 313
2927000 313
2928000 313
2929000 313
2930000 313
2931000 313
2932000 313
2933000 313
2934000 313
2935000 313
2936000 313
2937000 313
2938000 313
2939000 313
2940000 313
2941000 313
2942000 313
2943000 313
2944000 313
2945000 313
2946000 313
2947000 313
2948000 313
2949000 313
2950000 313
2951000 313
2952000 313
2953000 313
2954000 313
2955000 313
2956000 313
2957000 313
2958000 313
2959000 313
2960000 313
2961000 313
2962000 313
2963000 313
2964000 313
2965000 313
2966000 313
2967000 313
2968000 313
2969000 313
2970000 313
2971000 313
2972000 313
2973000 313
2974000 313
2975000 313
2976000 313
2977000 313
2978000 313
2979000 313
2980000 313
2981000 313
2982000 313
2983000 313
2984000 313
2985000 313
2986000 313
2987000 313
2988000 313
2989000 313
2990000 313
2991000 313
2992000 313
2993000 313
2994000 313
2995000 313
2996000 313
2997000 313
2998000 313
2999000 313
3000000 313
3001000 313
3002000 313
3003000 313
3004000 313
3005000 313
3006000 313
3007000 313
3008000 313
3009000 313
3010000 313
3011000 313
3012000 313
3013000 313
3014000 313
3015000 313
3016000 313
3017000 313
3018000 313
3019000 313
3020000 313
3021000 313
3022000 313
3023000 313
3024000 313
3025000 313
3026000 313
3027000 313
3028000 313
3029000 313
3030000 313
3031000 313
3032000 313
3033000 313
3034000 313
3035000 314
3036000 314
3037000 314
3038000 314
3039000 314
3040000 314
3041000 314
3042000 314
3043000 314
3044000 314
3045000 314
3046000 314
3047000 314
3048000 315
3049000 315
3050000 315
3051000 315
3052000 315
3053000 315
3054000 315
3055000 315
3056000 315
3057000 315
3058000 315
3059000 315
3060000 315
3061000 316
3062000 316
3063000 316
3064000 316
3065000 316
3066000 316
3067000 316
3068000 316
3069000 316
3070000 317
3071000 317
3072000 317
3073000 317
3074000 317
3075000 317
3076000 317
3077000 317
3078000 317
3079000 317
3080000 317
3081000 317
3082000 317
3083000 317
3084000 318
3085000 318
3086000 318
3087000 318
3088000 318
3089000 318
3090000 318
3091000 318
3092000 318
3093000 318
3094000 318
3095000 318
3096000 318
3097000 318
3098000 318
3099000 318
3100000 318
3101000 318
3102000 318
3103000 319
3104000 319
3105000 319
3106000 319
3107000 319
3108000 319
3109000 319
3110000 319
3111000 319
3112000 319
3113000 319
3114000 320
3115000 320
3116000 320
3117000 320
3118000 320
3119000 320
3120000 320
3121000 320
3122000 320
3123000 320
3124000 320
3125000 321
3126000 321
3127000 321
3128000 321
3129000 321
3130000 321
3131000 321
3132000 321
3133000 321
3134000 321
3135000 322
3136000 322
3137000 322
3138000 322
3139000 322
3140000 322
3141000 322
3142000 322
3143000 322
3144000 322
3145000 322
3146000 323
3147000 323
3148000 323
3149000 323
3150000 323
3151000 323
3152000 323
3153000 323
3154000 323
3155000 323
3156000 324
3157000 324
3158000 324
3159000 324
3160000 324
3161000 324
3162000 324
3163000 324
3164000 324
3165000 325
3166000 325
3167000 325
3168000 325
3169000 325
3170000 325
3171000 325
3172000 325
3173000 325
3174000 326
3175000 326
3176000 326
3177000 326
3178000 326
3179000 326
3180000 326
3181000 326
3182000 326
3183000 326
3184000 326
3185000 326
3186000 326
3187000 327
3188000 327
3189000 327
3190000 327
3191000 327
3192000 327
3193000 327
3194000 327
3195000 327
3196000 327
3197000 327
3198000 327
3199000 327
3200000 327
3201000 327
3202000 327
3203000 328
3204000 328
3205000 328
3206000 328
3207000 328
3208000 328
3209000 328
3210000 328
3211000 328
3212000 328
3213000 328
3214000 328
3215000 329
3216000 329
3217000 329
3218000 329
3219000 329
3220000 329
3221000 329
3222000 329
3223000 329
3224000 329
3225000 330
3226000 330
3227000 330
3228000 330
3229000 330
3230000 330
3231000 330
3232000 330
3233000 330
3234000 330
3235000 330
3236000 330
3237000 331
3238000 331
3239000 331
3240000 331
3241000 331
3242000 331
3243000 332
3244000 332
3245000 332
3246000 332
3247000 332
3248000 332
3249000 332
3250000 332
3251000 332
3252000 332
3253000 332
3254000 332
3255000 333
3256000 333
3257000 333
3258000 333
3259000 333
3260000 333
3261000 333
3262000 333
3263000 333
3264000 333
3265000 333
3266000 333
3267000 334
3268000 334
3269000 334
3270000 334
3271000 334
3272000 334
3273000 334
3274000 335
3275000 335
3276000 335
3277000 335
3278000 335
3279000 335
3280000 335
3281000 335
3282000 336
3283000 336
3284000 336
3285000 336
3286000 336
3287000 336
3288000 336
3289000 336
3290000 336
3291000 336
3292000 336
3293000 336
3294000 337
3295000 337
3296000 337
3297000 337
3298000 337
3299000 337
3300000 337
3301000 337
3302000 337
3303000 337
3304000 338
3305000 338
3306000 338
3307000 338
3308000 338
3309000 338
3310000 338
3311000 338
3312000 338
3313000 339
3314000 339
3315000 339
3316000 339
3317000 339
3318000 339
3319000 339
3320000 340
3321000 340
3322000 340
3323000 340
3324000 340
3325000 340
3326000 340
3327000 340
3328000 340
3329000 340
3330000 340
3331000 340
3332000 341
3333000 341
3334000 341
3335000 341
3336000 341
3337000 341
3338000 341
3339000 341
3340000 341
3341000 342
3342000 342
3343000 342
3344000 342
3345000 342
3346000 342
3347000 342
3348000 342
3349000 342
3350000 343
3351000 343
3352000 343
3353000 343
3354000 343
3355000 343
3356000 343
3357000 343
3358000 344
3359000 344
3360000 344
3361000 344
3362000 344
3363000 344
3364000 344
3365000 344
3366000 345
3367000 345
3368000 345
3369000 345
3370000 345
3371000 345
3372000 345
3373000 345
3374000 345
3375000 345
3376000 346
3377000 346
3378000 346
3379000 346
3380000 346
3381000 346
3382000 346
3383000 346
3384000 346
3385000 346
3386000 346
3387000 346
3388000 347
3389000 347
3390000 347
3391000 347
3392000 347
3393000 347
3394000 347
3395000 347
3396000 347
3397000 347
3398000 347
3399000 347
3400000 348
3401000 348
3402000 348
3403000 348
3404000 348
3405000 348
3406000 348
3407000 348
3408000 348
3409000 348
3410000 348
3411000 348
3412000 349
3413000 349
3414000 349
3415000 349
3416000 349
3417000 349
3418000 349
3419000 349
3420000 349
3421000 350
3422000 350
3423000 350
3424000 350
3425000 350
3426000 350
3427000 350
3428000 350
3429000 350
3430000 350
3431000 350
3432000 351
3433000 351
3434000 351
3435000 351
3436000 351
3437000 351
3438000 351
3439000 351
3440000 351
3441000 351
3442000 352
3443000 352
3444000 352
3445000 352
3446000 352
3447000 352
3448000 352
3449000 352
3450000 352
3451000 352
3452000 353
3453000 353
3454000 353
3455000 353
3456000 353
3457000 353
3458000 353
3459000 353
3460000 353
3461000 353
3462000 354
3463000 354
3464000 354
3465000 354
3466000 354
3467000 354
3468000 354
3469000 354
3470000 354
3471000 354
3472000 354
3473000 354
3474000 354
3475000 355
3476000 355
3477000 355
3478000 355
3479000 355
3480000 355
3481000 355
3482000 355
3483000 355
3484000 355
3485000 356
3486000 356
3487000 356
3488000 356
3489000 356
3490000 356
3491000 356
3492000 356
3493000 356
3494000 356
3495000 357
3496000 357
3497000 357
3498000 357
3499000 357
3500000 357
3501000 357
3502000 357
3503000 357
3504000 357
3505000 357
3506000 358
3507000 358
3508000 358
3509000 358
3510000 358
3511000 358
3512000 358
3513000 358
3514000 358
3515000 359
3516000 359
3517000 359
3518000 359
3519000 359
3520000 359
3521000 359
3522000 359
3523000 359
3524000 359
3525000 360
3526000 360
3527000 360
3528000 360
3529000 360
3530000 360
3531000 360
3532000 360
3533000 361
3534000 361
3535000 361
3536000 361
3537000 361
3538000 361
3539000 361
3540000 361
3541000 362
3542000 362
3543000 362
3544000 362
3545000 362
3546000 362
3547000 362
3548000 362
3549000 362
3550000 362
3551000 362
3552000 362
3553000 363
3554000 363
3555000 363
3556000 363
3557000 363
3558000 363
3559000 363
3560000 364
3561000 364
3562000 364
3563000 364
3564000 364
3565000 364
3566000 364
3567000 365
3568000 365
3569000 365
3570000 365
3571000 365
3572000 365
3573000 365
3574000 365
3575000 366
3576000 366
3577000 366
3578000 366
3579000 366
3580000 366
3581000 366
3582000 366
3583000 366
3584000 367
3585000 367
3586000 367
3587000 367
3588000 367
3589000 367
3590000 368
3591000 368
3592000 368
3593000 368
3594000 368
3595000 368
3596000 368
3597000 368
3598000 369
3599000 369
3600000 369
3601000 369
3602000 369
3603000 369
3604000 369
3605000 370
3606000 370
3607000 370
3608000 370
3609000 370
3610000 370
3611000 370
3612000 370
3613000 371
3614000 371
3615000 371
3616000 371
3617000 371
3618000 371
3619000 371
3620000 371
3621000 371
3622000 372
3623000 372
3624000 372
3625000 372
3626000 372
3627000 372
3628000 372
3629000 372
3630000 373
3631000 373
3632000 373
3633000 373
3634000 373
3635000 373
3636000 373
3637000 373
3638000 373
3639000 374
3640000 374
3641000 374
3642000 374
3643000 374
3644000 374
3645000 374
3646000 374
3647000 374
3648000 375
3649000 375
3650000 375
3651000 375
3652000 375
3653000 375
3654000 375
3655000 375
3656000 376
3657000 376
3658000 376
3659000 376
3660000 376
3661000 376
3662000 376
3663000 377
3664000 377
3665000 377
3666000 377
3667000 377
3668000 377
3669000 378
3670000 378
3671000 378
3672000 378
3673000 378
3674000 378
3675000 379
3676000 379
3677000 379
3678000 379
3679000 379
3680000 379
3681000 379
3682000 380
3683000 380
3684000 380
3685000 380
3686000 380
3687000 380
3688000 380
3689000 380
3690000 381
3691000 381
3692000 381
3693000 381
3694000 381
3695000 381
3696000 381
3697000 381
3698000 381
3699000 381
3700000 382
3701000 382
3702000 382
3703000 382
3704000 382
3705000 382
3706000 382
3707000 382
3708000 382
3709000 382
3710000 383
3711000 383
3712000 383
3713000 383
3714000 383
3715000 383
3716000 383
3717000 384
3718000 384
3719000 384
3720000 384
3721000 384
3722000 384
3723000 385
3724000 385
3725000 385
3726000 385
3727000 385
3728000 385
3729000 385
3730000 385
3731000 385
3732000 386
3733000 386
3734000 386
3735000 386
3736000 386
3737000 386
3738000 386
3739000 387
3740000 387
3741000 387
3742000 387
3743000 387
3744000 387
3745000 387
3746000 387
3747000 387
3748000 387
3749000 388
3750000 388
3751000 388
3752000 388
3753000 388
3754000 388
3755000 388
3756000 388
3757000 388
3758000 389
3759000 389
3760000 389
3761000 389
3762000 389
3763000 389
3764000 389
3765000 389
3766000 389
3767000 389
3768000 390
3769000 390
3770000 390
3771000 390
3772000 390
3773000 390
3774000 390
3775000 390
3776000 390
3777000 391
3778000 391
3779000 391
3780000 391
3781000 391
3782000 391
3783000 391
3784000 391
3785000 392
3786000 392
3787000 392
3788000 392
3789000 392
3790000 392
3791000 392
3792000 392
3793000 392
3794000 393
3795000 393
3796000 393
3797000 393
3798000 393
3799000 393
3800000 393
3801000 393
3802000 394
3803000 394
3804000 394
3805000 394
3806000 394
3807000 394
3808000 394
3809000 394
3810000 394
3811000 394
3812000 395
3813000 395
3814000 395
3815000 395
3816000 395
3817000 395
3818000 395
3819000 395
3820000 396
3821000 396
3822000 396
3823000 396
3824000 396
3825000 396
3826000 396
3827000 396
3828000 396
3829000 397
3830000 397
3831000 397
3832000 397
3833000 397
3834000 397
3835000 398
3836000 398
3837000 398
3838000 398
3839000 398
3840000 398
3841000 398
3842000 398
3843000 399
3844000 399
3845000 399
3846000 399
3847000 399
3848000 399
3849000 399
3850000 399
3851000 400
3852000 400
3853000 400
3854000 400
3855000 400
3856000 400
3857000 400
3858000 400
3859000 400
3860000 401
3861000 401
3862000 401
3863000 401
3864000 401
3865000 401
3866000 401
3867000 401
3868000 401
3869000 401
3870000 401
3871000 402
3872000 402
3873000 402
3874000 402
3875000 402
3876000 402
3877000 402
3878000 403
3879000 403
3880000 403
3881000 403
3882000 403
3883000 404
3884000 404
3885000 404
3886000 404
3887000 404
3888000 404
3889000 404
3890000 404
3891000 405
3892000 405
3893000 405
3894000 405
3895000 405
3896000 405
3897000 405
3898000 405
3899000 406
3900000 406
3901000 406
3902000 406
3903000 406
3904000 406
3905000 406
3906000 406
3907000 407
3908000 407
3909000 407
3910000 407
3911000 407
3912000 407
3913000 407
3914000 408
3915000 408
3916000 408
3917000 408
3918000 408
3919000 408
3920000 409
3921000 409
3922000 409
3923000 409
3924000 409
3925000 409
3926000 409
3927000 410
3928000 410
3929000 410
3930000 410
3931000 410
3932000 410
3933000 410
3934000 411
3935000 411
3936000 411
3937000 411
3938000 411
3939000 411
3940000 411
3941000 412
3942000 412
3943000 412
3944000 412
3945000 412
3946000 412
3947000 412
3948000 412
3949000 412
3950000 413
3951000 413
3952000 413
3953000 413
3954000 413
3955000 413
3956000 413
3957000 413
3958000 414
3959000 414
3960000 414
3961000 414
3962000 414
3963000 414
3964000 414
3965000 414
3966000 414
3967000 414
3968000 415
3969000 415
3970000 415
3971000 415
3972000 415
3973000 415
3974000 415
3975000 416
3976000 416
3977000 416
3978000 416
3979000 416
3980000 416
3981000 416
3982000 416
3983000 416
3984000 417
3985000 417
3986000 417
3987000 417
3988000 417
3989000 417
3990000 417
3991000 417
3992000 417
3993000 418
3994000 418
3995000 418
3996000 418
3997000 418
3998000 418
3999000 418
4000000 418
4001000 418
4002000 419
4003000 419
4004000 419
4005000 419
4006000 419
4007000 419
4008000 419
4009000 420
4010000 420
4011000 420
4012000 420
4013000 420
4014000 420
4015000 420
4016000 421
4017000 421
4018000 421
4019000 421
4020000 421
4021000 421
4022000 421
4023000 421
4024000 421
4025000 421
4026000 422
4027000 422
4028000 422
4029000 422
4030000 422
4031000 422
4032000 422
4033000 422
4034000 422
4035000 422
4036000 423
4037000 423
4038000 423
4039000 423
4040000 423
4041000 423
4042000 423
4043000 423
4044000 423
4045000 423
4046000 423
4047000 424
4048000 424
4049000 424
4050000 424
4051000 424
4052000 424
4053000 424
4054000 424
4055000 424
4056000 424
4057000 425
4058000 425
4059000 425
4060000 425
4061000 425
4062000 425
4063000 425
4064000 425
4065000 425
4066000 426
4067000 426
4068000 426
4069000 426
4070000 426
4071000 426
4072000 426
4073000 426
4074000 426
4075000 427
4076000 427
4077000 427
4078000 427
4079000 427
4080000 427
4081000 427
4082000 428
4083000 428
4084000 428
4085000 428
4086000 428
4087000 428
4088000 428
4089000 428
4090000 428
4091000 429
4092000 429
4093000 429
4094000 429
4095000 429
4096000 429
4097000 430
4098000 430
4099000 430
4100000 430
4101000 430
4102000 430
4103000 430
4104000 430
4105000 430
4106000 431
4107000 431
4108000 431
4109000 431
4110000 431
4111000 431
4112000 431
4113000 431
4114000 432
4115000 432
4116000 432
4117000 432
4118000 432
4119000 432
4120000 433
4121000 433
4122000 433
4123000 433
4124000 433
4125000 433
4126000 433
4127000 433
4128000 433
4129000 434
4130000 434
4131000 434
4132000 434
4133000 434
4134000 434
4135000 434
4136000 434
4137000 435
4138000 435
4139000 435
4140000 435
4141000 435
4142000 435
4143000 435
4144000 435
4145000 436
4146000 436
4147000 436
4148000 436
4149000 436
4150000 436
4151000 436
4152000 436
4153000 436
4154000 437
4155000 437
4156000 437
4157000 437
4158000 437
4159000 437
4160000 437
4161000 438
4162000 438
4163000 438
4164000 438
4165000 438
4166000 438
4167000 438
4168000 438
4169000 438
4170000 438
4171000 438
4172000 438
4173000 438
4174000 439
4175000 439
4176000 439
4177000 439
4178000 439
4179000 439
4180000 439
4181000 439
4182000 440
4183000 440
4184000 440
4185000 440
4186000 440
4187000 440
4188000 441
4189000 441
4190000 441
4191000 441
4192000 441
4193000 441
4194000 442
4195000 442
4196000 442
4197000 442
4198000 442
4199000 442
4200000 442
4201000 442
4202000 443
4203000 443
4204000 443
4205000 443
4206000 443
4207000 443
4208000 443
4209000 443
4210000 444
4211000 444
4212000 444
4213000 444
4214000 444
4215000 444
4216000 444
4217000 444
4218000 444
4219000 445
4220000 445
4221000 445
4222000 445
4223000 445
4224000 445
4225000 445
4226000 446
4227000 446
4228000 446
4229000 446
4230000 446
4231000 446
4232000 446
4233000 446
4234000 446
4235000 447
4236000 447
4237000 447
4238000 447
4239000 447
4240000 447
4241000 447
4242000 448
4243000 448
4244000 448
4245000 448
4246000 448
4247000 448
4248000 448
4249000 448
4250000 449
4251000 449
4252000 449
4253000 449
4254000 449
4255000 449
4256000 450
4257000 450
4258000 450
4259000 450
4260000 450
4261000 450
4262000 450
4263000 450
4264000 450
4265000 451
4266000 451
4267000 451
4268000 451
4269000 451
4270000 451
4271000 451
4272000 451
4273000 451
4274000 452
4275000 452
4276000 452
4277000 452
4278000 452
4279000 452
4280000 452
4281000 452
4282000 453
4283000 453
4284000 453
4285000 453
4286000 453
4287000 453
4288000 453
4289000 454
4290000 454
4291000 454
4292000 454
4293000 454
4294000 454
4295000 454
4296000 455
4297000 455
4298000 455
4299000 455
4300000 455
4301000 455
4302000 455
4303000 456
4304000 456
4305000 456
4306000 456
4307000 456
4308000 456
4309000 456
4310000 457
4311000 457
4312000 457
4313000 457
4314000 457
4315000 457
4316000 458
4317000 458
4318000 458
4319000 458
4320000 458
4321000 458
4322000 458
4323000 459
4324000 459
4325000 459
4326000 459
4327000 459
4328000 459
4329000 459
4330000 459
4331000 459
4332000 459
4333000 459
4334000 460
4335000 460
4336000 460
4337000 460
4338000 460
4339000 460
4340000 460
4341000 460
4342000 461
4343000 461
4344000 461
4345000 461
4346000 461
4347000 461
4348000 461
4349000 461
4350000 461
4351000 462
4352000 462
4353000 462
4354000 462
4355000 462
4356000 462
4357000 462
4358000 462
4359000 462
4360000 463
4361000 463
4362000 463
4363000 463
4364000 463
4365000 463
4366000 463
4367000 463
4368000 463
4369000 464
4370000 464
4371000 464
4372000 464
4373000 464
4374000 464
4375000 464
4376000 465
4377000 465
4378000 465
4379000 465
4380000 465
4381000 465
4382000 465
4383000 466
4384000 466
4385000 466
4386000 466
4387000 466
4388000 466
4389000 466
4390000 467
4391000 467
4392000 467
4393000 467
4394000 467
4395000 467
4396000 467
4397000 467
4398000 467
4399000 468
4400000 468
4401000 468
4402000 468
4403000 468
4404000 468
4405000 468
4406000 468
4407000 469
4408000 469
4409000 469
4410000 469
4411000 469
4412000 469
4413000 469
4414000 470
4415000 470
4416000 470
4417000 470
4418000 470
4419000 470
4420000 470
4421000 471
4422000 471
4423000 471
4424000 471
4425000 471
4426000 471
4427000 472
4428000 472
4429000 472
4430000 472
4431000 472
4432000 472
4433000 473
4434000 473
4435000 473
4436000 473
4437000 473
4438000 473
4439000 473
4440000 473
4441000 473
4442000 473
4443000 474
4444000 474
4445000 474
4446000 474
4447000 474
4448000 474
4449000 474
4450000 474
4451000 475
4452000 475
4453000 475
4454000 475
4455000 475
4456000 475
4457000 476
4458000 476
4459000 476
4460000 476
4461000 476
4462000 476
4463000 476
4464000 476
4465000 477
4466000 477
4467000 477
4468000 477
4469000 477
4470000 477
4471000 477
4472000 477
4473000 478
4474000 478
4475000 478
4476000 478
4477000 478
4478000 478
4479000 478
4480000 478
4481000 479
4482000 479
4483000 479
4484000 479
4485000 479
4486000 479
4487000 479
4488000 479
4489000 479
4490000 480
4491000 480
4492000 480
4493000 480
4494000 480
4495000 480
4496000 480
4497000 480
4498000 481
4499000 481
4500000 481
4501000 481
4502000 481
4503000 481
4504000 481
4505000 481
4506000 482
4507000 482
4508000 482
4509000 482
4510000 482
4511000 482
4512000 482
4513000 482
4514000 482
4515000 482
4516000 483
4517000 483
4518000 483
4519000 483
4520000 483
4521000 483
4522000 483
4523000 483
4524000 483
4525000 484
4526000 484
4527000 484
4528000 484
4529000 484
4530000 484
4531000 484
4532000 484
4533000 484
4534000 485
4535000 485
4536000 485
4537000 485
4538000 485
4539000 485
4540000 485
4541000 485
4542000 485
4543000 486
4544000 486
4545000 486
4546000 486
4547000 486
4548000 486
4549000 486
4550000 486
4551000 487
4552000 487
4553000 487
4554000 487
4555000 487
4556000 487
4557000 487
4558000 487
4559000 487
4560000 487
4561000 488
4562000 488
4563000 488
4564000 488
4565000 488
4566000 488
4567000 488
4568000 488
4569000 489
4570000 489
4571000 489
4572000 489
4573000 489
4574000 489
4575000 489
4576000 489
4577000 490
4578000 490
4579000 490
4580000 490
4581000 490
4582000 490
4583000 490
4584000 490
4585000 491
4586000 491
4587000 491
4588000 491
4589000 491
4590000 491
4591000 491
4592000 491
4593000 492
4594000 492
4595000 492
4596000 492
4597000 492
4598000 492
4599000 492
4600000 493
4601000 493
4602000 493
4603000 493
4604000 493
4605000 493
4606000 493
4607000 493
4608000 494
4609000 494
4610000 494
4611000 494
4612000 494
4613000 494
4614000 494
4615000 494
4616000 494
4617000 494
4618000 495
4619000 495
4620000 495
4621000 495
4622000 495
4623000 495
4624000 495
4625000 495
4626000 495
4627000 495
4628000 496
4629000 496
4630000 496
4631000 496
4632000 496
4633000 496
4634000 496
4635000 496
4636000 497
4637000 497
4638000 497
4639000 497
4640000 497
4641000 497
4642000 497
4643000 497
4644000 497
4645000 497
4646000 497
4647000 497
4648000 498
4649000 498
4650000 498
4651000 498
4652000 498
4653000 498
4654000 498
4655000 498
4656000 499
4657000 499
4658000 499
4659000 499
4660000 499
4661000 499
4662000 499
4663000 499
4664000 499
4665000 499
4666000 499
4667000 499
4668000 500
4669000 500
4670000 500
4671000 500
4672000 500
4673000 500
4674000 500
4675000 500
4676000 500
4677000 500
4678000 501
4679000 501
4680000 501
4681000 501
4682000 501
4683000 501
4684000 501
4685000 501
4686000 501
4687000 501
4688000 501
4689000 501
4690000 501
4691000 502
4692000 502
4693000 502
4694000 502
4695000 502
4696000 502
4697000 502
4698000 502
4699000 502
4700000 502
4701000 502
4702000 503
4703000 503
4704000 503
4705000 503
4706000 503
4707000 503
4708000 503
4709000 503
4710000 503
4711000 504
4712000 504
4713000 504
4714000 504
4715000 504
4716000 504
4717000 504
4718000 504
4719000 504
4720000 504
4721000 504
4722000 504
4723000 505
4724000 505
4725000 505
4726000 505
4727000 505
4728000 505
4729000 505
4730000 505
4731000 505
4732000 506
4733000 506
4734000 506
4735000 506
4736000 506
4737000 506
4738000 506
4739000 506
4740000 506
4741000 507
4742000 507
4743000 507
4744000 507
4745000 507
4746000 507
4747000 507
4748000 507
4749000 507
4750000 508
4751000 508
4752000 508
4753000 508
4754000 508
4755000 508
4756000 508
4757000 508
4758000 508
4759000 508
4760000 509
4761000 509
4762000 509
4763000 509
4764000 509
4765000 509
4766000 509
4767000 509
4768000 509
4769000 510
4770000 510
4771000 510
4772000 510
4773000 510
4774000 510
4775000 510
4776000 510
4777000 511
4778000 511
4779000 511
4780000 511
4781000 511
4782000 511
4783000 512
4784000 512
4785000 512
4786000 512
4787000 512
4788000 512
4789000 512
4790000 512
4791000 512
4792000 512
4793000 513
4794000 513
4795000 513
4796000 513
4797000 513
4798000 513
4799000 513
4800000 514
4801000 514
4802000 514
4803000 514
4804000 514
4805000 514
4806000 514
4807000 514
4808000 514
4809000 514
4810000 515
4811000 515
4812000 515
4813000 515
4814000 515
4815000 515
4816000 515
4817000 515
4818000 515
4819000 515
4820000 516
4821000 516
4822000 516
4823000 516
4824000 516
4825000 516
4826000 516
4827000 516
4828000 516
4829000 517
4830000 517
4831000 517
4832000 517
4833000 517
4834000 517
4835000 517
4836000 517
4837000 518
4838000 518
4839000 518
4840000 518
4841000 518
4842000 518
4843000 518
4844000 518
4845000 518
4846000 518
4847000 519
4848000 519
4849000 519
4850000 519
4851000 519
4852000 519
4853000 519
4854000 520
4855000 520
4856000 520
4857000 520
4858000 520
4859000 520
4860000 520
4861000 520
4862000 520
4863000 520
4864000 521
4865000 521
4866000 521
4867000 521
4868000 521
4869000 521
4870000 521
4871000 521
4872000 521
4873000 521
4874000 521
4875000 521
4876000 522
4877000 522
4878000 522
4879000 522
4880000 522
4881000 522
4882000 522
4883000 522
4884000 523
4885000 523
4886000 523
4887000 523
4888000 523
4889000 523
4890000 523
4891000 523
4892000 524
4893000 524
4894000 524
4895000 524
4896000 524
4897000 524
4898000 524
4899000 524
4900000 524
4901000 525
4902000 525
4903000 525
4904000 525
4905000 525
4906000 525
4907000 525
4908000 525
4909000 526
4910000 526
4911000 526
4912000 526
4913000 526
4914000 526
4915000 526
4916000 526
4917000 526
4918000 527
4919000 527
4920000 527
4921000 527
4922000 527
4923000 527
4924000 527
4925000 527
4926000 527
4927000 527
4928000 528
4929000 528
4930000 528
4931000 528
4932000 528
4933000 528
4934000 528
4935000 528
4936000 528
4937000 528
4938000 528
4939000 528
4940000 528
4941000 529
4942000 529
4943000 529
4944000 529
4945000 529
4946000 529
4947000 529
4948000 529
4949000 530
4950000 530
4951000 530
4952000 530
4953000 530
4954000 530
4955000 530
4956000 530
4957000 530
4958000 531
4959000 531
4960000 531
4961000 531
4962000 531
4963000 531
4964000 531
4965000 531
4966000 531
4967000 532
4968000 532
4969000 532
4970000 532
4971000 532
4972000 532
4973000 532
4974000 532
4975000 532
4976000 532
4977000 533
4978000 533
4979000 533
4980000 533
4981000 533
4982000 533
4983000 533
4984000 533
4985000 534
4986000 534
4987000 534
4988000 534
4989000 534
4990000 534
4991000 534
4992000 534
4993000 534
4994000 535
4995000 535
4996000 535
4997000 535
4998000 535
4999000 535
5000000 535
