0 0
1000 0
2000 0
3000 0
4000 0
5000 0
6000 0
7000 0
8000 0
9000 0
10000 0
11000 0
12000 0
13000 0
14000 0
15000 0
16000 0
17000 0
18000 0
19000 0
20000 0
21000 0
22000 0
23000 0
24000 0
25000 0
26000 0
27000 0
28000 0
29000 0
30000 0
31000 0
32000 0
33000 0
34000 1
35000 1
36000 1
37000 1
38000 1
39000 1
40000 1
41000 1
42000 1
43000 1
44000 1
45000 1
46000 1
47000 1
48000 1
49000 1
50000 1
51000 1
52000 1
53000 1
54000 1
55000 1
56000 1
57000 1
58000 1
59000 1
60000 1
61000 1
62000 1
63000 1
64000 1
65000 1
66000 1
67000 1
68000 1
69000 1
70000 2
71000 2
72000 2
73000 2
74000 2
75000 2
76000 2
77000 2
78000 2
79000 2
80000 2
81000 2
82000 2
83000 2
84000 2
85000 2
86000 2
87000 2
88000 2
89000 2
90000 2
91000 2
92000 2
93000 2
94000 2
95000 2
96000 2
97000 2
98000 2
99000 2
100000 2
101000 2
102000 2
103000 2
104000 2
105000 2
106000 3
107000 3
108000 3
109000 3
110000 3
111000 3
112000 3
113000 3
114000 3
115000 3
116000 3
117000 3
118000 3
119000 3
120000 3
121000 3
122000 3
123000 3
124000 3
125000 3
126000 3
127000 3
128000 4
129000 4
130000 4
131000 4
132000 4
133000 4
134000 4
135000 4
136000 4
137000 4
138000 4
139000 4
140000 4
141000 5
142000 5
143000 5
144000 5
145000 5
146000 5
147000 5
148000 5
149000 5
150000 5
151000 5
152000 5
153000 5
154000 5
155000 6
156000 6
157000 6
158000 6
159000 6
160000 6
161000 6
162000 6
163000 6
164000 6
165000 6
166000 6
167000 6
168000 7
169000 7
170000 7
171000 7
172000 7
173000 7
174000 7
175000 7
176000 7
177000 7
178000 7
179000 7
180000 7
181000 7
182000 7
183000 8
184000 8
185000 8
186000 8
187000 8
188000 8
189000 8
190000 8
191000 8
192000 8
193000 8
194000 8
195000 8
196000 8
197000 8
198000 9
199000 9
200000 9
201000 9
202000 9
203000 9
204000 9
205000 9
206000 9
207000 9
208000 9
209000 9
210000 9
211000 9
212000 9
213000 9
214000 9
215000 9
216000 9
217000 9
218000 9
219000 9
220000 9
221000 9
222000 9
223000 10
224000 10
225000 10
226000 10
227000 10
228000 10
229000 10
230000 10
231000 10
232000 10
233000 10
234000 10
235000 10
236000 10
237000 10
238000 10
239000 10
240000 10
241000 10
242000 10
243000 11
244000 11
245000 11
246000 11
247000 11
248000 11
249000 11
250000 11
251000 11
252000 11
253000 11
254000 11
255000 11
256000 11
257000 11
258000 11
259000 11
260000 11
261000 11
262000 11
263000 11
264000 11
265000 11
266000 11
267000 11
268000 11
269000 11
270000 11
271000 11
272000 11
273000 11
274000 11
275000 11
276000 11
277000 11
278000 11
279000 11
280000 11
281000 11
282000 11
283000 11
284000 11
285000 11
286000 11
287000 11
288000 11
289000 11
290000 11
291000 11
292000 11
293000 11
294000 11
295000 11
296000 11
297000 11
298000 11
299000 11
300000 11
301000 11
302000 11
303000 11
304000 11
305000 11
306000 11
307000 11
308000 11
309000 11
310000 11
311000 11
312000 11
313000 11
314000 12
315000 12
316000 12
317000 12
318000 12
319000 12
320000 12
321000 12
322000 12
323000 12
324000 12
325000 12
326000 12
327000 12
328000 12
329000 12
330000 12
331000 13
332000 13
333000 13
334000 13
335000 13
336000 13
337000 13
338000 13
339000 13
340000 13
341000 13
342000 13
343000 13
344000 13
345000 13
346000 13
347000 13
348000 13
349000 13
350000 13
351000 13
352000 13
353000 13
354000 13
355000 13
356000 13
357000 13
358000 13
359000 13
360000 13
361000 13
362000 13
363000 13
364000 13
365000 13
366000 13
367000 13
368000 13
369000 13
370000 13
371000 13
372000 13
373000 13
374000 13
375000 13
376000 13
377000 13
378000 13
379000 13
380000 13
381000 13
382000 13
383000 13
384000 13
385000 13
386000 13
387000 13
388000 13
389000 13
390000 13
391000 13
392000 13
393000 13
394000 13
395000 13
396000 13
397000 13
398000 13
399000 13
400000 13
401000 13
402000 13
403000 13
404000 13
405000 13
406000 13
407000 13
408000 13
409000 13
410000 13
411000 13
412000 13
413000 13
414000 13
415000 13
416000 13
417000 13
418000 13
419000 13
420000 13
421000 13
422000 13
423000 13
424000 13
425000 13
426000 13
427000 13
428000 13
429000 13
430000 13
431000 13
432000 13
433000 13
434000 13
435000 13
436000 13
437000 13
438000 13
439000 13
440000 13
441000 13
442000 13
443000 13
444000 13
445000 13
446000 13
447000 13
448000 13
449000 13
450000 13
451000 13
452000 13
453000 13
454000 13
455000 13
456000 13
457000 13
458000 13
459000 13
460000 13
461000 13
462000 13
463000 13
464000 13
465000 13
466000 13
467000 13
468000 13
469000 13
470000 13
471000 13
472000 13
473000 13
474000 13
475000 13
476000 13
477000 13
478000 13
479000 13
480000 13
481000 13
482000 13
483000 13
484000 13
485000 13
486000 13
487000 13
488000 13
489000 13
490000 13
491000 13
492000 13
493000 13
494000 13
495000 13
496000 13
497000 13
498000 13
499000 13
500000 13
501000 14
502000 14
503000 14
504000 14
505000 14
506000 14
507000 14
508000 14
509000 14
510000 14
511000 14
512000 14
513000 14
514000 14
515000 14
516000 14
517000 14
518000 14
519000 14
520000 14
521000 14
522000 14
523000 15
524000 15
525000 15
526000 15
527000 15
528000 15
529000 15
530000 15
531000 15
532000 15
533000 15
534000 15
535000 15
536000 15
537000 15
538000 15
539000 15
540000 15
541000 15
542000 15
543000 15
544000 16
545000 16
546000 16
547000 16
548000 16
549000 16
550000 16
551000 16
552000 16
553000 16
554000 16
555000 16
556000 16
557000 16
558000 16
559000 16
560000 16
561000 16
562000 16
563000 16
564000 16
565000 16
566000 16
567000 16
568000 16
569000 16
570000 16
571000 16
572000 16
573000 16
574000 16
575000 17
576000 17
577000 17
578000 17
579000 17
580000 17
581000 17
582000 17
583000 17
584000 17
585000 17
586000 17
587000 17
588000 17
589000 17
590000 17
591000 17
592000 17
593000 17
594000 17
595000 18
596000 18
597000 18
598000 18
599000 18
600000 18
601000 18
602000 18
603000 18
604000 18
605000 18
606000 18
607000 18
608000 18
609000 18
610000 19
611000 19
612000 19
613000 19
614000 19
615000 19
616000 19
617000 19
618000 19
619000 19
620000 19
621000 19
622000 19
623000 20
624000 20
625000 20
626000 20
627000 20
628000 20
629000 20
630000 20
631000 20
632000 20
633000 20
634000 20
635000 21
636000 21
637000 21
638000 21
639000 21
640000 21
641000 21
642000 21
643000 21
644000 21
645000 21
646000 22
647000 22
648000 22
649000 22
650000 22
651000 22
652000 22
653000 22
654000 22
655000 22
656000 22
657000 23
658000 23
659000 23
660000 23
661000 23
662000 23
663000 23
664000 23
665000 23
666000 23
667000 23
668000 24
669000 24
670000 24
671000 24
672000 24
673000 24
674000 24
675000 24
676000 24
677000 24
678000 24
679000 25
680000 25
681000 25
682000 25
683000 25
684000 25
685000 25
686000 25
687000 25
688000 25
689000 25
690000 26
691000 26
692000 26
693000 26
694000 26
695000 26
696000 26
697000 26
698000 26
699000 26
700000 26
701000 26
702000 26
703000 26
704000 27
705000 27
706000 27
707000 27
708000 27
709000 27
710000 27
711000 27
712000 27
713000 27
714000 27
715000 27
716000 27
717000 27
718000 28
719000 28
720000 28
721000 28
722000 28
723000 28
724000 28
725000 28
726000 28
727000 28
728000 28
729000 28
730000 28
731000 29
732000 29
733000 29
734000 29
735000 29
736000 29
737000 29
738000 29
739000 29
740000 29
741000 29
742000 29
743000 29
744000 29
745000 29
746000 29
747000 29
748000 29
749000 29
750000 29
751000 29
752000 29
753000 30
754000 30
755000 30
756000 30
757000 30
758000 30
759000 30
760000 30
761000 30
762000 30
763000 30
764000 30
765000 30
766000 30
767000 31
768000 31
769000 31
770000 31
771000 31
772000 31
773000 31
774000 31
775000 31
776000 31
777000 31
778000 31
779000 31
780000 31
781000 32
782000 32
783000 32
784000 32
785000 32
786000 32
787000 32
788000 32
789000 32
790000 32
791000 32
792000 32
793000 32
794000 33
795000 33
796000 33
797000 33
798000 33
799000 33
800000 33
801000 33
802000 33
803000 33
804000 33
805000 33
806000 33
807000 33
808000 34
809000 34
810000 34
811000 34
812000 34
813000 34
814000 34
815000 34
816000 34
817000 34
818000 34
819000 34
820000 34
821000 35
822000 35
823000 35
824000 35
825000 35
826000 35
827000 35
828000 35
829000 35
830000 35
831000 35
832000 35
833000 35
834000 35
835000 35
836000 35
837000 36
838000 36
839000 36
840000 36
841000 36
842000 36
843000 36
844000 36
845000 36
846000 36
847000 36
848000 36
849000 36
850000 36
851000 36
852000 36
853000 37
854000 37
855000 37
856000 37
857000 37
858000 37
859000 37
860000 37
861000 37
862000 37
863000 37
864000 37
865000 38
866000 38
867000 38
868000 38
869000 38
870000 38
871000 38
872000 38
873000 38
874000 38
875000 38
876000 38
877000 38
878000 38
879000 38
880000 38
881000 38
882000 38
883000 38
884000 38
885000 39
886000 39
887000 39
888000 39
889000 39
890000 39
891000 39
892000 39
893000 39
894000 39
895000 39
896000 39
897000 40
898000 40
899000 40
900000 40
901000 40
902000 40
903000 40
904000 40
905000 40
906000 40
907000 40
908000 40
909000 40
910000 40
911000 40
912000 40
913000 40
914000 40
915000 40
916000 40
917000 40
918000 40
919000 40
920000 40
921000 40
922000 40
923000 40
924000 40
925000 41
926000 41
927000 41
928000 41
929000 41
930000 41
931000 41
932000 41
933000 41
934000 41
935000 41
936000 41
937000 42
938000 42
939000 42
940000 42
941000 42
942000 42
943000 42
944000 42
945000 42
946000 42
947000 42
948000 42
949000 42
950000 43
951000 43
952000 43
953000 43
954000 43
955000 43
956000 43
957000 43
958000 43
959000 43
960000 43
961000 43
962000 43
963000 43
964000 44
965000 44
966000 44
967000 44
968000 44
969000 44
970000 44
971000 44
972000 44
973000 44
974000 44
975000 44
976000 44
977000 44
978000 44
979000 45
980000 45
981000 45
982000 45
983000 45
984000 45
985000 45
986000 45
987000 45
988000 45
989000 45
990000 45
991000 45
992000 45
993000 45
994000 45
995000 46
996000 46
997000 46
998000 46
999000 46
1000000 46
1001000 46
1002000 46
1003000 46
1004000 46
1005000 46
1006000 46
1007000 46
1008000 46
1009000 46
1010000 47
1011000 47
1012000 47
1013000 47
1014000 47
1015000 47
1016000 47
1017000 47
1018000 47
1019000 47
1020000 47
1021000 47
1022000 47
1023000 47
1024000 48
1025000 48
1026000 48
1027000 48
1028000 48
1029000 48
1030000 48
1031000 48
1032000 48
1033000 48
1034000 48
1035000 48
1036000 48
1037000 48
1038000 48
1039000 48
1040000 48
1041000 48
1042000 48
1043000 48
1044000 48
1045000 48
1046000 48
1047000 48
1048000 48
1049000 48
1050000 48
1051000 48
1052000 48
1053000 48
1054000 48
1055000 48
1056000 48
1057000 48
1058000 48
1059000 48
1060000 48
1061000 48
1062000 48
1063000 48
1064000 48
1065000 48
1066000 48
1067000 48
1068000 48
1069000 48
1070000 48
1071000 48
1072000 48
1073000 48
1074000 48
1075000 48
1076000 48
1077000 48
1078000 48
1079000 48
1080000 48
1081000 48
1082000 48
1083000 48
1084000 48
1085000 48
1086000 48
1087000 48
1088000 48
1089000 48
1090000 48
1091000 48
1092000 48
1093000 48
1094000 48
1095000 48
1096000 48
1097000 48
1098000 48
1099000 48
1100000 48
1101000 48
1102000 48
1103000 48
1104000 48
1105000 48
1106000 48
1107000 48
1108000 48
1109000 48
1110000 48
1111000 48
1112000 48
1113000 48
1114000 48
1115000 48
1116000 48
1117000 48
1118000 48
1119000 48
1120000 48
1121000 48
1122000 48
1123000 48
1124000 48
1125000 48
1126000 48
1127000 48
1128000 48
1129000 48
1130000 48
1131000 48
1132000 48
1133000 48
1134000 48
1135000 48
1136000 48
1137000 48
1138000 48
1139000 48
1140000 48
1141000 48
1142000 48
1143000 48
1144000 48
1145000 48
1146000 48
1147000 48
1148000 48
1149000 48
1150000 48
1151000 48
1152000 48
1153000 48
1154000 48
1155000 48
1156000 48
1157000 48
1158000 48
1159000 48
1160000 48
1161000 48
1162000 48
1163000 48
1164000 48
1165000 48
1166000 48
1167000 48
1168000 48
1169000 48
1170000 48
1171000 48
1172000 48
1173000 48
1174000 48
1175000 48
1176000 48
1177000 48
1178000 48
1179000 48
1180000 48
1181000 48
1182000 48
1183000 48
1184000 48
1185000 48
1186000 48
1187000 48
1188000 48
1189000 48
1190000 48
1191000 48
1192000 48
1193000 48
1194000 48
1195000 48
1196000 48
1197000 48
1198000 48
1199000 48
1200000 48
1201000 48
1202000 48
1203000 48
1204000 48
1205000 48
1206000 48
1207000 48
1208000 48
1209000 48
1210000 48
1211000 48
1212000 48
1213000 48
1214000 48
1215000 48
1216000 48
1217000 49
1218000 49
1219000 49
1220000 49
1221000 49
1222000 49
1223000 49
1224000 49
1225000 49
1226000 49
1227000 49
1228000 49
1229000 49
1230000 49
1231000 50
1232000 50
1233000 50
1234000 50
1235000 50
1236000 50
1237000 50
1238000 50
1239000 50
1240000 50
1241000 50
1242000 50
1243000 50
1244000 50
1245000 50
1246000 50
1247000 50
1248000 50
1249000 50
1250000 51
1251000 51
1252000 51
1253000 51
1254000 51
1255000 51
1256000 51
1257000 51
1258000 51
1259000 51
1260000 51
1261000 52
1262000 52
1263000 52
1264000 52
1265000 52
1266000 52
1267000 52
1268000 52
1269000 52
1270000 52
1271000 52
1272000 52
1273000 52
1274000 52
1275000 52
1276000 52
1277000 52
1278000 52
1279000 52
1280000 52
1281000 52
1282000 52
1283000 52
1284000 52
1285000 52
1286000 52
1287000 52
1288000 52
1289000 52
1290000 52
1291000 52
1292000 52
1293000 52
1294000 52
1295000 52
1296000 52
1297000 52
1298000 52
1299000 52
1300000 52
1301000 52
1302000 52
1303000 52
1304000 52
1305000 52
1306000 52
1307000 52
1308000 52
1309000 52
1310000 52
1311000 52
1312000 52
1313000 52
1314000 52
1315000 52
1316000 52
1317000 52
1318000 52
1319000 52
1320000 52
1321000 52
1322000 52
1323000 52
1324000 52
1325000 52
1326000 52
1327000 52
1328000 52
1329000 52
1330000 52
1331000 52
1332000 52
1333000 52
1334000 52
1335000 52
1336000 52
1337000 53
1338000 53
1339000 53
1340000 53
1341000 53
1342000 53
1343000 53
1344000 53
1345000 53
1346000 53
1347000 53
1348000 53
1349000 53
1350000 53
1351000 53
1352000 53
1353000 53
1354000 53
1355000 53
1356000 53
1357000 53
1358000 53
1359000 53
1360000 53
1361000 53
1362000 53
1363000 53
1364000 53
1365000 53
1366000 53
1367000 53
1368000 53
1369000 53
1370000 53
1371000 53
1372000 53
1373000 53
1374000 53
1375000 53
1376000 53
1377000 53
1378000 53
1379000 53
1380000 53
1381000 53
1382000 53
1383000 53
1384000 53
1385000 53
1386000 53
1387000 53
1388000 53
1389000 53
1390000 53
1391000 53
1392000 53
1393000 53
1394000 53
1395000 53
1396000 53
1397000 53
1398000 53
1399000 53
1400000 53
1401000 53
1402000 53
1403000 53
1404000 53
1405000 53
1406000 53
1407000 53
1408000 53
1409000 53
1410000 53
1411000 53
1412000 54
1413000 54
1414000 54
1415000 54
1416000 54
1417000 54
1418000 54
1419000 54
1420000 54
1421000 54
1422000 54
1423000 54
1424000 54
1425000 54
1426000 54
1427000 54
1428000 54
1429000 54
1430000 54
1431000 54
1432000 54
1433000 54
1434000 54
1435000 54
1436000 54
1437000 54
1438000 54
1439000 54
1440000 54
1441000 54
1442000 54
1443000 54
1444000 54
1445000 54
1446000 54
1447000 54
1448000 54
1449000 54
1450000 54
1451000 54
1452000 54
1453000 54
1454000 54
1455000 54
1456000 54
1457000 54
1458000 54
1459000 54
1460000 54
1461000 54
1462000 54
1463000 54
1464000 54
1465000 54
1466000 54
1467000 54
1468000 54
1469000 54
1470000 54
1471000 54
1472000 54
1473000 54
1474000 54
1475000 54
1476000 54
1477000 54
1478000 54
1479000 54
1480000 54
1481000 54
1482000 54
1483000 54
1484000 54
1485000 54
1486000 54
1487000 54
1488000 54
1489000 54
1490000 54
1491000 54
1492000 54
1493000 54
1494000 54
1495000 54
1496000 54
1497000 54
1498000 54
1499000 54
1500000 54
1501000 54
1502000 54
1503000 54
1504000 54
1505000 54
1506000 54
1507000 54
1508000 54
1509000 54
1510000 54
1511000 54
1512000 54
1513000 54
1514000 54
1515000 54
1516000 54
1517000 54
1518000 54
1519000 54
1520000 54
1521000 54
1522000 54
1523000 54
1524000 54
1525000 54
1526000 54
1527000 54
1528000 54
1529000 54
1530000 54
1531000 54
1532000 54
1533000 54
1534000 54
1535000 54
1536000 54
1537000 54
1538000 54
1539000 54
1540000 54
1541000 54
1542000 54
1543000 54
1544000 54
1545000 54
1546000 54
1547000 54
1548000 54
1549000 54
1550000 54
1551000 54
1552000 54
1553000 54
1554000 54
1555000 54
1556000 54
1557000 54
1558000 54
1559000 54
1560000 54
1561000 54
1562000 54
1563000 54
1564000 54
1565000 54
1566000 54
1567000 54
1568000 54
1569000 54
1570000 54
1571000 54
1572000 54
1573000 54
1574000 54
1575000 54
1576000 54
1577000 54
1578000 54
1579000 54
1580000 54
1581000 54
1582000 54
1583000 54
1584000 54
1585000 54
1586000 54
1587000 54
1588000 54
1589000 54
1590000 54
1591000 54
1592000 54
1593000 54
1594000 54
1595000 54
1596000 54
1597000 54
1598000 54
1599000 54
1600000 54
1601000 54
1602000 54
1603000 54
1604000 54
1605000 54
1606000 54
1607000 54
1608000 54
1609000 54
1610000 54
1611000 54
1612000 54
1613000 54
1614000 54
1615000 54
1616000 54
1617000 54
1618000 54
1619000 54
1620000 54
1621000 54
1622000 54
1623000 54
1624000 54
1625000 54
1626000 54
1627000 54
1628000 54
1629000 54
1630000 54
1631000 54
1632000 54
1633000 54
1634000 54
1635000 54
1636000 54
1637000 54
1638000 54
1639000 54
1640000 54
1641000 54
1642000 54
1643000 54
1644000 54
1645000 54
1646000 54
1647000 54
1648000 54
1649000 54
1650000 54
1651000 54
1652000 54
1653000 54
1654000 54
1655000 54
1656000 54
1657000 54
1658000 54
1659000 54
1660000 54
1661000 54
1662000 54
1663000 54
1664000 54
1665000 54
1666000 54
1667000 54
1668000 54
1669000 54
1670000 54
1671000 54
1672000 54
1673000 54
1674000 54
1675000 54
1676000 54
1677000 54
1678000 54
1679000 54
1680000 54
1681000 54
1682000 54
1683000 54
1684000 54
1685000 54
1686000 54
1687000 54
1688000 54
1689000 54
1690000 54
1691000 54
1692000 54
1693000 54
1694000 54
1695000 54
1696000 54
1697000 54
1698000 54
1699000 54
1700000 54
1701000 54
1702000 54
1703000 54
1704000 54
1705000 54
1706000 54
1707000 54
1708000 54
1709000 54
1710000 54
1711000 54
1712000 54
1713000 54
1714000 54
1715000 54
1716000 54
1717000 54
1718000 54
1719000 54
1720000 54
1721000 54
1722000 54
1723000 54
1724000 54
1725000 54
1726000 54
1727000 54
1728000 54
1729000 54
1730000 54
1731000 54
1732000 54
1733000 54
1734000 54
1735000 54
1736000 54
1737000 54
1738000 54
1739000 54
1740000 54
1741000 54
1742000 54
1743000 54
1744000 54
1745000 54
1746000 54
1747000 54
1748000 54
1749000 54
1750000 54
1751000 54
1752000 54
1753000 54
1754000 54
1755000 54
1756000 54
1757000 54
1758000 54
1759000 54
1760000 54
1761000 54
1762000 54
1763000 54
1764000 54
1765000 54
1766000 54
1767000 54
1768000 54
1769000 54
1770000 54
1771000 54
1772000 54
1773000 54
1774000 54
1775000 54
1776000 54
1777000 54
1778000 54
1779000 54
1780000 54
1781000 54
1782000 54
1783000 54
1784000 54
1785000 54
1786000 54
1787000 54
1788000 54
1789000 54
1790000 54
1791000 54
1792000 54
1793000 54
1794000 54
1795000 54
1796000 54
1797000 54
1798000 54
1799000 54
1800000 54
1801000 54
1802000 54
1803000 54
1804000 54
1805000 54
1806000 54
1807000 54
1808000 54
1809000 54
1810000 54
1811000 54
1812000 54
1813000 54
1814000 54
1815000 54
1816000 54
1817000 54
1818000 54
1819000 54
1820000 54
1821000 54
1822000 54
1823000 54
1824000 54
1825000 54
1826000 54
1827000 54
1828000 54
1829000 54
1830000 54
1831000 54
1832000 54
1833000 54
1834000 54
1835000 54
1836000 54
1837000 54
1838000 54
1839000 54
1840000 54
1841000 54
1842000 54
1843000 54
1844000 54
1845000 54
1846000 54
1847000 54
1848000 54
1849000 54
1850000 54
1851000 54
1852000 54
1853000 54
1854000 54
1855000 54
1856000 54
1857000 54
1858000 54
1859000 54
1860000 54
1861000 54
1862000 54
1863000 54
1864000 54
1865000 54
1866000 54
1867000 54
1868000 54
1869000 54
1870000 54
1871000 54
1872000 54
1873000 54
1874000 54
1875000 54
1876000 54
1877000 54
1878000 54
1879000 54
1880000 54
1881000 54
1882000 54
1883000 54
1884000 54
1885000 54
1886000 54
1887000 54
1888000 54
1889000 54
1890000 54
1891000 54
1892000 54
1893000 54
1894000 54
1895000 54
1896000 54
1897000 54
1898000 54
1899000 54
1900000 54
1901000 54
1902000 54
1903000 54
1904000 54
1905000 54
1906000 54
1907000 54
1908000 54
1909000 54
1910000 54
1911000 54
1912000 54
1913000 54
1914000 54
1915000 54
1916000 54
1917000 54
1918000 54
1919000 54
1920000 54
1921000 54
1922000 54
1923000 54
1924000 54
1925000 54
1926000 54
1927000 54
1928000 54
1929000 54
1930000 54
1931000 54
1932000 54
1933000 54
1934000 54
1935000 54
1936000 54
1937000 54
1938000 54
1939000 54
1940000 54
1941000 54
1942000 54
1943000 54
1944000 54
1945000 54
1946000 54
1947000 54
1948000 54
1949000 54
1950000 54
1951000 54
1952000 54
1953000 54
1954000 54
1955000 54
1956000 54
1957000 54
1958000 54
1959000 54
1960000 54
1961000 54
1962000 54
1963000 54
1964000 54
1965000 54
1966000 54
1967000 54
1968000 54
1969000 54
1970000 54
1971000 54
1972000 54
1973000 54
1974000 54
1975000 54
1976000 54
1977000 54
1978000 54
1979000 54
1980000 54
1981000 54
1982000 54
1983000 54
1984000 54
1985000 54
1986000 54
1987000 54
1988000 54
1989000 54
1990000 54
1991000 54
1992000 54
1993000 54
1994000 54
1995000 54
1996000 54
1997000 54
1998000 54
1999000 54
2000000 54
2001000 54
2002000 54
2003000 54
2004000 54
2005000 54
2006000 54
2007000 54
2008000 54
2009000 54
2010000 54
2011000 54
2012000 54
2013000 54
2014000 54
2015000 54
2016000 54
2017000 54
2018000 54
2019000 54
2020000 54
2021000 54
2022000 54
2023000 54
2024000 54
2025000 54
2026000 54
2027000 54
2028000 54
2029000 54
2030000 54
2031000 54
2032000 54
2033000 54
2034000 54
2035000 54
2036000 54
2037000 54
2038000 54
2039000 54
2040000 54
2041000 54
2042000 54
2043000 54
2044000 54
2045000 54
2046000 54
2047000 54
2048000 54
2049000 54
2050000 54
2051000 54
2052000 54
2053000 54
2054000 54
2055000 54
2056000 54
2057000 54
2058000 54
2059000 54
2060000 54
2061000 54
2062000 54
2063000 54
2064000 54
2065000 54
2066000 54
2067000 54
2068000 54
2069000 54
2070000 54
2071000 54
2072000 54
2073000 54
2074000 54
2075000 54
2076000 54
2077000 54
2078000 54
2079000 54
2080000 54
2081000 54
2082000 54
2083000 54
2084000 54
2085000 54
2086000 54
2087000 54
2088000 54
2089000 54
2090000 54
2091000 54
2092000 54
2093000 54
2094000 54
2095000 54
2096000 54
2097000 54
2098000 54
2099000 54
2100000 54
2101000 54
2102000 54
2103000 54
2104000 54
2105000 54
2106000 54
2107000 54
2108000 54
2109000 54
2110000 54
2111000 54
2112000 54
2113000 54
2114000 54
2115000 54
2116000 54
2117000 54
2118000 54
2119000 54
2120000 54
2121000 54
2122000 54
2123000 54
2124000 54
2125000 54
2126000 54
2127000 54
2128000 54
2129000 54
2130000 54
2131000 54
2132000 54
2133000 54
2134000 54
2135000 54
2136000 54
2137000 54
2138000 54
2139000 54
2140000 54
2141000 54
2142000 54
2143000 54
2144000 54
2145000 54
2146000 54
2147000 54
2148000 54
2149000 54
2150000 54
2151000 54
2152000 54
2153000 54
2154000 54
2155000 54
2156000 54
2157000 54
2158000 54
2159000 54
2160000 54
2161000 54
2162000 54
2163000 54
2164000 54
2165000 54
2166000 54
2167000 54
2168000 54
2169000 54
2170000 54
2171000 54
2172000 54
2173000 54
2174000 54
2175000 54
2176000 54
2177000 54
2178000 54
2179000 54
2180000 54
2181000 55
2182000 55
2183000 55
2184000 55
2185000 55
2186000 55
2187000 55
2188000 55
2189000 55
2190000 55
2191000 55
2192000 56
2193000 56
2194000 56
2195000 56
2196000 56
2197000 56
2198000 56
2199000 56
2200000 56
2201000 56
2202000 57
2203000 57
2204000 57
2205000 57
2206000 57
2207000 57
2208000 57
2209000 57
2210000 57
2211000 57
2212000 57
2213000 57
2214000 57
2215000 58
2216000 58
2217000 58
2218000 58
2219000 58
2220000 58
2221000 58
2222000 58
2223000 59
2224000 59
2225000 59
2226000 59
2227000 59
2228000 59
2229000 59
2230000 59
2231000 59
2232000 59
2233000 59
2234000 59
2235000 59
2236000 59
2237000 59
2238000 59
2239000 59
2240000 59
2241000 59
2242000 59
2243000 60
2244000 60
2245000 60
2246000 60
2247000 60
2248000 60
2249000 60
2250000 60
2251000 60
2252000 60
2253000 60
2254000 60
2255000 60
2256000 60
2257000 60
2258000 60
2259000 60
2260000 60
2261000 60
2262000 60
2263000 60
2264000 60
2265000 60
2266000 60
2267000 60
2268000 60
2269000 60
2270000 60
2271000 60
2272000 60
2273000 60
2274000 60
2275000 60
2276000 60
2277000 60
2278000 60
2279000 60
2280000 60
2281000 60
2282000 60
2283000 60
2284000 60
2285000 60
2286000 60
2287000 60
2288000 60
2289000 60
2290000 60
2291000 60
2292000 60
2293000 60
2294000 60
2295000 60
2296000 60
2297000 60
2298000 60
2299000 60
2300000 60
2301000 60
2302000 60
2303000 60
2304000 60
2305000 60
2306000 60
2307000 60
2308000 60
2309000 60
2310000 60
2311000 60
2312000 60
2313000 60
2314000 60
2315000 60
2316000 60
2317000 60
2318000 60
2319000 60
2320000 60
2321000 60
2322000 60
2323000 60
2324000 60
2325000 60
2326000 60
2327000 60
2328000 60
2329000 60
2330000 60
2331000 60
2332000 60
2333000 60
2334000 60
2335000 60
2336000 60
2337000 60
2338000 60
2339000 60
2340000 60
2341000 60
2342000 60
2343000 60
2344000 60
2345000 60
2346000 60
2347000 60
2348000 60
2349000 60
2350000 60
2351000 60
2352000 60
2353000 60
2354000 60
2355000 60
2356000 60
2357000 60
2358000 60
2359000 60
2360000 60
2361000 60
2362000 60
2363000 60
2364000 60
2365000 60
2366000 60
2367000 60
2368000 60
2369000 60
2370000 60
2371000 60
2372000 60
2373000 60
2374000 60
2375000 60
2376000 60
2377000 60
2378000 60
2379000 60
2380000 60
2381000 60
2382000 60
2383000 60
2384000 60
2385000 60
2386000 60
2387000 60
2388000 60
2389000 60
2390000 60
2391000 60
2392000 60
2393000 60
2394000 60
2395000 60
2396000 60
2397000 60
2398000 60
2399000 60
2400000 60
2401000 60
2402000 60
2403000 60
2404000 61
2405000 61
2406000 61
2407000 61
2408000 61
2409000 61
2410000 61
2411000 61
2412000 61
2413000 61
2414000 61
2415000 61
2416000 61
2417000 61
2418000 61
2419000 61
2420000 61
2421000 61
2422000 61
2423000 61
2424000 61
2425000 61
2426000 61
2427000 61
2428000 61
2429000 61
2430000 61
2431000 61
2432000 61
2433000 61
2434000 61
2435000 61
2436000 61
2437000 61
2438000 61
2439000 61
2440000 61
2441000 61
2442000 61
2443000 61
2444000 61
2445000 61
2446000 61
2447000 61
2448000 61
2449000 61
2450000 61
2451000 61
2452000 61
2453000 61
2454000 61
2455000 61
2456000 61
2457000 61
2458000 61
2459000 61
2460000 61
2461000 61
2462000 61
2463000 61
2464000 61
2465000 61
2466000 61
2467000 61
2468000 61
2469000 61
2470000 61
2471000 61
2472000 61
2473000 61
2474000 61
2475000 61
2476000 61
2477000 61
2478000 61
2479000 61
2480000 61
2481000 61
2482000 61
2483000 61
2484000 61
2485000 61
2486000 61
2487000 61
2488000 61
2489000 61
2490000 61
2491000 61
2492000 61
2493000 61
2494000 61
2495000 61
2496000 61
2497000 61
2498000 61
2499000 61
2500000 61
2501000 61
2502000 61
2503000 61
2504000 61
2505000 61
2506000 61
2507000 61
2508000 61
2509000 61
2510000 61
2511000 61
2512000 61
2513000 61
2514000 61
2515000 61
2516000 61
2517000 61
2518000 61
2519000 61
2520000 61
2521000 61
2522000 61
2523000 61
2524000 61
2525000 61
2526000 61
2527000 61
2528000 61
2529000 61
2530000 61
2531000 61
2532000 61
2533000 61
2534000 61
2535000 61
2536000 61
2537000 61
2538000 61
2539000 61
2540000 61
2541000 61
2542000 61
2543000 61
2544000 61
2545000 61
2546000 61
2547000 61
2548000 61
2549000 61
2550000 61
2551000 61
2552000 61
2553000 61
2554000 61
2555000 61
2556000 61
2557000 61
2558000 61
2559000 61
2560000 61
2561000 61
2562000 61
2563000 61
2564000 61
2565000 61
2566000 61
2567000 61
2568000 61
2569000 61
2570000 61
2571000 61
2572000 61
2573000 61
2574000 61
2575000 61
2576000 61
2577000 61
2578000 61
2579000 61
2580000 61
2581000 61
2582000 61
2583000 61
2584000 61
2585000 61
2586000 61
2587000 61
2588000 61
2589000 61
2590000 61
2591000 61
2592000 61
2593000 61
2594000 61
2595000 61
2596000 61
2597000 61
2598000 61
2599000 61
2600000 61
2601000 61
2602000 61
2603000 61
2604000 61
2605000 61
2606000 61
2607000 61
2608000 61
2609000 61
2610000 61
2611000 61
2612000 61
2613000 61
2614000 61
2615000 61
2616000 61
2617000 61
2618000 61
2619000 61
2620000 61
2621000 61
2622000 61
2623000 61
2624000 61
2625000 61
2626000 61
2627000 61
2628000 61
2629000 61
2630000 61
2631000 61
2632000 61
2633000 61
2634000 61
2635000 61
2636000 61
2637000 61
2638000 61
2639000 61
2640000 61
2641000 61
2642000 61
2643000 61
2644000 61
2645000 61
2646000 61
2647000 61
2648000 61
2649000 61
2650000 61
2651000 61
2652000 61
2653000 61
2654000 61
2655000 61
2656000 61
2657000 61
2658000 61
2659000 61
2660000 61
2661000 61
2662000 61
2663000 61
2664000 61
2665000 61
2666000 61
2667000 61
2668000 61
2669000 61
2670000 61
2671000 61
2672000 61
2673000 61
2674000 61
2675000 61
2676000 61
2677000 61
2678000 61
2679000 61
2680000 61
2681000 61
2682000 61
2683000 61
2684000 61
2685000 61
2686000 61
2687000 61
2688000 61
2689000 61
2690000 61
2691000 61
2692000 61
2693000 61
2694000 61
2695000 61
2696000 61
2697000 61
2698000 61
2699000 61
2700000 61
2701000 61
2702000 61
2703000 61
2704000 61
2705000 61
2706000 61
2707000 61
2708000 61
2709000 61
2710000 61
2711000 61
2712000 61
2713000 61
2714000 61
2715000 61
2716000 61
2717000 61
2718000 61
2719000 61
2720000 61
2721000 61
2722000 61
2723000 61
2724000 61
2725000 61
2726000 61
2727000 61
2728000 61
2729000 61
2730000 61
2731000 61
2732000 61
2733000 61
2734000 61
2735000 61
2736000 61
2737000 61
2738000 61
2739000 61
2740000 61
2741000 62
2742000 62
2743000 62
2744000 62
2745000 62
2746000 62
2747000 62
2748000 62
2749000 62
2750000 62
2751000 62
2752000 62
2753000 62
2754000 62
2755000 62
2756000 62
2757000 63
2758000 63
2759000 63
2760000 63
2761000 63
2762000 63
2763000 63
2764000 63
2765000 63
2766000 63
2767000 63
2768000 63
2769000 63
2770000 64
2771000 64
2772000 64
2773000 64
2774000 64
2775000 64
2776000 64
2777000 64
2778000 64
2779000 64
2780000 64
2781000 64
2782000 64
2783000 64
2784000 64
2785000 64
2786000 64
2787000 65
2788000 65
2789000 65
2790000 65
2791000 65
2792000 65
2793000 65
2794000 65
2795000 65
2796000 65
2797000 65
2798000 65
2799000 65
2800000 65
2801000 65
2802000 66
2803000 66
2804000 66
2805000 66
2806000 66
2807000 66
2808000 66
2809000 66
2810000 66
2811000 66
2812000 66
2813000 66
2814000 67
2815000 67
2816000 67
2817000 67
2818000 67
2819000 67
2820000 67
2821000 67
2822000 67
2823000 67
2824000 67
2825000 67
2826000 67
2827000 68
2828000 68
2829000 68
2830000 68
2831000 68
2832000 68
2833000 68
2834000 68
2835000 68
2836000 68
2837000 68
2838000 68
2839000 69
2840000 69
2841000 69
2842000 69
2843000 69
2844000 69
2845000 69
2846000 69
2847000 69
2848000 69
2849000 69
2850000 69
2851000 70
2852000 70
2853000 70
2854000 70
2855000 70
2856000 70
2857000 70
2858000 70
2859000 70
2860000 70
2861000 70
2862000 70
2863000 70
2864000 71
2865000 71
2866000 71
2867000 71
2868000 71
2869000 71
2870000 71
2871000 71
2872000 71
2873000 71
2874000 71
2875000 71
2876000 72
2877000 72
2878000 72
2879000 72
2880000 72
2881000 72
2882000 72
2883000 72
2884000 72
2885000 72
2886000 72
2887000 72
2888000 73
2889000 73
2890000 73
2891000 73
2892000 73
2893000 73
2894000 73
2895000 73
2896000 73
2897000 73
2898000 73
2899000 74
2900000 74
2901000 74
2902000 74
2903000 74
2904000 74
2905000 74
2906000 74
2907000 74
2908000 74
2909000 74
2910000 74
2911000 74
2912000 75
2913000 75
2914000 75
2915000 75
2916000 75
2917000 75
2918000 75
2919000 75
2920000 75
2921000 75
2922000 75
2923000 75
2924000 75
2925000 76
2926000 76
2927000 76
2928000 76
2929000 76
2930000 76
2931000 76
2932000 76
2933000 76
2934000 76
2935000 76
2936000 76
2937000 76
2938000 77
2939000 77
2940000 77
2941000 77
2942000 77
2943000 77
2944000 77
2945000 77
2946000 77
2947000 77
2948000 77
2949000 77
2950000 77
2951000 77
2952000 77
2953000 77
2954000 77
2955000 78
2956000 78
2957000 78
2958000 78
2959000 78
2960000 78
2961000 78
2962000 78
2963000 78
2964000 78
2965000 78
2966000 78
2967000 78
2968000 78
2969000 78
2970000 78
2971000 78
2972000 78
2973000 78
2974000 78
2975000 78
2976000 78
2977000 78
2978000 78
2979000 78
2980000 78
2981000 78
2982000 78
2983000 78
2984000 78
2985000 78
2986000 78
2987000 78
2988000 78
2989000 78
2990000 78
2991000 78
2992000 78
2993000 78
2994000 78
2995000 78
2996000 78
2997000 78
2998000 78
2999000 78
3000000 78
3001000 78
3002000 78
3003000 78
3004000 78
3005000 78
3006000 78
3007000 78
3008000 78
3009000 78
3010000 78
3011000 78
3012000 78
3013000 78
3014000 78
3015000 78
3016000 78
3017000 78
3018000 78
3019000 78
3020000 78
3021000 78
3022000 78
3023000 78
3024000 78
3025000 78
3026000 78
3027000 78
3028000 78
3029000 78
3030000 78
3031000 78
3032000 78
3033000 78
3034000 78
3035000 78
3036000 78
3037000 78
3038000 78
3039000 78
3040000 78
3041000 78
3042000 78
3043000 78
3044000 78
3045000 78
3046000 78
3047000 78
3048000 78
3049000 78
3050000 78
3051000 78
3052000 78
3053000 78
3054000 78
3055000 78
3056000 78
3057000 78
3058000 78
3059000 78
3060000 78
3061000 78
3062000 78
3063000 78
3064000 78
3065000 78
3066000 78
3067000 78
3068000 78
3069000 78
3070000 78
3071000 78
3072000 78
3073000 78
3074000 78
3075000 78
3076000 78
3077000 78
3078000 78
3079000 78
3080000 78
3081000 78
3082000 78
3083000 78
3084000 78
3085000 78
3086000 78
3087000 78
3088000 78
3089000 78
3090000 78
3091000 78
3092000 78
3093000 78
3094000 78
3095000 78
3096000 78
3097000 78
3098000 78
3099000 78
3100000 78
3101000 78
3102000 78
3103000 78
3104000 78
3105000 78
3106000 78
3107000 78
3108000 78
3109000 78
3110000 78
3111000 78
3112000 78
3113000 78
3114000 78
3115000 78
3116000 78
3117000 78
3118000 78
3119000 78
3120000 78
3121000 78
3122000 78
3123000 78
3124000 78
3125000 78
3126000 78
3127000 78
3128000 78
3129000 78
3130000 78
3131000 78
3132000 78
3133000 78
3134000 78
3135000 78
3136000 78
3137000 78
3138000 78
3139000 78
3140000 78
3141000 78
3142000 78
3143000 78
3144000 78
3145000 78
3146000 78
3147000 78
3148000 78
3149000 78
3150000 78
3151000 78
3152000 78
3153000 78
3154000 78
3155000 78
3156000 78
3157000 78
3158000 78
3159000 78
3160000 78
3161000 78
3162000 78
3163000 78
3164000 78
3165000 78
3166000 78
3167000 78
3168000 78
3169000 78
3170000 78
3171000 78
3172000 78
3173000 78
3174000 78
3175000 78
3176000 78
3177000 78
3178000 78
3179000 78
3180000 78
3181000 78
3182000 78
3183000 78
3184000 78
3185000 78
3186000 78
3187000 78
3188000 78
3189000 78
3190000 78
3191000 78
3192000 78
3193000 78
3194000 78
3195000 78
3196000 78
3197000 78
3198000 78
3199000 78
3200000 78
3201000 78
3202000 78
3203000 78
3204000 78
3205000 78
3206000 78
3207000 78
3208000 78
3209000 78
3210000 78
3211000 78
3212000 78
3213000 78
3214000 78
3215000 78
3216000 78
3217000 78
3218000 78
3219000 78
3220000 78
3221000 78
3222000 78
3223000 78
3224000 78
3225000 78
3226000 78
3227000 78
3228000 78
3229000 78
3230000 78
3231000 78
3232000 78
3233000 78
3234000 78
3235000 78
3236000 78
3237000 78
3238000 78
3239000 78
3240000 78
3241000 78
3242000 78
3243000 78
3244000 78
3245000 78
3246000 78
3247000 78
3248000 78
3249000 78
3250000 78
3251000 78
3252000 78
3253000 78
3254000 78
3255000 78
3256000 78
3257000 78
3258000 78
3259000 78
3260000 78
3261000 78
3262000 78
3263000 78
3264000 78
3265000 78
3266000 78
3267000 78
3268000 78
3269000 78
3270000 78
3271000 78
3272000 78
3273000 78
3274000 78
3275000 78
3276000 78
3277000 78
3278000 78
3279000 78
3280000 78
3281000 78
3282000 78
3283000 78
3284000 78
3285000 78
3286000 78
3287000 78
3288000 78
3289000 78
3290000 78
3291000 78
3292000 78
3293000 78
3294000 78
3295000 78
3296000 78
3297000 78
3298000 78
3299000 78
3300000 78
3301000 78
3302000 78
3303000 78
3304000 78
3305000 78
3306000 78
3307000 78
3308000 78
3309000 78
3310000 78
3311000 78
3312000 78
3313000 78
3314000 78
3315000 78
3316000 78
3317000 78
3318000 78
3319000 78
3320000 78
3321000 78
3322000 78
3323000 78
3324000 78
3325000 78
3326000 78
3327000 78
3328000 78
3329000 78
3330000 78
3331000 78
3332000 78
3333000 78
3334000 78
3335000 78
3336000 78
3337000 78
3338000 78
3339000 78
3340000 78
3341000 78
3342000 78
3343000 78
3344000 78
3345000 78
3346000 78
3347000 78
3348000 78
3349000 78
3350000 78
3351000 78
3352000 78
3353000 78
3354000 78
3355000 78
3356000 78
3357000 78
3358000 78
3359000 78
3360000 78
3361000 78
3362000 78
3363000 78
3364000 78
3365000 78
3366000 78
3367000 78
3368000 78
3369000 78
3370000 78
3371000 78
3372000 78
3373000 78
3374000 78
3375000 78
3376000 78
3377000 78
3378000 78
3379000 78
3380000 78
3381000 78
3382000 78
3383000 78
3384000 78
3385000 78
3386000 78
3387000 78
3388000 78
3389000 78
3390000 78
3391000 78
3392000 78
3393000 78
3394000 78
3395000 78
3396000 78
3397000 78
3398000 78
3399000 78
3400000 78
3401000 78
3402000 78
3403000 78
3404000 78
3405000 78
3406000 78
3407000 78
3408000 78
3409000 78
3410000 78
3411000 78
3412000 78
3413000 78
3414000 78
3415000 78
3416000 78
3417000 78
3418000 78
3419000 78
3420000 78
3421000 78
3422000 78
3423000 78
3424000 78
3425000 78
3426000 78
3427000 78
3428000 78
3429000 78
3430000 78
3431000 78
3432000 78
3433000 78
3434000 78
3435000 78
3436000 78
3437000 78
3438000 78
3439000 78
3440000 78
3441000 78
3442000 78
3443000 78
3444000 79
3445000 79
3446000 79
3447000 79
3448000 79
3449000 79
3450000 79
3451000 79
3452000 79
3453000 79
3454000 79
3455000 79
3456000 79
3457000 79
3458000 79
3459000 79
3460000 79
3461000 79
3462000 79
3463000 79
3464000 79
3465000 79
3466000 79
3467000 79
3468000 79
3469000 79
3470000 79
3471000 79
3472000 79
3473000 79
3474000 79
3475000 79
3476000 79
3477000 79
3478000 79
3479000 79
3480000 79
3481000 79
3482000 79
3483000 79
3484000 79
3485000 79
3486000 79
3487000 79
3488000 79
3489000 79
3490000 79
3491000 79
3492000 79
3493000 79
3494000 79
3495000 79
3496000 79
3497000 79
3498000 79
3499000 79
3500000 79
3501000 79
3502000 79
3503000 79
3504000 79
3505000 79
3506000 79
3507000 79
3508000 79
3509000 79
3510000 79
3511000 79
3512000 79
3513000 79
3514000 79
3515000 79
3516000 79
3517000 79
3518000 79
3519000 79
3520000 79
3521000 79
3522000 79
3523000 79
3524000 79
3525000 79
3526000 79
3527000 79
3528000 79
3529000 79
3530000 79
3531000 79
3532000 79
3533000 79
3534000 79
3535000 79
3536000 79
3537000 79
3538000 79
3539000 79
3540000 79
3541000 79
3542000 79
3543000 79
3544000 79
3545000 79
3546000 79
3547000 79
3548000 79
3549000 79
3550000 79
3551000 79
3552000 79
3553000 79
3554000 79
3555000 79
3556000 79
3557000 79
3558000 79
3559000 79
3560000 79
3561000 79
3562000 79
3563000 79
3564000 79
3565000 79
3566000 79
3567000 79
3568000 79
3569000 79
3570000 79
3571000 79
3572000 79
3573000 79
3574000 79
3575000 79
3576000 79
3577000 79
3578000 79
3579000 79
3580000 79
3581000 79
3582000 79
3583000 79
3584000 79
3585000 79
3586000 79
3587000 79
3588000 79
3589000 79
3590000 79
3591000 79
3592000 79
3593000 79
3594000 79
3595000 79
3596000 79
3597000 79
3598000 79
3599000 79
3600000 79
3601000 79
3602000 79
3603000 79
3604000 79
3605000 79
3606000 79
3607000 79
3608000 79
3609000 79
3610000 79
3611000 79
3612000 79
3613000 79
3614000 79
3615000 79
3616000 79
3617000 79
3618000 79
3619000 79
3620000 79
3621000 79
3622000 79
3623000 79
3624000 79
3625000 79
3626000 79
3627000 79
3628000 79
3629000 79
3630000 79
3631000 79
3632000 79
3633000 79
3634000 79
3635000 79
3636000 79
3637000 79
3638000 79
3639000 79
3640000 79
3641000 79
3642000 79
3643000 79
3644000 79
3645000 79
3646000 79
3647000 79
3648000 79
3649000 79
3650000 79
3651000 79
3652000 79
3653000 79
3654000 79
3655000 79
3656000 79
3657000 79
3658000 79
3659000 79
3660000 79
3661000 79
3662000 79
3663000 79
3664000 79
3665000 79
3666000 79
3667000 79
3668000 79
3669000 79
3670000 79
3671000 79
3672000 79
3673000 79
3674000 79
3675000 79
3676000 79
3677000 79
3678000 79
3679000 79
3680000 79
3681000 79
3682000 79
3683000 79
3684000 79
3685000 79
3686000 79
3687000 79
3688000 79
3689000 79
3690000 79
3691000 79
3692000 79
3693000 79
3694000 79
3695000 79
3696000 79
3697000 79
3698000 79
3699000 79
3700000 79
3701000 79
3702000 79
3703000 79
3704000 79
3705000 79
3706000 79
3707000 79
3708000 79
3709000 79
3710000 79
3711000 79
3712000 79
3713000 79
3714000 79
3715000 79
3716000 79
3717000 79
3718000 79
3719000 79
3720000 79
3721000 79
3722000 79
3723000 79
3724000 79
3725000 80
3726000 80
3727000 80
3728000 80
3729000 80
3730000 80
3731000 80
3732000 80
3733000 80
3734000 80
3735000 80
3736000 80
3737000 80
3738000 81
3739000 81
3740000 81
3741000 81
3742000 81
3743000 81
3744000 81
3745000 81
3746000 81
3747000 81
3748000 81
3749000 81
3750000 81
3751000 81
3752000 81
3753000 81
3754000 81
3755000 81
3756000 81
3757000 81
3758000 81
3759000 81
3760000 81
3761000 81
3762000 81
3763000 81
3764000 81
3765000 81
3766000 81
3767000 81
3768000 81
3769000 81
3770000 81
3771000 81
3772000 81
3773000 81
3774000 81
3775000 81
3776000 81
3777000 81
3778000 81
3779000 81
3780000 81
3781000 81
3782000 81
3783000 81
3784000 81
3785000 81
3786000 81
3787000 81
3788000 81
3789000 81
3790000 81
3791000 81
3792000 81
3793000 81
3794000 81
3795000 81
3796000 81
3797000 81
3798000 81
3799000 81
3800000 81
3801000 81
3802000 81
3803000 81
3804000 81
3805000 81
3806000 81
3807000 81
3808000 81
3809000 81
3810000 81
3811000 81
3812000 81
3813000 81
3814000 82
3815000 82
3816000 82
3817000 82
3818000 82
3819000 82
3820000 82
3821000 82
3822000 82
3823000 82
3824000 82
3825000 82
3826000 82
3827000 82
3828000 82
3829000 82
3830000 82
3831000 83
3832000 83
3833000 83
3834000 83
3835000 83
3836000 83
3837000 83
3838000 83
3839000 83
3840000 83
3841000 83
3842000 83
3843000 83
3844000 83
3845000 83
3846000 83
3847000 83
3848000 83
3849000 83
3850000 83
3851000 83
3852000 83
3853000 83
3854000 83
3855000 83
3856000 83
3857000 84
3858000 84
3859000 84
3860000 84
3861000 84
3862000 84
3863000 84
3864000 84
3865000 84
3866000 84
3867000 84
3868000 84
3869000 84
3870000 84
3871000 84
3872000 84
3873000 84
3874000 84
3875000 84
3876000 84
3877000 84
3878000 84
3879000 84
3880000 84
3881000 84
3882000 84
3883000 84
3884000 84
3885000 84
3886000 84
3887000 84
3888000 84
3889000 84
3890000 84
3891000 84
3892000 84
3893000 84
3894000 84
3895000 84
3896000 84
3897000 84
3898000 84
3899000 84
3900000 84
3901000 84
3902000 84
3903000 84
3904000 84
3905000 84
3906000 84
3907000 84
3908000 84
3909000 84
3910000 84
3911000 84
3912000 84
3913000 84
3914000 84
3915000 84
3916000 84
3917000 84
3918000 84
3919000 84
3920000 84
3921000 85
3922000 85
3923000 85
3924000 85
3925000 85
3926000 85
3927000 85
3928000 85
3929000 85
3930000 85
3931000 85
3932000 85
3933000 85
3934000 85
3935000 85
3936000 85
3937000 85
3938000 85
3939000 85
3940000 85
3941000 85
3942000 85
3943000 85
3944000 85
3945000 85
3946000 85
3947000 85
3948000 85
3949000 85
3950000 85
3951000 85
3952000 85
3953000 85
3954000 85
3955000 85
3956000 85
3957000 85
3958000 85
3959000 85
3960000 85
3961000 85
3962000 85
3963000 85
3964000 85
3965000 85
3966000 85
3967000 85
3968000 85
3969000 85
3970000 85
3971000 85
3972000 85
3973000 85
3974000 85
3975000 85
3976000 85
3977000 85
3978000 85
3979000 85
3980000 85
3981000 85
3982000 85
3983000 85
3984000 85
3985000 85
3986000 85
3987000 85
3988000 85
3989000 85
3990000 85
3991000 85
3992000 85
3993000 85
3994000 85
3995000 85
3996000 85
3997000 85
3998000 85
3999000 85
4000000 85
4001000 85
4002000 85
4003000 85
4004000 85
4005000 85
4006000 85
4007000 85
4008000 85
4009000 85
4010000 85
4011000 85
4012000 85
4013000 85
4014000 85
4015000 85
4016000 85
4017000 85
4018000 85
4019000 85
4020000 85
4021000 85
4022000 85
4023000 85
4024000 85
4025000 85
4026000 85
4027000 85
4028000 85
4029000 85
4030000 85
4031000 85
4032000 85
4033000 85
4034000 85
4035000 85
4036000 85
4037000 85
4038000 86
4039000 86
4040000 86
4041000 86
4042000 86
4043000 86
4044000 86
4045000 86
4046000 86
4047000 86
4048000 86
4049000 86
4050000 86
4051000 86
4052000 86
4053000 86
4054000 86
4055000 86
4056000 86
4057000 86
4058000 86
4059000 86
4060000 86
4061000 86
4062000 86
4063000 86
4064000 86
4065000 86
4066000 86
4067000 86
4068000 86
4069000 86
4070000 86
4071000 86
4072000 86
4073000 86
4074000 86
4075000 86
4076000 86
4077000 86
4078000 86
4079000 86
4080000 86
4081000 86
4082000 86
4083000 86
4084000 86
4085000 86
4086000 86
4087000 86
4088000 86
4089000 86
4090000 86
4091000 86
4092000 86
4093000 86
4094000 86
4095000 86
4096000 86
4097000 86
4098000 86
4099000 86
4100000 86
4101000 86
4102000 86
4103000 86
4104000 86
4105000 86
4106000 86
4107000 86
4108000 86
4109000 86
4110000 86
4111000 86
4112000 86
4113000 86
4114000 86
4115000 86
4116000 86
4117000 86
4118000 86
4119000 86
4120000 86
4121000 86
4122000 86
4123000 86
4124000 86
4125000 86
4126000 86
4127000 86
4128000 86
4129000 86
4130000 86
4131000 86
4132000 86
4133000 86
4134000 86
4135000 86
4136000 86
4137000 86
4138000 86
4139000 86
4140000 86
4141000 86
4142000 86
4143000 86
4144000 86
4145000 86
4146000 86
4147000 86
4148000 86
4149000 86
4150000 86
4151000 86
4152000 86
4153000 86
4154000 86
4155000 86
4156000 86
4157000 86
4158000 86
4159000 86
4160000 86
4161000 86
4162000 86
4163000 86
4164000 86
4165000 86
4166000 86
4167000 86
4168000 86
4169000 86
4170000 87
4171000 87
4172000 87
4173000 87
4174000 87
4175000 87
4176000 87
4177000 87
4178000 87
4179000 87
4180000 87
4181000 87
4182000 87
4183000 87
4184000 87
4185000 87
4186000 87
4187000 87
4188000 87
4189000 87
4190000 88
4191000 88
4192000 88
4193000 88
4194000 88
4195000 88
4196000 88
4197000 88
4198000 88
4199000 88
4200000 88
4201000 88
4202000 88
4203000 88
4204000 88
4205000 88
4206000 88
4207000 88
4208000 88
4209000 88
4210000 88
4211000 88
4212000 88
4213000 88
4214000 88
4215000 88
4216000 88
4217000 89
4218000 89
4219000 89
4220000 89
4221000 89
4222000 89
4223000 89
4224000 89
4225000 89
4226000 89
4227000 89
4228000 89
4229000 89
4230000 89
4231000 89
4232000 89
4233000 89
4234000 89
4235000 89
4236000 89
4237000 90
4238000 90
4239000 90
4240000 90
4241000 90
4242000 90
4243000 90
4244000 90
4245000 90
4246000 90
4247000 90
4248000 90
4249000 90
4250000 90
4251000 90
4252000 90
4253000 90
4254000 90
4255000 90
4256000 90
4257000 90
4258000 90
4259000 90
4260000 90
4261000 90
4262000 90
4263000 90
4264000 90
4265000 90
4266000 90
4267000 90
4268000 90
4269000 90
4270000 90
4271000 90
4272000 90
4273000 90
4274000 90
4275000 90
4276000 90
4277000 90
4278000 90
4279000 90
4280000 91
4281000 91
4282000 91
4283000 91
4284000 91
4285000 91
4286000 91
4287000 91
4288000 91
4289000 91
4290000 91
4291000 91
4292000 91
4293000 91
4294000 91
4295000 91
4296000 91
4297000 91
4298000 91
4299000 91
4300000 91
4301000 91
4302000 92
4303000 92
4304000 92
4305000 92
4306000 92
4307000 92
4308000 92
4309000 92
4310000 92
4311000 92
4312000 92
4313000 92
4314000 92
4315000 92
4316000 92
4317000 92
4318000 92
4319000 92
4320000 92
4321000 92
4322000 92
4323000 92
4324000 92
4325000 92
4326000 92
4327000 92
4328000 92
4329000 92
4330000 92
4331000 93
4332000 93
4333000 93
4334000 93
4335000 93
4336000 93
4337000 93
4338000 93
4339000 93
4340000 93
4341000 93
4342000 93
4343000 93
4344000 93
4345000 93
4346000 93
4347000 93
4348000 93
4349000 93
4350000 93
4351000 93
4352000 93
4353000 93
4354000 93
4355000 93
4356000 93
4357000 93
4358000 93
4359000 93
4360000 93
4361000 94
4362000 94
4363000 94
4364000 94
4365000 94
4366000 94
4367000 94
4368000 94
4369000 94
4370000 94
4371000 94
4372000 94
4373000 94
4374000 94
4375000 94
4376000 94
4377000 95
4378000 95
4379000 95
4380000 95
4381000 95
4382000 95
4383000 95
4384000 95
4385000 95
4386000 95
4387000 95
4388000 95
4389000 95
4390000 95
4391000 95
4392000 95
4393000 95
4394000 95
4395000 95
4396000 95
4397000 95
4398000 95
4399000 95
4400000 95
4401000 95
4402000 95
4403000 96
4404000 96
4405000 96
4406000 96
4407000 96
4408000 96
4409000 96
4410000 96
4411000 96
4412000 96
4413000 96
4414000 96
4415000 96
4416000 96
4417000 96
4418000 96
4419000 96
4420000 96
4421000 96
4422000 96
4423000 96
4424000 96
4425000 96
4426000 96
4427000 96
4428000 96
4429000 96
4430000 96
4431000 96
4432000 96
4433000 96
4434000 96
4435000 96
4436000 96
4437000 96
4438000 96
4439000 96
4440000 96
4441000 96
4442000 97
4443000 97
4444000 97
4445000 97
4446000 97
4447000 97
4448000 97
4449000 97
4450000 97
4451000 97
4452000 97
4453000 97
4454000 97
4455000 97
4456000 97
4457000 97
4458000 97
4459000 97
4460000 97
4461000 97
4462000 97
4463000 97
4464000 97
4465000 97
4466000 97
4467000 97
4468000 97
4469000 97
4470000 97
4471000 97
4472000 97
4473000 97
4474000 97
4475000 97
4476000 97
4477000 97
4478000 97
4479000 98
4480000 98
4481000 98
4482000 98
4483000 98
4484000 98
4485000 98
4486000 98
4487000 98
4488000 98
4489000 98
4490000 98
4491000 98
4492000 98
4493000 98
4494000 98
4495000 98
4496000 98
4497000 98
4498000 98
4499000 98
4500000 98
4501000 98
4502000 98
4503000 98
4504000 98
4505000 98
4506000 99
4507000 99
4508000 99
4509000 99
4510000 99
4511000 99
4512000 99
4513000 99
4514000 99
4515000 99
4516000 99
4517000 99
4518000 99
4519000 99
4520000 99
4521000 99
4522000 99
4523000 99
4524000 99
4525000 99
4526000 99
4527000 99
4528000 99
4529000 99
4530000 100
4531000 100
4532000 100
4533000 100
4534000 100
4535000 100
4536000 100
4537000 100
4538000 100
4539000 100
4540000 100
4541000 100
4542000 100
4543000 100
4544000 100
4545000 100
4546000 100
4547000 100
4548000 100
4549000 100
4550000 100
4551000 100
4552000 101
4553000 101
4554000 101
4555000 101
4556000 101
4557000 101
4558000 101
4559000 101
4560000 101
4561000 101
4562000 101
4563000 101
4564000 101
4565000 101
4566000 101
4567000 101
4568000 101
4569000 101
4570000 101
4571000 101
4572000 101
4573000 101
4574000 101
4575000 102
4576000 102
4577000 102
4578000 102
4579000 102
4580000 102
4581000 102
4582000 102
4583000 102
4584000 102
4585000 102
4586000 102
4587000 102
4588000 102
4589000 102
4590000 102
4591000 102
4592000 102
4593000 102
4594000 102
4595000 103
4596000 103
4597000 103
4598000 103
4599000 103
4600000 103
4601000 103
4602000 103
4603000 103
4604000 103
4605000 103
4606000 103
4607000 103
4608000 103
4609000 103
4610000 103
4611000 103
4612000 103
4613000 103
4614000 103
4615000 103
4616000 103
4617000 103
4618000 103
4619000 103
4620000 103
4621000 103
4622000 103
4623000 103
4624000 103
4625000 103
4626000 103
4627000 103
4628000 103
4629000 103
4630000 103
4631000 104
4632000 104
4633000 104
4634000 104
4635000 104
4636000 104
4637000 104
4638000 104
4639000 104
4640000 104
4641000 104
4642000 105
4643000 105
4644000 105
4645000 105
4646000 105
4647000 105
4648000 105
4649000 105
4650000 105
4651000 105
4652000 105
4653000 105
4654000 105
4655000 106
4656000 106
4657000 106
4658000 106
4659000 106
4660000 106
4661000 106
4662000 106
4663000 106
4664000 107
4665000 107
4666000 107
4667000 107
4668000 107
4669000 107
4670000 107
4671000 107
4672000 107
4673000 107
4674000 107
4675000 107
4676000 107
4677000 107
4678000 108
4679000 108
4680000 108
4681000 108
4682000 108
4683000 108
4684000 108
4685000 108
4686000 108
4687000 108
4688000 108
4689000 108
4690000 108
4691000 109
4692000 109
4693000 109
4694000 109
4695000 109
4696000 109
4697000 109
4698000 109
4699000 109
4700000 109
4701000 109
4702000 109
4703000 110
4704000 110
4705000 110
4706000 110
4707000 110
4708000 110
4709000 110
4710000 110
4711000 110
4712000 110
4713000 110
4714000 110
4715000 110
4716000 110
4717000 111
4718000 111
4719000 111
4720000 111
4721000 111
4722000 111
4723000 111
4724000 111
4725000 111
4726000 111
4727000 111
4728000 111
4729000 111
4730000 111
4731000 111
4732000 111
4733000 111
4734000 112
4735000 112
4736000 112
4737000 112
4738000 112
4739000 112
4740000 112
4741000 112
4742000 112
4743000 112
4744000 112
4745000 112
4746000 112
4747000 112
4748000 113
4749000 113
4750000 113
4751000 113
4752000 113
4753000 113
4754000 113
4755000 113
4756000 113
4757000 113
4758000 113
4759000 114
4760000 114
4761000 114
4762000 114
4763000 114
4764000 114
4765000 114
4766000 114
4767000 114
4768000 114
4769000 114
4770000 114
4771000 114
4772000 115
4773000 115
4774000 115
4775000 115
4776000 115
4777000 115
4778000 115
4779000 115
4780000 115
4781000 115
4782000 115
4783000 115
4784000 115
4785000 115
4786000 115
4787000 115
4788000 115
4789000 115
4790000 115
4791000 115
4792000 115
4793000 115
4794000 115
4795000 115
4796000 115
4797000 115
4798000 115
4799000 116
4800000 116
4801000 116
4802000 116
4803000 116
4804000 116
4805000 116
4806000 116
4807000 116
4808000 116
4809000 116
4810000 116
4811000 116
4812000 116
4813000 116
4814000 116
4815000 116
4816000 116
4817000 116
4818000 117
4819000 117
4820000 117
4821000 117
4822000 117
4823000 117
4824000 117
4825000 117
4826000 117
4827000 117
4828000 117
4829000 117
4830000 117
4831000 117
4832000 117
4833000 117
4834000 117
4835000 117
4836000 117
4837000 117
4838000 117
4839000 117
4840000 117
4841000 118
4842000 118
4843000 118
4844000 118
4845000 118
4846000 118
4847000 118
4848000 118
4849000 118
4850000 118
4851000 118
4852000 118
4853000 118
4854000 118
4855000 119
4856000 119
4857000 119
4858000 119
4859000 119
4860000 119
4861000 119
4862000 119
4863000 119
4864000 119
4865000 119
4866000 119
4867000 119
4868000 119
4869000 120
4870000 120
4871000 120
4872000 120
4873000 120
4874000 120
4875000 120
4876000 120
4877000 120
4878000 120
4879000 120
4880000 120
4881000 120
4882000 120
4883000 120
4884000 120
4885000 121
4886000 121
4887000 121
4888000 121
4889000 121
4890000 121
4891000 121
4892000 121
4893000 121
4894000 121
4895000 121
4896000 121
4897000 121
4898000 121
4899000 121
4900000 122
4901000 122
4902000 122
4903000 122
4904000 122
4905000 122
4906000 122
4907000 122
4908000 122
4909000 122
4910000 122
4911000 122
4912000 122
4913000 123
4914000 123
4915000 123
4916000 123
4917000 123
4918000 123
4919000 123
4920000 123
4921000 123
4922000 123
4923000 123
4924000 123
4925000 123
4926000 123
4927000 123
4928000 124
4929000 124
4930000 124
4931000 124
4932000 124
4933000 124
4934000 124
4935000 124
4936000 124
4937000 124
4938000 124
4939000 124
4940000 124
4941000 124
4942000 124
4943000 124
4944000 124
4945000 124
4946000 125
4947000 125
4948000 125
4949000 125
4950000 125
4951000 125
4952000 125
4953000 125
4954000 125
4955000 125
4956000 125
4957000 125
4958000 125
4959000 125
4960000 125
4961000 125
4962000 125
4963000 126
4964000 126
4965000 126
4966000 126
4967000 126
4968000 126
4969000 126
4970000 126
4971000 126
4972000 126
4973000 126
4974000 127
4975000 127
4976000 127
4977000 127
4978000 127
4979000 127
4980000 127
4981000 127
4982000 127
4983000 127
4984000 127
4985000 128
4986000 128
4987000 128
4988000 128
4989000 128
4990000 128
4991000 128
4992000 128
4993000 128
4994000 128
4995000 128
4996000 129
4997000 129
4998000 129
4999000 129
5000000 129
