0 0
1000 0
2000 0
3000 0
4000 0
5000 0
6000 0
7000 0
8000 0
9000 0
10000 1
11000 1
12000 1
13000 1
14000 1
15000 1
16000 1
17000 1
18000 1
19000 1
20000 1
21000 1
22000 1
23000 1
24000 1
25000 1
26000 1
27000 1
28000 1
29000 1
30000 1
31000 1
32000 1
33000 1
34000 1
35000 1
36000 1
37000 1
38000 1
39000 1
40000 1
41000 1
42000 1
43000 1
44000 1
45000 1
46000 1
47000 1
48000 1
49000 1
50000 1
51000 1
52000 1
53000 1
54000 1
55000 1
56000 1
57000 1
58000 1
59000 1
60000 1
61000 1
62000 1
63000 1
64000 1
65000 1
66000 1
67000 1
68000 1
69000 1
70000 1
71000 1
72000 1
73000 1
74000 1
75000 1
76000 1
77000 1
78000 1
79000 1
80000 1
81000 1
82000 1
83000 1
84000 1
85000 1
86000 1
87000 1
88000 1
89000 1
90000 1
91000 1
92000 1
93000 1
94000 1
95000 1
96000 1
97000 1
98000 1
99000 1
100000 1
101000 1
102000 1
103000 1
104000 1
105000 1
106000 1
107000 1
108000 1
109000 1
110000 1
111000 1
112000 1
113000 1
114000 1
115000 1
116000 1
117000 1
118000 1
119000 1
120000 2
121000 2
122000 2
123000 2
124000 2
125000 2
126000 2
127000 2
128000 2
129000 2
130000 2
131000 2
132000 2
133000 2
134000 2
135000 2
136000 2
137000 2
138000 2
139000 2
140000 2
141000 2
142000 2
143000 2
144000 3
145000 3
146000 3
147000 3
148000 3
149000 3
150000 3
151000 3
152000 3
153000 3
154000 3
155000 3
156000 3
157000 4
158000 4
159000 4
160000 4
161000 4
162000 4
163000 4
164000 4
165000 4
166000 4
167000 5
168000 5
169000 5
170000 5
171000 5
172000 5
173000 5
174000 5
175000 5
176000 5
177000 6
178000 6
179000 6
180000 6
181000 6
182000 6
183000 6
184000 6
185000 6
186000 6
187000 6
188000 6
189000 6
190000 6
191000 6
192000 6
193000 6
194000 6
195000 6
196000 6
197000 6
198000 6
199000 6
200000 6
201000 6
202000 6
203000 6
204000 6
205000 6
206000 6
207000 6
208000 6
209000 6
210000 6
211000 6
212000 6
213000 6
214000 6
215000 6
216000 6
217000 6
218000 6
219000 6
220000 6
221000 6
222000 6
223000 6
224000 6
225000 6
226000 6
227000 6
228000 6
229000 6
230000 6
231000 6
232000 6
233000 6
234000 6
235000 6
236000 7
237000 7
238000 7
239000 7
240000 7
241000 7
242000 7
243000 7
244000 7
245000 7
246000 7
247000 7
248000 7
249000 7
250000 7
251000 7
252000 7
253000 7
254000 7
255000 7
256000 7
257000 7
258000 7
259000 7
260000 7
261000 7
262000 7
263000 7
264000 7
265000 7
266000 7
267000 7
268000 7
269000 7
270000 7
271000 7
272000 7
273000 7
274000 7
275000 7
276000 7
277000 7
278000 7
279000 7
280000 7
281000 7
282000 7
283000 7
284000 7
285000 7
286000 7
287000 7
288000 7
289000 7
290000 7
291000 7
292000 7
293000 7
294000 7
295000 7
296000 7
297000 7
298000 7
299000 7
300000 7
301000 7
302000 7
303000 7
304000 7
305000 7
306000 7
307000 7
308000 7
309000 7
310000 7
311000 7
312000 7
313000 7
314000 7
315000 7
316000 7
317000 7
318000 7
319000 7
320000 7
321000 7
322000 7
323000 7
324000 7
325000 7
326000 7
327000 7
328000 7
329000 7
330000 7
331000 7
332000 7
333000 7
334000 7
335000 7
336000 7
337000 7
338000 7
339000 7
340000 7
341000 7
342000 7
343000 7
344000 7
345000 7
346000 7
347000 7
348000 7
349000 7
350000 7
351000 7
352000 7
353000 7
354000 7
355000 7
356000 7
357000 7
358000 7
359000 7
360000 7
361000 7
362000 7
363000 7
364000 7
365000 7
366000 7
367000 7
368000 7
369000 7
370000 7
371000 7
372000 7
373000 7
374000 7
375000 7
376000 7
377000 7
378000 7
379000 7
380000 7
381000 7
382000 7
383000 7
384000 7
385000 7
386000 7
387000 7
388000 7
389000 7
390000 7
391000 7
392000 7
393000 7
394000 7
395000 7
396000 8
397000 8
398000 8
399000 8
400000 8
401000 8
402000 8
403000 8
404000 8
405000 9
406000 9
407000 9
408000 9
409000 9
410000 9
411000 9
412000 10
413000 10
414000 10
415000 10
416000 10
417000 10
418000 10
419000 10
420000 11
421000 11
422000 11
423000 11
424000 11
425000 11
426000 11
427000 11
428000 11
429000 11
430000 11
431000 11
432000 11
433000 11
434000 11
435000 11
436000 11
437000 11
438000 11
439000 11
440000 11
441000 11
442000 11
443000 11
444000 11
445000 11
446000 11
447000 11
448000 11
449000 11
450000 11
451000 11
452000 11
453000 11
454000 11
455000 11
456000 11
457000 11
458000 11
459000 11
460000 11
461000 11
462000 11
463000 11
464000 11
465000 11
466000 11
467000 11
468000 11
469000 11
470000 11
471000 11
472000 11
473000 11
474000 11
475000 11
476000 11
477000 11
478000 11
479000 11
480000 11
481000 11
482000 11
483000 11
484000 11
485000 11
486000 11
487000 11
488000 11
489000 11
490000 11
491000 11
492000 11
493000 11
494000 11
495000 11
496000 11
497000 11
498000 11
499000 11
500000 11
501000 11
502000 11
503000 11
504000 11
505000 11
506000 11
507000 11
508000 11
509000 11
510000 11
511000 11
512000 11
513000 11
514000 11
515000 11
516000 11
517000 11
518000 11
519000 11
520000 11
521000 11
522000 11
523000 11
524000 11
525000 11
526000 11
527000 11
528000 11
529000 11
530000 11
531000 11
532000 11
533000 11
534000 11
535000 11
536000 11
537000 11
538000 11
539000 11
540000 11
541000 11
542000 11
543000 11
544000 11
545000 11
546000 11
547000 11
548000 11
549000 11
550000 11
551000 11
552000 11
553000 11
554000 11
555000 11
556000 11
557000 11
558000 11
559000 11
560000 11
561000 11
562000 11
563000 11
564000 11
565000 11
566000 11
567000 11
568000 11
569000 11
570000 11
571000 11
572000 11
573000 11
574000 11
575000 11
576000 11
577000 11
578000 11
579000 12
580000 12
581000 12
582000 12
583000 12
584000 12
585000 12
586000 13
587000 13
588000 13
589000 13
590000 13
591000 13
592000 13
593000 13
594000 13
595000 14
596000 14
597000 14
598000 14
599000 14
600000 14
601000 14
602000 14
603000 14
604000 14
605000 14
606000 14
607000 14
608000 14
609000 14
610000 14
611000 14
612000 14
613000 14
614000 14
615000 14
616000 14
617000 14
618000 14
619000 14
620000 14
621000 14
622000 14
623000 14
624000 14
625000 14
626000 14
627000 14
628000 14
629000 14
630000 14
631000 14
632000 14
633000 14
634000 14
635000 14
636000 14
637000 14
638000 14
639000 14
640000 14
641000 14
642000 14
643000 14
644000 14
645000 14
646000 14
647000 14
648000 14
649000 14
650000 14
651000 14
652000 14
653000 15
654000 15
655000 15
656000 15
657000 15
658000 15
659000 15
660000 15
661000 15
662000 16
663000 16
664000 16
665000 16
666000 16
667000 16
668000 16
669000 16
670000 16
671000 16
672000 16
673000 16
674000 16
675000 16
676000 16
677000 17
678000 17
679000 17
680000 17
681000 17
682000 17
683000 17
684000 17
685000 17
686000 17
687000 17
688000 17
689000 17
690000 17
691000 17
692000 17
693000 17
694000 17
695000 17
696000 17
697000 17
698000 17
699000 17
700000 17
701000 17
702000 17
703000 17
704000 17
705000 17
706000 17
707000 17
708000 17
709000 17
710000 17
711000 17
712000 17
713000 17
714000 17
715000 17
716000 17
717000 17
718000 17
719000 17
720000 17
721000 17
722000 17
723000 17
724000 17
725000 17
726000 17
727000 17
728000 17
729000 17
730000 17
731000 17
732000 17
733000 17
734000 17
735000 18
736000 18
737000 18
738000 18
739000 18
740000 18
741000 19
742000 19
743000 19
744000 19
745000 19
746000 19
747000 19
748000 19
749000 19
750000 19
751000 19
752000 19
753000 19
754000 19
755000 19
756000 19
757000 19
758000 19
759000 19
760000 19
761000 19
762000 19
763000 19
764000 19
765000 19
766000 19
767000 19
768000 19
769000 19
770000 19
771000 19
772000 19
773000 19
774000 19
775000 19
776000 19
777000 19
778000 19
779000 19
780000 19
781000 19
782000 19
783000 19
784000 19
785000 19
786000 19
787000 19
788000 19
789000 19
790000 19
791000 19
792000 19
793000 19
794000 19
795000 19
796000 19
797000 19
798000 19
799000 20
800000 20
801000 20
802000 20
803000 20
804000 20
805000 20
806000 20
807000 20
808000 20
809000 20
810000 20
811000 20
812000 20
813000 20
814000 20
815000 20
816000 20
817000 20
818000 20
819000 20
820000 20
821000 20
822000 20
823000 20
824000 20
825000 20
826000 20
827000 20
828000 20
829000 20
830000 20
831000 20
832000 20
833000 20
834000 20
835000 20
836000 20
837000 20
838000 20
839000 20
840000 20
841000 20
842000 20
843000 20
844000 20
845000 20
846000 20
847000 20
848000 20
849000 20
850000 20
851000 20
852000 20
853000 20
854000 20
855000 20
856000 20
857000 20
858000 21
859000 21
860000 21
861000 21
862000 21
863000 21
864000 21
865000 21
866000 21
867000 22
868000 22
869000 22
870000 22
871000 22
872000 22
873000 22
874000 22
875000 22
876000 22
877000 22
878000 22
879000 22
880000 22
881000 22
882000 22
883000 22
884000 22
885000 22
886000 22
887000 22
888000 22
889000 22
890000 22
891000 22
892000 22
893000 22
894000 22
895000 22
896000 22
897000 22
898000 22
899000 22
900000 22
901000 22
902000 22
903000 22
904000 22
905000 22
906000 22
907000 22
908000 22
909000 22
910000 22
911000 22
912000 22
913000 22
914000 22
915000 22
916000 22
917000 22
918000 22
919000 22
920000 22
921000 22
922000 22
923000 22
924000 22
925000 22
926000 22
927000 23
928000 23
929000 23
930000 23
931000 23
932000 23
933000 23
934000 23
935000 23
936000 23
937000 23
938000 23
939000 23
940000 23
941000 23
942000 23
943000 23
944000 23
945000 23
946000 23
947000 23
948000 23
949000 23
950000 23
951000 23
952000 23
953000 23
954000 24
955000 24
956000 24
957000 24
958000 24
959000 24
960000 24
961000 24
962000 24
963000 24
964000 24
965000 24
966000 25
967000 25
968000 25
969000 25
970000 25
971000 25
972000 25
973000 25
974000 25
975000 25
976000 26
977000 26
978000 26
979000 26
980000 26
981000 26
982000 26
983000 26
984000 26
985000 26
986000 26
987000 26
988000 27
989000 27
990000 27
991000 27
992000 27
993000 27
994000 27
995000 27
996000 27
997000 28
998000 28
999000 28
1000000 28
1001000 28
1002000 28
1003000 28
1004000 28
1005000 28
1006000 28
1007000 29
1008000 29
1009000 29
1010000 29
1011000 29
1012000 29
1013000 29
1014000 29
1015000 30
1016000 30
1017000 30
1018000 30
1019000 30
1020000 30
1021000 30
1022000 30
1023000 31
1024000 31
1025000 31
1026000 31
1027000 31
1028000 31
1029000 31
1030000 31
1031000 32
1032000 32
1033000 32
1034000 32
1035000 32
1036000 32
1037000 32
1038000 32
1039000 32
1040000 32
1041000 32
1042000 32
1043000 32
1044000 32
1045000 32
1046000 32
1047000 32
1048000 32
1049000 32
1050000 33
1051000 33
1052000 33
1053000 33
1054000 33
1055000 33
1056000 33
1057000 33
1058000 33
1059000 33
1060000 33
1061000 33
1062000 33
1063000 33
1064000 33
1065000 33
1066000 33
1067000 33
1068000 33
1069000 33
1070000 33
1071000 33
1072000 33
1073000 33
1074000 33
1075000 33
1076000 33
1077000 33
1078000 33
1079000 33
1080000 33
1081000 33
1082000 33
1083000 33
1084000 33
1085000 33
1086000 33
1087000 33
1088000 33
1089000 33
1090000 33
1091000 33
1092000 33
1093000 33
1094000 33
1095000 33
1096000 33
1097000 33
1098000 33
1099000 33
1100000 33
1101000 33
1102000 33
1103000 33
1104000 33
1105000 33
1106000 33
1107000 33
1108000 33
1109000 33
1110000 33
1111000 33
1112000 33
1113000 33
1114000 33
1115000 33
1116000 33
1117000 33
1118000 33
1119000 33
1120000 33
1121000 33
1122000 33
1123000 33
1124000 33
1125000 33
1126000 33
1127000 33
1128000 33
1129000 33
1130000 33
1131000 33
1132000 33
1133000 33
1134000 33
1135000 33
1136000 33
1137000 33
1138000 33
1139000 33
1140000 33
1141000 33
1142000 33
1143000 33
1144000 33
1145000 33
1146000 33
1147000 33
1148000 33
1149000 33
1150000 33
1151000 33
1152000 33
1153000 33
1154000 33
1155000 33
1156000 33
1157000 33
1158000 33
1159000 33
1160000 34
1161000 34
1162000 34
1163000 34
1164000 34
1165000 34
1166000 34
1167000 34
1168000 34
1169000 35
1170000 35
1171000 35
1172000 35
1173000 35
1174000 35
1175000 35
1176000 35
1177000 35
1178000 35
1179000 35
1180000 35
1181000 35
1182000 35
1183000 35
1184000 35
1185000 35
1186000 35
1187000 35
1188000 35
1189000 35
1190000 35
1191000 35
1192000 35
1193000 35
1194000 35
1195000 35
1196000 35
1197000 35
1198000 35
1199000 35
1200000 35
1201000 35
1202000 35
1203000 35
1204000 35
1205000 35
1206000 35
1207000 35
1208000 35
1209000 35
1210000 35
1211000 35
1212000 35
1213000 35
1214000 35
1215000 35
1216000 35
1217000 35
1218000 35
1219000 35
1220000 35
1221000 35
1222000 35
1223000 35
1224000 35
1225000 35
1226000 35
1227000 35
1228000 35
1229000 35
1230000 35
1231000 35
1232000 35
1233000 35
1234000 35
1235000 35
1236000 35
1237000 35
1238000 35
1239000 35
1240000 35
1241000 35
1242000 35
1243000 35
1244000 35
1245000 35
1246000 35
1247000 35
1248000 35
1249000 35
1250000 35
1251000 35
1252000 35
1253000 35
1254000 35
1255000 35
1256000 35
1257000 35
1258000 35
1259000 35
1260000 35
1261000 35
1262000 35
1263000 35
1264000 35
1265000 35
1266000 35
1267000 35
1268000 35
1269000 35
1270000 35
1271000 35
1272000 35
1273000 35
1274000 35
1275000 35
1276000 35
1277000 35
1278000 35
1279000 35
1280000 35
1281000 35
1282000 35
1283000 35
1284000 35
1285000 35
1286000 35
1287000 35
1288000 35
1289000 35
1290000 35
1291000 35
1292000 35
1293000 35
1294000 35
1295000 35
1296000 35
1297000 35
1298000 35
1299000 35
1300000 35
1301000 35
1302000 35
1303000 35
1304000 35
1305000 35
1306000 35
1307000 35
1308000 35
1309000 35
1310000 35
1311000 35
1312000 35
1313000 35
1314000 35
1315000 35
1316000 35
1317000 35
1318000 35
1319000 35
1320000 35
1321000 35
1322000 35
1323000 35
1324000 35
1325000 35
1326000 35
1327000 35
1328000 36
1329000 36
1330000 36
1331000 36
1332000 36
1333000 36
1334000 36
1335000 36
1336000 36
1337000 37
1338000 37
1339000 37
1340000 37
1341000 37
1342000 37
1343000 37
1344000 37
1345000 37
1346000 37
1347000 37
1348000 37
1349000 37
1350000 37
1351000 37
1352000 37
1353000 37
1354000 37
1355000 37
1356000 37
1357000 37
1358000 37
1359000 37
1360000 37
1361000 37
1362000 37
1363000 37
1364000 37
1365000 37
1366000 37
1367000 37
1368000 37
1369000 37
1370000 37
1371000 37
1372000 37
1373000 37
1374000 37
1375000 37
1376000 37
1377000 37
1378000 37
1379000 37
1380000 37
1381000 37
1382000 37
1383000 37
1384000 37
1385000 37
1386000 37
1387000 37
1388000 37
1389000 37
1390000 37
1391000 37
1392000 37
1393000 37
1394000 37
1395000 37
1396000 37
1397000 37
1398000 37
1399000 37
1400000 37
1401000 37
1402000 37
1403000 37
1404000 37
1405000 37
1406000 37
1407000 37
1408000 37
1409000 37
1410000 37
1411000 37
1412000 37
1413000 37
1414000 37
1415000 37
1416000 37
1417000 37
1418000 37
1419000 37
1420000 37
1421000 37
1422000 37
1423000 37
1424000 37
1425000 37
1426000 37
1427000 37
1428000 37
1429000 37
1430000 37
1431000 37
1432000 37
1433000 37
1434000 37
1435000 37
1436000 37
1437000 37
1438000 37
1439000 37
1440000 37
1441000 37
1442000 37
1443000 37
1444000 37
1445000 37
1446000 37
1447000 37
1448000 37
1449000 38
1450000 38
1451000 38
1452000 38
1453000 38
1454000 38
1455000 38
1456000 38
1457000 38
1458000 38
1459000 38
1460000 38
1461000 38
1462000 38
1463000 38
1464000 38
1465000 38
1466000 38
1467000 38
1468000 38
1469000 38
1470000 38
1471000 38
1472000 38
1473000 38
1474000 38
1475000 38
1476000 38
1477000 38
1478000 38
1479000 38
1480000 38
1481000 38
1482000 38
1483000 38
1484000 38
1485000 38
1486000 38
1487000 38
1488000 38
1489000 38
1490000 38
1491000 38
1492000 38
1493000 38
1494000 38
1495000 38
1496000 38
1497000 38
1498000 38
1499000 38
1500000 38
1501000 38
1502000 38
1503000 38
1504000 38
1505000 38
1506000 38
1507000 38
1508000 38
1509000 38
1510000 38
1511000 38
1512000 38
1513000 38
1514000 38
1515000 38
1516000 38
1517000 38
1518000 38
1519000 38
1520000 38
1521000 38
1522000 38
1523000 38
1524000 38
1525000 38
1526000 38
1527000 38
1528000 38
1529000 38
1530000 38
1531000 38
1532000 38
1533000 38
1534000 38
1535000 38
1536000 38
1537000 38
1538000 38
1539000 38
1540000 38
1541000 38
1542000 38
1543000 38
1544000 38
1545000 38
1546000 38
1547000 38
1548000 38
1549000 38
1550000 38
1551000 38
1552000 38
1553000 38
1554000 38
1555000 38
1556000 38
1557000 38
1558000 38
1559000 38
1560000 39
1561000 39
1562000 39
1563000 39
1564000 39
1565000 39
1566000 39
1567000 39
1568000 39
1569000 39
1570000 39
1571000 39
1572000 39
1573000 39
1574000 39
1575000 39
1576000 39
1577000 39
1578000 39
1579000 39
1580000 39
1581000 39
1582000 39
1583000 39
1584000 39
1585000 39
1586000 39
1587000 39
1588000 39
1589000 39
1590000 39
1591000 39
1592000 39
1593000 39
1594000 39
1595000 39
1596000 39
1597000 39
1598000 39
1599000 39
1600000 39
1601000 39
1602000 39
1603000 39
1604000 39
1605000 39
1606000 39
1607000 39
1608000 39
1609000 39
1610000 39
1611000 39
1612000 39
1613000 39
1614000 39
1615000 39
1616000 39
1617000 39
1618000 39
1619000 40
1620000 40
1621000 40
1622000 40
1623000 40
1624000 40
1625000 40
1626000 40
1627000 40
1628000 40
1629000 41
1630000 41
1631000 41
1632000 41
1633000 41
1634000 41
1635000 41
1636000 41
1637000 41
1638000 41
1639000 41
1640000 41
1641000 41
1642000 41
1643000 41
1644000 41
1645000 41
1646000 41
1647000 41
1648000 41
1649000 41
1650000 41
1651000 41
1652000 41
1653000 41
1654000 41
1655000 41
1656000 41
1657000 41
1658000 41
1659000 41
1660000 41
1661000 41
1662000 41
1663000 41
1664000 41
1665000 41
1666000 41
1667000 41
1668000 41
1669000 41
1670000 41
1671000 41
1672000 41
1673000 41
1674000 41
1675000 41
1676000 41
1677000 41
1678000 41
1679000 41
1680000 41
1681000 41
1682000 41
1683000 41
1684000 41
1685000 41
1686000 41
1687000 41
1688000 41
1689000 41
1690000 41
1691000 41
1692000 41
1693000 41
1694000 41
1695000 41
1696000 41
1697000 41
1698000 41
1699000 41
1700000 41
1701000 41
1702000 41
1703000 41
1704000 41
1705000 41
1706000 41
1707000 41
1708000 41
1709000 41
1710000 41
1711000 41
1712000 41
1713000 41
1714000 41
1715000 41
1716000 41
1717000 41
1718000 41
1719000 41
1720000 41
1721000 41
1722000 41
1723000 41
1724000 41
1725000 41
1726000 41
1727000 41
1728000 41
1729000 41
1730000 41
1731000 41
1732000 41
1733000 41
1734000 41
1735000 41
1736000 41
1737000 42
1738000 42
1739000 42
1740000 42
1741000 42
1742000 42
1743000 42
1744000 42
1745000 42
1746000 42
1747000 42
1748000 42
1749000 42
1750000 42
1751000 42
1752000 42
1753000 42
1754000 42
1755000 42
1756000 42
1757000 42
1758000 42
1759000 42
1760000 42
1761000 42
1762000 42
1763000 42
1764000 42
1765000 42
1766000 42
1767000 42
1768000 42
1769000 42
1770000 42
1771000 42
1772000 42
1773000 42
1774000 42
1775000 42
1776000 42
1777000 42
1778000 42
1779000 42
1780000 42
1781000 42
1782000 42
1783000 42
1784000 42
1785000 42
1786000 42
1787000 42
1788000 42
1789000 42
1790000 42
1791000 42
1792000 42
1793000 42
1794000 42
1795000 42
1796000 42
1797000 42
1798000 42
1799000 42
1800000 42
1801000 42
1802000 42
1803000 42
1804000 42
1805000 42
1806000 42
1807000 42
1808000 42
1809000 42
1810000 42
1811000 42
1812000 42
1813000 42
1814000 42
1815000 42
1816000 42
1817000 42
1818000 42
1819000 42
1820000 42
1821000 42
1822000 42
1823000 42
1824000 42
1825000 42
1826000 42
1827000 42
1828000 42
1829000 42
1830000 42
1831000 42
1832000 42
1833000 42
1834000 42
1835000 42
1836000 42
1837000 42
1838000 42
1839000 42
1840000 42
1841000 42
1842000 42
1843000 42
1844000 42
1845000 42
1846000 42
1847000 42
1848000 42
1849000 42
1850000 42
1851000 42
1852000 42
1853000 42
1854000 42
1855000 42
1856000 42
1857000 42
1858000 42
1859000 42
1860000 42
1861000 42
1862000 42
1863000 42
1864000 42
1865000 42
1866000 42
1867000 42
1868000 42
1869000 42
1870000 42
1871000 42
1872000 42
1873000 42
1874000 42
1875000 42
1876000 42
1877000 42
1878000 42
1879000 42
1880000 42
1881000 42
1882000 42
1883000 42
1884000 42
1885000 42
1886000 42
1887000 42
1888000 42
1889000 42
1890000 42
1891000 42
1892000 42
1893000 42
1894000 42
1895000 42
1896000 42
1897000 42
1898000 42
1899000 42
1900000 42
1901000 42
1902000 42
1903000 42
1904000 42
1905000 42
1906000 42
1907000 42
1908000 42
1909000 42
1910000 42
1911000 42
1912000 42
1913000 42
1914000 42
1915000 42
1916000 42
1917000 42
1918000 42
1919000 42
1920000 42
1921000 42
1922000 42
1923000 42
1924000 42
1925000 42
1926000 42
1927000 42
1928000 42
1929000 42
1930000 42
1931000 42
1932000 42
1933000 42
1934000 42
1935000 42
1936000 42
1937000 42
1938000 42
1939000 42
1940000 42
1941000 42
1942000 42
1943000 42
1944000 42
1945000 42
1946000 42
1947000 42
1948000 42
1949000 42
1950000 42
1951000 42
1952000 42
1953000 42
1954000 42
1955000 42
1956000 42
1957000 42
1958000 42
1959000 42
1960000 42
1961000 42
1962000 42
1963000 42
1964000 42
1965000 42
1966000 42
1967000 42
1968000 42
1969000 42
1970000 42
1971000 42
1972000 42
1973000 42
1974000 42
1975000 42
1976000 42
1977000 42
1978000 42
1979000 42
1980000 42
1981000 42
1982000 42
1983000 42
1984000 42
1985000 42
1986000 42
1987000 42
1988000 42
1989000 42
1990000 42
1991000 42
1992000 42
1993000 42
1994000 42
1995000 42
1996000 42
1997000 42
1998000 42
1999000 42
2000000 42
2001000 42
2002000 42
2003000 42
2004000 42
2005000 42
2006000 42
2007000 42
2008000 42
2009000 42
2010000 42
2011000 42
2012000 42
2013000 42
2014000 42
2015000 42
2016000 42
2017000 42
2018000 42
2019000 42
2020000 42
2021000 42
2022000 42
2023000 42
2024000 42
2025000 42
2026000 42
2027000 42
2028000 42
2029000 42
2030000 42
2031000 42
2032000 42
2033000 42
2034000 42
2035000 42
2036000 42
2037000 42
2038000 42
2039000 42
2040000 42
2041000 42
2042000 42
2043000 42
2044000 42
2045000 42
2046000 43
2047000 43
2048000 43
2049000 43
2050000 43
2051000 43
2052000 43
2053000 43
2054000 44
2055000 44
2056000 44
2057000 44
2058000 44
2059000 44
2060000 44
2061000 44
2062000 44
2063000 44
2064000 44
2065000 44
2066000 44
2067000 44
2068000 44
2069000 44
2070000 44
2071000 44
2072000 44
2073000 44
2074000 44
2075000 44
2076000 44
2077000 44
2078000 44
2079000 44
2080000 44
2081000 44
2082000 44
2083000 44
2084000 44
2085000 44
2086000 44
2087000 44
2088000 44
2089000 44
2090000 44
2091000 44
2092000 44
2093000 44
2094000 44
2095000 44
2096000 44
2097000 44
2098000 44
2099000 44
2100000 44
2101000 44
2102000 44
2103000 44
2104000 44
2105000 44
2106000 44
2107000 44
2108000 44
2109000 44
2110000 44
2111000 44
2112000 45
2113000 45
2114000 45
2115000 45
2116000 45
2117000 45
2118000 45
2119000 45
2120000 45
2121000 45
2122000 45
2123000 45
2124000 45
2125000 45
2126000 45
2127000 45
2128000 45
2129000 45
2130000 45
2131000 45
2132000 45
2133000 45
2134000 45
2135000 45
2136000 45
2137000 45
2138000 45
2139000 45
2140000 45
2141000 45
2142000 45
2143000 45
2144000 45
2145000 45
2146000 45
2147000 45
2148000 45
2149000 45
2150000 45
2151000 45
2152000 45
2153000 45
2154000 45
2155000 45
2156000 45
2157000 45
2158000 45
2159000 45
2160000 45
2161000 45
2162000 45
2163000 45
2164000 45
2165000 45
2166000 45
2167000 45
2168000 45
2169000 45
2170000 45
2171000 45
2172000 45
2173000 45
2174000 45
2175000 45
2176000 45
2177000 45
2178000 45
2179000 45
2180000 45
2181000 45
2182000 45
2183000 45
2184000 45
2185000 45
2186000 45
2187000 45
2188000 45
2189000 45
2190000 45
2191000 45
2192000 45
2193000 45
2194000 45
2195000 45
2196000 45
2197000 45
2198000 45
2199000 45
2200000 45
2201000 45
2202000 45
2203000 45
2204000 45
2205000 45
2206000 45
2207000 45
2208000 45
2209000 45
2210000 45
2211000 45
2212000 45
2213000 45
2214000 45
2215000 45
2216000 45
2217000 45
2218000 45
2219000 45
2220000 45
2221000 45
2222000 45
2223000 45
2224000 45
2225000 45
2226000 45
2227000 46
2228000 46
2229000 46
2230000 46
2231000 46
2232000 46
2233000 46
2234000 46
2235000 46
2236000 46
2237000 46
2238000 46
2239000 46
2240000 47
2241000 47
2242000 47
2243000 47
2244000 47
2245000 47
2246000 47
2247000 47
2248000 47
2249000 47
2250000 47
2251000 47
2252000 47
2253000 47
2254000 47
2255000 47
2256000 47
2257000 47
2258000 47
2259000 47
2260000 47
2261000 47
2262000 47
2263000 47
2264000 47
2265000 47
2266000 47
2267000 47
2268000 47
2269000 47
2270000 47
2271000 47
2272000 47
2273000 47
2274000 47
2275000 47
2276000 47
2277000 47
2278000 47
2279000 47
2280000 47
2281000 47
2282000 47
2283000 47
2284000 47
2285000 47
2286000 47
2287000 47
2288000 47
2289000 47
2290000 47
2291000 47
2292000 47
2293000 47
2294000 47
2295000 47
2296000 47
2297000 47
2298000 48
2299000 48
2300000 48
2301000 48
2302000 48
2303000 48
2304000 48
2305000 48
2306000 48
2307000 48
2308000 48
2309000 48
2310000 48
2311000 48
2312000 48
2313000 48
2314000 48
2315000 48
2316000 48
2317000 48
2318000 48
2319000 48
2320000 48
2321000 48
2322000 48
2323000 48
2324000 48
2325000 48
2326000 48
2327000 48
2328000 48
2329000 48
2330000 48
2331000 48
2332000 48
2333000 48
2334000 48
2335000 48
2336000 48
2337000 48
2338000 48
2339000 48
2340000 48
2341000 48
2342000 48
2343000 48
2344000 48
2345000 48
2346000 48
2347000 48
2348000 48
2349000 48
2350000 48
2351000 48
2352000 48
2353000 48
2354000 48
2355000 48
2356000 49
2357000 49
2358000 49
2359000 49
2360000 49
2361000 49
2362000 49
2363000 49
2364000 49
2365000 49
2366000 50
2367000 50
2368000 50
2369000 50
2370000 50
2371000 50
2372000 50
2373000 50
2374000 50
2375000 50
2376000 51
2377000 51
2378000 51
2379000 51
2380000 51
2381000 51
2382000 51
2383000 51
2384000 51
2385000 51
2386000 51
2387000 52
2388000 52
2389000 52
2390000 52
2391000 52
2392000 52
2393000 52
2394000 52
2395000 52
2396000 53
2397000 53
2398000 53
2399000 53
2400000 53
2401000 53
2402000 53
2403000 53
2404000 53
2405000 53
2406000 54
2407000 54
2408000 54
2409000 54
2410000 54
2411000 54
2412000 54
2413000 54
2414000 54
2415000 54
2416000 54
2417000 54
2418000 54
2419000 54
2420000 54
2421000 54
2422000 54
2423000 54
2424000 54
2425000 54
2426000 54
2427000 54
2428000 54
2429000 54
2430000 54
2431000 54
2432000 54
2433000 54
2434000 54
2435000 54
2436000 54
2437000 54
2438000 54
2439000 54
2440000 54
2441000 54
2442000 54
2443000 54
2444000 54
2445000 54
2446000 54
2447000 54
2448000 54
2449000 54
2450000 54
2451000 54
2452000 54
2453000 54
2454000 54
2455000 54
2456000 54
2457000 54
2458000 54
2459000 54
2460000 54
2461000 54
2462000 54
2463000 54
2464000 54
2465000 54
2466000 54
2467000 54
2468000 54
2469000 54
2470000 54
2471000 54
2472000 54
2473000 54
2474000 54
2475000 54
2476000 54
2477000 54
2478000 54
2479000 54
2480000 54
2481000 54
2482000 54
2483000 54
2484000 54
2485000 54
2486000 54
2487000 54
2488000 54
2489000 54
2490000 54
2491000 54
2492000 54
2493000 54
2494000 54
2495000 54
2496000 54
2497000 54
2498000 54
2499000 54
2500000 54
2501000 54
2502000 54
2503000 54
2504000 54
2505000 54
2506000 54
2507000 54
2508000 54
2509000 54
2510000 54
2511000 54
2512000 54
2513000 54
2514000 54
2515000 54
2516000 54
2517000 54
2518000 54
2519000 54
2520000 54
2521000 54
2522000 54
2523000 54
2524000 54
2525000 54
2526000 54
2527000 54
2528000 54
2529000 54
2530000 54
2531000 54
2532000 54
2533000 54
2534000 54
2535000 54
2536000 54
2537000 54
2538000 54
2539000 54
2540000 54
2541000 54
2542000 54
2543000 54
2544000 54
2545000 54
2546000 54
2547000 54
2548000 54
2549000 54
2550000 54
2551000 54
2552000 54
2553000 54
2554000 54
2555000 54
2556000 54
2557000 54
2558000 54
2559000 54
2560000 54
2561000 54
2562000 54
2563000 54
2564000 54
2565000 54
2566000 54
2567000 54
2568000 54
2569000 54
2570000 55
2571000 55
2572000 55
2573000 55
2574000 55
2575000 55
2576000 55
2577000 55
2578000 55
2579000 55
2580000 55
2581000 55
2582000 55
2583000 55
2584000 55
2585000 55
2586000 55
2587000 55
2588000 55
2589000 55
2590000 55
2591000 55
2592000 55
2593000 55
2594000 55
2595000 55
2596000 55
2597000 55
2598000 55
2599000 55
2600000 55
2601000 55
2602000 55
2603000 55
2604000 55
2605000 55
2606000 55
2607000 55
2608000 55
2609000 55
2610000 55
2611000 55
2612000 55
2613000 55
2614000 55
2615000 55
2616000 55
2617000 55
2618000 55
2619000 55
2620000 55
2621000 55
2622000 55
2623000 55
2624000 55
2625000 55
2626000 55
2627000 55
2628000 55
2629000 55
2630000 55
2631000 55
2632000 55
2633000 56
2634000 56
2635000 56
2636000 56
2637000 56
2638000 56
2639000 56
2640000 56
2641000 57
2642000 57
2643000 57
2644000 57
2645000 57
2646000 57
2647000 57
2648000 57
2649000 57
2650000 57
2651000 58
2652000 58
2653000 58
2654000 58
2655000 58
2656000 58
2657000 58
2658000 58
2659000 58
2660000 58
2661000 59
2662000 59
2663000 59
2664000 59
2665000 59
2666000 59
2667000 59
2668000 59
2669000 59
2670000 59
2671000 59
2672000 60
2673000 60
2674000 60
2675000 60
2676000 60
2677000 60
2678000 60
2679000 60
2680000 60
2681000 60
2682000 60
2683000 60
2684000 60
2685000 60
2686000 60
2687000 60
2688000 60
2689000 60
2690000 60
2691000 60
2692000 60
2693000 60
2694000 60
2695000 60
2696000 60
2697000 60
2698000 60
2699000 60
2700000 60
2701000 60
2702000 60
2703000 60
2704000 60
2705000 60
2706000 60
2707000 60
2708000 60
2709000 60
2710000 60
2711000 60
2712000 60
2713000 60
2714000 60
2715000 60
2716000 60
2717000 60
2718000 60
2719000 60
2720000 60
2721000 60
2722000 60
2723000 60
2724000 60
2725000 60
2726000 60
2727000 60
2728000 60
2729000 61
2730000 61
2731000 61
2732000 61
2733000 61
2734000 61
2735000 61
2736000 61
2737000 61
2738000 62
2739000 62
2740000 62
2741000 62
2742000 62
2743000 62
2744000 62
2745000 62
2746000 62
2747000 62
2748000 62
2749000 62
2750000 62
2751000 62
2752000 62
2753000 62
2754000 62
2755000 62
2756000 62
2757000 62
2758000 62
2759000 62
2760000 62
2761000 62
2762000 62
2763000 62
2764000 62
2765000 62
2766000 62
2767000 62
2768000 62
2769000 62
2770000 62
2771000 62
2772000 62
2773000 62
2774000 62
2775000 62
2776000 62
2777000 62
2778000 62
2779000 62
2780000 62
2781000 62
2782000 62
2783000 62
2784000 62
2785000 62
2786000 62
2787000 62
2788000 62
2789000 62
2790000 62
2791000 62
2792000 62
2793000 62
2794000 62
2795000 62
2796000 63
2797000 63
2798000 63
2799000 63
2800000 63
2801000 63
2802000 63
2803000 63
2804000 63
2805000 63
2806000 63
2807000 63
2808000 63
2809000 63
2810000 63
2811000 63
2812000 63
2813000 63
2814000 63
2815000 63
2816000 63
2817000 63
2818000 63
2819000 63
2820000 63
2821000 63
2822000 63
2823000 63
2824000 63
2825000 63
2826000 63
2827000 63
2828000 63
2829000 63
2830000 63
2831000 63
2832000 63
2833000 63
2834000 63
2835000 63
2836000 63
2837000 63
2838000 63
2839000 63
2840000 63
2841000 63
2842000 63
2843000 63
2844000 63
2845000 63
2846000 63
2847000 63
2848000 63
2849000 63
2850000 63
2851000 63
2852000 63
2853000 63
2854000 63
2855000 63
2856000 63
2857000 63
2858000 63
2859000 63
2860000 63
2861000 63
2862000 63
2863000 63
2864000 63
2865000 63
2866000 63
2867000 63
2868000 63
2869000 63
2870000 63
2871000 63
2872000 63
2873000 63
2874000 63
2875000 63
2876000 63
2877000 63
2878000 63
2879000 63
2880000 63
2881000 63
2882000 63
2883000 63
2884000 63
2885000 63
2886000 63
2887000 63
2888000 63
2889000 63
2890000 63
2891000 63
2892000 63
2893000 63
2894000 63
2895000 63
2896000 63
2897000 63
2898000 63
2899000 63
2900000 63
2901000 63
2902000 63
2903000 63
2904000 63
2905000 63
2906000 63
2907000 63
2908000 63
2909000 63
2910000 63
2911000 63
2912000 63
2913000 63
2914000 63
2915000 63
2916000 63
2917000 63
2918000 63
2919000 63
2920000 63
2921000 63
2922000 63
2923000 63
2924000 63
2925000 63
2926000 63
2927000 63
2928000 63
2929000 63
2930000 63
2931000 63
2932000 63
2933000 63
2934000 63
2935000 63
2936000 63
2937000 63
2938000 63
2939000 63
2940000 63
2941000 63
2942000 63
2943000 63
2944000 63
2945000 63
2946000 63
2947000 63
2948000 63
2949000 63
2950000 63
2951000 63
2952000 63
2953000 63
2954000 63
2955000 63
2956000 63
2957000 63
2958000 63
2959000 64
2960000 64
2961000 64
2962000 64
2963000 64
2964000 64
2965000 64
2966000 64
2967000 64
2968000 65
2969000 65
2970000 65
2971000 65
2972000 65
2973000 65
2974000 65
2975000 65
2976000 66
2977000 66
2978000 66
2979000 66
2980000 66
2981000 66
2982000 66
2983000 66
2984000 66
2985000 67
2986000 67
2987000 67
2988000 67
2989000 67
2990000 67
2991000 67
2992000 67
2993000 67
2994000 67
2995000 67
2996000 67
2997000 67
2998000 67
2999000 67
3000000 67
3001000 67
3002000 67
3003000 67
3004000 67
3005000 67
3006000 67
3007000 67
3008000 67
3009000 67
3010000 67
3011000 67
3012000 67
3013000 67
3014000 67
3015000 67
3016000 67
3017000 67
3018000 67
3019000 67
3020000 67
3021000 67
3022000 67
3023000 68
3024000 68
3025000 68
3026000 68
3027000 68
3028000 68
3029000 68
3030000 68
3031000 68
3032000 68
3033000 68
3034000 68
3035000 68
3036000 68
3037000 68
3038000 68
3039000 68
3040000 68
3041000 68
3042000 68
3043000 68
3044000 68
3045000 68
3046000 68
3047000 68
3048000 68
3049000 68
3050000 68
3051000 68
3052000 68
3053000 68
3054000 68
3055000 68
3056000 68
3057000 68
3058000 68
3059000 68
3060000 68
3061000 68
3062000 68
3063000 68
3064000 68
3065000 68
3066000 68
3067000 68
3068000 68
3069000 68
3070000 68
3071000 68
3072000 68
3073000 68
3074000 68
3075000 68
3076000 68
3077000 68
3078000 68
3079000 68
3080000 68
3081000 68
3082000 68
3083000 69
3084000 69
3085000 69
3086000 69
3087000 69
3088000 69
3089000 69
3090000 69
3091000 69
3092000 69
3093000 69
3094000 69
3095000 69
3096000 69
3097000 69
3098000 69
3099000 69
3100000 69
3101000 69
3102000 69
3103000 69
3104000 69
3105000 69
3106000 69
3107000 69
3108000 69
3109000 69
3110000 69
3111000 69
3112000 69
3113000 69
3114000 69
3115000 69
3116000 69
3117000 69
3118000 69
3119000 69
3120000 69
3121000 69
3122000 69
3123000 69
3124000 69
3125000 69
3126000 69
3127000 69
3128000 69
3129000 69
3130000 69
3131000 69
3132000 69
3133000 69
3134000 69
3135000 69
3136000 69
3137000 69
3138000 69
3139000 69
3140000 69
3141000 69
3142000 69
3143000 69
3144000 70
3145000 70
3146000 70
3147000 70
3148000 70
3149000 70
3150000 70
3151000 70
3152000 70
3153000 70
3154000 70
3155000 70
3156000 70
3157000 71
3158000 71
3159000 71
3160000 71
3161000 71
3162000 71
3163000 71
3164000 71
3165000 71
3166000 71
3167000 72
3168000 72
3169000 72
3170000 72
3171000 72
3172000 72
3173000 72
3174000 72
3175000 73
3176000 73
3177000 73
3178000 73
3179000 73
3180000 73
3181000 73
3182000 74
3183000 74
3184000 74
3185000 74
3186000 74
3187000 74
3188000 74
3189000 75
3190000 75
3191000 75
3192000 75
3193000 75
3194000 75
3195000 75
3196000 75
3197000 76
3198000 76
3199000 76
3200000 76
3201000 76
3202000 76
3203000 76
3204000 76
3205000 76
3206000 76
3207000 76
3208000 76
3209000 76
3210000 76
3211000 76
3212000 76
3213000 76
3214000 76
3215000 76
3216000 76
3217000 76
3218000 76
3219000 76
3220000 76
3221000 76
3222000 76
3223000 76
3224000 76
3225000 76
3226000 76
3227000 76
3228000 76
3229000 76
3230000 76
3231000 76
3232000 76
3233000 76
3234000 76
3235000 76
3236000 76
3237000 76
3238000 76
3239000 76
3240000 76
3241000 76
3242000 76
3243000 76
3244000 76
3245000 76
3246000 76
3247000 76
3248000 76
3249000 76
3250000 76
3251000 76
3252000 76
3253000 76
3254000 76
3255000 76
3256000 77
3257000 77
3258000 77
3259000 77
3260000 77
3261000 77
3262000 77
3263000 77
3264000 77
3265000 77
3266000 77
3267000 77
3268000 77
3269000 77
3270000 77
3271000 77
3272000 77
3273000 77
3274000 77
3275000 77
3276000 77
3277000 77
3278000 77
3279000 77
3280000 77
3281000 77
3282000 77
3283000 77
3284000 77
3285000 77
3286000 77
3287000 77
3288000 77
3289000 77
3290000 77
3291000 77
3292000 77
3293000 77
3294000 77
3295000 77
3296000 77
3297000 77
3298000 77
3299000 77
3300000 77
3301000 77
3302000 77
3303000 77
3304000 77
3305000 77
3306000 77
3307000 77
3308000 77
3309000 77
3310000 77
3311000 77
3312000 77
3313000 77
3314000 77
3315000 77
3316000 77
3317000 77
3318000 77
3319000 77
3320000 77
3321000 77
3322000 77
3323000 77
3324000 77
3325000 77
3326000 77
3327000 77
3328000 77
3329000 77
3330000 77
3331000 77
3332000 77
3333000 77
3334000 77
3335000 77
3336000 77
3337000 77
3338000 77
3339000 77
3340000 77
3341000 77
3342000 77
3343000 77
3344000 77
3345000 77
3346000 77
3347000 77
3348000 77
3349000 77
3350000 77
3351000 77
3352000 77
3353000 77
3354000 77
3355000 77
3356000 77
3357000 77
3358000 77
3359000 77
3360000 77
3361000 77
3362000 77
3363000 77
3364000 77
3365000 77
3366000 77
3367000 77
3368000 77
3369000 77
3370000 77
3371000 77
3372000 77
3373000 77
3374000 78
3375000 78
3376000 78
3377000 78
3378000 78
3379000 78
3380000 78
3381000 78
3382000 78
3383000 78
3384000 78
3385000 78
3386000 78
3387000 78
3388000 78
3389000 78
3390000 78
3391000 78
3392000 78
3393000 78
3394000 78
3395000 78
3396000 78
3397000 78
3398000 78
3399000 78
3400000 78
3401000 78
3402000 78
3403000 78
3404000 78
3405000 78
3406000 78
3407000 78
3408000 78
3409000 78
3410000 78
3411000 78
3412000 78
3413000 78
3414000 78
3415000 78
3416000 78
3417000 78
3418000 78
3419000 78
3420000 78
3421000 78
3422000 78
3423000 78
3424000 78
3425000 78
3426000 78
3427000 78
3428000 78
3429000 78
3430000 78
3431000 78
3432000 78
3433000 78
3434000 78
3435000 78
3436000 78
3437000 78
3438000 78
3439000 78
3440000 78
3441000 78
3442000 78
3443000 78
3444000 78
3445000 78
3446000 78
3447000 78
3448000 78
3449000 78
3450000 78
3451000 78
3452000 78
3453000 78
3454000 78
3455000 78
3456000 78
3457000 78
3458000 78
3459000 78
3460000 78
3461000 78
3462000 78
3463000 78
3464000 78
3465000 78
3466000 78
3467000 78
3468000 78
3469000 78
3470000 78
3471000 78
3472000 78
3473000 78
3474000 78
3475000 78
3476000 78
3477000 78
3478000 78
3479000 78
3480000 78
3481000 78
3482000 78
3483000 78
3484000 78
3485000 78
3486000 78
3487000 78
3488000 78
3489000 78
3490000 78
3491000 78
3492000 78
3493000 78
3494000 79
3495000 79
3496000 79
3497000 79
3498000 79
3499000 79
3500000 79
3501000 79
3502000 80
3503000 80
3504000 80
3505000 80
3506000 80
3507000 80
3508000 80
3509000 80
3510000 80
3511000 80
3512000 80
3513000 80
3514000 80
3515000 80
3516000 80
3517000 80
3518000 80
3519000 80
3520000 80
3521000 80
3522000 80
3523000 80
3524000 80
3525000 80
3526000 80
3527000 80
3528000 80
3529000 80
3530000 80
3531000 80
3532000 80
3533000 80
3534000 80
3535000 80
3536000 80
3537000 80
3538000 80
3539000 80
3540000 80
3541000 80
3542000 80
3543000 80
3544000 80
3545000 80
3546000 80
3547000 80
3548000 80
3549000 80
3550000 80
3551000 80
3552000 80
3553000 80
3554000 80
3555000 80
3556000 80
3557000 80
3558000 80
3559000 80
3560000 80
3561000 80
3562000 80
3563000 80
3564000 80
3565000 80
3566000 80
3567000 80
3568000 80
3569000 80
3570000 80
3571000 80
3572000 80
3573000 80
3574000 80
3575000 80
3576000 80
3577000 80
3578000 80
3579000 80
3580000 80
3581000 80
3582000 80
3583000 80
3584000 80
3585000 80
3586000 80
3587000 80
3588000 80
3589000 80
3590000 80
3591000 80
3592000 80
3593000 80
3594000 80
3595000 80
3596000 80
3597000 80
3598000 80
3599000 80
3600000 80
3601000 80
3602000 80
3603000 80
3604000 80
3605000 80
3606000 80
3607000 80
3608000 80
3609000 80
3610000 80
3611000 80
3612000 80
3613000 80
3614000 80
3615000 80
3616000 80
3617000 80
3618000 80
3619000 80
3620000 80
3621000 80
3622000 80
3623000 80
3624000 80
3625000 80
3626000 80
3627000 80
3628000 80
3629000 80
3630000 80
3631000 80
3632000 80
3633000 80
3634000 80
3635000 80
3636000 80
3637000 80
3638000 80
3639000 80
3640000 80
3641000 80
3642000 80
3643000 80
3644000 80
3645000 80
3646000 80
3647000 80
3648000 80
3649000 80
3650000 80
3651000 80
3652000 80
3653000 80
3654000 80
3655000 80
3656000 80
3657000 80
3658000 80
3659000 80
3660000 80
3661000 80
3662000 80
3663000 80
3664000 80
3665000 80
3666000 80
3667000 80
3668000 80
3669000 80
3670000 80
3671000 80
3672000 80
3673000 80
3674000 80
3675000 80
3676000 80
3677000 80
3678000 80
3679000 80
3680000 80
3681000 80
3682000 81
3683000 81
3684000 81
3685000 81
3686000 81
3687000 81
3688000 81
3689000 81
3690000 81
3691000 81
3692000 81
3693000 81
3694000 81
3695000 81
3696000 81
3697000 81
3698000 81
3699000 81
3700000 81
3701000 81
3702000 81
3703000 81
3704000 81
3705000 81
3706000 81
3707000 81
3708000 81
3709000 81
3710000 81
3711000 81
3712000 81
3713000 81
3714000 81
3715000 81
3716000 81
3717000 81
3718000 81
3719000 81
3720000 81
3721000 81
3722000 81
3723000 81
3724000 81
3725000 81
3726000 81
3727000 81
3728000 81
3729000 81
3730000 81
3731000 81
3732000 81
3733000 81
3734000 81
3735000 81
3736000 81
3737000 81
3738000 81
3739000 81
3740000 81
3741000 82
3742000 82
3743000 82
3744000 82
3745000 82
3746000 82
3747000 82
3748000 82
3749000 83
3750000 83
3751000 83
3752000 83
3753000 83
3754000 83
3755000 83
3756000 83
3757000 83
3758000 84
3759000 84
3760000 84
3761000 84
3762000 84
3763000 84
3764000 84
3765000 84
3766000 84
3767000 84
3768000 84
3769000 84
3770000 84
3771000 84
3772000 84
3773000 84
3774000 84
3775000 84
3776000 84
3777000 84
3778000 84
3779000 84
3780000 84
3781000 84
3782000 84
3783000 84
3784000 84
3785000 84
3786000 84
3787000 84
3788000 84
3789000 84
3790000 84
3791000 84
3792000 84
3793000 84
3794000 84
3795000 84
3796000 84
3797000 84
3798000 84
3799000 84
3800000 84
3801000 84
3802000 84
3803000 84
3804000 84
3805000 84
3806000 84
3807000 84
3808000 84
3809000 84
3810000 84
3811000 84
3812000 84
3813000 84
3814000 84
3815000 84
3816000 84
3817000 84
3818000 84
3819000 84
3820000 84
3821000 84
3822000 84
3823000 84
3824000 84
3825000 84
3826000 84
3827000 84
3828000 84
3829000 84
3830000 84
3831000 84
3832000 84
3833000 84
3834000 84
3835000 84
3836000 84
3837000 84
3838000 84
3839000 84
3840000 84
3841000 84
3842000 84
3843000 84
3844000 84
3845000 84
3846000 84
3847000 84
3848000 84
3849000 84
3850000 84
3851000 84
3852000 84
3853000 84
3854000 84
3855000 84
3856000 84
3857000 84
3858000 84
3859000 84
3860000 84
3861000 84
3862000 84
3863000 84
3864000 84
3865000 84
3866000 84
3867000 85
3868000 85
3869000 85
3870000 85
3871000 85
3872000 85
3873000 85
3874000 86
3875000 86
3876000 86
3877000 86
3878000 86
3879000 86
3880000 86
3881000 86
3882000 87
3883000 87
3884000 87
3885000 87
3886000 87
3887000 87
3888000 87
3889000 87
3890000 87
3891000 87
3892000 87
3893000 87
3894000 87
3895000 87
3896000 87
3897000 87
3898000 87
3899000 87
3900000 87
3901000 87
3902000 87
3903000 87
3904000 87
3905000 87
3906000 87
3907000 87
3908000 87
3909000 87
3910000 87
3911000 87
3912000 87
3913000 87
3914000 87
3915000 87
3916000 87
3917000 87
3918000 87
3919000 87
3920000 87
3921000 87
3922000 87
3923000 87
3924000 87
3925000 87
3926000 87
3927000 87
3928000 87
3929000 87
3930000 87
3931000 87
3932000 87
3933000 87
3934000 87
3935000 87
3936000 87
3937000 87
3938000 87
3939000 87
3940000 87
3941000 87
3942000 87
3943000 87
3944000 88
3945000 88
3946000 88
3947000 88
3948000 88
3949000 88
3950000 88
3951000 88
3952000 88
3953000 89
3954000 89
3955000 89
3956000 89
3957000 89
3958000 89
3959000 89
3960000 89
3961000 89
3962000 90
3963000 90
3964000 90
3965000 90
3966000 90
3967000 90
3968000 90
3969000 90
3970000 90
3971000 90
3972000 90
3973000 90
3974000 90
3975000 90
3976000 90
3977000 90
3978000 90
3979000 90
3980000 90
3981000 90
3982000 90
3983000 90
3984000 90
3985000 90
3986000 90
3987000 90
3988000 90
3989000 90
3990000 90
3991000 90
3992000 90
3993000 90
3994000 90
3995000 90
3996000 90
3997000 90
3998000 90
3999000 90
4000000 90
4001000 90
4002000 90
4003000 90
4004000 90
4005000 90
4006000 90
4007000 90
4008000 90
4009000 90
4010000 90
4011000 90
4012000 90
4013000 90
4014000 90
4015000 90
4016000 90
4017000 90
4018000 90
4019000 91
4020000 91
4021000 91
4022000 91
4023000 91
4024000 91
4025000 91
4026000 92
4027000 92
4028000 92
4029000 92
4030000 92
4031000 92
4032000 92
4033000 92
4034000 92
4035000 92
4036000 92
4037000 92
4038000 92
4039000 92
4040000 93
4041000 93
4042000 93
4043000 93
4044000 93
4045000 93
4046000 93
4047000 94
4048000 94
4049000 94
4050000 94
4051000 94
4052000 94
4053000 94
4054000 94
4055000 94
4056000 94
4057000 95
4058000 95
4059000 95
4060000 95
4061000 95
4062000 95
4063000 95
4064000 95
4065000 96
4066000 96
4067000 96
4068000 96
4069000 96
4070000 96
4071000 96
4072000 96
4073000 96
4074000 96
4075000 96
4076000 97
4077000 97
4078000 97
4079000 97
4080000 97
4081000 97
4082000 97
4083000 97
4084000 97
4085000 97
4086000 97
4087000 97
4088000 97
4089000 97
4090000 97
4091000 97
4092000 97
4093000 97
4094000 97
4095000 97
4096000 97
4097000 97
4098000 97
4099000 97
4100000 97
4101000 97
4102000 97
4103000 97
4104000 97
4105000 97
4106000 97
4107000 97
4108000 97
4109000 97
4110000 97
4111000 97
4112000 97
4113000 97
4114000 97
4115000 97
4116000 97
4117000 97
4118000 97
4119000 97
4120000 97
4121000 97
4122000 97
4123000 97
4124000 97
4125000 97
4126000 97
4127000 97
4128000 97
4129000 97
4130000 97
4131000 97
4132000 97
4133000 97
4134000 98
4135000 98
4136000 98
4137000 98
4138000 98
4139000 98
4140000 98
4141000 98
4142000 98
4143000 99
4144000 99
4145000 99
4146000 99
4147000 99
4148000 99
4149000 99
4150000 99
4151000 99
4152000 100
4153000 100
4154000 100
4155000 100
4156000 100
4157000 100
4158000 100
4159000 100
4160000 100
4161000 101
4162000 101
4163000 101
4164000 101
4165000 101
4166000 101
4167000 101
4168000 101
4169000 101
4170000 101
4171000 102
4172000 102
4173000 102
4174000 102
4175000 102
4176000 102
4177000 102
4178000 102
4179000 102
4180000 103
4181000 103
4182000 103
4183000 103
4184000 103
4185000 103
4186000 103
4187000 103
4188000 103
4189000 103
4190000 103
4191000 103
4192000 103
4193000 103
4194000 103
4195000 103
4196000 103
4197000 103
4198000 103
4199000 103
4200000 103
4201000 103
4202000 103
4203000 103
4204000 103
4205000 103
4206000 103
4207000 103
4208000 103
4209000 103
4210000 103
4211000 103
4212000 103
4213000 103
4214000 103
4215000 103
4216000 103
4217000 103
4218000 103
4219000 103
4220000 103
4221000 103
4222000 103
4223000 103
4224000 103
4225000 103
4226000 103
4227000 103
4228000 103
4229000 103
4230000 103
4231000 103
4232000 103
4233000 103
4234000 103
4235000 103
4236000 103
4237000 103
4238000 103
4239000 103
4240000 104
4241000 104
4242000 104
4243000 104
4244000 104
4245000 104
4246000 104
4247000 104
4248000 104
4249000 104
4250000 104
4251000 104
4252000 104
4253000 104
4254000 104
4255000 104
4256000 104
4257000 104
4258000 104
4259000 104
4260000 104
4261000 104
4262000 104
4263000 104
4264000 104
4265000 104
4266000 104
4267000 104
4268000 104
4269000 104
4270000 104
4271000 104
4272000 104
4273000 104
4274000 104
4275000 104
4276000 104
4277000 104
4278000 104
4279000 104
4280000 104
4281000 104
4282000 104
4283000 104
4284000 104
4285000 104
4286000 104
4287000 104
4288000 104
4289000 104
4290000 104
4291000 104
4292000 104
4293000 104
4294000 104
4295000 104
4296000 104
4297000 104
4298000 104
4299000 105
4300000 105
4301000 105
4302000 105
4303000 105
4304000 105
4305000 105
4306000 105
4307000 105
4308000 106
4309000 106
4310000 106
4311000 106
4312000 106
4313000 106
4314000 106
4315000 106
4316000 106
4317000 106
4318000 106
4319000 106
4320000 106
4321000 106
4322000 106
4323000 106
4324000 106
4325000 106
4326000 106
4327000 106
4328000 106
4329000 106
4330000 106
4331000 106
4332000 106
4333000 106
4334000 106
4335000 106
4336000 106
4337000 106
4338000 106
4339000 106
4340000 106
4341000 106
4342000 106
4343000 106
4344000 106
4345000 106
4346000 106
4347000 106
4348000 106
4349000 106
4350000 106
4351000 106
4352000 106
4353000 106
4354000 106
4355000 106
4356000 106
4357000 106
4358000 106
4359000 106
4360000 106
4361000 106
4362000 106
4363000 106
4364000 106
4365000 106
4366000 106
4367000 106
4368000 106
4369000 106
4370000 106
4371000 106
4372000 106
4373000 106
4374000 106
4375000 106
4376000 106
4377000 106
4378000 106
4379000 106
4380000 106
4381000 106
4382000 106
4383000 106
4384000 106
4385000 106
4386000 106
4387000 106
4388000 106
4389000 106
4390000 106
4391000 106
4392000 106
4393000 106
4394000 106
4395000 106
4396000 106
4397000 106
4398000 106
4399000 106
4400000 106
4401000 106
4402000 106
4403000 106
4404000 106
4405000 106
4406000 106
4407000 106
4408000 106
4409000 106
4410000 106
4411000 106
4412000 106
4413000 106
4414000 106
4415000 106
4416000 106
4417000 106
4418000 106
4419000 106
4420000 106
4421000 106
4422000 106
4423000 106
4424000 106
4425000 106
4426000 106
4427000 106
4428000 106
4429000 106
4430000 106
4431000 106
4432000 106
4433000 106
4434000 106
4435000 106
4436000 106
4437000 106
4438000 106
4439000 106
4440000 106
4441000 106
4442000 106
4443000 106
4444000 106
4445000 106
4446000 106
4447000 106
4448000 106
4449000 106
4450000 106
4451000 106
4452000 106
4453000 106
4454000 106
4455000 106
4456000 106
4457000 106
4458000 106
4459000 106
4460000 106
4461000 106
4462000 106
4463000 106
4464000 106
4465000 106
4466000 106
4467000 106
4468000 106
4469000 106
4470000 106
4471000 106
4472000 106
4473000 106
4474000 106
4475000 106
4476000 106
4477000 106
4478000 106
4479000 106
4480000 106
4481000 106
4482000 106
4483000 106
4484000 106
4485000 106
4486000 106
4487000 106
4488000 106
4489000 106
4490000 106
4491000 107
4492000 107
4493000 107
4494000 107
4495000 107
4496000 107
4497000 107
4498000 107
4499000 108
4500000 108
4501000 108
4502000 108
4503000 108
4504000 108
4505000 108
4506000 108
4507000 108
4508000 108
4509000 108
4510000 108
4511000 108
4512000 108
4513000 108
4514000 108
4515000 108
4516000 108
4517000 108
4518000 108
4519000 108
4520000 108
4521000 108
4522000 108
4523000 108
4524000 108
4525000 108
4526000 108
4527000 108
4528000 108
4529000 108
4530000 108
4531000 108
4532000 108
4533000 108
4534000 108
4535000 108
4536000 108
4537000 108
4538000 108
4539000 108
4540000 108
4541000 108
4542000 108
4543000 108
4544000 108
4545000 108
4546000 108
4547000 108
4548000 108
4549000 108
4550000 108
4551000 108
4552000 108
4553000 108
4554000 108
4555000 108
4556000 108
4557000 108
4558000 108
4559000 108
4560000 108
4561000 108
4562000 108
4563000 108
4564000 108
4565000 108
4566000 108
4567000 108
4568000 108
4569000 108
4570000 108
4571000 108
4572000 108
4573000 108
4574000 108
4575000 108
4576000 108
4577000 108
4578000 108
4579000 108
4580000 108
4581000 108
4582000 108
4583000 108
4584000 108
4585000 108
4586000 108
4587000 108
4588000 108
4589000 108
4590000 108
4591000 108
4592000 108
4593000 108
4594000 108
4595000 108
4596000 108
4597000 108
4598000 108
4599000 108
4600000 108
4601000 108
4602000 108
4603000 108
4604000 108
4605000 108
4606000 108
4607000 108
4608000 109
4609000 109
4610000 109
4611000 109
4612000 109
4613000 109
4614000 109
4615000 109
4616000 109
4617000 109
4618000 109
4619000 109
4620000 109
4621000 109
4622000 109
4623000 109
4624000 109
4625000 109
4626000 109
4627000 109
4628000 109
4629000 109
4630000 109
4631000 109
4632000 109
4633000 109
4634000 109
4635000 109
4636000 109
4637000 109
4638000 109
4639000 109
4640000 109
4641000 109
4642000 109
4643000 109
4644000 109
4645000 109
4646000 109
4647000 109
4648000 109
4649000 109
4650000 109
4651000 109
4652000 109
4653000 109
4654000 109
4655000 109
4656000 109
4657000 109
4658000 109
4659000 109
4660000 109
4661000 109
4662000 109
4663000 109
4664000 109
4665000 109
4666000 109
4667000 109
4668000 109
4669000 110
4670000 110
4671000 110
4672000 110
4673000 110
4674000 110
4675000 110
4676000 110
4677000 111
4678000 111
4679000 111
4680000 111
4681000 111
4682000 111
4683000 111
4684000 112
4685000 112
4686000 112
4687000 112
4688000 112
4689000 112
4690000 112
4691000 112
4692000 113
4693000 113
4694000 113
4695000 113
4696000 113
4697000 113
4698000 113
4699000 113
4700000 113
4701000 113
4702000 113
4703000 114
4704000 114
4705000 114
4706000 114
4707000 114
4708000 114
4709000 114
4710000 114
4711000 114
4712000 114
4713000 114
4714000 114
4715000 114
4716000 114
4717000 114
4718000 114
4719000 114
4720000 114
4721000 114
4722000 114
4723000 114
4724000 114
4725000 114
4726000 114
4727000 114
4728000 114
4729000 114
4730000 114
4731000 114
4732000 114
4733000 114
4734000 114
4735000 114
4736000 114
4737000 114
4738000 114
4739000 114
4740000 114
4741000 114
4742000 114
4743000 114
4744000 114
4745000 114
4746000 114
4747000 114
4748000 114
4749000 114
4750000 114
4751000 114
4752000 114
4753000 114
4754000 114
4755000 114
4756000 114
4757000 114
4758000 114
4759000 114
4760000 114
4761000 115
4762000 115
4763000 115
4764000 115
4765000 115
4766000 115
4767000 115
4768000 115
4769000 115
4770000 115
4771000 115
4772000 116
4773000 116
4774000 116
4775000 116
4776000 116
4777000 116
4778000 116
4779000 116
4780000 116
4781000 116
4782000 116
4783000 116
4784000 116
4785000 116
4786000 116
4787000 116
4788000 116
4789000 116
4790000 116
4791000 116
4792000 116
4793000 116
4794000 116
4795000 116
4796000 116
4797000 116
4798000 116
4799000 116
4800000 116
4801000 116
4802000 116
4803000 116
4804000 116
4805000 116
4806000 116
4807000 116
4808000 116
4809000 116
4810000 116
4811000 116
4812000 116
4813000 116
4814000 116
4815000 116
4816000 116
4817000 116
4818000 116
4819000 116
4820000 116
4821000 116
4822000 116
4823000 116
4824000 116
4825000 116
4826000 116
4827000 116
4828000 116
4829000 116
4830000 117
4831000 117
4832000 117
4833000 117
4834000 117
4835000 117
4836000 117
4837000 117
4838000 117
4839000 117
4840000 117
4841000 117
4842000 117
4843000 117
4844000 117
4845000 117
4846000 117
4847000 117
4848000 117
4849000 117
4850000 117
4851000 117
4852000 117
4853000 117
4854000 117
4855000 117
4856000 117
4857000 117
4858000 117
4859000 117
4860000 117
4861000 117
4862000 117
4863000 117
4864000 117
4865000 117
4866000 117
4867000 117
4868000 117
4869000 117
4870000 117
4871000 117
4872000 117
4873000 117
4874000 117
4875000 117
4876000 117
4877000 117
4878000 117
4879000 117
4880000 117
4881000 117
4882000 117
4883000 117
4884000 117
4885000 117
4886000 117
4887000 117
4888000 118
4889000 118
4890000 118
4891000 118
4892000 118
4893000 118
4894000 118
4895000 118
4896000 118
4897000 118
4898000 118
4899000 118
4900000 118
4901000 118
4902000 118
4903000 118
4904000 118
4905000 118
4906000 118
4907000 118
4908000 118
4909000 118
4910000 118
4911000 118
4912000 118
4913000 118
4914000 118
4915000 118
4916000 118
4917000 118
4918000 118
4919000 118
4920000 118
4921000 118
4922000 118
4923000 118
4924000 118
4925000 118
4926000 118
4927000 118
4928000 118
4929000 118
4930000 118
4931000 118
4932000 118
4933000 118
4934000 118
4935000 118
4936000 118
4937000 118
4938000 118
4939000 118
4940000 118
4941000 118
4942000 118
4943000 118
4944000 118
4945000 118
4946000 118
4947000 118
4948000 119
4949000 119
4950000 119
4951000 119
4952000 119
4953000 119
4954000 119
4955000 119
4956000 119
4957000 119
4958000 120
4959000 120
4960000 120
4961000 120
4962000 120
4963000 120
4964000 120
4965000 120
4966000 120
4967000 120
4968000 120
4969000 120
4970000 120
4971000 120
4972000 120
4973000 120
4974000 120
4975000 120
4976000 120
4977000 120
4978000 120
4979000 120
4980000 120
4981000 120
4982000 120
4983000 120
4984000 120
4985000 120
4986000 120
4987000 120
4988000 120
4989000 120
4990000 120
4991000 120
4992000 120
4993000 120
4994000 120
4995000 120
4996000 120
4997000 120
4998000 120
4999000 120
5000000 120
