0 0
1000 0
2000 0
3000 0
4000 0
5000 0
6000 0
7000 0
8000 0
9000 0
10000 1
11000 1
12000 1
13000 1
14000 1
15000 1
16000 1
17000 1
18000 1
19000 1
20000 1
21000 1
22000 1
23000 1
24000 1
25000 1
26000 1
27000 1
28000 1
29000 1
30000 1
31000 1
32000 1
33000 1
34000 1
35000 1
36000 1
37000 1
38000 1
39000 1
40000 1
41000 1
42000 1
43000 1
44000 1
45000 1
46000 1
47000 1
48000 1
49000 1
50000 1
51000 1
52000 1
53000 1
54000 1
55000 1
56000 1
57000 1
58000 1
59000 1
60000 1
61000 1
62000 1
63000 1
64000 1
65000 1
66000 1
67000 1
68000 1
69000 2
70000 2
71000 2
72000 2
73000 2
74000 2
75000 2
76000 2
77000 2
78000 2
79000 2
80000 2
81000 3
82000 3
83000 3
84000 3
85000 3
86000 3
87000 3
88000 3
89000 3
90000 3
91000 3
92000 3
93000 3
94000 3
95000 3
96000 3
97000 3
98000 3
99000 3
100000 3
101000 3
102000 3
103000 3
104000 3
105000 3
106000 3
107000 3
108000 3
109000 3
110000 3
111000 3
112000 3
113000 3
114000 3
115000 3
116000 3
117000 3
118000 3
119000 3
120000 3
121000 3
122000 3
123000 3
124000 3
125000 3
126000 3
127000 3
128000 3
129000 3
130000 3
131000 3
132000 3
133000 3
134000 3
135000 3
136000 3
137000 3
138000 3
139000 3
140000 3
141000 3
142000 3
143000 3
144000 3
145000 3
146000 3
147000 3
148000 3
149000 3
150000 3
151000 3
152000 3
153000 3
154000 3
155000 3
156000 3
157000 3
158000 3
159000 3
160000 3
161000 3
162000 3
163000 3
164000 3
165000 3
166000 3
167000 3
168000 3
169000 3
170000 3
171000 3
172000 3
173000 3
174000 3
175000 3
176000 3
177000 3
178000 3
179000 3
180000 3
181000 3
182000 3
183000 3
184000 3
185000 3
186000 3
187000 3
188000 3
189000 3
190000 3
191000 3
192000 3
193000 3
194000 3
195000 3
196000 3
197000 3
198000 3
199000 3
200000 3
201000 3
202000 3
203000 3
204000 3
205000 3
206000 3
207000 3
208000 3
209000 3
210000 3
211000 3
212000 3
213000 3
214000 3
215000 3
216000 3
217000 3
218000 3
219000 3
220000 3
221000 3
222000 3
223000 3
224000 3
225000 3
226000 3
227000 3
228000 3
229000 3
230000 3
231000 3
232000 3
233000 3
234000 3
235000 3
236000 3
237000 3
238000 3
239000 3
240000 3
241000 3
242000 3
243000 3
244000 3
245000 3
246000 3
247000 3
248000 3
249000 3
250000 3
251000 3
252000 3
253000 3
254000 3
255000 3
256000 3
257000 3
258000 3
259000 3
260000 3
261000 3
262000 3
263000 3
264000 3
265000 3
266000 3
267000 3
268000 3
269000 3
270000 3
271000 3
272000 3
273000 3
274000 3
275000 3
276000 3
277000 3
278000 3
279000 3
280000 3
281000 3
282000 3
283000 3
284000 3
285000 3
286000 3
287000 3
288000 3
289000 3
290000 3
291000 3
292000 3
293000 3
294000 3
295000 3
296000 3
297000 3
298000 3
299000 3
300000 3
301000 3
302000 3
303000 3
304000 3
305000 3
306000 3
307000 3
308000 3
309000 3
310000 3
311000 3
312000 3
313000 3
314000 3
315000 3
316000 3
317000 3
318000 3
319000 3
320000 3
321000 3
322000 3
323000 3
324000 3
325000 3
326000 3
327000 3
328000 3
329000 3
330000 3
331000 3
332000 3
333000 3
334000 3
335000 3
336000 3
337000 3
338000 3
339000 3
340000 3
341000 3
342000 3
343000 3
344000 3
345000 3
346000 3
347000 3
348000 3
349000 3
350000 3
351000 3
352000 3
353000 3
354000 3
355000 3
356000 3
357000 3
358000 3
359000 3
360000 3
361000 3
362000 3
363000 3
364000 3
365000 3
366000 3
367000 3
368000 3
369000 3
370000 3
371000 3
372000 3
373000 3
374000 3
375000 3
376000 3
377000 3
378000 3
379000 3
380000 3
381000 3
382000 3
383000 3
384000 3
385000 3
386000 3
387000 3
388000 3
389000 3
390000 3
391000 3
392000 3
393000 3
394000 3
395000 3
396000 3
397000 3
398000 3
399000 3
400000 3
401000 3
402000 3
403000 3
404000 3
405000 3
406000 3
407000 3
408000 3
409000 3
410000 3
411000 3
412000 3
413000 3
414000 3
415000 3
416000 3
417000 3
418000 3
419000 3
420000 3
421000 3
422000 3
423000 3
424000 3
425000 3
426000 3
427000 3
428000 3
429000 3
430000 3
431000 3
432000 3
433000 3
434000 3
435000 3
436000 3
437000 3
438000 3
439000 3
440000 4
441000 4
442000 4
443000 4
444000 4
445000 4
446000 4
447000 4
448000 4
449000 4
450000 4
451000 4
452000 4
453000 4
454000 4
455000 4
456000 4
457000 5
458000 5
459000 5
460000 5
461000 5
462000 5
463000 5
464000 5
465000 5
466000 5
467000 5
468000 5
469000 5
470000 5
471000 5
472000 5
473000 5
474000 5
475000 5
476000 5
477000 5
478000 5
479000 5
480000 5
481000 5
482000 5
483000 5
484000 5
485000 5
486000 5
487000 5
488000 5
489000 5
490000 5
491000 5
492000 5
493000 5
494000 5
495000 5
496000 5
497000 5
498000 5
499000 5
500000 5
501000 5
502000 5
503000 5
504000 5
505000 5
506000 5
507000 5
508000 5
509000 5
510000 5
511000 5
512000 5
513000 5
514000 5
515000 5
516000 5
517000 5
518000 5
519000 5
520000 5
521000 5
522000 5
523000 5
524000 5
525000 5
526000 5
527000 5
528000 5
529000 5
530000 5
531000 5
532000 5
533000 5
534000 5
535000 5
536000 5
537000 5
538000 5
539000 5
540000 5
541000 5
542000 5
543000 5
544000 5
545000 5
546000 5
547000 5
548000 5
549000 5
550000 5
551000 5
552000 5
553000 5
554000 5
555000 5
556000 5
557000 5
558000 5
559000 5
560000 5
561000 5
562000 5
563000 5
564000 5
565000 5
566000 5
567000 6
568000 6
569000 6
570000 6
571000 6
572000 6
573000 6
574000 6
575000 6
576000 6
577000 6
578000 6
579000 6
580000 6
581000 6
582000 6
583000 6
584000 6
585000 6
586000 6
587000 6
588000 6
589000 6
590000 6
591000 6
592000 6
593000 6
594000 6
595000 6
596000 6
597000 6
598000 6
599000 6
600000 6
601000 6
602000 6
603000 6
604000 6
605000 6
606000 6
607000 6
608000 6
609000 6
610000 6
611000 6
612000 6
613000 6
614000 6
615000 6
616000 6
617000 6
618000 6
619000 6
620000 6
621000 6
622000 6
623000 6
624000 6
625000 6
626000 6
627000 6
628000 6
629000 6
630000 6
631000 6
632000 6
633000 6
634000 6
635000 6
636000 6
637000 6
638000 6
639000 6
640000 6
641000 6
642000 6
643000 6
644000 6
645000 6
646000 6
647000 6
648000 6
649000 6
650000 6
651000 6
652000 6
653000 6
654000 6
655000 6
656000 6
657000 6
658000 6
659000 6
660000 6
661000 6
662000 6
663000 6
664000 6
665000 6
666000 6
667000 6
668000 6
669000 6
670000 6
671000 6
672000 6
673000 6
674000 6
675000 6
676000 6
677000 6
678000 6
679000 6
680000 6
681000 6
682000 6
683000 6
684000 6
685000 6
686000 6
687000 6
688000 6
689000 6
690000 6
691000 6
692000 6
693000 6
694000 6
695000 6
696000 6
697000 6
698000 6
699000 6
700000 6
701000 6
702000 6
703000 6
704000 6
705000 6
706000 6
707000 6
708000 6
709000 6
710000 6
711000 6
712000 6
713000 6
714000 6
715000 6
716000 6
717000 6
718000 6
719000 6
720000 6
721000 6
722000 6
723000 6
724000 6
725000 6
726000 6
727000 6
728000 6
729000 6
730000 6
731000 6
732000 6
733000 6
734000 6
735000 6
736000 6
737000 6
738000 6
739000 6
740000 6
741000 6
742000 6
743000 6
744000 6
745000 6
746000 6
747000 6
748000 6
749000 6
750000 6
751000 6
752000 6
753000 6
754000 6
755000 6
756000 6
757000 6
758000 6
759000 6
760000 6
761000 6
762000 6
763000 6
764000 6
765000 6
766000 6
767000 6
768000 6
769000 6
770000 6
771000 6
772000 6
773000 6
774000 6
775000 6
776000 6
777000 6
778000 6
779000 6
780000 6
781000 6
782000 6
783000 6
784000 6
785000 6
786000 6
787000 6
788000 6
789000 6
790000 6
791000 6
792000 6
793000 6
794000 6
795000 6
796000 6
797000 6
798000 6
799000 6
800000 6
801000 6
802000 6
803000 6
804000 6
805000 6
806000 6
807000 6
808000 6
809000 6
810000 6
811000 6
812000 6
813000 6
814000 6
815000 6
816000 6
817000 6
818000 6
819000 6
820000 6
821000 6
822000 6
823000 6
824000 6
825000 6
826000 6
827000 6
828000 6
829000 6
830000 6
831000 6
832000 6
833000 6
834000 6
835000 6
836000 6
837000 6
838000 6
839000 6
840000 6
841000 6
842000 6
843000 6
844000 6
845000 6
846000 6
847000 6
848000 6
849000 6
850000 6
851000 6
852000 6
853000 6
854000 6
855000 6
856000 6
857000 6
858000 6
859000 6
860000 6
861000 6
862000 6
863000 6
864000 6
865000 6
866000 6
867000 6
868000 6
869000 6
870000 6
871000 6
872000 6
873000 6
874000 6
875000 6
876000 6
877000 6
878000 6
879000 7
880000 7
881000 7
882000 7
883000 7
884000 7
885000 7
886000 7
887000 7
888000 7
889000 7
890000 7
891000 7
892000 7
893000 7
894000 7
895000 7
896000 7
897000 7
898000 7
899000 7
900000 7
901000 7
902000 7
903000 7
904000 7
905000 7
906000 7
907000 7
908000 7
909000 7
910000 7
911000 7
912000 7
913000 7
914000 7
915000 7
916000 7
917000 7
918000 7
919000 7
920000 7
921000 7
922000 7
923000 7
924000 7
925000 7
926000 7
927000 7
928000 7
929000 7
930000 7
931000 7
932000 7
933000 7
934000 7
935000 7
936000 7
937000 7
938000 8
939000 8
940000 8
941000 8
942000 8
943000 8
944000 8
945000 8
946000 8
947000 8
948000 8
949000 8
950000 8
951000 8
952000 8
953000 8
954000 8
955000 8
956000 8
957000 8
958000 8
959000 8
960000 8
961000 8
962000 8
963000 8
964000 8
965000 8
966000 8
967000 8
968000 8
969000 8
970000 8
971000 8
972000 8
973000 8
974000 8
975000 8
976000 8
977000 8
978000 8
979000 8
980000 8
981000 8
982000 8
983000 8
984000 8
985000 8
986000 8
987000 8
988000 8
989000 8
990000 8
991000 8
992000 8
993000 8
994000 8
995000 8
996000 8
997000 8
998000 8
999000 8
1000000 8
1001000 8
1002000 8
1003000 8
1004000 8
1005000 8
1006000 8
1007000 8
1008000 8
1009000 8
1010000 8
1011000 8
1012000 8
1013000 8
1014000 8
1015000 8
1016000 8
1017000 8
1018000 8
1019000 8
1020000 8
1021000 8
1022000 8
1023000 8
1024000 8
1025000 8
1026000 8
1027000 8
1028000 8
1029000 8
1030000 8
1031000 8
1032000 8
1033000 8
1034000 8
1035000 8
1036000 8
1037000 8
1038000 8
1039000 8
1040000 8
1041000 8
1042000 8
1043000 8
1044000 8
1045000 8
1046000 8
1047000 9
1048000 9
1049000 9
1050000 9
1051000 9
1052000 9
1053000 9
1054000 9
1055000 9
1056000 9
1057000 9
1058000 9
1059000 9
1060000 9
1061000 9
1062000 9
1063000 9
1064000 9
1065000 9
1066000 9
1067000 9
1068000 9
1069000 9
1070000 9
1071000 9
1072000 9
1073000 9
1074000 9
1075000 9
1076000 9
1077000 9
1078000 9
1079000 9
1080000 9
1081000 9
1082000 9
1083000 9
1084000 9
1085000 9
1086000 9
1087000 9
1088000 9
1089000 9
1090000 9
1091000 9
1092000 9
1093000 9
1094000 9
1095000 9
1096000 9
1097000 9
1098000 9
1099000 9
1100000 9
1101000 9
1102000 9
1103000 9
1104000 9
1105000 9
1106000 9
1107000 9
1108000 9
1109000 9
1110000 9
1111000 9
1112000 9
1113000 9
1114000 9
1115000 9
1116000 9
1117000 9
1118000 9
1119000 9
1120000 9
1121000 9
1122000 9
1123000 9
1124000 9
1125000 9
1126000 9
1127000 9
1128000 9
1129000 9
1130000 9
1131000 9
1132000 9
1133000 9
1134000 9
1135000 9
1136000 9
1137000 9
1138000 9
1139000 9
1140000 9
1141000 9
1142000 9
1143000 9
1144000 9
1145000 9
1146000 9
1147000 9
1148000 9
1149000 9
1150000 9
1151000 9
1152000 9
1153000 9
1154000 9
1155000 9
1156000 9
1157000 9
1158000 9
1159000 9
1160000 9
1161000 9
1162000 9
1163000 9
1164000 9
1165000 9
1166000 9
1167000 9
1168000 9
1169000 9
1170000 9
1171000 9
1172000 9
1173000 9
1174000 9
1175000 9
1176000 9
1177000 9
1178000 9
1179000 9
1180000 9
1181000 9
1182000 9
1183000 9
1184000 9
1185000 9
1186000 9
1187000 9
1188000 9
1189000 9
1190000 9
1191000 9
1192000 9
1193000 9
1194000 9
1195000 9
1196000 9
1197000 9
1198000 9
1199000 9
1200000 9
1201000 9
1202000 9
1203000 9
1204000 9
1205000 9
1206000 9
1207000 9
1208000 9
1209000 9
1210000 9
1211000 9
1212000 9
1213000 9
1214000 9
1215000 9
1216000 9
1217000 9
1218000 9
1219000 9
1220000 9
1221000 9
1222000 9
1223000 9
1224000 9
1225000 9
1226000 9
1227000 9
1228000 9
1229000 9
1230000 9
1231000 9
1232000 9
1233000 9
1234000 9
1235000 9
1236000 9
1237000 9
1238000 9
1239000 9
1240000 9
1241000 9
1242000 9
1243000 9
1244000 9
1245000 9
1246000 9
1247000 9
1248000 9
1249000 9
1250000 9
1251000 9
1252000 9
1253000 9
1254000 9
1255000 9
1256000 9
1257000 9
1258000 9
1259000 10
1260000 10
1261000 10
1262000 10
1263000 10
1264000 10
1265000 10
1266000 10
1267000 10
1268000 10
1269000 10
1270000 10
1271000 10
1272000 10
1273000 10
1274000 10
1275000 10
1276000 10
1277000 10
1278000 10
1279000 10
1280000 10
1281000 10
1282000 10
1283000 10
1284000 10
1285000 10
1286000 10
1287000 10
1288000 10
1289000 10
1290000 10
1291000 10
1292000 10
1293000 10
1294000 10
1295000 10
1296000 10
1297000 10
1298000 10
1299000 10
1300000 10
1301000 10
1302000 10
1303000 10
1304000 10
1305000 10
1306000 10
1307000 10
1308000 10
1309000 10
1310000 10
1311000 10
1312000 10
1313000 10
1314000 10
1315000 10
1316000 10
1317000 10
1318000 10
1319000 10
1320000 10
1321000 10
1322000 10
1323000 10
1324000 10
1325000 10
1326000 10
1327000 10
1328000 10
1329000 10
1330000 10
1331000 10
1332000 10
1333000 10
1334000 10
1335000 10
1336000 10
1337000 10
1338000 10
1339000 10
1340000 10
1341000 10
1342000 10
1343000 10
1344000 10
1345000 10
1346000 10
1347000 10
1348000 10
1349000 10
1350000 10
1351000 10
1352000 10
1353000 10
1354000 10
1355000 10
1356000 10
1357000 10
1358000 10
1359000 10
1360000 10
1361000 10
1362000 10
1363000 10
1364000 10
1365000 10
1366000 10
1367000 10
1368000 10
1369000 10
1370000 10
1371000 10
1372000 10
1373000 10
1374000 10
1375000 10
1376000 10
1377000 10
1378000 10
1379000 10
1380000 10
1381000 10
1382000 10
1383000 10
1384000 10
1385000 10
1386000 10
1387000 10
1388000 10
1389000 10
1390000 10
1391000 10
1392000 10
1393000 10
1394000 10
1395000 10
1396000 10
1397000 10
1398000 10
1399000 10
1400000 10
1401000 10
1402000 10
1403000 10
1404000 10
1405000 10
1406000 10
1407000 10
1408000 10
1409000 10
1410000 10
1411000 10
1412000 10
1413000 10
1414000 10
1415000 10
1416000 10
1417000 10
1418000 10
1419000 10
1420000 10
1421000 10
1422000 10
1423000 10
1424000 10
1425000 10
1426000 10
1427000 10
1428000 10
1429000 10
1430000 10
1431000 10
1432000 10
1433000 10
1434000 10
1435000 10
1436000 10
1437000 10
1438000 10
1439000 10
1440000 10
1441000 10
1442000 10
1443000 10
1444000 10
1445000 10
1446000 10
1447000 10
1448000 10
1449000 10
1450000 10
1451000 10
1452000 10
1453000 10
1454000 10
1455000 10
1456000 10
1457000 10
1458000 10
1459000 10
1460000 10
1461000 10
1462000 10
1463000 10
1464000 10
1465000 10
1466000 10
1467000 10
1468000 10
1469000 10
1470000 10
1471000 10
1472000 10
1473000 10
1474000 10
1475000 10
1476000 10
1477000 10
1478000 10
1479000 10
1480000 10
1481000 10
1482000 10
1483000 10
1484000 10
1485000 10
1486000 10
1487000 10
1488000 10
1489000 10
1490000 10
1491000 10
1492000 10
1493000 10
1494000 10
1495000 10
1496000 10
1497000 10
1498000 10
1499000 10
1500000 10
1501000 10
1502000 10
1503000 10
1504000 10
1505000 10
1506000 10
1507000 10
1508000 10
1509000 10
1510000 10
1511000 10
1512000 10
1513000 10
1514000 10
1515000 10
1516000 10
1517000 10
1518000 10
1519000 10
1520000 10
1521000 10
1522000 10
1523000 10
1524000 10
1525000 10
1526000 10
1527000 10
1528000 11
1529000 11
1530000 11
1531000 11
1532000 11
1533000 11
1534000 11
1535000 11
1536000 11
1537000 11
1538000 11
1539000 11
1540000 11
1541000 11
1542000 11
1543000 11
1544000 11
1545000 11
1546000 11
1547000 11
1548000 11
1549000 11
1550000 11
1551000 11
1552000 11
1553000 11
1554000 11
1555000 11
1556000 11
1557000 11
1558000 11
1559000 11
1560000 11
1561000 11
1562000 11
1563000 11
1564000 11
1565000 11
1566000 11
1567000 11
1568000 11
1569000 11
1570000 11
1571000 11
1572000 11
1573000 11
1574000 11
1575000 11
1576000 11
1577000 11
1578000 11
1579000 11
1580000 11
1581000 11
1582000 11
1583000 11
1584000 11
1585000 11
1586000 11
1587000 11
1588000 11
1589000 11
1590000 11
1591000 11
1592000 11
1593000 11
1594000 11
1595000 11
1596000 11
1597000 11
1598000 11
1599000 11
1600000 11
1601000 11
1602000 11
1603000 11
1604000 11
1605000 11
1606000 11
1607000 11
1608000 11
1609000 11
1610000 11
1611000 11
1612000 11
1613000 11
1614000 11
1615000 11
1616000 11
1617000 11
1618000 11
1619000 11
1620000 11
1621000 11
1622000 11
1623000 11
1624000 11
1625000 11
1626000 11
1627000 11
1628000 11
1629000 11
1630000 11
1631000 11
1632000 11
1633000 11
1634000 11
1635000 11
1636000 11
1637000 11
1638000 11
1639000 11
1640000 11
1641000 11
1642000 11
1643000 11
1644000 11
1645000 11
1646000 11
1647000 11
1648000 11
1649000 11
1650000 11
1651000 11
1652000 11
1653000 11
1654000 11
1655000 11
1656000 11
1657000 11
1658000 11
1659000 11
1660000 11
1661000 11
1662000 11
1663000 11
1664000 11
1665000 11
1666000 11
1667000 11
1668000 11
1669000 11
1670000 11
1671000 11
1672000 11
1673000 11
1674000 11
1675000 11
1676000 11
1677000 11
1678000 11
1679000 11
1680000 11
1681000 11
1682000 11
1683000 11
1684000 11
1685000 11
1686000 11
1687000 11
1688000 11
1689000 11
1690000 11
1691000 11
1692000 11
1693000 11
1694000 11
1695000 11
1696000 11
1697000 11
1698000 11
1699000 11
1700000 11
1701000 11
1702000 11
1703000 11
1704000 11
1705000 11
1706000 11
1707000 11
1708000 11
1709000 11
1710000 11
1711000 11
1712000 11
1713000 11
1714000 11
1715000 11
1716000 11
1717000 11
1718000 11
1719000 11
1720000 11
1721000 11
1722000 11
1723000 11
1724000 11
1725000 11
1726000 11
1727000 11
1728000 11
1729000 11
1730000 11
1731000 11
1732000 11
1733000 11
1734000 11
1735000 11
1736000 11
1737000 11
1738000 11
1739000 11
1740000 11
1741000 11
1742000 11
1743000 11
1744000 11
1745000 11
1746000 11
1747000 11
1748000 11
1749000 11
1750000 11
1751000 11
1752000 11
1753000 11
1754000 11
1755000 11
1756000 11
1757000 11
1758000 11
1759000 11
1760000 11
1761000 11
1762000 11
1763000 11
1764000 11
1765000 11
1766000 11
1767000 11
1768000 11
1769000 11
1770000 11
1771000 11
1772000 11
1773000 11
1774000 11
1775000 11
1776000 11
1777000 11
1778000 11
1779000 11
1780000 11
1781000 11
1782000 11
1783000 11
1784000 11
1785000 11
1786000 11
1787000 11
1788000 11
1789000 11
1790000 11
1791000 11
1792000 11
1793000 11
1794000 11
1795000 11
1796000 11
1797000 11
1798000 11
1799000 11
1800000 11
1801000 11
1802000 11
1803000 11
1804000 11
1805000 11
1806000 11
1807000 11
1808000 11
1809000 11
1810000 11
1811000 11
1812000 11
1813000 11
1814000 11
1815000 11
1816000 11
1817000 11
1818000 11
1819000 11
1820000 11
1821000 11
1822000 11
1823000 11
1824000 11
1825000 11
1826000 11
1827000 11
1828000 11
1829000 11
1830000 11
1831000 11
1832000 11
1833000 11
1834000 11
1835000 11
1836000 11
1837000 11
1838000 11
1839000 11
1840000 11
1841000 11
1842000 11
1843000 11
1844000 11
1845000 11
1846000 11
1847000 11
1848000 11
1849000 11
1850000 11
1851000 11
1852000 11
1853000 11
1854000 11
1855000 11
1856000 11
1857000 11
1858000 11
1859000 11
1860000 11
1861000 11
1862000 11
1863000 11
1864000 11
1865000 11
1866000 11
1867000 11
1868000 11
1869000 11
1870000 11
1871000 11
1872000 11
1873000 11
1874000 11
1875000 11
1876000 11
1877000 11
1878000 11
1879000 11
1880000 11
1881000 11
1882000 11
1883000 11
1884000 11
1885000 11
1886000 11
1887000 11
1888000 11
1889000 11
1890000 11
1891000 11
1892000 11
1893000 11
1894000 11
1895000 11
1896000 11
1897000 11
1898000 11
1899000 11
1900000 11
1901000 11
1902000 11
1903000 11
1904000 11
1905000 11
1906000 11
1907000 11
1908000 11
1909000 11
1910000 11
1911000 11
1912000 11
1913000 11
1914000 11
1915000 11
1916000 11
1917000 11
1918000 11
1919000 11
1920000 11
1921000 11
1922000 11
1923000 11
1924000 11
1925000 11
1926000 11
1927000 11
1928000 11
1929000 11
1930000 11
1931000 11
1932000 11
1933000 11
1934000 11
1935000 11
1936000 11
1937000 11
1938000 11
1939000 11
1940000 11
1941000 11
1942000 11
1943000 11
1944000 11
1945000 11
1946000 11
1947000 11
1948000 11
1949000 11
1950000 11
1951000 11
1952000 11
1953000 11
1954000 11
1955000 11
1956000 11
1957000 11
1958000 11
1959000 11
1960000 11
1961000 11
1962000 11
1963000 11
1964000 11
1965000 11
1966000 11
1967000 11
1968000 11
1969000 11
1970000 11
1971000 11
1972000 11
1973000 11
1974000 11
1975000 11
1976000 11
1977000 11
1978000 11
1979000 11
1980000 11
1981000 11
1982000 11
1983000 11
1984000 11
1985000 11
1986000 11
1987000 11
1988000 11
1989000 11
1990000 11
1991000 11
1992000 11
1993000 11
1994000 11
1995000 11
1996000 11
1997000 11
1998000 11
1999000 11
2000000 11
2001000 11
2002000 11
2003000 11
2004000 11
2005000 11
2006000 11
2007000 11
2008000 11
2009000 11
2010000 11
2011000 11
2012000 11
2013000 11
2014000 11
2015000 11
2016000 11
2017000 11
2018000 11
2019000 11
2020000 11
2021000 11
2022000 11
2023000 11
2024000 11
2025000 11
2026000 11
2027000 11
2028000 11
2029000 11
2030000 11
2031000 11
2032000 11
2033000 11
2034000 11
2035000 11
2036000 11
2037000 11
2038000 11
2039000 11
2040000 11
2041000 11
2042000 11
2043000 11
2044000 11
2045000 11
2046000 11
2047000 11
2048000 11
2049000 11
2050000 11
2051000 11
2052000 11
2053000 11
2054000 11
2055000 11
2056000 11
2057000 11
2058000 11
2059000 11
2060000 11
2061000 11
2062000 11
2063000 11
2064000 11
2065000 11
2066000 11
2067000 11
2068000 11
2069000 11
2070000 11
2071000 11
2072000 11
2073000 11
2074000 11
2075000 11
2076000 11
2077000 11
2078000 11
2079000 11
2080000 11
2081000 11
2082000 11
2083000 11
2084000 11
2085000 11
2086000 11
2087000 11
2088000 11
2089000 11
2090000 11
2091000 11
2092000 11
2093000 11
2094000 11
2095000 11
2096000 11
2097000 11
2098000 11
2099000 11
2100000 11
2101000 11
2102000 11
2103000 11
2104000 11
2105000 11
2106000 11
2107000 11
2108000 11
2109000 11
2110000 11
2111000 11
2112000 11
2113000 11
2114000 11
2115000 11
2116000 11
2117000 11
2118000 11
2119000 11
2120000 11
2121000 11
2122000 11
2123000 11
2124000 11
2125000 11
2126000 11
2127000 11
2128000 11
2129000 11
2130000 11
2131000 11
2132000 11
2133000 11
2134000 11
2135000 11
2136000 11
2137000 12
2138000 12
2139000 12
2140000 12
2141000 12
2142000 12
2143000 12
2144000 12
2145000 12
2146000 12
2147000 12
2148000 12
2149000 12
2150000 12
2151000 12
2152000 12
2153000 12
2154000 12
2155000 12
2156000 12
2157000 12
2158000 12
2159000 12
2160000 12
2161000 12
2162000 12
2163000 12
2164000 12
2165000 12
2166000 12
2167000 12
2168000 12
2169000 12
2170000 12
2171000 12
2172000 12
2173000 12
2174000 12
2175000 12
2176000 12
2177000 12
2178000 12
2179000 12
2180000 12
2181000 12
2182000 12
2183000 12
2184000 12
2185000 12
2186000 12
2187000 12
2188000 12
2189000 12
2190000 12
2191000 12
2192000 12
2193000 12
2194000 12
2195000 12
2196000 12
2197000 12
2198000 12
2199000 12
2200000 12
2201000 12
2202000 12
2203000 12
2204000 12
2205000 12
2206000 12
2207000 12
2208000 12
2209000 12
2210000 12
2211000 12
2212000 12
2213000 12
2214000 12
2215000 12
2216000 12
2217000 12
2218000 12
2219000 12
2220000 12
2221000 12
2222000 12
2223000 12
2224000 12
2225000 12
2226000 12
2227000 12
2228000 12
2229000 12
2230000 12
2231000 12
2232000 12
2233000 12
2234000 12
2235000 12
2236000 12
2237000 12
2238000 12
2239000 12
2240000 12
2241000 12
2242000 12
2243000 12
2244000 12
2245000 12
2246000 12
2247000 12
2248000 12
2249000 12
2250000 12
2251000 12
2252000 12
2253000 12
2254000 12
2255000 12
2256000 12
2257000 12
2258000 12
2259000 12
2260000 12
2261000 12
2262000 12
2263000 12
2264000 12
2265000 12
2266000 12
2267000 12
2268000 12
2269000 12
2270000 12
2271000 12
2272000 12
2273000 12
2274000 12
2275000 12
2276000 12
2277000 12
2278000 12
2279000 12
2280000 12
2281000 12
2282000 12
2283000 12
2284000 12
2285000 12
2286000 12
2287000 12
2288000 12
2289000 12
2290000 12
2291000 12
2292000 12
2293000 12
2294000 12
2295000 12
2296000 12
2297000 12
2298000 12
2299000 13
2300000 13
2301000 13
2302000 13
2303000 13
2304000 13
2305000 13
2306000 13
2307000 13
2308000 13
2309000 13
2310000 14
2311000 14
2312000 14
2313000 14
2314000 14
2315000 14
2316000 14
2317000 14
2318000 14
2319000 14
2320000 14
2321000 14
2322000 14
2323000 14
2324000 14
2325000 14
2326000 14
2327000 14
2328000 14
2329000 14
2330000 14
2331000 14
2332000 14
2333000 14
2334000 14
2335000 14
2336000 14
2337000 14
2338000 14
2339000 14
2340000 14
2341000 14
2342000 14
2343000 14
2344000 14
2345000 14
2346000 14
2347000 14
2348000 14
2349000 14
2350000 14
2351000 14
2352000 14
2353000 14
2354000 14
2355000 14
2356000 14
2357000 14
2358000 14
2359000 14
2360000 14
2361000 14
2362000 14
2363000 14
2364000 14
2365000 14
2366000 14
2367000 14
2368000 14
2369000 14
2370000 14
2371000 14
2372000 14
2373000 14
2374000 14
2375000 14
2376000 14
2377000 14
2378000 14
2379000 14
2380000 14
2381000 14
2382000 14
2383000 14
2384000 14
2385000 14
2386000 14
2387000 14
2388000 14
2389000 14
2390000 14
2391000 14
2392000 14
2393000 14
2394000 14
2395000 14
2396000 14
2397000 14
2398000 14
2399000 14
2400000 14
2401000 14
2402000 14
2403000 14
2404000 14
2405000 14
2406000 14
2407000 14
2408000 14
2409000 14
2410000 14
2411000 14
2412000 14
2413000 14
2414000 14
2415000 14
2416000 14
2417000 14
2418000 14
2419000 14
2420000 15
2421000 15
2422000 15
2423000 15
2424000 15
2425000 15
2426000 15
2427000 15
2428000 15
2429000 15
2430000 15
2431000 15
2432000 15
2433000 15
2434000 15
2435000 15
2436000 15
2437000 15
2438000 15
2439000 15
2440000 15
2441000 15
2442000 15
2443000 15
2444000 15
2445000 15
2446000 15
2447000 15
2448000 15
2449000 15
2450000 15
2451000 15
2452000 15
2453000 15
2454000 15
2455000 15
2456000 15
2457000 15
2458000 15
2459000 15
2460000 15
2461000 15
2462000 15
2463000 15
2464000 15
2465000 15
2466000 15
2467000 15
2468000 15
2469000 15
2470000 15
2471000 15
2472000 15
2473000 15
2474000 15
2475000 15
2476000 15
2477000 15
2478000 15
2479000 15
2480000 15
2481000 15
2482000 15
2483000 15
2484000 15
2485000 15
2486000 15
2487000 15
2488000 15
2489000 15
2490000 15
2491000 15
2492000 15
2493000 15
2494000 15
2495000 15
2496000 15
2497000 15
2498000 15
2499000 15
2500000 15
2501000 15
2502000 15
2503000 15
2504000 15
2505000 15
2506000 15
2507000 15
2508000 15
2509000 15
2510000 15
2511000 15
2512000 15
2513000 15
2514000 15
2515000 15
2516000 15
2517000 15
2518000 15
2519000 15
2520000 15
2521000 15
2522000 15
2523000 15
2524000 15
2525000 15
2526000 15
2527000 15
2528000 15
2529000 15
2530000 15
2531000 15
2532000 15
2533000 15
2534000 15
2535000 15
2536000 15
2537000 15
2538000 15
2539000 15
2540000 15
2541000 15
2542000 15
2543000 15
2544000 15
2545000 15
2546000 15
2547000 15
2548000 15
2549000 15
2550000 15
2551000 15
2552000 15
2553000 15
2554000 15
2555000 15
2556000 15
2557000 15
2558000 15
2559000 15
2560000 15
2561000 15
2562000 15
2563000 15
2564000 15
2565000 15
2566000 15
2567000 15
2568000 15
2569000 15
2570000 15
2571000 15
2572000 15
2573000 15
2574000 15
2575000 15
2576000 15
2577000 15
2578000 15
2579000 15
2580000 15
2581000 15
2582000 15
2583000 15
2584000 15
2585000 15
2586000 15
2587000 15
2588000 15
2589000 15
2590000 15
2591000 15
2592000 15
2593000 15
2594000 15
2595000 15
2596000 15
2597000 15
2598000 15
2599000 15
2600000 15
2601000 15
2602000 15
2603000 15
2604000 15
2605000 15
2606000 15
2607000 15
2608000 15
2609000 15
2610000 15
2611000 15
2612000 15
2613000 15
2614000 15
2615000 15
2616000 15
2617000 15
2618000 15
2619000 15
2620000 15
2621000 15
2622000 15
2623000 15
2624000 15
2625000 15
2626000 15
2627000 15
2628000 15
2629000 15
2630000 15
2631000 15
2632000 15
2633000 15
2634000 15
2635000 15
2636000 15
2637000 15
2638000 15
2639000 15
2640000 15
2641000 15
2642000 15
2643000 15
2644000 15
2645000 15
2646000 15
2647000 15
2648000 15
2649000 15
2650000 15
2651000 15
2652000 15
2653000 15
2654000 15
2655000 15
2656000 15
2657000 15
2658000 15
2659000 15
2660000 15
2661000 15
2662000 15
2663000 15
2664000 15
2665000 15
2666000 15
2667000 15
2668000 15
2669000 15
2670000 15
2671000 15
2672000 15
2673000 15
2674000 15
2675000 15
2676000 15
2677000 15
2678000 15
2679000 15
2680000 15
2681000 15
2682000 15
2683000 15
2684000 15
2685000 15
2686000 15
2687000 15
2688000 15
2689000 15
2690000 15
2691000 15
2692000 15
2693000 15
2694000 15
2695000 15
2696000 15
2697000 15
2698000 15
2699000 15
2700000 15
2701000 15
2702000 15
2703000 15
2704000 15
2705000 15
2706000 15
2707000 15
2708000 15
2709000 15
2710000 15
2711000 15
2712000 15
2713000 15
2714000 15
2715000 15
2716000 15
2717000 15
2718000 15
2719000 15
2720000 15
2721000 15
2722000 15
2723000 15
2724000 15
2725000 15
2726000 15
2727000 15
2728000 15
2729000 15
2730000 15
2731000 15
2732000 15
2733000 15
2734000 15
2735000 15
2736000 15
2737000 15
2738000 15
2739000 15
2740000 15
2741000 15
2742000 15
2743000 15
2744000 15
2745000 15
2746000 15
2747000 15
2748000 15
2749000 15
2750000 15
2751000 15
2752000 15
2753000 15
2754000 15
2755000 15
2756000 15
2757000 15
2758000 15
2759000 15
2760000 15
2761000 15
2762000 15
2763000 15
2764000 15
2765000 15
2766000 15
2767000 15
2768000 15
2769000 15
2770000 15
2771000 15
2772000 15
2773000 15
2774000 15
2775000 15
2776000 15
2777000 15
2778000 15
2779000 15
2780000 15
2781000 15
2782000 15
2783000 15
2784000 15
2785000 15
2786000 15
2787000 15
2788000 15
2789000 15
2790000 15
2791000 15
2792000 15
2793000 15
2794000 15
2795000 15
2796000 15
2797000 15
2798000 15
2799000 15
2800000 15
2801000 15
2802000 15
2803000 15
2804000 15
2805000 15
2806000 15
2807000 15
2808000 15
2809000 15
2810000 15
2811000 15
2812000 15
2813000 15
2814000 15
2815000 15
2816000 15
2817000 15
2818000 15
2819000 15
2820000 15
2821000 15
2822000 15
2823000 15
2824000 15
2825000 15
2826000 15
2827000 15
2828000 15
2829000 15
2830000 15
2831000 15
2832000 15
2833000 15
2834000 15
2835000 15
2836000 15
2837000 15
2838000 15
2839000 15
2840000 15
2841000 15
2842000 15
2843000 15
2844000 15
2845000 15
2846000 15
2847000 15
2848000 15
2849000 15
2850000 15
2851000 15
2852000 15
2853000 15
2854000 15
2855000 15
2856000 15
2857000 15
2858000 15
2859000 15
2860000 15
2861000 15
2862000 15
2863000 15
2864000 15
2865000 15
2866000 15
2867000 15
2868000 15
2869000 15
2870000 15
2871000 15
2872000 15
2873000 15
2874000 15
2875000 15
2876000 15
2877000 15
2878000 15
2879000 15
2880000 15
2881000 15
2882000 15
2883000 15
2884000 15
2885000 15
2886000 15
2887000 15
2888000 15
2889000 15
2890000 15
2891000 15
2892000 15
2893000 15
2894000 15
2895000 15
2896000 15
2897000 15
2898000 15
2899000 15
2900000 15
2901000 15
2902000 15
2903000 15
2904000 15
2905000 15
2906000 15
2907000 15
2908000 15
2909000 15
2910000 15
2911000 15
2912000 15
2913000 15
2914000 15
2915000 15
2916000 15
2917000 15
2918000 15
2919000 15
2920000 15
2921000 15
2922000 15
2923000 15
2924000 15
2925000 15
2926000 15
2927000 15
2928000 15
2929000 15
2930000 15
2931000 15
2932000 15
2933000 15
2934000 15
2935000 15
2936000 15
2937000 15
2938000 15
2939000 15
2940000 15
2941000 15
2942000 15
2943000 15
2944000 15
2945000 15
2946000 15
2947000 15
2948000 15
2949000 15
2950000 15
2951000 15
2952000 15
2953000 15
2954000 15
2955000 15
2956000 15
2957000 15
2958000 15
2959000 15
2960000 15
2961000 15
2962000 15
2963000 15
2964000 15
2965000 15
2966000 15
2967000 15
2968000 15
2969000 15
2970000 15
2971000 15
2972000 15
2973000 15
2974000 15
2975000 15
2976000 15
2977000 15
2978000 15
2979000 15
2980000 15
2981000 15
2982000 15
2983000 15
2984000 15
2985000 15
2986000 15
2987000 15
2988000 15
2989000 15
2990000 15
2991000 15
2992000 15
2993000 15
2994000 15
2995000 15
2996000 15
2997000 15
2998000 15
2999000 15
3000000 15
3001000 15
3002000 15
3003000 15
3004000 15
3005000 15
3006000 15
3007000 15
3008000 15
3009000 15
3010000 15
3011000 15
3012000 15
3013000 15
3014000 15
3015000 15
3016000 15
3017000 15
3018000 15
3019000 15
3020000 15
3021000 15
3022000 15
3023000 15
3024000 15
3025000 15
3026000 15
3027000 15
3028000 15
3029000 15
3030000 15
3031000 15
3032000 16
3033000 16
3034000 16
3035000 16
3036000 16
3037000 16
3038000 16
3039000 16
3040000 16
3041000 16
3042000 16
3043000 16
3044000 16
3045000 16
3046000 16
3047000 16
3048000 16
3049000 16
3050000 16
3051000 16
3052000 16
3053000 16
3054000 16
3055000 16
3056000 16
3057000 16
3058000 16
3059000 16
3060000 16
3061000 16
3062000 16
3063000 16
3064000 16
3065000 16
3066000 16
3067000 16
3068000 16
3069000 16
3070000 16
3071000 16
3072000 16
3073000 16
3074000 16
3075000 16
3076000 16
3077000 16
3078000 16
3079000 16
3080000 16
3081000 16
3082000 16
3083000 16
3084000 16
3085000 16
3086000 16
3087000 16
3088000 16
3089000 16
3090000 16
3091000 17
3092000 17
3093000 17
3094000 17
3095000 17
3096000 17
3097000 17
3098000 17
3099000 17
3100000 17
3101000 17
3102000 17
3103000 17
3104000 17
3105000 17
3106000 17
3107000 17
3108000 17
3109000 17
3110000 17
3111000 17
3112000 17
3113000 17
3114000 17
3115000 17
3116000 17
3117000 17
3118000 17
3119000 17
3120000 17
3121000 17
3122000 17
3123000 17
3124000 17
3125000 17
3126000 17
3127000 17
3128000 17
3129000 17
3130000 17
3131000 17
3132000 17
3133000 17
3134000 17
3135000 17
3136000 17
3137000 17
3138000 17
3139000 17
3140000 17
3141000 17
3142000 17
3143000 17
3144000 17
3145000 17
3146000 17
3147000 17
3148000 17
3149000 17
3150000 17
3151000 17
3152000 17
3153000 17
3154000 17
3155000 17
3156000 17
3157000 17
3158000 17
3159000 17
3160000 17
3161000 17
3162000 17
3163000 17
3164000 17
3165000 17
3166000 17
3167000 17
3168000 17
3169000 17
3170000 17
3171000 17
3172000 17
3173000 17
3174000 17
3175000 17
3176000 17
3177000 17
3178000 17
3179000 17
3180000 17
3181000 17
3182000 17
3183000 17
3184000 17
3185000 17
3186000 17
3187000 17
3188000 17
3189000 17
3190000 17
3191000 17
3192000 17
3193000 17
3194000 17
3195000 17
3196000 17
3197000 17
3198000 17
3199000 17
3200000 17
3201000 17
3202000 17
3203000 17
3204000 17
3205000 17
3206000 17
3207000 17
3208000 17
3209000 17
3210000 17
3211000 17
3212000 17
3213000 17
3214000 17
3215000 17
3216000 17
3217000 17
3218000 17
3219000 17
3220000 17
3221000 17
3222000 17
3223000 17
3224000 17
3225000 17
3226000 17
3227000 17
3228000 17
3229000 17
3230000 17
3231000 17
3232000 17
3233000 17
3234000 17
3235000 17
3236000 17
3237000 17
3238000 17
3239000 17
3240000 17
3241000 17
3242000 17
3243000 17
3244000 17
3245000 17
3246000 17
3247000 17
3248000 17
3249000 17
3250000 17
3251000 17
3252000 17
3253000 17
3254000 17
3255000 17
3256000 17
3257000 17
3258000 17
3259000 17
3260000 17
3261000 17
3262000 17
3263000 17
3264000 17
3265000 17
3266000 17
3267000 17
3268000 17
3269000 17
3270000 17
3271000 17
3272000 17
3273000 17
3274000 17
3275000 17
3276000 17
3277000 17
3278000 17
3279000 17
3280000 17
3281000 17
3282000 17
3283000 17
3284000 17
3285000 17
3286000 17
3287000 17
3288000 17
3289000 17
3290000 17
3291000 17
3292000 17
3293000 17
3294000 17
3295000 17
3296000 17
3297000 17
3298000 17
3299000 17
3300000 17
3301000 17
3302000 17
3303000 17
3304000 17
3305000 17
3306000 17
3307000 17
3308000 17
3309000 17
3310000 17
3311000 17
3312000 17
3313000 17
3314000 17
3315000 17
3316000 17
3317000 17
3318000 17
3319000 17
3320000 17
3321000 17
3322000 17
3323000 17
3324000 17
3325000 17
3326000 17
3327000 17
3328000 17
3329000 17
3330000 17
3331000 17
3332000 17
3333000 17
3334000 17
3335000 17
3336000 17
3337000 17
3338000 17
3339000 17
3340000 17
3341000 17
3342000 17
3343000 17
3344000 17
3345000 17
3346000 17
3347000 17
3348000 17
3349000 17
3350000 17
3351000 17
3352000 17
3353000 17
3354000 17
3355000 17
3356000 17
3357000 17
3358000 17
3359000 17
3360000 17
3361000 17
3362000 17
3363000 17
3364000 17
3365000 17
3366000 17
3367000 17
3368000 17
3369000 17
3370000 17
3371000 17
3372000 17
3373000 17
3374000 17
3375000 17
3376000 17
3377000 17
3378000 17
3379000 17
3380000 17
3381000 17
3382000 17
3383000 17
3384000 17
3385000 17
3386000 17
3387000 17
3388000 17
3389000 17
3390000 17
3391000 17
3392000 17
3393000 17
3394000 17
3395000 17
3396000 17
3397000 17
3398000 17
3399000 17
3400000 17
3401000 17
3402000 17
3403000 17
3404000 17
3405000 17
3406000 17
3407000 17
3408000 17
3409000 17
3410000 17
3411000 17
3412000 17
3413000 17
3414000 17
3415000 17
3416000 17
3417000 17
3418000 17
3419000 17
3420000 17
3421000 17
3422000 17
3423000 17
3424000 17
3425000 17
3426000 17
3427000 17
3428000 17
3429000 17
3430000 17
3431000 17
3432000 17
3433000 17
3434000 17
3435000 17
3436000 17
3437000 17
3438000 17
3439000 17
3440000 17
3441000 17
3442000 17
3443000 17
3444000 17
3445000 17
3446000 17
3447000 17
3448000 17
3449000 18
3450000 18
3451000 18
3452000 18
3453000 18
3454000 18
3455000 18
3456000 18
3457000 18
3458000 18
3459000 18
3460000 18
3461000 18
3462000 18
3463000 18
3464000 18
3465000 18
3466000 18
3467000 18
3468000 18
3469000 18
3470000 18
3471000 18
3472000 18
3473000 18
3474000 18
3475000 18
3476000 18
3477000 18
3478000 18
3479000 18
3480000 18
3481000 18
3482000 18
3483000 18
3484000 18
3485000 18
3486000 18
3487000 18
3488000 18
3489000 18
3490000 18
3491000 18
3492000 18
3493000 18
3494000 18
3495000 18
3496000 18
3497000 18
3498000 18
3499000 18
3500000 18
3501000 18
3502000 18
3503000 18
3504000 18
3505000 18
3506000 18
3507000 18
3508000 18
3509000 18
3510000 18
3511000 18
3512000 18
3513000 18
3514000 18
3515000 18
3516000 18
3517000 18
3518000 18
3519000 18
3520000 18
3521000 18
3522000 18
3523000 18
3524000 18
3525000 18
3526000 18
3527000 18
3528000 18
3529000 18
3530000 18
3531000 18
3532000 18
3533000 18
3534000 18
3535000 18
3536000 18
3537000 18
3538000 18
3539000 18
3540000 18
3541000 18
3542000 18
3543000 18
3544000 18
3545000 18
3546000 18
3547000 18
3548000 18
3549000 18
3550000 18
3551000 18
3552000 18
3553000 18
3554000 18
3555000 18
3556000 18
3557000 18
3558000 19
3559000 19
3560000 19
3561000 19
3562000 19
3563000 19
3564000 19
3565000 19
3566000 19
3567000 19
3568000 19
3569000 19
3570000 19
3571000 19
3572000 19
3573000 19
3574000 19
3575000 19
3576000 19
3577000 19
3578000 19
3579000 19
3580000 19
3581000 19
3582000 19
3583000 19
3584000 19
3585000 19
3586000 19
3587000 19
3588000 19
3589000 19
3590000 19
3591000 19
3592000 19
3593000 19
3594000 19
3595000 19
3596000 19
3597000 19
3598000 19
3599000 19
3600000 19
3601000 19
3602000 19
3603000 19
3604000 19
3605000 19
3606000 19
3607000 19
3608000 19
3609000 19
3610000 19
3611000 19
3612000 19
3613000 19
3614000 19
3615000 19
3616000 19
3617000 19
3618000 19
3619000 20
3620000 20
3621000 20
3622000 20
3623000 20
3624000 20
3625000 20
3626000 20
3627000 20
3628000 20
3629000 20
3630000 20
3631000 20
3632000 20
3633000 20
3634000 20
3635000 20
3636000 20
3637000 20
3638000 20
3639000 20
3640000 20
3641000 20
3642000 20
3643000 20
3644000 20
3645000 20
3646000 20
3647000 20
3648000 20
3649000 20
3650000 20
3651000 20
3652000 20
3653000 20
3654000 20
3655000 20
3656000 20
3657000 20
3658000 20
3659000 20
3660000 20
3661000 20
3662000 20
3663000 20
3664000 20
3665000 20
3666000 20
3667000 20
3668000 20
3669000 20
3670000 20
3671000 20
3672000 20
3673000 20
3674000 20
3675000 20
3676000 20
3677000 20
3678000 20
3679000 20
3680000 20
3681000 20
3682000 20
3683000 20
3684000 20
3685000 20
3686000 20
3687000 20
3688000 20
3689000 20
3690000 20
3691000 20
3692000 20
3693000 20
3694000 20
3695000 20
3696000 20
3697000 20
3698000 20
3699000 20
3700000 20
3701000 20
3702000 20
3703000 20
3704000 20
3705000 20
3706000 20
3707000 20
3708000 20
3709000 20
3710000 20
3711000 20
3712000 20
3713000 20
3714000 20
3715000 20
3716000 20
3717000 20
3718000 20
3719000 20
3720000 20
3721000 20
3722000 20
3723000 20
3724000 20
3725000 20
3726000 20
3727000 20
3728000 20
3729000 20
3730000 20
3731000 20
3732000 20
3733000 20
3734000 20
3735000 20
3736000 20
3737000 20
3738000 20
3739000 20
3740000 20
3741000 20
3742000 20
3743000 20
3744000 20
3745000 20
3746000 20
3747000 20
3748000 20
3749000 20
3750000 20
3751000 20
3752000 20
3753000 20
3754000 20
3755000 20
3756000 20
3757000 20
3758000 20
3759000 20
3760000 20
3761000 20
3762000 20
3763000 20
3764000 20
3765000 20
3766000 20
3767000 20
3768000 20
3769000 20
3770000 20
3771000 20
3772000 20
3773000 20
3774000 20
3775000 20
3776000 20
3777000 20
3778000 20
3779000 20
3780000 20
3781000 20
3782000 20
3783000 20
3784000 20
3785000 20
3786000 20
3787000 20
3788000 20
3789000 20
3790000 20
3791000 20
3792000 20
3793000 20
3794000 20
3795000 20
3796000 20
3797000 20
3798000 20
3799000 20
3800000 20
3801000 20
3802000 20
3803000 20
3804000 20
3805000 20
3806000 20
3807000 20
3808000 20
3809000 20
3810000 20
3811000 20
3812000 20
3813000 20
3814000 20
3815000 20
3816000 20
3817000 20
3818000 20
3819000 20
3820000 20
3821000 20
3822000 20
3823000 20
3824000 20
3825000 20
3826000 20
3827000 20
3828000 20
3829000 20
3830000 21
3831000 21
3832000 21
3833000 21
3834000 21
3835000 21
3836000 21
3837000 21
3838000 21
3839000 21
3840000 21
3841000 21
3842000 21
3843000 21
3844000 21
3845000 21
3846000 21
3847000 21
3848000 21
3849000 21
3850000 21
3851000 21
3852000 21
3853000 21
3854000 21
3855000 21
3856000 21
3857000 21
3858000 21
3859000 21
3860000 21
3861000 21
3862000 21
3863000 21
3864000 21
3865000 21
3866000 21
3867000 21
3868000 21
3869000 21
3870000 21
3871000 21
3872000 21
3873000 21
3874000 21
3875000 21
3876000 21
3877000 21
3878000 21
3879000 21
3880000 21
3881000 21
3882000 21
3883000 21
3884000 21
3885000 21
3886000 21
3887000 21
3888000 21
3889000 21
3890000 21
3891000 21
3892000 21
3893000 21
3894000 21
3895000 21
3896000 21
3897000 21
3898000 21
3899000 21
3900000 21
3901000 21
3902000 21
3903000 21
3904000 21
3905000 21
3906000 21
3907000 21
3908000 21
3909000 21
3910000 21
3911000 21
3912000 21
3913000 21
3914000 21
3915000 21
3916000 21
3917000 21
3918000 21
3919000 21
3920000 21
3921000 21
3922000 21
3923000 21
3924000 21
3925000 21
3926000 21
3927000 21
3928000 21
3929000 21
3930000 21
3931000 21
3932000 21
3933000 21
3934000 21
3935000 21
3936000 21
3937000 21
3938000 21
3939000 21
3940000 21
3941000 21
3942000 21
3943000 21
3944000 21
3945000 21
3946000 21
3947000 21
3948000 21
3949000 21
3950000 21
3951000 21
3952000 21
3953000 21
3954000 21
3955000 21
3956000 21
3957000 21
3958000 21
3959000 21
3960000 21
3961000 21
3962000 21
3963000 21
3964000 21
3965000 21
3966000 21
3967000 21
3968000 21
3969000 21
3970000 21
3971000 21
3972000 21
3973000 21
3974000 21
3975000 21
3976000 21
3977000 21
3978000 21
3979000 21
3980000 21
3981000 21
3982000 21
3983000 21
3984000 21
3985000 21
3986000 21
3987000 21
3988000 21
3989000 21
3990000 21
3991000 21
3992000 21
3993000 21
3994000 21
3995000 21
3996000 21
3997000 21
3998000 21
3999000 21
4000000 21
4001000 21
4002000 21
4003000 21
4004000 21
4005000 21
4006000 21
4007000 21
4008000 21
4009000 21
4010000 21
4011000 21
4012000 21
4013000 21
4014000 21
4015000 21
4016000 21
4017000 21
4018000 21
4019000 21
4020000 21
4021000 21
4022000 21
4023000 21
4024000 21
4025000 21
4026000 21
4027000 21
4028000 21
4029000 21
4030000 21
4031000 21
4032000 21
4033000 21
4034000 21
4035000 21
4036000 21
4037000 21
4038000 21
4039000 21
4040000 21
4041000 21
4042000 21
4043000 21
4044000 21
4045000 21
4046000 21
4047000 21
4048000 21
4049000 21
4050000 21
4051000 21
4052000 21
4053000 21
4054000 21
4055000 21
4056000 21
4057000 21
4058000 21
4059000 21
4060000 21
4061000 21
4062000 21
4063000 21
4064000 21
4065000 21
4066000 21
4067000 21
4068000 21
4069000 21
4070000 21
4071000 21
4072000 21
4073000 21
4074000 21
4075000 21
4076000 21
4077000 21
4078000 21
4079000 21
4080000 21
4081000 21
4082000 21
4083000 21
4084000 21
4085000 21
4086000 21
4087000 21
4088000 21
4089000 21
4090000 21
4091000 21
4092000 21
4093000 21
4094000 21
4095000 21
4096000 21
4097000 21
4098000 21
4099000 21
4100000 21
4101000 21
4102000 21
4103000 21
4104000 21
4105000 21
4106000 21
4107000 21
4108000 21
4109000 21
4110000 21
4111000 21
4112000 21
4113000 21
4114000 21
4115000 21
4116000 21
4117000 21
4118000 21
4119000 21
4120000 21
4121000 21
4122000 21
4123000 21
4124000 21
4125000 21
4126000 21
4127000 21
4128000 21
4129000 21
4130000 21
4131000 21
4132000 21
4133000 21
4134000 21
4135000 21
4136000 21
4137000 21
4138000 21
4139000 21
4140000 21
4141000 21
4142000 21
4143000 21
4144000 21
4145000 21
4146000 21
4147000 21
4148000 21
4149000 21
4150000 21
4151000 21
4152000 21
4153000 21
4154000 21
4155000 21
4156000 21
4157000 21
4158000 21
4159000 21
4160000 21
4161000 21
4162000 21
4163000 21
4164000 21
4165000 21
4166000 21
4167000 21
4168000 21
4169000 21
4170000 21
4171000 21
4172000 21
4173000 21
4174000 21
4175000 21
4176000 21
4177000 21
4178000 21
4179000 21
4180000 21
4181000 21
4182000 21
4183000 21
4184000 21
4185000 21
4186000 21
4187000 21
4188000 21
4189000 21
4190000 21
4191000 21
4192000 21
4193000 21
4194000 21
4195000 21
4196000 21
4197000 21
4198000 21
4199000 21
4200000 21
4201000 21
4202000 21
4203000 21
4204000 21
4205000 21
4206000 21
4207000 21
4208000 21
4209000 21
4210000 21
4211000 21
4212000 21
4213000 21
4214000 21
4215000 21
4216000 21
4217000 21
4218000 21
4219000 21
4220000 21
4221000 21
4222000 21
4223000 21
4224000 21
4225000 21
4226000 21
4227000 21
4228000 21
4229000 21
4230000 21
4231000 21
4232000 21
4233000 21
4234000 21
4235000 21
4236000 21
4237000 21
4238000 21
4239000 21
4240000 21
4241000 21
4242000 21
4243000 21
4244000 22
4245000 22
4246000 22
4247000 22
4248000 22
4249000 22
4250000 22
4251000 22
4252000 22
4253000 22
4254000 22
4255000 22
4256000 22
4257000 22
4258000 22
4259000 22
4260000 22
4261000 22
4262000 22
4263000 22
4264000 22
4265000 22
4266000 22
4267000 22
4268000 22
4269000 22
4270000 22
4271000 22
4272000 22
4273000 22
4274000 22
4275000 22
4276000 22
4277000 22
4278000 22
4279000 22
4280000 22
4281000 22
4282000 22
4283000 22
4284000 22
4285000 22
4286000 22
4287000 22
4288000 22
4289000 22
4290000 22
4291000 22
4292000 22
4293000 22
4294000 22
4295000 22
4296000 22
4297000 22
4298000 22
4299000 22
4300000 22
4301000 22
4302000 22
4303000 22
4304000 22
4305000 22
4306000 22
4307000 22
4308000 22
4309000 22
4310000 22
4311000 22
4312000 22
4313000 22
4314000 22
4315000 22
4316000 22
4317000 22
4318000 22
4319000 22
4320000 22
4321000 22
4322000 22
4323000 22
4324000 22
4325000 22
4326000 22
4327000 22
4328000 22
4329000 22
4330000 22
4331000 22
4332000 22
4333000 22
4334000 22
4335000 22
4336000 22
4337000 22
4338000 22
4339000 22
4340000 22
4341000 22
4342000 22
4343000 22
4344000 22
4345000 22
4346000 22
4347000 22
4348000 22
4349000 22
4350000 22
4351000 22
4352000 22
4353000 22
4354000 22
4355000 22
4356000 22
4357000 22
4358000 22
4359000 22
4360000 22
4361000 22
4362000 22
4363000 22
4364000 22
4365000 22
4366000 22
4367000 22
4368000 22
4369000 22
4370000 22
4371000 22
4372000 22
4373000 22
4374000 22
4375000 22
4376000 22
4377000 22
4378000 22
4379000 22
4380000 22
4381000 22
4382000 22
4383000 22
4384000 22
4385000 22
4386000 22
4387000 22
4388000 22
4389000 22
4390000 22
4391000 22
4392000 22
4393000 22
4394000 22
4395000 22
4396000 22
4397000 22
4398000 22
4399000 22
4400000 22
4401000 22
4402000 22
4403000 22
4404000 22
4405000 22
4406000 22
4407000 22
4408000 22
4409000 22
4410000 22
4411000 22
4412000 22
4413000 22
4414000 22
4415000 22
4416000 22
4417000 22
4418000 22
4419000 22
4420000 22
4421000 22
4422000 22
4423000 22
4424000 22
4425000 22
4426000 22
4427000 22
4428000 22
4429000 22
4430000 22
4431000 22
4432000 22
4433000 22
4434000 22
4435000 22
4436000 22
4437000 22
4438000 22
4439000 22
4440000 22
4441000 22
4442000 22
4443000 22
4444000 22
4445000 22
4446000 22
4447000 22
4448000 22
4449000 22
4450000 22
4451000 22
4452000 22
4453000 22
4454000 22
4455000 22
4456000 22
4457000 22
4458000 22
4459000 22
4460000 22
4461000 22
4462000 22
4463000 22
4464000 22
4465000 22
4466000 22
4467000 22
4468000 22
4469000 22
4470000 22
4471000 22
4472000 22
4473000 22
4474000 22
4475000 22
4476000 22
4477000 22
4478000 22
4479000 22
4480000 22
4481000 22
4482000 22
4483000 22
4484000 22
4485000 22
4486000 22
4487000 22
4488000 22
4489000 22
4490000 22
4491000 22
4492000 22
4493000 22
4494000 22
4495000 22
4496000 22
4497000 22
4498000 22
4499000 22
4500000 22
4501000 22
4502000 22
4503000 22
4504000 22
4505000 22
4506000 22
4507000 22
4508000 22
4509000 22
4510000 22
4511000 22
4512000 22
4513000 22
4514000 22
4515000 22
4516000 22
4517000 22
4518000 22
4519000 22
4520000 22
4521000 22
4522000 22
4523000 22
4524000 22
4525000 22
4526000 22
4527000 22
4528000 22
4529000 22
4530000 22
4531000 22
4532000 22
4533000 22
4534000 22
4535000 22
4536000 22
4537000 22
4538000 22
4539000 22
4540000 22
4541000 22
4542000 22
4543000 22
4544000 22
4545000 22
4546000 22
4547000 22
4548000 22
4549000 22
4550000 22
4551000 22
4552000 22
4553000 22
4554000 22
4555000 22
4556000 22
4557000 22
4558000 22
4559000 22
4560000 22
4561000 22
4562000 22
4563000 22
4564000 22
4565000 22
4566000 22
4567000 22
4568000 22
4569000 22
4570000 22
4571000 22
4572000 22
4573000 22
4574000 22
4575000 22
4576000 22
4577000 22
4578000 22
4579000 22
4580000 22
4581000 22
4582000 22
4583000 22
4584000 22
4585000 22
4586000 22
4587000 22
4588000 22
4589000 22
4590000 22
4591000 22
4592000 22
4593000 22
4594000 22
4595000 22
4596000 22
4597000 22
4598000 22
4599000 22
4600000 22
4601000 22
4602000 22
4603000 22
4604000 22
4605000 22
4606000 22
4607000 22
4608000 22
4609000 22
4610000 22
4611000 22
4612000 22
4613000 22
4614000 22
4615000 22
4616000 22
4617000 22
4618000 22
4619000 22
4620000 22
4621000 22
4622000 22
4623000 22
4624000 22
4625000 22
4626000 22
4627000 22
4628000 22
4629000 22
4630000 22
4631000 22
4632000 22
4633000 22
4634000 22
4635000 22
4636000 22
4637000 22
4638000 22
4639000 22
4640000 22
4641000 22
4642000 22
4643000 22
4644000 22
4645000 22
4646000 22
4647000 22
4648000 22
4649000 22
4650000 22
4651000 22
4652000 22
4653000 22
4654000 22
4655000 22
4656000 22
4657000 22
4658000 22
4659000 22
4660000 22
4661000 22
4662000 22
4663000 22
4664000 22
4665000 22
4666000 22
4667000 22
4668000 22
4669000 22
4670000 22
4671000 22
4672000 22
4673000 22
4674000 22
4675000 22
4676000 22
4677000 22
4678000 22
4679000 22
4680000 22
4681000 22
4682000 22
4683000 22
4684000 22
4685000 22
4686000 22
4687000 22
4688000 22
4689000 22
4690000 22
4691000 22
4692000 22
4693000 22
4694000 22
4695000 22
4696000 22
4697000 22
4698000 22
4699000 22
4700000 22
4701000 22
4702000 22
4703000 22
4704000 22
4705000 22
4706000 22
4707000 22
4708000 22
4709000 22
4710000 22
4711000 22
4712000 22
4713000 22
4714000 22
4715000 22
4716000 22
4717000 22
4718000 22
4719000 22
4720000 22
4721000 22
4722000 22
4723000 22
4724000 22
4725000 22
4726000 22
4727000 22
4728000 22
4729000 22
4730000 22
4731000 22
4732000 22
4733000 22
4734000 22
4735000 22
4736000 22
4737000 22
4738000 22
4739000 22
4740000 22
4741000 22
4742000 22
4743000 22
4744000 22
4745000 22
4746000 22
4747000 22
4748000 22
4749000 22
4750000 22
4751000 22
4752000 22
4753000 22
4754000 22
4755000 22
4756000 22
4757000 23
4758000 23
4759000 23
4760000 23
4761000 23
4762000 23
4763000 23
4764000 23
4765000 23
4766000 23
4767000 23
4768000 23
4769000 23
4770000 23
4771000 23
4772000 23
4773000 23
4774000 23
4775000 23
4776000 23
4777000 23
4778000 23
4779000 23
4780000 23
4781000 23
4782000 23
4783000 23
4784000 23
4785000 23
4786000 23
4787000 23
4788000 23
4789000 23
4790000 23
4791000 23
4792000 23
4793000 23
4794000 23
4795000 23
4796000 23
4797000 23
4798000 23
4799000 23
4800000 23
4801000 23
4802000 23
4803000 23
4804000 23
4805000 23
4806000 23
4807000 23
4808000 23
4809000 23
4810000 23
4811000 23
4812000 23
4813000 23
4814000 23
4815000 23
4816000 23
4817000 23
4818000 23
4819000 23
4820000 23
4821000 24
4822000 24
4823000 24
4824000 24
4825000 24
4826000 24
4827000 24
4828000 24
4829000 24
4830000 24
4831000 24
4832000 24
4833000 24
4834000 24
4835000 24
4836000 24
4837000 24
4838000 24
4839000 24
4840000 24
4841000 24
4842000 24
4843000 24
4844000 24
4845000 24
4846000 24
4847000 24
4848000 24
4849000 24
4850000 24
4851000 24
4852000 24
4853000 24
4854000 24
4855000 24
4856000 24
4857000 24
4858000 24
4859000 24
4860000 24
4861000 24
4862000 24
4863000 24
4864000 24
4865000 24
4866000 24
4867000 24
4868000 24
4869000 24
4870000 24
4871000 24
4872000 24
4873000 24
4874000 24
4875000 24
4876000 24
4877000 24
4878000 24
4879000 24
4880000 24
4881000 24
4882000 24
4883000 24
4884000 25
4885000 25
4886000 25
4887000 25
4888000 25
4889000 25
4890000 25
4891000 25
4892000 25
4893000 25
4894000 25
4895000 25
4896000 25
4897000 25
4898000 25
4899000 25
4900000 25
4901000 25
4902000 25
4903000 25
4904000 25
4905000 25
4906000 25
4907000 25
4908000 25
4909000 25
4910000 25
4911000 25
4912000 25
4913000 25
4914000 25
4915000 25
4916000 25
4917000 25
4918000 25
4919000 25
4920000 25
4921000 25
4922000 25
4923000 25
4924000 25
4925000 25
4926000 25
4927000 25
4928000 25
4929000 25
4930000 25
4931000 25
4932000 25
4933000 25
4934000 25
4935000 25
4936000 25
4937000 25
4938000 25
4939000 25
4940000 25
4941000 25
4942000 25
4943000 25
4944000 25
4945000 25
4946000 25
4947000 25
4948000 25
4949000 25
4950000 25
4951000 25
4952000 25
4953000 25
4954000 25
4955000 25
4956000 25
4957000 25
4958000 25
4959000 25
4960000 25
4961000 25
4962000 25
4963000 25
4964000 25
4965000 25
4966000 25
4967000 25
4968000 25
4969000 25
4970000 25
4971000 25
4972000 25
4973000 25
4974000 25
4975000 25
4976000 25
4977000 25
4978000 25
4979000 25
4980000 25
4981000 25
4982000 25
4983000 25
4984000 25
4985000 25
4986000 25
4987000 25
4988000 25
4989000 25
4990000 25
4991000 25
4992000 25
4993000 25
4994000 25
4995000 25
4996000 25
4997000 25
4998000 25
4999000 25
5000000 25
