0 0
1000 0
2000 0
3000 0
4000 0
5000 0
6000 0
7000 0
8000 0
9000 0
10000 0
11000 0
12000 0
13000 0
14000 0
15000 0
16000 0
17000 0
18000 0
19000 0
20000 0
21000 0
22000 0
23000 0
24000 0
25000 0
26000 0
27000 0
28000 0
29000 0
30000 0
31000 0
32000 0
33000 0
34000 0
35000 0
36000 1
37000 1
38000 1
39000 1
40000 1
41000 1
42000 1
43000 1
44000 1
45000 1
46000 1
47000 1
48000 1
49000 1
50000 1
51000 1
52000 1
53000 1
54000 1
55000 1
56000 1
57000 1
58000 1
59000 1
60000 1
61000 2
62000 2
63000 2
64000 2
65000 2
66000 2
67000 2
68000 2
69000 2
70000 2
71000 2
72000 2
73000 2
74000 2
75000 2
76000 2
77000 2
78000 2
79000 2
80000 2
81000 2
82000 2
83000 2
84000 2
85000 2
86000 2
87000 2
88000 2
89000 2
90000 2
91000 2
92000 2
93000 2
94000 2
95000 2
96000 2
97000 2
98000 2
99000 2
100000 2
101000 2
102000 2
103000 2
104000 2
105000 2
106000 2
107000 2
108000 2
109000 2
110000 2
111000 2
112000 2
113000 2
114000 2
115000 2
116000 2
117000 2
118000 2
119000 2
120000 2
121000 2
122000 2
123000 2
124000 2
125000 2
126000 2
127000 2
128000 2
129000 2
130000 2
131000 2
132000 2
133000 2
134000 2
135000 2
136000 2
137000 2
138000 2
139000 2
140000 2
141000 2
142000 2
143000 2
144000 2
145000 2
146000 2
147000 2
148000 2
149000 2
150000 2
151000 2
152000 2
153000 2
154000 2
155000 3
156000 3
157000 3
158000 3
159000 3
160000 3
161000 3
162000 3
163000 3
164000 3
165000 3
166000 3
167000 3
168000 3
169000 3
170000 3
171000 3
172000 3
173000 3
174000 3
175000 3
176000 3
177000 3
178000 3
179000 3
180000 3
181000 3
182000 3
183000 4
184000 4
185000 4
186000 4
187000 4
188000 4
189000 4
190000 4
191000 4
192000 4
193000 4
194000 5
195000 5
196000 5
197000 5
198000 5
199000 5
200000 5
201000 5
202000 5
203000 5
204000 5
205000 5
206000 5
207000 6
208000 6
209000 6
210000 6
211000 6
212000 6
213000 6
214000 6
215000 6
216000 6
217000 6
218000 6
219000 6
220000 6
221000 6
222000 7
223000 7
224000 7
225000 7
226000 7
227000 7
228000 7
229000 7
230000 7
231000 7
232000 7
233000 8
234000 8
235000 8
236000 8
237000 8
238000 8
239000 8
240000 8
241000 8
242000 8
243000 8
244000 8
245000 8
246000 8
247000 9
248000 9
249000 9
250000 9
251000 9
252000 9
253000 9
254000 9
255000 9
256000 9
257000 9
258000 9
259000 10
260000 10
261000 10
262000 10
263000 10
264000 10
265000 10
266000 10
267000 10
268000 10
269000 10
270000 10
271000 10
272000 10
273000 10
274000 10
275000 10
276000 10
277000 10
278000 10
279000 10
280000 10
281000 11
282000 11
283000 11
284000 11
285000 11
286000 11
287000 11
288000 11
289000 11
290000 11
291000 11
292000 11
293000 11
294000 11
295000 11
296000 11
297000 11
298000 11
299000 11
300000 11
301000 11
302000 11
303000 11
304000 11
305000 11
306000 11
307000 11
308000 11
309000 11
310000 11
311000 11
312000 11
313000 11
314000 11
315000 11
316000 11
317000 11
318000 11
319000 11
320000 11
321000 11
322000 11
323000 11
324000 11
325000 11
326000 11
327000 11
328000 11
329000 11
330000 11
331000 11
332000 11
333000 11
334000 11
335000 11
336000 11
337000 11
338000 11
339000 11
340000 11
341000 11
342000 11
343000 11
344000 11
345000 11
346000 11
347000 11
348000 11
349000 11
350000 11
351000 11
352000 11
353000 11
354000 11
355000 11
356000 11
357000 11
358000 11
359000 11
360000 11
361000 11
362000 11
363000 11
364000 11
365000 11
366000 11
367000 11
368000 11
369000 11
370000 11
371000 11
372000 11
373000 11
374000 11
375000 11
376000 11
377000 11
378000 11
379000 11
380000 11
381000 11
382000 11
383000 11
384000 11
385000 11
386000 11
387000 11
388000 11
389000 11
390000 11
391000 11
392000 11
393000 11
394000 11
395000 11
396000 11
397000 11
398000 11
399000 11
400000 11
401000 11
402000 11
403000 11
404000 11
405000 11
406000 11
407000 11
408000 11
409000 11
410000 11
411000 11
412000 11
413000 11
414000 11
415000 11
416000 11
417000 11
418000 11
419000 11
420000 11
421000 11
422000 11
423000 11
424000 11
425000 11
426000 11
427000 11
428000 11
429000 11
430000 11
431000 11
432000 11
433000 11
434000 11
435000 11
436000 11
437000 11
438000 11
439000 11
440000 11
441000 11
442000 11
443000 11
444000 11
445000 11
446000 11
447000 11
448000 11
449000 11
450000 11
451000 11
452000 11
453000 11
454000 11
455000 11
456000 11
457000 11
458000 11
459000 11
460000 12
461000 12
462000 12
463000 12
464000 12
465000 12
466000 12
467000 12
468000 12
469000 12
470000 12
471000 12
472000 13
473000 13
474000 13
475000 13
476000 13
477000 13
478000 13
479000 13
480000 13
481000 13
482000 13
483000 13
484000 13
485000 13
486000 14
487000 14
488000 14
489000 14
490000 14
491000 14
492000 14
493000 14
494000 14
495000 14
496000 15
497000 15
498000 15
499000 15
500000 15
501000 15
502000 15
503000 15
504000 15
505000 15
506000 15
507000 15
508000 16
509000 16
510000 16
511000 16
512000 16
513000 16
514000 16
515000 16
516000 16
517000 16
518000 16
519000 16
520000 16
521000 16
522000 17
523000 17
524000 17
525000 17
526000 17
527000 17
528000 17
529000 17
530000 17
531000 17
532000 18
533000 18
534000 18
535000 18
536000 18
537000 18
538000 18
539000 18
540000 18
541000 18
542000 19
543000 19
544000 19
545000 19
546000 19
547000 19
548000 19
549000 19
550000 19
551000 19
552000 19
553000 19
554000 20
555000 20
556000 20
557000 20
558000 20
559000 20
560000 20
561000 20
562000 20
563000 20
564000 21
565000 21
566000 21
567000 21
568000 21
569000 21
570000 21
571000 21
572000 21
573000 21
574000 21
575000 21
576000 22
577000 22
578000 22
579000 22
580000 22
581000 22
582000 22
583000 22
584000 22
585000 22
586000 22
587000 22
588000 23
589000 23
590000 23
591000 23
592000 23
593000 23
594000 23
595000 23
596000 23
597000 23
598000 23
599000 23
600000 24
601000 24
602000 24
603000 24
604000 24
605000 24
606000 24
607000 24
608000 24
609000 25
610000 25
611000 25
612000 25
613000 25
614000 25
615000 25
616000 25
617000 25
618000 25
619000 26
620000 26
621000 26
622000 26
623000 26
624000 26
625000 26
626000 26
627000 26
628000 26
629000 26
630000 26
631000 27
632000 27
633000 27
634000 27
635000 27
636000 27
637000 27
638000 27
639000 27
640000 27
641000 27
642000 27
643000 27
644000 27
645000 28
646000 28
647000 28
648000 28
649000 28
650000 28
651000 28
652000 28
653000 28
654000 28
655000 29
656000 29
657000 29
658000 29
659000 29
660000 29
661000 29
662000 29
663000 29
664000 29
665000 30
666000 30
667000 30
668000 30
669000 30
670000 30
671000 30
672000 30
673000 30
674000 30
675000 31
676000 31
677000 31
678000 31
679000 31
680000 31
681000 31
682000 31
683000 31
684000 31
685000 31
686000 31
687000 31
688000 31
689000 31
690000 31
691000 32
692000 32
693000 32
694000 32
695000 32
696000 32
697000 32
698000 32
699000 32
700000 32
701000 32
702000 32
703000 32
704000 32
705000 33
706000 33
707000 33
708000 33
709000 33
710000 33
711000 33
712000 33
713000 33
714000 33
715000 33
716000 33
717000 34
718000 34
719000 34
720000 34
721000 34
722000 34
723000 34
724000 34
725000 34
726000 34
727000 34
728000 34
729000 34
730000 34
731000 34
732000 34
733000 34
734000 34
735000 34
736000 34
737000 34
738000 34
739000 34
740000 34
741000 35
742000 35
743000 35
744000 35
745000 35
746000 35
747000 35
748000 35
749000 35
750000 35
751000 35
752000 35
753000 35
754000 36
755000 36
756000 36
757000 36
758000 36
759000 36
760000 36
761000 36
762000 36
763000 36
764000 36
765000 37
766000 37
767000 37
768000 37
769000 37
770000 37
771000 37
772000 37
773000 37
774000 37
775000 37
776000 37
777000 38
778000 38
779000 38
780000 38
781000 38
782000 38
783000 38
784000 38
785000 38
786000 38
787000 38
788000 38
789000 38
790000 39
791000 39
792000 39
793000 39
794000 39
795000 39
796000 39
797000 39
798000 39
799000 39
800000 39
801000 39
802000 40
803000 40
804000 40
805000 40
806000 40
807000 40
808000 40
809000 40
810000 40
811000 40
812000 41
813000 41
814000 41
815000 41
816000 41
817000 41
818000 41
819000 41
820000 41
821000 41
822000 41
823000 42
824000 42
825000 42
826000 42
827000 42
828000 42
829000 42
830000 42
831000 42
832000 42
833000 42
834000 42
835000 43
836000 43
837000 43
838000 43
839000 43
840000 43
841000 43
842000 43
843000 43
844000 43
845000 43
846000 43
847000 43
848000 43
849000 43
850000 43
851000 43
852000 43
853000 43
854000 43
855000 44
856000 44
857000 44
858000 44
859000 44
860000 44
861000 44
862000 44
863000 44
864000 44
865000 44
866000 44
867000 45
868000 45
869000 45
870000 45
871000 45
872000 45
873000 45
874000 45
875000 45
876000 45
877000 45
878000 45
879000 45
880000 46
881000 46
882000 46
883000 46
884000 46
885000 46
886000 46
887000 46
888000 46
889000 46
890000 46
891000 46
892000 46
893000 47
894000 47
895000 47
896000 47
897000 47
898000 47
899000 47
900000 47
901000 47
902000 47
903000 48
904000 48
905000 48
906000 48
907000 48
908000 48
909000 48
910000 48
911000 48
912000 48
913000 48
914000 48
915000 48
916000 48
917000 48
918000 48
919000 48
920000 48
921000 48
922000 48
923000 48
924000 48
925000 48
926000 48
927000 48
928000 48
929000 48
930000 48
931000 48
932000 48
933000 48
934000 48
935000 48
936000 48
937000 48
938000 48
939000 48
940000 48
941000 48
942000 48
943000 48
944000 48
945000 48
946000 48
947000 48
948000 48
949000 48
950000 48
951000 48
952000 48
953000 48
954000 48
955000 48
956000 48
957000 48
958000 48
959000 48
960000 48
961000 48
962000 48
963000 48
964000 49
965000 49
966000 49
967000 49
968000 49
969000 49
970000 49
971000 49
972000 49
973000 49
974000 49
975000 49
976000 49
977000 49
978000 49
979000 49
980000 49
981000 49
982000 49
983000 49
984000 50
985000 50
986000 50
987000 50
988000 50
989000 50
990000 50
991000 50
992000 50
993000 50
994000 51
995000 51
996000 51
997000 51
998000 51
999000 51
1000000 51
1001000 51
1002000 51
1003000 52
1004000 52
1005000 52
1006000 52
1007000 52
1008000 52
1009000 52
1010000 52
1011000 52
1012000 52
1013000 52
1014000 52
1015000 53
1016000 53
1017000 53
1018000 53
1019000 53
1020000 53
1021000 53
1022000 53
1023000 53
1024000 53
1025000 53
1026000 53
1027000 54
1028000 54
1029000 54
1030000 54
1031000 54
1032000 54
1033000 54
1034000 54
1035000 54
1036000 54
1037000 54
1038000 54
1039000 55
1040000 55
1041000 55
1042000 55
1043000 55
1044000 55
1045000 55
1046000 55
1047000 55
1048000 55
1049000 55
1050000 56
1051000 56
1052000 56
1053000 56
1054000 56
1055000 56
1056000 56
1057000 56
1058000 56
1059000 56
1060000 57
1061000 57
1062000 57
1063000 57
1064000 57
1065000 57
1066000 57
1067000 57
1068000 57
1069000 57
1070000 57
1071000 57
1072000 58
1073000 58
1074000 58
1075000 58
1076000 58
1077000 58
1078000 58
1079000 58
1080000 58
1081000 58
1082000 58
1083000 58
1084000 58
1085000 58
1086000 58
1087000 58
1088000 58
1089000 58
1090000 58
1091000 58
1092000 58
1093000 58
1094000 58
1095000 58
1096000 58
1097000 59
1098000 59
1099000 59
1100000 59
1101000 59
1102000 59
1103000 59
1104000 59
1105000 59
1106000 59
1107000 59
1108000 59
1109000 59
1110000 59
1111000 59
1112000 60
1113000 60
1114000 60
1115000 60
1116000 60
1117000 60
1118000 60
1119000 60
1120000 60
1121000 60
1122000 60
1123000 60
1124000 60
1125000 60
1126000 60
1127000 60
1128000 60
1129000 61
1130000 61
1131000 61
1132000 61
1133000 61
1134000 61
1135000 61
1136000 61
1137000 61
1138000 61
1139000 61
1140000 61
1141000 61
1142000 61
1143000 61
1144000 62
1145000 62
1146000 62
1147000 62
1148000 62
1149000 62
1150000 62
1151000 62
1152000 62
1153000 62
1154000 62
1155000 62
1156000 62
1157000 62
1158000 63
1159000 63
1160000 63
1161000 63
1162000 63
1163000 63
1164000 63
1165000 63
1166000 63
1167000 63
1168000 63
1169000 63
1170000 63
1171000 63
1172000 63
1173000 63
1174000 64
1175000 64
1176000 64
1177000 64
1178000 64
1179000 64
1180000 64
1181000 64
1182000 64
1183000 64
1184000 64
1185000 64
1186000 64
1187000 64
1188000 64
1189000 64
1190000 64
1191000 64
1192000 64
1193000 65
1194000 65
1195000 65
1196000 65
1197000 65
1198000 65
1199000 65
1200000 65
1201000 65
1202000 65
1203000 65
1204000 65
1205000 65
1206000 65
1207000 65
1208000 65
1209000 65
1210000 66
1211000 66
1212000 66
1213000 66
1214000 66
1215000 66
1216000 66
1217000 66
1218000 66
1219000 66
1220000 66
1221000 66
1222000 66
1223000 67
1224000 67
1225000 67
1226000 67
1227000 67
1228000 67
1229000 67
1230000 67
1231000 67
1232000 67
1233000 67
1234000 68
1235000 68
1236000 68
1237000 68
1238000 68
1239000 68
1240000 68
1241000 68
1242000 68
1243000 68
1244000 68
1245000 69
1246000 69
1247000 69
1248000 69
1249000 69
1250000 69
1251000 69
1252000 69
1253000 69
1254000 69
1255000 69
1256000 69
1257000 69
1258000 69
1259000 70
1260000 70
1261000 70
1262000 70
1263000 70
1264000 70
1265000 70
1266000 70
1267000 70
1268000 70
1269000 70
1270000 71
1271000 71
1272000 71
1273000 71
1274000 71
1275000 71
1276000 71
1277000 71
1278000 71
1279000 71
1280000 72
1281000 72
1282000 72
1283000 72
1284000 72
1285000 72
1286000 72
1287000 72
1288000 72
1289000 72
1290000 72
1291000 72
1292000 72
1293000 73
1294000 73
1295000 73
1296000 73
1297000 73
1298000 73
1299000 73
1300000 73
1301000 73
1302000 73
1303000 73
1304000 73
1305000 73
1306000 73
1307000 73
1308000 73
1309000 73
1310000 74
1311000 74
1312000 74
1313000 74
1314000 74
1315000 74
1316000 74
1317000 74
1318000 74
1319000 74
1320000 74
1321000 75
1322000 75
1323000 75
1324000 75
1325000 75
1326000 75
1327000 75
1328000 75
1329000 75
1330000 75
1331000 75
1332000 76
1333000 76
1334000 76
1335000 76
1336000 76
1337000 76
1338000 76
1339000 76
1340000 76
1341000 76
1342000 76
1343000 76
1344000 76
1345000 76
1346000 76
1347000 76
1348000 76
1349000 77
1350000 77
1351000 77
1352000 77
1353000 77
1354000 77
1355000 77
1356000 77
1357000 77
1358000 77
1359000 77
1360000 78
1361000 78
1362000 78
1363000 78
1364000 78
1365000 78
1366000 78
1367000 78
1368000 78
1369000 78
1370000 78
1371000 78
1372000 78
1373000 78
1374000 78
1375000 79
1376000 79
1377000 79
1378000 79
1379000 79
1380000 79
1381000 79
1382000 79
1383000 79
1384000 79
1385000 79
1386000 79
1387000 79
1388000 79
1389000 79
1390000 80
1391000 80
1392000 80
1393000 80
1394000 80
1395000 80
1396000 80
1397000 80
1398000 80
1399000 80
1400000 80
1401000 80
1402000 81
1403000 81
1404000 81
1405000 81
1406000 81
1407000 81
1408000 81
1409000 81
1410000 81
1411000 81
1412000 82
1413000 82
1414000 82
1415000 82
1416000 82
1417000 82
1418000 82
1419000 82
1420000 82
1421000 82
1422000 82
1423000 82
1424000 83
1425000 83
1426000 83
1427000 83
1428000 83
1429000 83
1430000 83
1431000 83
1432000 83
1433000 83
1434000 83
1435000 83
1436000 83
1437000 83
1438000 83
1439000 83
1440000 84
1441000 84
1442000 84
1443000 84
1444000 84
1445000 84
1446000 84
1447000 84
1448000 84
1449000 84
1450000 84
1451000 84
1452000 84
1453000 84
1454000 84
1455000 84
1456000 84
1457000 84
1458000 84
1459000 84
1460000 84
1461000 84
1462000 85
1463000 85
1464000 85
1465000 85
1466000 85
1467000 85
1468000 85
1469000 85
1470000 85
1471000 85
1472000 85
1473000 85
1474000 85
1475000 85
1476000 85
1477000 85
1478000 85
1479000 85
1480000 85
1481000 85
1482000 86
1483000 86
1484000 86
1485000 86
1486000 86
1487000 86
1488000 86
1489000 86
1490000 86
1491000 86
1492000 86
1493000 86
1494000 87
1495000 87
1496000 87
1497000 87
1498000 87
1499000 87
1500000 87
1501000 87
1502000 87
1503000 87
1504000 87
1505000 87
1506000 87
1507000 87
1508000 87
1509000 88
1510000 88
1511000 88
1512000 88
1513000 88
1514000 88
1515000 88
1516000 88
1517000 88
1518000 88
1519000 88
1520000 89
1521000 89
1522000 89
1523000 89
1524000 89
1525000 89
1526000 89
1527000 89
1528000 89
1529000 89
1530000 89
1531000 89
1532000 89
1533000 90
1534000 90
1535000 90
1536000 90
1537000 90
1538000 90
1539000 90
1540000 90
1541000 90
1542000 90
1543000 90
1544000 91
1545000 91
1546000 91
1547000 91
1548000 91
1549000 91
1550000 91
1551000 91
1552000 91
1553000 91
1554000 92
1555000 92
1556000 92
1557000 92
1558000 92
1559000 92
1560000 92
1561000 92
1562000 92
1563000 92
1564000 92
1565000 92
1566000 93
1567000 93
1568000 93
1569000 93
1570000 93
1571000 93
1572000 93
1573000 93
1574000 93
1575000 93
1576000 93
1577000 93
1578000 93
1579000 94
1580000 94
1581000 94
1582000 94
1583000 94
1584000 94
1585000 94
1586000 94
1587000 94
1588000 94
1589000 94
1590000 94
1591000 94
1592000 94
1593000 95
1594000 95
1595000 95
1596000 95
1597000 95
1598000 95
1599000 95
1600000 95
1601000 95
1602000 95
1603000 95
1604000 95
1605000 95
1606000 95
1607000 95
1608000 96
1609000 96
1610000 96
1611000 96
1612000 96
1613000 96
1614000 96
1615000 96
1616000 96
1617000 96
1618000 96
1619000 96
1620000 96
1621000 96
1622000 96
1623000 96
1624000 96
1625000 97
1626000 97
1627000 97
1628000 97
1629000 97
1630000 97
1631000 97
1632000 97
1633000 97
1634000 97
1635000 97
1636000 97
1637000 97
1638000 97
1639000 98
1640000 98
1641000 98
1642000 98
1643000 98
1644000 98
1645000 98
1646000 98
1647000 98
1648000 98
1649000 98
1650000 98
1651000 98
1652000 98
1653000 98
1654000 98
1655000 99
1656000 99
1657000 99
1658000 99
1659000 99
1660000 99
1661000 99
1662000 99
1663000 99
1664000 99
1665000 99
1666000 99
1667000 99
1668000 99
1669000 99
1670000 99
1671000 100
1672000 100
1673000 100
1674000 100
1675000 100
1676000 100
1677000 100
1678000 100
1679000 100
1680000 100
1681000 100
1682000 100
1683000 100
1684000 100
1685000 100
1686000 101
1687000 101
1688000 101
1689000 101
1690000 101
1691000 101
1692000 101
1693000 101
1694000 101
1695000 101
1696000 101
1697000 101
1698000 101
1699000 101
1700000 101
1701000 101
1702000 101
1703000 102
1704000 102
1705000 102
1706000 102
1707000 102
1708000 102
1709000 102
1710000 102
1711000 102
1712000 102
1713000 102
1714000 102
1715000 102
1716000 103
1717000 103
1718000 103
1719000 103
1720000 103
1721000 103
1722000 103
1723000 103
1724000 103
1725000 103
1726000 103
1727000 103
1728000 103
1729000 103
1730000 103
1731000 104
1732000 104
1733000 104
1734000 104
1735000 104
1736000 104
1737000 104
1738000 104
1739000 104
1740000 104
1741000 105
1742000 105
1743000 105
1744000 105
1745000 105
1746000 105
1747000 105
1748000 105
1749000 105
1750000 105
1751000 105
1752000 105
1753000 105
1754000 105
1755000 105
1756000 105
1757000 106
1758000 106
1759000 106
1760000 106
1761000 106
1762000 106
1763000 106
1764000 106
1765000 106
1766000 107
1767000 107
1768000 107
1769000 107
1770000 107
1771000 107
1772000 107
1773000 107
1774000 107
1775000 107
1776000 107
1777000 108
1778000 108
1779000 108
1780000 108
1781000 108
1782000 108
1783000 108
1784000 108
1785000 108
1786000 108
1787000 108
1788000 109
1789000 109
1790000 109
1791000 109
1792000 109
1793000 109
1794000 109
1795000 109
1796000 109
1797000 109
1798000 110
1799000 110
1800000 110
1801000 110
1802000 110
1803000 110
1804000 110
1805000 110
1806000 110
1807000 110
1808000 111
1809000 111
1810000 111
1811000 111
1812000 111
1813000 111
1814000 111
1815000 111
1816000 111
1817000 111
1818000 111
1819000 111
1820000 111
1821000 111
1822000 111
1823000 111
1824000 112
1825000 112
1826000 112
1827000 112
1828000 112
1829000 112
1830000 112
1831000 112
1832000 112
1833000 112
1834000 112
1835000 112
1836000 112
1837000 112
1838000 112
1839000 112
1840000 112
1841000 112
1842000 112
1843000 112
1844000 112
1845000 112
1846000 113
1847000 113
1848000 113
1849000 113
1850000 113
1851000 113
1852000 113
1853000 113
1854000 113
1855000 113
1856000 113
1857000 113
1858000 113
1859000 114
1860000 114
1861000 114
1862000 114
1863000 114
1864000 114
1865000 114
1866000 114
1867000 114
1868000 114
1869000 114
1870000 114
1871000 114
1872000 114
1873000 115
1874000 115
1875000 115
1876000 115
1877000 115
1878000 115
1879000 115
1880000 115
1881000 115
1882000 115
1883000 115
1884000 116
1885000 116
1886000 116
1887000 116
1888000 116
1889000 116
1890000 116
1891000 116
1892000 116
1893000 116
1894000 116
1895000 116
1896000 116
1897000 116
1898000 116
1899000 117
1900000 117
1901000 117
1902000 117
1903000 117
1904000 117
1905000 117
1906000 117
1907000 117
1908000 117
1909000 117
1910000 117
1911000 117
1912000 117
1913000 117
1914000 117
1915000 117
1916000 118
1917000 118
1918000 118
1919000 118
1920000 118
1921000 118
1922000 118
1923000 118
1924000 118
1925000 118
1926000 118
1927000 118
1928000 118
1929000 118
1930000 118
1931000 118
1932000 118
1933000 118
1934000 118
1935000 118
1936000 118
1937000 119
1938000 119
1939000 119
1940000 119
1941000 119
1942000 119
1943000 119
1944000 119
1945000 119
1946000 119
1947000 119
1948000 119
1949000 119
1950000 119
1951000 119
1952000 119
1953000 119
1954000 119
1955000 119
1956000 120
1957000 120
1958000 120
1959000 120
1960000 120
1961000 120
1962000 120
1963000 120
1964000 120
1965000 120
1966000 120
1967000 120
1968000 120
1969000 120
1970000 120
1971000 120
1972000 120
1973000 121
1974000 121
1975000 121
1976000 121
1977000 121
1978000 121
1979000 121
1980000 121
1981000 121
1982000 121
1983000 121
1984000 121
1985000 121
1986000 121
1987000 121
1988000 121
1989000 121
1990000 121
1991000 122
1992000 122
1993000 122
1994000 122
1995000 122
1996000 122
1997000 122
1998000 122
1999000 122
2000000 122
2001000 122
2002000 122
2003000 122
2004000 122
2005000 122
2006000 122
2007000 122
2008000 122
2009000 122
2010000 122
2011000 122
2012000 123
2013000 123
2014000 123
2015000 123
2016000 123
2017000 123
2018000 123
2019000 123
2020000 123
2021000 123
2022000 123
2023000 123
2024000 123
2025000 123
2026000 123
2027000 123
2028000 124
2029000 124
2030000 124
2031000 124
2032000 124
2033000 124
2034000 124
2035000 124
2036000 124
2037000 124
2038000 124
2039000 124
2040000 124
2041000 124
2042000 124
2043000 124
2044000 124
2045000 125
2046000 125
2047000 125
2048000 125
2049000 125
2050000 125
2051000 125
2052000 125
2053000 125
2054000 125
2055000 125
2056000 125
2057000 125
2058000 125
2059000 126
2060000 126
2061000 126
2062000 126
2063000 126
2064000 126
2065000 126
2066000 126
2067000 126
2068000 126
2069000 126
2070000 126
2071000 126
2072000 126
2073000 126
2074000 126
2075000 126
2076000 126
2077000 126
2078000 127
2079000 127
2080000 127
2081000 127
2082000 127
2083000 127
2084000 127
2085000 127
2086000 127
2087000 127
2088000 128
2089000 128
2090000 128
2091000 128
2092000 128
2093000 128
2094000 128
2095000 128
2096000 128
2097000 128
2098000 128
2099000 128
2100000 128
2101000 128
2102000 128
2103000 128
2104000 128
2105000 128
2106000 129
2107000 129
2108000 129
2109000 129
2110000 129
2111000 129
2112000 129
2113000 129
2114000 129
2115000 129
2116000 129
2117000 129
2118000 129
2119000 130
2120000 130
2121000 130
2122000 130
2123000 130
2124000 130
2125000 130
2126000 130
2127000 130
2128000 130
2129000 130
2130000 130
2131000 130
2132000 130
2133000 130
2134000 130
2135000 130
2136000 130
2137000 130
2138000 131
2139000 131
2140000 131
2141000 131
2142000 131
2143000 131
2144000 131
2145000 131
2146000 131
2147000 131
2148000 131
2149000 131
2150000 131
2151000 131
2152000 131
2153000 131
2154000 131
2155000 132
2156000 132
2157000 132
2158000 132
2159000 132
2160000 132
2161000 132
2162000 132
2163000 132
2164000 132
2165000 132
2166000 132
2167000 132
2168000 132
2169000 132
2170000 132
2171000 132
2172000 132
2173000 132
2174000 132
2175000 133
2176000 133
2177000 133
2178000 133
2179000 133
2180000 133
2181000 133
2182000 133
2183000 133
2184000 133
2185000 133
2186000 133
2187000 133
2188000 133
2189000 133
2190000 133
2191000 133
2192000 133
2193000 133
2194000 133
2195000 133
2196000 133
2197000 133
2198000 133
2199000 133
2200000 133
2201000 133
2202000 133
2203000 133
2204000 133
2205000 133
2206000 133
2207000 134
2208000 134
2209000 134
2210000 134
2211000 134
2212000 134
2213000 134
2214000 134
2215000 134
2216000 134
2217000 134
2218000 134
2219000 134
2220000 135
2221000 135
2222000 135
2223000 135
2224000 135
2225000 135
2226000 135
2227000 135
2228000 135
2229000 135
2230000 135
2231000 135
2232000 135
2233000 135
2234000 136
2235000 136
2236000 136
2237000 136
2238000 136
2239000 136
2240000 136
2241000 136
2242000 136
2243000 136
2244000 136
2245000 136
2246000 136
2247000 136
2248000 136
2249000 136
2250000 137
2251000 137
2252000 137
2253000 137
2254000 137
2255000 137
2256000 137
2257000 137
2258000 137
2259000 137
2260000 137
2261000 137
2262000 137
2263000 138
2264000 138
2265000 138
2266000 138
2267000 138
2268000 138
2269000 138
2270000 138
2271000 138
2272000 138
2273000 138
2274000 138
2275000 138
2276000 138
2277000 138
2278000 138
2279000 139
2280000 139
2281000 139
2282000 139
2283000 139
2284000 139
2285000 139
2286000 139
2287000 139
2288000 139
2289000 139
2290000 139
2291000 139
2292000 140
2293000 140
2294000 140
2295000 140
2296000 140
2297000 140
2298000 140
2299000 140
2300000 140
2301000 140
2302000 140
2303000 140
2304000 140
2305000 140
2306000 140
2307000 140
2308000 141
2309000 141
2310000 141
2311000 141
2312000 141
2313000 141
2314000 141
2315000 141
2316000 141
2317000 141
2318000 141
2319000 141
2320000 141
2321000 141
2322000 141
2323000 141
2324000 141
2325000 141
2326000 142
2327000 142
2328000 142
2329000 142
2330000 142
2331000 142
2332000 142
2333000 142
2334000 142
2335000 142
2336000 142
2337000 142
2338000 142
2339000 142
2340000 143
2341000 143
2342000 143
2343000 143
2344000 143
2345000 143
2346000 143
2347000 143
2348000 143
2349000 143
2350000 143
2351000 143
2352000 143
2353000 143
2354000 144
2355000 144
2356000 144
2357000 144
2358000 144
2359000 144
2360000 144
2361000 144
2362000 144
2363000 145
2364000 145
2365000 145
2366000 145
2367000 145
2368000 145
2369000 145
2370000 145
2371000 145
2372000 146
2373000 146
2374000 146
2375000 146
2376000 146
2377000 146
2378000 146
2379000 146
2380000 146
2381000 146
2382000 146
2383000 146
2384000 147
2385000 147
2386000 147
2387000 147
2388000 147
2389000 147
2390000 147
2391000 147
2392000 147
2393000 147
2394000 147
2395000 148
2396000 148
2397000 148
2398000 148
2399000 148
2400000 148
2401000 148
2402000 148
2403000 148
2404000 149
2405000 149
2406000 149
2407000 149
2408000 149
2409000 149
2410000 149
2411000 149
2412000 149
2413000 149
2414000 149
2415000 149
2416000 150
2417000 150
2418000 150
2419000 150
2420000 150
2421000 150
2422000 150
2423000 150
2424000 151
2425000 151
2426000 151
2427000 151
2428000 151
2429000 151
2430000 151
2431000 151
2432000 151
2433000 152
2434000 152
2435000 152
2436000 152
2437000 152
2438000 152
2439000 152
2440000 152
2441000 152
2442000 152
2443000 153
2444000 153
2445000 153
2446000 153
2447000 153
2448000 153
2449000 153
2450000 153
2451000 153
2452000 153
2453000 153
2454000 153
2455000 153
2456000 154
2457000 154
2458000 154
2459000 154
2460000 154
2461000 154
2462000 154
2463000 154
2464000 154
2465000 154
2466000 154
2467000 154
2468000 155
2469000 155
2470000 155
2471000 155
2472000 155
2473000 155
2474000 155
2475000 155
2476000 155
2477000 155
2478000 155
2479000 155
2480000 155
2481000 155
2482000 155
2483000 155
2484000 155
2485000 155
2486000 155
2487000 155
2488000 155
2489000 155
2490000 155
2491000 155
2492000 155
2493000 155
2494000 155
2495000 155
2496000 155
2497000 155
2498000 155
2499000 155
2500000 155
2501000 155
2502000 155
2503000 155
2504000 155
2505000 155
2506000 155
2507000 155
2508000 155
2509000 155
2510000 155
2511000 155
2512000 155
2513000 155
2514000 155
2515000 155
2516000 155
2517000 155
2518000 155
2519000 155
2520000 155
2521000 155
2522000 155
2523000 155
2524000 155
2525000 155
2526000 155
2527000 155
2528000 155
2529000 155
2530000 155
2531000 155
2532000 155
2533000 155
2534000 155
2535000 155
2536000 155
2537000 155
2538000 155
2539000 155
2540000 155
2541000 155
2542000 155
2543000 155
2544000 155
2545000 155
2546000 155
2547000 155
2548000 155
2549000 155
2550000 155
2551000 155
2552000 155
2553000 155
2554000 155
2555000 155
2556000 155
2557000 155
2558000 155
2559000 155
2560000 155
2561000 155
2562000 155
2563000 155
2564000 155
2565000 155
2566000 155
2567000 155
2568000 155
2569000 155
2570000 155
2571000 155
2572000 155
2573000 155
2574000 155
2575000 155
2576000 155
2577000 155
2578000 155
2579000 155
2580000 155
2581000 155
2582000 155
2583000 155
2584000 155
2585000 155
2586000 155
2587000 155
2588000 155
2589000 155
2590000 155
2591000 155
2592000 155
2593000 155
2594000 155
2595000 155
2596000 155
2597000 155
2598000 155
2599000 155
2600000 155
2601000 155
2602000 155
2603000 155
2604000 155
2605000 155
2606000 155
2607000 155
2608000 155
2609000 155
2610000 155
2611000 155
2612000 155
2613000 155
2614000 155
2615000 155
2616000 155
2617000 155
2618000 155
2619000 155
2620000 155
2621000 155
2622000 155
2623000 155
2624000 155
2625000 155
2626000 155
2627000 155
2628000 155
2629000 155
2630000 155
2631000 155
2632000 155
2633000 155
2634000 155
2635000 155
2636000 155
2637000 155
2638000 155
2639000 155
2640000 155
2641000 155
2642000 155
2643000 155
2644000 155
2645000 155
2646000 155
2647000 155
2648000 155
2649000 155
2650000 155
2651000 155
2652000 155
2653000 155
2654000 155
2655000 155
2656000 155
2657000 155
2658000 155
2659000 155
2660000 155
2661000 155
2662000 155
2663000 155
2664000 155
2665000 155
2666000 155
2667000 155
2668000 155
2669000 155
2670000 155
2671000 155
2672000 155
2673000 155
2674000 155
2675000 155
2676000 155
2677000 155
2678000 155
2679000 155
2680000 155
2681000 155
2682000 155
2683000 155
2684000 155
2685000 155
2686000 155
2687000 155
2688000 155
2689000 156
2690000 156
2691000 156
2692000 156
2693000 156
2694000 156
2695000 156
2696000 156
2697000 156
2698000 156
2699000 156
2700000 156
2701000 156
2702000 156
2703000 156
2704000 156
2705000 156
2706000 156
2707000 156
2708000 156
2709000 156
2710000 156
2711000 156
2712000 157
2713000 157
2714000 157
2715000 157
2716000 157
2717000 157
2718000 157
2719000 157
2720000 157
2721000 157
2722000 157
2723000 157
2724000 157
2725000 157
2726000 157
2727000 157
2728000 157
2729000 157
2730000 157
2731000 158
2732000 158
2733000 158
2734000 158
2735000 158
2736000 158
2737000 158
2738000 158
2739000 158
2740000 158
2741000 158
2742000 158
2743000 158
2744000 158
2745000 158
2746000 158
2747000 158
2748000 158
2749000 158
2750000 158
2751000 158
2752000 158
2753000 158
2754000 158
2755000 158
2756000 158
2757000 158
2758000 158
2759000 158
2760000 158
2761000 158
2762000 158
2763000 158
2764000 158
2765000 158
2766000 158
2767000 158
2768000 158
2769000 158
2770000 158
2771000 158
2772000 158
2773000 158
2774000 158
2775000 158
2776000 158
2777000 158
2778000 158
2779000 158
2780000 158
2781000 158
2782000 158
2783000 158
2784000 158
2785000 158
2786000 158
2787000 158
2788000 158
2789000 158
2790000 158
2791000 158
2792000 158
2793000 158
2794000 158
2795000 158
2796000 158
2797000 158
2798000 158
2799000 158
2800000 158
2801000 158
2802000 158
2803000 158
2804000 158
2805000 158
2806000 158
2807000 158
2808000 158
2809000 158
2810000 158
2811000 158
2812000 158
2813000 158
2814000 158
2815000 158
2816000 158
2817000 158
2818000 158
2819000 158
2820000 158
2821000 158
2822000 158
2823000 158
2824000 158
2825000 158
2826000 158
2827000 158
2828000 158
2829000 158
2830000 158
2831000 158
2832000 158
2833000 158
2834000 158
2835000 158
2836000 158
2837000 158
2838000 158
2839000 158
2840000 158
2841000 158
2842000 158
2843000 158
2844000 158
2845000 158
2846000 158
2847000 158
2848000 158
2849000 158
2850000 158
2851000 158
2852000 158
2853000 158
2854000 158
2855000 158
2856000 158
2857000 158
2858000 158
2859000 158
2860000 159
2861000 159
2862000 159
2863000 159
2864000 159
2865000 159
2866000 159
2867000 159
2868000 159
2869000 159
2870000 159
2871000 159
2872000 159
2873000 159
2874000 159
2875000 159
2876000 159
2877000 159
2878000 159
2879000 159
2880000 159
2881000 159
2882000 159
2883000 159
2884000 159
2885000 159
2886000 159
2887000 159
2888000 159
2889000 159
2890000 159
2891000 159
2892000 159
2893000 159
2894000 159
2895000 159
2896000 159
2897000 159
2898000 159
2899000 159
2900000 159
2901000 159
2902000 159
2903000 159
2904000 159
2905000 159
2906000 159
2907000 159
2908000 159
2909000 159
2910000 159
2911000 159
2912000 159
2913000 159
2914000 159
2915000 159
2916000 159
2917000 159
2918000 159
2919000 159
2920000 159
2921000 159
2922000 159
2923000 159
2924000 159
2925000 159
2926000 159
2927000 159
2928000 159
2929000 159
2930000 159
2931000 160
2932000 160
2933000 160
2934000 160
2935000 160
2936000 160
2937000 160
2938000 160
2939000 160
2940000 160
2941000 160
2942000 160
2943000 160
2944000 160
2945000 160
2946000 160
2947000 160
2948000 160
2949000 160
2950000 160
2951000 160
2952000 160
2953000 160
2954000 160
2955000 160
2956000 160
2957000 160
2958000 160
2959000 160
2960000 160
2961000 160
2962000 160
2963000 160
2964000 160
2965000 160
2966000 160
2967000 160
2968000 160
2969000 160
2970000 160
2971000 160
2972000 160
2973000 160
2974000 160
2975000 160
2976000 160
2977000 160
2978000 160
2979000 160
2980000 160
2981000 160
2982000 160
2983000 160
2984000 160
2985000 160
2986000 160
2987000 160
2988000 160
2989000 160
2990000 160
2991000 160
2992000 160
2993000 160
2994000 160
2995000 160
2996000 160
2997000 160
2998000 160
2999000 160
3000000 160
3001000 160
3002000 160
3003000 160
3004000 160
3005000 160
3006000 160
3007000 160
3008000 160
3009000 160
3010000 160
3011000 160
3012000 160
3013000 160
3014000 160
3015000 160
3016000 160
3017000 160
3018000 160
3019000 160
3020000 160
3021000 160
3022000 160
3023000 160
3024000 160
3025000 160
3026000 160
3027000 160
3028000 160
3029000 160
3030000 160
3031000 160
3032000 160
3033000 160
3034000 160
3035000 160
3036000 160
3037000 160
3038000 160
3039000 160
3040000 160
3041000 160
3042000 160
3043000 160
3044000 160
3045000 160
3046000 160
3047000 160
3048000 160
3049000 160
3050000 160
3051000 160
3052000 160
3053000 160
3054000 160
3055000 160
3056000 160
3057000 160
3058000 160
3059000 160
3060000 160
3061000 160
3062000 160
3063000 160
3064000 160
3065000 160
3066000 160
3067000 160
3068000 160
3069000 160
3070000 160
3071000 160
3072000 160
3073000 160
3074000 160
3075000 160
3076000 160
3077000 160
3078000 160
3079000 160
3080000 160
3081000 160
3082000 160
3083000 160
3084000 160
3085000 160
3086000 160
3087000 160
3088000 160
3089000 160
3090000 160
3091000 160
3092000 160
3093000 160
3094000 160
3095000 160
3096000 160
3097000 160
3098000 160
3099000 160
3100000 160
3101000 160
3102000 160
3103000 160
3104000 160
3105000 160
3106000 160
3107000 160
3108000 160
3109000 160
3110000 160
3111000 160
3112000 160
3113000 160
3114000 160
3115000 160
3116000 160
3117000 160
3118000 160
3119000 160
3120000 160
3121000 160
3122000 160
3123000 160
3124000 160
3125000 160
3126000 160
3127000 160
3128000 160
3129000 160
3130000 160
3131000 160
3132000 160
3133000 160
3134000 160
3135000 160
3136000 160
3137000 160
3138000 160
3139000 160
3140000 160
3141000 160
3142000 160
3143000 160
3144000 160
3145000 160
3146000 160
3147000 160
3148000 160
3149000 160
3150000 160
3151000 160
3152000 160
3153000 160
3154000 160
3155000 160
3156000 160
3157000 160
3158000 160
3159000 160
3160000 160
3161000 160
3162000 160
3163000 160
3164000 160
3165000 160
3166000 160
3167000 160
3168000 160
3169000 160
3170000 160
3171000 160
3172000 160
3173000 160
3174000 160
3175000 160
3176000 160
3177000 160
3178000 160
3179000 160
3180000 160
3181000 160
3182000 160
3183000 160
3184000 160
3185000 160
3186000 160
3187000 160
3188000 160
3189000 160
3190000 160
3191000 160
3192000 160
3193000 160
3194000 160
3195000 160
3196000 160
3197000 160
3198000 160
3199000 160
3200000 160
3201000 160
3202000 160
3203000 160
3204000 160
3205000 160
3206000 160
3207000 160
3208000 160
3209000 160
3210000 160
3211000 160
3212000 160
3213000 160
3214000 160
3215000 160
3216000 160
3217000 160
3218000 160
3219000 160
3220000 160
3221000 160
3222000 160
3223000 160
3224000 160
3225000 160
3226000 160
3227000 160
3228000 160
3229000 160
3230000 160
3231000 160
3232000 160
3233000 160
3234000 160
3235000 160
3236000 160
3237000 160
3238000 160
3239000 160
3240000 160
3241000 160
3242000 160
3243000 160
3244000 160
3245000 160
3246000 160
3247000 160
3248000 160
3249000 160
3250000 160
3251000 160
3252000 160
3253000 160
3254000 160
3255000 160
3256000 160
3257000 160
3258000 160
3259000 160
3260000 160
3261000 160
3262000 160
3263000 160
3264000 160
3265000 160
3266000 160
3267000 160
3268000 160
3269000 160
3270000 160
3271000 160
3272000 160
3273000 160
3274000 160
3275000 160
3276000 160
3277000 160
3278000 160
3279000 160
3280000 160
3281000 160
3282000 160
3283000 160
3284000 160
3285000 160
3286000 160
3287000 160
3288000 160
3289000 160
3290000 160
3291000 160
3292000 160
3293000 160
3294000 160
3295000 160
3296000 160
3297000 160
3298000 160
3299000 160
3300000 160
3301000 160
3302000 160
3303000 160
3304000 160
3305000 161
3306000 161
3307000 161
3308000 161
3309000 161
3310000 161
3311000 161
3312000 161
3313000 161
3314000 161
3315000 161
3316000 161
3317000 161
3318000 161
3319000 161
3320000 161
3321000 161
3322000 161
3323000 162
3324000 162
3325000 162
3326000 162
3327000 162
3328000 162
3329000 162
3330000 162
3331000 162
3332000 162
3333000 162
3334000 162
3335000 162
3336000 162
3337000 162
3338000 163
3339000 163
3340000 163
3341000 163
3342000 163
3343000 163
3344000 163
3345000 163
3346000 163
3347000 163
3348000 163
3349000 163
3350000 163
3351000 163
3352000 163
3353000 163
3354000 163
3355000 163
3356000 163
3357000 163
3358000 163
3359000 163
3360000 163
3361000 163
3362000 163
3363000 163
3364000 163
3365000 163
3366000 163
3367000 163
3368000 163
3369000 163
3370000 164
3371000 164
3372000 164
3373000 164
3374000 164
3375000 164
3376000 164
3377000 164
3378000 164
3379000 164
3380000 164
3381000 164
3382000 164
3383000 164
3384000 164
3385000 164
3386000 164
3387000 164
3388000 164
3389000 164
3390000 164
3391000 164
3392000 165
3393000 165
3394000 165
3395000 165
3396000 165
3397000 165
3398000 165
3399000 165
3400000 165
3401000 165
3402000 165
3403000 165
3404000 165
3405000 165
3406000 165
3407000 165
3408000 166
3409000 166
3410000 166
3411000 166
3412000 166
3413000 166
3414000 166
3415000 166
3416000 166
3417000 166
3418000 166
3419000 166
3420000 166
3421000 166
3422000 167
3423000 167
3424000 167
3425000 167
3426000 167
3427000 167
3428000 167
3429000 167
3430000 167
3431000 167
3432000 167
3433000 167
3434000 167
3435000 167
3436000 167
3437000 167
3438000 167
3439000 167
3440000 167
3441000 167
3442000 167
3443000 167
3444000 167
3445000 167
3446000 167
3447000 167
3448000 167
3449000 167
3450000 167
3451000 167
3452000 167
3453000 167
3454000 167
3455000 167
3456000 167
3457000 167
3458000 167
3459000 167
3460000 167
3461000 167
3462000 167
3463000 167
3464000 167
3465000 167
3466000 167
3467000 167
3468000 167
3469000 167
3470000 167
3471000 167
3472000 167
3473000 167
3474000 167
3475000 167
3476000 167
3477000 167
3478000 167
3479000 167
3480000 167
3481000 167
3482000 167
3483000 167
3484000 167
3485000 167
3486000 167
3487000 167
3488000 167
3489000 167
3490000 167
3491000 167
3492000 167
3493000 167
3494000 167
3495000 167
3496000 167
3497000 167
3498000 167
3499000 167
3500000 167
3501000 167
3502000 167
3503000 167
3504000 167
3505000 167
3506000 167
3507000 167
3508000 167
3509000 167
3510000 167
3511000 167
3512000 167
3513000 167
3514000 167
3515000 167
3516000 167
3517000 167
3518000 167
3519000 167
3520000 167
3521000 167
3522000 167
3523000 167
3524000 167
3525000 167
3526000 167
3527000 167
3528000 167
3529000 167
3530000 167
3531000 167
3532000 167
3533000 167
3534000 167
3535000 167
3536000 167
3537000 167
3538000 167
3539000 167
3540000 167
3541000 167
3542000 168
3543000 168
3544000 168
3545000 168
3546000 168
3547000 168
3548000 168
3549000 168
3550000 168
3551000 168
3552000 168
3553000 168
3554000 168
3555000 168
3556000 168
3557000 168
3558000 168
3559000 168
3560000 168
3561000 168
3562000 168
3563000 168
3564000 168
3565000 168
3566000 168
3567000 168
3568000 168
3569000 168
3570000 168
3571000 168
3572000 168
3573000 169
3574000 169
3575000 169
3576000 169
3577000 169
3578000 169
3579000 169
3580000 169
3581000 169
3582000 169
3583000 169
3584000 169
3585000 169
3586000 169
3587000 169
3588000 169
3589000 170
3590000 170
3591000 170
3592000 170
3593000 170
3594000 170
3595000 170
3596000 170
3597000 170
3598000 170
3599000 170
3600000 170
3601000 170
3602000 170
3603000 171
3604000 171
3605000 171
3606000 171
3607000 171
3608000 171
3609000 171
3610000 171
3611000 171
3612000 171
3613000 171
3614000 171
3615000 171
3616000 171
3617000 171
3618000 171
3619000 171
3620000 171
3621000 171
3622000 171
3623000 171
3624000 171
3625000 171
3626000 172
3627000 172
3628000 172
3629000 172
3630000 172
3631000 172
3632000 172
3633000 172
3634000 172
3635000 172
3636000 172
3637000 172
3638000 172
3639000 172
3640000 172
3641000 172
3642000 172
3643000 172
3644000 172
3645000 172
3646000 172
3647000 172
3648000 172
3649000 172
3650000 172
3651000 172
3652000 172
3653000 172
3654000 172
3655000 172
3656000 172
3657000 172
3658000 172
3659000 172
3660000 172
3661000 172
3662000 172
3663000 172
3664000 172
3665000 172
3666000 172
3667000 172
3668000 172
3669000 172
3670000 172
3671000 172
3672000 172
3673000 172
3674000 172
3675000 172
3676000 172
3677000 172
3678000 172
3679000 172
3680000 172
3681000 172
3682000 172
3683000 172
3684000 172
3685000 172
3686000 172
3687000 172
3688000 172
3689000 172
3690000 172
3691000 172
3692000 173
3693000 173
3694000 173
3695000 173
3696000 173
3697000 173
3698000 173
3699000 173
3700000 173
3701000 173
3702000 173
3703000 173
3704000 173
3705000 173
3706000 173
3707000 173
3708000 173
3709000 174
3710000 174
3711000 174
3712000 174
3713000 174
3714000 174
3715000 174
3716000 174
3717000 174
3718000 174
3719000 174
3720000 174
3721000 174
3722000 174
3723000 174
3724000 174
3725000 175
3726000 175
3727000 175
3728000 175
3729000 175
3730000 175
3731000 175
3732000 175
3733000 175
3734000 175
3735000 175
3736000 175
3737000 175
3738000 175
3739000 175
3740000 175
3741000 175
3742000 175
3743000 175
3744000 175
3745000 175
3746000 175
3747000 175
3748000 175
3749000 175
3750000 175
3751000 175
3752000 175
3753000 175
3754000 175
3755000 175
3756000 175
3757000 175
3758000 175
3759000 175
3760000 175
3761000 175
3762000 175
3763000 175
3764000 175
3765000 175
3766000 175
3767000 175
3768000 175
3769000 175
3770000 175
3771000 175
3772000 175
3773000 175
3774000 175
3775000 175
3776000 175
3777000 175
3778000 175
3779000 175
3780000 175
3781000 175
3782000 175
3783000 175
3784000 175
3785000 175
3786000 175
3787000 175
3788000 175
3789000 175
3790000 175
3791000 175
3792000 175
3793000 175
3794000 175
3795000 175
3796000 175
3797000 175
3798000 175
3799000 175
3800000 175
3801000 175
3802000 175
3803000 175
3804000 175
3805000 175
3806000 175
3807000 175
3808000 175
3809000 175
3810000 175
3811000 176
3812000 176
3813000 176
3814000 176
3815000 176
3816000 176
3817000 176
3818000 176
3819000 176
3820000 176
3821000 176
3822000 176
3823000 176
3824000 176
3825000 176
3826000 176
3827000 176
3828000 176
3829000 176
3830000 176
3831000 176
3832000 176
3833000 176
3834000 176
3835000 176
3836000 176
3837000 176
3838000 176
3839000 176
3840000 176
3841000 176
3842000 176
3843000 176
3844000 176
3845000 176
3846000 176
3847000 176
3848000 176
3849000 176
3850000 176
3851000 176
3852000 176
3853000 176
3854000 176
3855000 176
3856000 176
3857000 176
3858000 176
3859000 176
3860000 176
3861000 176
3862000 176
3863000 176
3864000 176
3865000 176
3866000 176
3867000 176
3868000 176
3869000 176
3870000 176
3871000 176
3872000 176
3873000 176
3874000 176
3875000 176
3876000 176
3877000 177
3878000 177
3879000 177
3880000 177
3881000 177
3882000 177
3883000 177
3884000 177
3885000 177
3886000 177
3887000 177
3888000 177
3889000 177
3890000 177
3891000 177
3892000 177
3893000 177
3894000 177
3895000 177
3896000 177
3897000 177
3898000 177
3899000 177
3900000 177
3901000 177
3902000 177
3903000 177
3904000 177
3905000 177
3906000 177
3907000 177
3908000 177
3909000 177
3910000 178
3911000 178
3912000 178
3913000 178
3914000 178
3915000 178
3916000 178
3917000 178
3918000 178
3919000 178
3920000 178
3921000 178
3922000 178
3923000 178
3924000 178
3925000 178
3926000 178
3927000 178
3928000 178
3929000 178
3930000 178
3931000 178
3932000 178
3933000 178
3934000 178
3935000 178
3936000 178
3937000 179
3938000 179
3939000 179
3940000 179
3941000 179
3942000 179
3943000 179
3944000 179
3945000 179
3946000 179
3947000 179
3948000 179
3949000 179
3950000 179
3951000 179
3952000 179
3953000 179
3954000 179
3955000 179
3956000 179
3957000 179
3958000 179
3959000 179
3960000 179
3961000 180
3962000 180
3963000 180
3964000 180
3965000 180
3966000 180
3967000 180
3968000 180
3969000 180
3970000 180
3971000 180
3972000 180
3973000 180
3974000 180
3975000 180
3976000 180
3977000 180
3978000 180
3979000 180
3980000 180
3981000 180
3982000 180
3983000 180
3984000 180
3985000 180
3986000 181
3987000 181
3988000 181
3989000 181
3990000 181
3991000 181
3992000 181
3993000 181
3994000 181
3995000 181
3996000 181
3997000 181
3998000 181
3999000 181
4000000 181
4001000 181
4002000 181
4003000 181
4004000 181
4005000 181
4006000 181
4007000 181
4008000 181
4009000 181
4010000 181
4011000 181
4012000 181
4013000 181
4014000 182
4015000 182
4016000 182
4017000 182
4018000 182
4019000 182
4020000 182
4021000 182
4022000 182
4023000 182
4024000 182
4025000 182
4026000 182
4027000 182
4028000 182
4029000 182
4030000 182
4031000 182
4032000 182
4033000 182
4034000 182
4035000 182
4036000 183
4037000 183
4038000 183
4039000 183
4040000 183
4041000 183
4042000 183
4043000 183
4044000 183
4045000 183
4046000 183
4047000 183
4048000 183
4049000 183
4050000 183
4051000 183
4052000 183
4053000 183
4054000 183
4055000 183
4056000 183
4057000 183
4058000 183
4059000 183
4060000 183
4061000 183
4062000 183
4063000 183
4064000 183
4065000 183
4066000 183
4067000 183
4068000 183
4069000 183
4070000 183
4071000 183
4072000 183
4073000 183
4074000 183
4075000 183
4076000 183
4077000 183
4078000 183
4079000 183
4080000 183
4081000 183
4082000 183
4083000 183
4084000 183
4085000 183
4086000 183
4087000 183
4088000 183
4089000 183
4090000 183
4091000 183
4092000 183
4093000 183
4094000 183
4095000 183
4096000 183
4097000 183
4098000 183
4099000 183
4100000 183
4101000 183
4102000 183
4103000 183
4104000 183
4105000 183
4106000 183
4107000 183
4108000 183
4109000 183
4110000 183
4111000 183
4112000 183
4113000 183
4114000 183
4115000 183
4116000 183
4117000 183
4118000 183
4119000 183
4120000 183
4121000 183
4122000 183
4123000 183
4124000 183
4125000 183
4126000 183
4127000 183
4128000 183
4129000 183
4130000 183
4131000 183
4132000 183
4133000 183
4134000 183
4135000 183
4136000 183
4137000 183
4138000 183
4139000 183
4140000 183
4141000 183
4142000 183
4143000 183
4144000 183
4145000 183
4146000 183
4147000 183
4148000 183
4149000 183
4150000 183
4151000 183
4152000 183
4153000 183
4154000 183
4155000 183
4156000 183
4157000 183
4158000 183
4159000 183
4160000 183
4161000 183
4162000 183
4163000 183
4164000 183
4165000 183
4166000 183
4167000 183
4168000 183
4169000 183
4170000 183
4171000 183
4172000 183
4173000 183
4174000 183
4175000 183
4176000 183
4177000 183
4178000 183
4179000 183
4180000 183
4181000 183
4182000 183
4183000 183
4184000 183
4185000 183
4186000 183
4187000 183
4188000 183
4189000 183
4190000 183
4191000 183
4192000 183
4193000 183
4194000 183
4195000 183
4196000 183
4197000 183
4198000 183
4199000 183
4200000 183
4201000 183
4202000 183
4203000 183
4204000 183
4205000 183
4206000 183
4207000 183
4208000 183
4209000 183
4210000 183
4211000 183
4212000 183
4213000 183
4214000 183
4215000 183
4216000 183
4217000 183
4218000 183
4219000 183
4220000 183
4221000 183
4222000 183
4223000 183
4224000 183
4225000 183
4226000 183
4227000 183
4228000 183
4229000 183
4230000 183
4231000 183
4232000 183
4233000 183
4234000 183
4235000 183
4236000 183
4237000 183
4238000 183
4239000 183
4240000 183
4241000 183
4242000 183
4243000 183
4244000 183
4245000 183
4246000 183
4247000 183
4248000 183
4249000 183
4250000 183
4251000 183
4252000 183
4253000 183
4254000 183
4255000 183
4256000 183
4257000 183
4258000 183
4259000 183
4260000 183
4261000 183
4262000 183
4263000 183
4264000 183
4265000 183
4266000 183
4267000 183
4268000 183
4269000 183
4270000 183
4271000 183
4272000 183
4273000 183
4274000 183
4275000 183
4276000 183
4277000 183
4278000 183
4279000 183
4280000 183
4281000 183
4282000 183
4283000 183
4284000 183
4285000 183
4286000 183
4287000 183
4288000 183
4289000 183
4290000 183
4291000 183
4292000 183
4293000 183
4294000 183
4295000 183
4296000 183
4297000 183
4298000 183
4299000 183
4300000 183
4301000 183
4302000 183
4303000 183
4304000 183
4305000 183
4306000 183
4307000 183
4308000 183
4309000 183
4310000 183
4311000 183
4312000 183
4313000 183
4314000 183
4315000 183
4316000 183
4317000 183
4318000 183
4319000 183
4320000 183
4321000 183
4322000 183
4323000 183
4324000 183
4325000 183
4326000 183
4327000 183
4328000 183
4329000 183
4330000 183
4331000 183
4332000 183
4333000 183
4334000 183
4335000 183
4336000 183
4337000 183
4338000 183
4339000 183
4340000 183
4341000 183
4342000 183
4343000 183
4344000 183
4345000 183
4346000 183
4347000 183
4348000 183
4349000 183
4350000 183
4351000 183
4352000 183
4353000 183
4354000 183
4355000 183
4356000 183
4357000 183
4358000 183
4359000 183
4360000 183
4361000 183
4362000 183
4363000 183
4364000 183
4365000 183
4366000 183
4367000 183
4368000 183
4369000 183
4370000 183
4371000 183
4372000 183
4373000 183
4374000 183
4375000 183
4376000 183
4377000 183
4378000 183
4379000 183
4380000 183
4381000 183
4382000 183
4383000 183
4384000 183
4385000 183
4386000 183
4387000 183
4388000 183
4389000 183
4390000 183
4391000 183
4392000 183
4393000 183
4394000 183
4395000 183
4396000 183
4397000 183
4398000 183
4399000 183
4400000 183
4401000 183
4402000 183
4403000 183
4404000 184
4405000 184
4406000 184
4407000 184
4408000 184
4409000 184
4410000 184
4411000 184
4412000 184
4413000 184
4414000 184
4415000 184
4416000 184
4417000 184
4418000 184
4419000 184
4420000 184
4421000 184
4422000 184
4423000 184
4424000 184
4425000 184
4426000 184
4427000 184
4428000 184
4429000 184
4430000 184
4431000 184
4432000 184
4433000 184
4434000 184
4435000 184
4436000 184
4437000 184
4438000 184
4439000 184
4440000 184
4441000 184
4442000 184
4443000 184
4444000 184
4445000 184
4446000 184
4447000 184
4448000 184
4449000 184
4450000 184
4451000 184
4452000 184
4453000 184
4454000 184
4455000 184
4456000 184
4457000 184
4458000 184
4459000 184
4460000 184
4461000 184
4462000 184
4463000 184
4464000 184
4465000 184
4466000 184
4467000 184
4468000 184
4469000 184
4470000 184
4471000 184
4472000 184
4473000 184
4474000 184
4475000 184
4476000 184
4477000 184
4478000 184
4479000 184
4480000 184
4481000 184
4482000 184
4483000 184
4484000 184
4485000 184
4486000 184
4487000 184
4488000 184
4489000 184
4490000 184
4491000 184
4492000 184
4493000 184
4494000 184
4495000 184
4496000 184
4497000 184
4498000 184
4499000 184
4500000 184
4501000 184
4502000 184
4503000 184
4504000 184
4505000 184
4506000 184
4507000 184
4508000 184
4509000 184
4510000 184
4511000 184
4512000 184
4513000 184
4514000 184
4515000 184
4516000 184
4517000 184
4518000 184
4519000 184
4520000 184
4521000 184
4522000 184
4523000 184
4524000 184
4525000 184
4526000 184
4527000 184
4528000 184
4529000 184
4530000 184
4531000 184
4532000 184
4533000 184
4534000 184
4535000 184
4536000 184
4537000 184
4538000 184
4539000 184
4540000 184
4541000 184
4542000 184
4543000 184
4544000 184
4545000 184
4546000 184
4547000 184
4548000 184
4549000 184
4550000 184
4551000 184
4552000 184
4553000 184
4554000 184
4555000 184
4556000 184
4557000 184
4558000 184
4559000 184
4560000 184
4561000 184
4562000 184
4563000 184
4564000 184
4565000 184
4566000 184
4567000 184
4568000 184
4569000 184
4570000 184
4571000 184
4572000 184
4573000 184
4574000 184
4575000 184
4576000 184
4577000 184
4578000 184
4579000 184
4580000 184
4581000 184
4582000 184
4583000 184
4584000 184
4585000 184
4586000 184
4587000 184
4588000 184
4589000 184
4590000 184
4591000 184
4592000 184
4593000 184
4594000 184
4595000 184
4596000 184
4597000 184
4598000 184
4599000 184
4600000 184
4601000 184
4602000 184
4603000 184
4604000 184
4605000 184
4606000 184
4607000 184
4608000 184
4609000 184
4610000 184
4611000 184
4612000 184
4613000 184
4614000 184
4615000 184
4616000 184
4617000 185
4618000 185
4619000 185
4620000 185
4621000 185
4622000 185
4623000 185
4624000 185
4625000 185
4626000 185
4627000 185
4628000 185
4629000 185
4630000 185
4631000 185
4632000 185
4633000 185
4634000 185
4635000 185
4636000 185
4637000 185
4638000 185
4639000 185
4640000 185
4641000 185
4642000 185
4643000 185
4644000 185
4645000 185
4646000 185
4647000 185
4648000 185
4649000 185
4650000 185
4651000 185
4652000 185
4653000 185
4654000 185
4655000 185
4656000 185
4657000 185
4658000 185
4659000 185
4660000 185
4661000 185
4662000 185
4663000 185
4664000 185
4665000 185
4666000 185
4667000 185
4668000 185
4669000 185
4670000 185
4671000 185
4672000 185
4673000 185
4674000 185
4675000 185
4676000 185
4677000 185
4678000 185
4679000 185
4680000 185
4681000 185
4682000 185
4683000 185
4684000 185
4685000 185
4686000 185
4687000 185
4688000 185
4689000 185
4690000 185
4691000 185
4692000 185
4693000 185
4694000 185
4695000 185
4696000 185
4697000 185
4698000 185
4699000 185
4700000 185
4701000 185
4702000 185
4703000 185
4704000 185
4705000 185
4706000 185
4707000 185
4708000 185
4709000 185
4710000 185
4711000 185
4712000 185
4713000 185
4714000 185
4715000 185
4716000 185
4717000 185
4718000 185
4719000 185
4720000 185
4721000 185
4722000 185
4723000 185
4724000 185
4725000 185
4726000 185
4727000 185
4728000 185
4729000 185
4730000 185
4731000 185
4732000 185
4733000 185
4734000 185
4735000 185
4736000 185
4737000 185
4738000 185
4739000 185
4740000 185
4741000 185
4742000 185
4743000 185
4744000 185
4745000 185
4746000 185
4747000 185
4748000 185
4749000 185
4750000 185
4751000 185
4752000 185
4753000 185
4754000 185
4755000 185
4756000 185
4757000 185
4758000 185
4759000 185
4760000 185
4761000 185
4762000 185
4763000 185
4764000 185
4765000 185
4766000 185
4767000 185
4768000 185
4769000 185
4770000 185
4771000 185
4772000 185
4773000 185
4774000 185
4775000 185
4776000 185
4777000 185
4778000 185
4779000 185
4780000 185
4781000 185
4782000 185
4783000 185
4784000 185
4785000 185
4786000 185
4787000 185
4788000 185
4789000 185
4790000 185
4791000 185
4792000 185
4793000 185
4794000 185
4795000 185
4796000 185
4797000 185
4798000 185
4799000 185
4800000 185
4801000 185
4802000 185
4803000 185
4804000 185
4805000 185
4806000 185
4807000 185
4808000 185
4809000 185
4810000 185
4811000 185
4812000 185
4813000 185
4814000 185
4815000 185
4816000 185
4817000 185
4818000 185
4819000 185
4820000 185
4821000 185
4822000 185
4823000 185
4824000 185
4825000 185
4826000 185
4827000 185
4828000 185
4829000 185
4830000 185
4831000 185
4832000 185
4833000 185
4834000 185
4835000 185
4836000 185
4837000 185
4838000 185
4839000 185
4840000 185
4841000 185
4842000 185
4843000 185
4844000 185
4845000 185
4846000 185
4847000 185
4848000 185
4849000 185
4850000 185
4851000 185
4852000 185
4853000 185
4854000 185
4855000 185
4856000 185
4857000 185
4858000 185
4859000 185
4860000 185
4861000 185
4862000 185
4863000 185
4864000 185
4865000 185
4866000 185
4867000 185
4868000 185
4869000 185
4870000 185
4871000 185
4872000 185
4873000 185
4874000 185
4875000 185
4876000 185
4877000 185
4878000 185
4879000 185
4880000 185
4881000 185
4882000 185
4883000 185
4884000 185
4885000 185
4886000 185
4887000 185
4888000 185
4889000 185
4890000 185
4891000 185
4892000 185
4893000 185
4894000 185
4895000 185
4896000 185
4897000 185
4898000 185
4899000 185
4900000 185
4901000 185
4902000 185
4903000 185
4904000 185
4905000 185
4906000 185
4907000 185
4908000 185
4909000 185
4910000 185
4911000 185
4912000 185
4913000 185
4914000 185
4915000 185
4916000 185
4917000 185
4918000 185
4919000 185
4920000 185
4921000 185
4922000 185
4923000 185
4924000 185
4925000 185
4926000 185
4927000 185
4928000 185
4929000 185
4930000 185
4931000 185
4932000 185
4933000 185
4934000 185
4935000 185
4936000 185
4937000 185
4938000 185
4939000 185
4940000 185
4941000 185
4942000 185
4943000 185
4944000 185
4945000 185
4946000 185
4947000 185
4948000 185
4949000 185
4950000 185
4951000 185
4952000 185
4953000 185
4954000 185
4955000 185
4956000 185
4957000 185
4958000 185
4959000 185
4960000 185
4961000 185
4962000 185
4963000 185
4964000 185
4965000 185
4966000 185
4967000 185
4968000 185
4969000 185
4970000 185
4971000 185
4972000 185
4973000 185
4974000 185
4975000 185
4976000 185
4977000 185
4978000 185
4979000 185
4980000 185
4981000 185
4982000 185
4983000 185
4984000 185
4985000 185
4986000 185
4987000 185
4988000 186
4989000 186
4990000 186
4991000 186
4992000 186
4993000 186
4994000 186
4995000 186
4996000 186
4997000 186
4998000 186
4999000 186
5000000 186
