0 0
1000 0
2000 0
3000 0
4000 0
5000 0
6000 0
7000 0
8000 0
9000 0
10000 0
11000 0
12000 0
13000 0
14000 0
15000 0
16000 0
17000 0
18000 0
19000 0
20000 0
21000 0
22000 0
23000 0
24000 0
25000 0
26000 0
27000 0
28000 0
29000 0
30000 0
31000 0
32000 0
33000 0
34000 0
35000 0
36000 0
37000 0
38000 0
39000 0
40000 1
41000 1
42000 1
43000 1
44000 1
45000 1
46000 1
47000 1
48000 1
49000 1
50000 1
51000 1
52000 1
53000 1
54000 1
55000 1
56000 1
57000 2
58000 2
59000 2
60000 2
61000 2
62000 2
63000 2
64000 2
65000 2
66000 2
67000 2
68000 2
69000 2
70000 2
71000 2
72000 2
73000 2
74000 2
75000 2
76000 2
77000 2
78000 2
79000 3
80000 3
81000 3
82000 3
83000 3
84000 3
85000 3
86000 3
87000 3
88000 3
89000 3
90000 3
91000 3
92000 3
93000 3
94000 3
95000 3
96000 3
97000 3
98000 3
99000 3
100000 3
101000 3
102000 3
103000 3
104000 3
105000 3
106000 4
107000 4
108000 4
109000 4
110000 4
111000 4
112000 4
113000 4
114000 4
115000 4
116000 4
117000 4
118000 4
119000 4
120000 4
121000 4
122000 4
123000 4
124000 4
125000 4
126000 4
127000 4
128000 5
129000 5
130000 5
131000 5
132000 5
133000 5
134000 5
135000 5
136000 5
137000 5
138000 5
139000 5
140000 5
141000 5
142000 5
143000 5
144000 5
145000 5
146000 5
147000 6
148000 6
149000 6
150000 6
151000 6
152000 6
153000 6
154000 6
155000 6
156000 6
157000 6
158000 6
159000 6
160000 6
161000 6
162000 6
163000 6
164000 6
165000 6
166000 6
167000 6
168000 6
169000 6
170000 6
171000 6
172000 6
173000 6
174000 6
175000 6
176000 6
177000 6
178000 6
179000 6
180000 6
181000 6
182000 6
183000 6
184000 6
185000 6
186000 6
187000 6
188000 6
189000 6
190000 6
191000 6
192000 6
193000 6
194000 6
195000 6
196000 6
197000 6
198000 6
199000 6
200000 6
201000 6
202000 6
203000 6
204000 6
205000 6
206000 6
207000 6
208000 6
209000 6
210000 6
211000 6
212000 6
213000 6
214000 6
215000 6
216000 6
217000 6
218000 6
219000 6
220000 6
221000 6
222000 6
223000 6
224000 6
225000 6
226000 6
227000 6
228000 6
229000 6
230000 6
231000 6
232000 6
233000 6
234000 6
235000 6
236000 6
237000 6
238000 6
239000 6
240000 6
241000 6
242000 6
243000 6
244000 6
245000 6
246000 6
247000 6
248000 6
249000 6
250000 6
251000 6
252000 6
253000 6
254000 6
255000 6
256000 6
257000 6
258000 6
259000 6
260000 6
261000 6
262000 6
263000 6
264000 6
265000 6
266000 6
267000 6
268000 6
269000 6
270000 6
271000 6
272000 6
273000 6
274000 6
275000 6
276000 6
277000 6
278000 6
279000 6
280000 6
281000 6
282000 6
283000 6
284000 6
285000 6
286000 6
287000 6
288000 6
289000 6
290000 6
291000 6
292000 6
293000 6
294000 6
295000 6
296000 6
297000 6
298000 6
299000 6
300000 6
301000 6
302000 6
303000 6
304000 6
305000 6
306000 6
307000 6
308000 6
309000 6
310000 6
311000 6
312000 6
313000 6
314000 6
315000 6
316000 6
317000 6
318000 6
319000 6
320000 6
321000 6
322000 6
323000 7
324000 7
325000 7
326000 7
327000 7
328000 7
329000 7
330000 7
331000 7
332000 7
333000 7
334000 7
335000 7
336000 7
337000 7
338000 7
339000 7
340000 7
341000 7
342000 7
343000 7
344000 7
345000 7
346000 7
347000 7
348000 7
349000 7
350000 7
351000 7
352000 7
353000 7
354000 7
355000 7
356000 7
357000 7
358000 7
359000 7
360000 7
361000 7
362000 7
363000 7
364000 7
365000 8
366000 8
367000 8
368000 8
369000 8
370000 8
371000 8
372000 8
373000 8
374000 8
375000 8
376000 8
377000 8
378000 8
379000 8
380000 8
381000 8
382000 8
383000 8
384000 8
385000 8
386000 8
387000 8
388000 9
389000 9
390000 9
391000 9
392000 9
393000 9
394000 9
395000 9
396000 9
397000 9
398000 9
399000 9
400000 9
401000 9
402000 10
403000 10
404000 10
405000 10
406000 10
407000 10
408000 10
409000 10
410000 10
411000 10
412000 10
413000 10
414000 10
415000 10
416000 10
417000 11
418000 11
419000 11
420000 11
421000 11
422000 11
423000 11
424000 11
425000 11
426000 11
427000 11
428000 11
429000 11
430000 11
431000 11
432000 11
433000 11
434000 12
435000 12
436000 12
437000 12
438000 12
439000 12
440000 12
441000 12
442000 12
443000 12
444000 12
445000 13
446000 13
447000 13
448000 13
449000 13
450000 13
451000 13
452000 13
453000 13
454000 13
455000 13
456000 13
457000 13
458000 13
459000 13
460000 13
461000 13
462000 13
463000 14
464000 14
465000 14
466000 14
467000 14
468000 14
469000 14
470000 14
471000 14
472000 14
473000 15
474000 15
475000 15
476000 15
477000 15
478000 15
479000 15
480000 15
481000 15
482000 16
483000 16
484000 16
485000 16
486000 16
487000 16
488000 16
489000 16
490000 16
491000 16
492000 16
493000 17
494000 17
495000 17
496000 17
497000 17
498000 17
499000 17
500000 17
501000 17
502000 17
503000 17
504000 17
505000 18
506000 18
507000 18
508000 18
509000 18
510000 18
511000 18
512000 18
513000 18
514000 18
515000 18
516000 18
517000 19
518000 19
519000 19
520000 19
521000 19
522000 19
523000 19
524000 19
525000 20
526000 20
527000 20
528000 20
529000 20
530000 20
531000 20
532000 20
533000 20
534000 20
535000 20
536000 20
537000 20
538000 20
539000 20
540000 20
541000 20
542000 20
543000 20
544000 20
545000 20
546000 20
547000 20
548000 21
549000 21
550000 21
551000 21
552000 21
553000 21
554000 21
555000 21
556000 21
557000 21
558000 21
559000 21
560000 21
561000 21
562000 21
563000 22
564000 22
565000 22
566000 22
567000 22
568000 22
569000 22
570000 22
571000 22
572000 22
573000 22
574000 22
575000 22
576000 22
577000 22
578000 23
579000 23
580000 23
581000 23
582000 23
583000 23
584000 23
585000 23
586000 23
587000 23
588000 23
589000 23
590000 23
591000 24
592000 24
593000 24
594000 24
595000 24
596000 24
597000 24
598000 24
599000 24
600000 24
601000 24
602000 24
603000 24
604000 24
605000 24
606000 24
607000 24
608000 24
609000 25
610000 25
611000 25
612000 25
613000 25
614000 25
615000 25
616000 25
617000 25
618000 25
619000 25
620000 25
621000 25
622000 26
623000 26
624000 26
625000 26
626000 26
627000 26
628000 26
629000 26
630000 26
631000 26
632000 26
633000 26
634000 26
635000 26
636000 26
637000 26
638000 27
639000 27
640000 27
641000 27
642000 27
643000 27
644000 27
645000 27
646000 27
647000 27
648000 27
649000 27
650000 27
651000 27
652000 27
653000 27
654000 27
655000 27
656000 27
657000 27
658000 27
659000 27
660000 27
661000 27
662000 27
663000 27
664000 27
665000 27
666000 27
667000 27
668000 27
669000 27
670000 27
671000 27
672000 27
673000 27
674000 27
675000 27
676000 27
677000 27
678000 27
679000 27
680000 27
681000 27
682000 27
683000 27
684000 27
685000 27
686000 27
687000 27
688000 27
689000 27
690000 27
691000 27
692000 27
693000 27
694000 27
695000 27
696000 27
697000 27
698000 27
699000 27
700000 27
701000 27
702000 27
703000 27
704000 27
705000 27
706000 27
707000 27
708000 27
709000 27
710000 27
711000 27
712000 27
713000 27
714000 27
715000 27
716000 27
717000 27
718000 27
719000 27
720000 27
721000 27
722000 27
723000 27
724000 27
725000 27
726000 27
727000 27
728000 27
729000 27
730000 27
731000 27
732000 27
733000 27
734000 27
735000 27
736000 27
737000 28
738000 28
739000 28
740000 28
741000 28
742000 28
743000 28
744000 28
745000 28
746000 28
747000 28
748000 28
749000 28
750000 28
751000 28
752000 29
753000 29
754000 29
755000 29
756000 29
757000 29
758000 29
759000 29
760000 29
761000 29
762000 29
763000 29
764000 29
765000 30
766000 30
767000 30
768000 30
769000 30
770000 30
771000 30
772000 30
773000 30
774000 30
775000 30
776000 31
777000 31
778000 31
779000 31
780000 31
781000 31
782000 31
783000 31
784000 31
785000 31
786000 31
787000 31
788000 31
789000 31
790000 31
791000 31
792000 31
793000 32
794000 32
795000 32
796000 32
797000 32
798000 32
799000 32
800000 32
801000 32
802000 32
803000 32
804000 32
805000 32
806000 32
807000 32
808000 32
809000 33
810000 33
811000 33
812000 33
813000 33
814000 33
815000 33
816000 33
817000 33
818000 33
819000 33
820000 33
821000 33
822000 33
823000 33
824000 33
825000 33
826000 33
827000 33
828000 33
829000 33
830000 33
831000 33
832000 33
833000 33
834000 33
835000 33
836000 34
837000 34
838000 34
839000 34
840000 34
841000 34
842000 34
843000 34
844000 34
845000 34
846000 34
847000 35
848000 35
849000 35
850000 35
851000 35
852000 35
853000 35
854000 35
855000 35
856000 35
857000 35
858000 36
859000 36
860000 36
861000 36
862000 36
863000 36
864000 36
865000 36
866000 36
867000 36
868000 37
869000 37
870000 37
871000 37
872000 37
873000 37
874000 37
875000 37
876000 37
877000 37
878000 37
879000 37
880000 37
881000 37
882000 38
883000 38
884000 38
885000 38
886000 38
887000 38
888000 38
889000 38
890000 38
891000 38
892000 38
893000 38
894000 38
895000 38
896000 38
897000 38
898000 38
899000 38
900000 39
901000 39
902000 39
903000 39
904000 39
905000 39
906000 39
907000 39
908000 39
909000 39
910000 39
911000 39
912000 39
913000 39
914000 39
915000 39
916000 39
917000 40
918000 40
919000 40
920000 40
921000 40
922000 40
923000 40
924000 40
925000 40
926000 40
927000 40
928000 41
929000 41
930000 41
931000 41
932000 41
933000 41
934000 41
935000 41
936000 41
937000 41
938000 41
939000 41
940000 41
941000 41
942000 42
943000 42
944000 42
945000 42
946000 42
947000 42
948000 42
949000 42
950000 42
951000 42
952000 42
953000 42
954000 43
955000 43
956000 43
957000 43
958000 43
959000 43
960000 43
961000 43
962000 43
963000 43
964000 43
965000 43
966000 44
967000 44
968000 44
969000 44
970000 44
971000 44
972000 44
973000 44
974000 44
975000 44
976000 44
977000 44
978000 44
979000 44
980000 44
981000 44
982000 44
983000 44
984000 44
985000 44
986000 44
987000 44
988000 44
989000 44
990000 45
991000 45
992000 45
993000 45
994000 45
995000 45
996000 45
997000 45
998000 45
999000 45
1000000 45
1001000 45
1002000 45
1003000 45
1004000 45
1005000 45
1006000 45
1007000 45
1008000 45
1009000 45
1010000 45
1011000 46
1012000 46
1013000 46
1014000 46
1015000 46
1016000 46
1017000 46
1018000 46
1019000 46
1020000 46
1021000 46
1022000 46
1023000 46
1024000 46
1025000 46
1026000 46
1027000 46
1028000 46
1029000 46
1030000 46
1031000 46
1032000 47
1033000 47
1034000 47
1035000 47
1036000 47
1037000 47
1038000 47
1039000 47
1040000 47
1041000 47
1042000 47
1043000 47
1044000 47
1045000 47
1046000 47
1047000 47
1048000 47
1049000 47
1050000 47
1051000 47
1052000 47
1053000 47
1054000 48
1055000 48
1056000 48
1057000 48
1058000 48
1059000 48
1060000 48
1061000 48
1062000 48
1063000 48
1064000 48
1065000 48
1066000 49
1067000 49
1068000 49
1069000 49
1070000 49
1071000 49
1072000 49
1073000 49
1074000 49
1075000 49
1076000 49
1077000 49
1078000 49
1079000 49
1080000 49
1081000 49
1082000 49
1083000 49
1084000 49
1085000 49
1086000 49
1087000 49
1088000 50
1089000 50
1090000 50
1091000 50
1092000 50
1093000 50
1094000 50
1095000 50
1096000 50
1097000 50
1098000 50
1099000 50
1100000 50
1101000 50
1102000 50
1103000 50
1104000 50
1105000 50
1106000 50
1107000 50
1108000 50
1109000 50
1110000 50
1111000 50
1112000 50
1113000 50
1114000 50
1115000 50
1116000 50
1117000 50
1118000 50
1119000 50
1120000 50
1121000 50
1122000 50
1123000 50
1124000 50
1125000 50
1126000 50
1127000 50
1128000 50
1129000 50
1130000 51
1131000 51
1132000 51
1133000 51
1134000 51
1135000 51
1136000 51
1137000 51
1138000 51
1139000 51
1140000 51
1141000 51
1142000 51
1143000 51
1144000 51
1145000 51
1146000 51
1147000 51
1148000 51
1149000 52
1150000 52
1151000 52
1152000 52
1153000 52
1154000 52
1155000 52
1156000 52
1157000 52
1158000 52
1159000 52
1160000 52
1161000 52
1162000 52
1163000 52
1164000 53
1165000 53
1166000 53
1167000 53
1168000 53
1169000 53
1170000 53
1171000 53
1172000 53
1173000 53
1174000 53
1175000 53
1176000 54
1177000 54
1178000 54
1179000 54
1180000 54
1181000 54
1182000 54
1183000 54
1184000 54
1185000 54
1186000 54
1187000 54
1188000 54
1189000 55
1190000 55
1191000 55
1192000 55
1193000 55
1194000 55
1195000 55
1196000 55
1197000 55
1198000 55
1199000 55
1200000 55
1201000 55
1202000 55
1203000 55
1204000 56
1205000 56
1206000 56
1207000 56
1208000 56
1209000 56
1210000 56
1211000 56
1212000 56
1213000 56
1214000 56
1215000 56
1216000 57
1217000 57
1218000 57
1219000 57
1220000 57
1221000 57
1222000 57
1223000 57
1224000 57
1225000 57
1226000 57
1227000 58
1228000 58
1229000 58
1230000 58
1231000 58
1232000 58
1233000 58
1234000 58
1235000 58
1236000 59
1237000 59
1238000 59
1239000 59
1240000 59
1241000 59
1242000 59
1243000 59
1244000 59
1245000 59
1246000 59
1247000 59
1248000 60
1249000 60
1250000 60
1251000 60
1252000 60
1253000 60
1254000 60
1255000 60
1256000 60
1257000 60
1258000 60
1259000 61
1260000 61
1261000 61
1262000 61
1263000 61
1264000 61
1265000 61
1266000 61
1267000 61
1268000 61
1269000 62
1270000 62
1271000 62
1272000 62
1273000 62
1274000 62
1275000 62
1276000 62
1277000 62
1278000 62
1279000 63
1280000 63
1281000 63
1282000 63
1283000 63
1284000 63
1285000 63
1286000 63
1287000 63
1288000 63
1289000 64
1290000 64
1291000 64
1292000 64
1293000 64
1294000 64
1295000 64
1296000 64
1297000 64
1298000 64
1299000 64
1300000 64
1301000 64
1302000 65
1303000 65
1304000 65
1305000 65
1306000 65
1307000 65
1308000 65
1309000 65
1310000 65
1311000 65
1312000 65
1313000 66
1314000 66
1315000 66
1316000 66
1317000 66
1318000 66
1319000 66
1320000 66
1321000 66
1322000 66
1323000 66
1324000 66
1325000 66
1326000 67
1327000 67
1328000 67
1329000 67
1330000 67
1331000 67
1332000 67
1333000 67
1334000 67
1335000 68
1336000 68
1337000 68
1338000 68
1339000 68
1340000 68
1341000 68
1342000 68
1343000 68
1344000 68
1345000 68
1346000 68
1347000 68
1348000 68
1349000 68
1350000 68
1351000 69
1352000 69
1353000 69
1354000 69
1355000 69
1356000 69
1357000 69
1358000 69
1359000 69
1360000 69
1361000 69
1362000 70
1363000 70
1364000 70
1365000 70
1366000 70
1367000 70
1368000 70
1369000 70
1370000 70
1371000 71
1372000 71
1373000 71
1374000 71
1375000 71
1376000 71
1377000 71
1378000 71
1379000 71
1380000 71
1381000 71
1382000 72
1383000 72
1384000 72
1385000 72
1386000 72
1387000 72
1388000 72
1389000 72
1390000 72
1391000 72
1392000 72
1393000 73
1394000 73
1395000 73
1396000 73
1397000 73
1398000 73
1399000 73
1400000 73
1401000 73
1402000 73
1403000 73
1404000 73
1405000 73
1406000 74
1407000 74
1408000 74
1409000 74
1410000 74
1411000 74
1412000 74
1413000 74
1414000 74
1415000 74
1416000 74
1417000 75
1418000 75
1419000 75
1420000 75
1421000 75
1422000 75
1423000 75
1424000 75
1425000 75
1426000 75
1427000 75
1428000 75
1429000 76
1430000 76
1431000 76
1432000 76
1433000 76
1434000 76
1435000 76
1436000 76
1437000 76
1438000 76
1439000 76
1440000 77
1441000 77
1442000 77
1443000 77
1444000 77
1445000 77
1446000 77
1447000 77
1448000 77
1449000 77
1450000 78
1451000 78
1452000 78
1453000 78
1454000 78
1455000 78
1456000 78
1457000 78
1458000 78
1459000 78
1460000 79
1461000 79
1462000 79
1463000 79
1464000 79
1465000 79
1466000 79
1467000 79
1468000 79
1469000 79
1470000 79
1471000 79
1472000 79
1473000 80
1474000 80
1475000 80
1476000 80
1477000 80
1478000 80
1479000 80
1480000 80
1481000 80
1482000 80
1483000 80
1484000 80
1485000 80
1486000 81
1487000 81
1488000 81
1489000 81
1490000 81
1491000 81
1492000 81
1493000 81
1494000 81
1495000 81
1496000 81
1497000 81
1498000 81
1499000 82
1500000 82
1501000 82
1502000 82
1503000 82
1504000 82
1505000 82
1506000 82
1507000 82
1508000 82
1509000 82
1510000 82
1511000 82
1512000 82
1513000 82
1514000 82
1515000 82
1516000 83
1517000 83
1518000 83
1519000 83
1520000 83
1521000 83
1522000 83
1523000 83
1524000 83
1525000 83
1526000 83
1527000 84
1528000 84
1529000 84
1530000 84
1531000 84
1532000 84
1533000 84
1534000 84
1535000 84
1536000 84
1537000 84
1538000 84
1539000 85
1540000 85
1541000 85
1542000 85
1543000 85
1544000 85
1545000 85
1546000 85
1547000 85
1548000 85
1549000 85
1550000 85
1551000 85
1552000 85
1553000 86
1554000 86
1555000 86
1556000 86
1557000 86
1558000 86
1559000 86
1560000 86
1561000 86
1562000 86
1563000 86
1564000 86
1565000 87
1566000 87
1567000 87
1568000 87
1569000 87
1570000 87
1571000 87
1572000 87
1573000 87
1574000 87
1575000 87
1576000 87
1577000 87
1578000 88
1579000 88
1580000 88
1581000 88
1582000 88
1583000 88
1584000 88
1585000 88
1586000 88
1587000 88
1588000 88
1589000 88
1590000 88
1591000 88
1592000 88
1593000 88
1594000 89
1595000 89
1596000 89
1597000 89
1598000 89
1599000 89
1600000 89
1601000 89
1602000 89
1603000 89
1604000 89
1605000 89
1606000 89
1607000 89
1608000 89
1609000 89
1610000 89
1611000 89
1612000 89
1613000 89
1614000 89
1615000 89
1616000 89
1617000 89
1618000 89
1619000 89
1620000 89
1621000 89
1622000 89
1623000 89
1624000 89
1625000 89
1626000 89
1627000 89
1628000 89
1629000 89
1630000 89
1631000 89
1632000 89
1633000 89
1634000 89
1635000 89
1636000 89
1637000 89
1638000 89
1639000 89
1640000 89
1641000 89
1642000 89
1643000 89
1644000 89
1645000 89
1646000 89
1647000 89
1648000 89
1649000 89
1650000 89
1651000 89
1652000 89
1653000 89
1654000 89
1655000 90
1656000 90
1657000 90
1658000 90
1659000 90
1660000 90
1661000 90
1662000 90
1663000 90
1664000 90
1665000 90
1666000 90
1667000 91
1668000 91
1669000 91
1670000 91
1671000 91
1672000 91
1673000 91
1674000 91
1675000 91
1676000 91
1677000 91
1678000 92
1679000 92
1680000 92
1681000 92
1682000 92
1683000 92
1684000 92
1685000 92
1686000 92
1687000 92
1688000 93
1689000 93
1690000 93
1691000 93
1692000 93
1693000 93
1694000 93
1695000 93
1696000 93
1697000 93
1698000 93
1699000 93
1700000 93
1701000 93
1702000 93
1703000 94
1704000 94
1705000 94
1706000 94
1707000 94
1708000 94
1709000 94
1710000 94
1711000 94
1712000 94
1713000 94
1714000 94
1715000 94
1716000 94
1717000 94
1718000 94
1719000 94
1720000 94
1721000 94
1722000 95
1723000 95
1724000 95
1725000 95
1726000 95
1727000 95
1728000 95
1729000 95
1730000 95
1731000 95
1732000 95
1733000 95
1734000 96
1735000 96
1736000 96
1737000 96
1738000 96
1739000 96
1740000 96
1741000 96
1742000 96
1743000 96
1744000 96
1745000 96
1746000 97
1747000 97
1748000 97
1749000 97
1750000 97
1751000 97
1752000 97
1753000 97
1754000 97
1755000 97
1756000 97
1757000 97
1758000 97
1759000 97
1760000 97
1761000 98
1762000 98
1763000 98
1764000 98
1765000 98
1766000 98
1767000 98
1768000 98
1769000 98
1770000 98
1771000 99
1772000 99
1773000 99
1774000 99
1775000 99
1776000 99
1777000 99
1778000 99
1779000 99
1780000 99
1781000 99
1782000 99
1783000 99
1784000 99
1785000 100
1786000 100
1787000 100
1788000 100
1789000 100
1790000 100
1791000 100
1792000 100
1793000 100
1794000 100
1795000 100
1796000 100
1797000 100
1798000 100
1799000 101
1800000 101
1801000 101
1802000 101
1803000 101
1804000 101
1805000 101
1806000 101
1807000 101
1808000 101
1809000 101
1810000 102
1811000 102
1812000 102
1813000 102
1814000 102
1815000 102
1816000 102
1817000 102
1818000 102
1819000 102
1820000 102
1821000 103
1822000 103
1823000 103
1824000 103
1825000 103
1826000 103
1827000 103
1828000 103
1829000 103
1830000 103
1831000 103
1832000 104
1833000 104
1834000 104
1835000 104
1836000 104
1837000 104
1838000 104
1839000 104
1840000 104
1841000 104
1842000 104
1843000 104
1844000 104
1845000 105
1846000 105
1847000 105
1848000 105
1849000 105
1850000 105
1851000 105
1852000 105
1853000 105
1854000 105
1855000 105
1856000 106
1857000 106
1858000 106
1859000 106
1860000 106
1861000 106
1862000 106
1863000 106
1864000 106
1865000 106
1866000 107
1867000 107
1868000 107
1869000 107
1870000 107
1871000 107
1872000 107
1873000 107
1874000 107
1875000 107
1876000 108
1877000 108
1878000 108
1879000 108
1880000 108
1881000 108
1882000 108
1883000 108
1884000 108
1885000 108
1886000 108
1887000 108
1888000 108
1889000 109
1890000 109
1891000 109
1892000 109
1893000 109
1894000 109
1895000 109
1896000 109
1897000 109
1898000 109
1899000 109
1900000 109
1901000 110
1902000 110
1903000 110
1904000 110
1905000 110
1906000 110
1907000 110
1908000 110
1909000 110
1910000 110
1911000 111
1912000 111
1913000 111
1914000 111
1915000 111
1916000 111
1917000 111
1918000 111
1919000 111
1920000 111
1921000 111
1922000 111
1923000 112
1924000 112
1925000 112
1926000 112
1927000 112
1928000 112
1929000 112
1930000 112
1931000 112
1932000 112
1933000 112
1934000 112
1935000 112
1936000 112
1937000 112
1938000 113
1939000 113
1940000 113
1941000 113
1942000 113
1943000 113
1944000 113
1945000 113
1946000 113
1947000 113
1948000 113
1949000 113
1950000 113
1951000 114
1952000 114
1953000 114
1954000 114
1955000 114
1956000 114
1957000 114
1958000 114
1959000 114
1960000 114
1961000 114
1962000 114
1963000 114
1964000 115
1965000 115
1966000 115
1967000 115
1968000 115
1969000 115
1970000 115
1971000 115
1972000 115
1973000 115
1974000 115
1975000 116
1976000 116
1977000 116
1978000 116
1979000 116
1980000 116
1981000 116
1982000 116
1983000 116
1984000 116
1985000 116
1986000 117
1987000 117
1988000 117
1989000 117
1990000 117
1991000 117
1992000 117
1993000 117
1994000 117
1995000 117
1996000 117
1997000 117
1998000 117
1999000 117
2000000 117
2001000 117
2002000 117
2003000 117
2004000 117
2005000 117
2006000 117
2007000 118
2008000 118
2009000 118
2010000 118
2011000 118
2012000 118
2013000 118
2014000 118
2015000 118
2016000 118
2017000 118
2018000 119
2019000 119
2020000 119
2021000 119
2022000 119
2023000 119
2024000 119
2025000 119
2026000 119
2027000 119
2028000 119
2029000 119
2030000 119
2031000 119
2032000 120
2033000 120
2034000 120
2035000 120
2036000 120
2037000 120
2038000 120
2039000 120
2040000 120
2041000 120
2042000 120
2043000 121
2044000 121
2045000 121
2046000 121
2047000 121
2048000 121
2049000 121
2050000 121
2051000 121
2052000 121
2053000 121
2054000 122
2055000 122
2056000 122
2057000 122
2058000 122
2059000 122
2060000 122
2061000 122
2062000 122
2063000 122
2064000 122
2065000 122
2066000 122
2067000 122
2068000 123
2069000 123
2070000 123
2071000 123
2072000 123
2073000 123
2074000 123
2075000 123
2076000 124
2077000 124
2078000 124
2079000 124
2080000 124
2081000 124
2082000 124
2083000 124
2084000 124
2085000 124
2086000 125
2087000 125
2088000 125
2089000 125
2090000 125
2091000 125
2092000 125
2093000 125
2094000 125
2095000 125
2096000 126
2097000 126
2098000 126
2099000 126
2100000 126
2101000 126
2102000 126
2103000 126
2104000 126
2105000 126
2106000 127
2107000 127
2108000 127
2109000 127
2110000 127
2111000 127
2112000 127
2113000 127
2114000 127
2115000 127
2116000 127
2117000 127
2118000 128
2119000 128
2120000 128
2121000 128
2122000 128
2123000 128
2124000 128
2125000 128
2126000 128
2127000 128
2128000 128
2129000 128
2130000 129
2131000 129
2132000 129
2133000 129
2134000 129
2135000 129
2136000 129
2137000 129
2138000 129
2139000 129
2140000 129
2141000 129
2142000 129
2143000 130
2144000 130
2145000 130
2146000 130
2147000 130
2148000 130
2149000 130
2150000 130
2151000 130
2152000 130
2153000 131
2154000 131
2155000 131
2156000 131
2157000 131
2158000 131
2159000 131
2160000 131
2161000 131
2162000 131
2163000 132
2164000 132
2165000 132
2166000 132
2167000 132
2168000 132
2169000 132
2170000 132
2171000 132
2172000 132
2173000 132
2174000 132
2175000 133
2176000 133
2177000 133
2178000 133
2179000 133
2180000 133
2181000 133
2182000 133
2183000 133
2184000 133
2185000 133
2186000 133
2187000 133
2188000 134
2189000 134
2190000 134
2191000 134
2192000 134
2193000 134
2194000 134
2195000 134
2196000 134
2197000 134
2198000 134
2199000 134
2200000 135
2201000 135
2202000 135
2203000 135
2204000 135
2205000 135
2206000 135
2207000 135
2208000 135
2209000 135
2210000 136
2211000 136
2212000 136
2213000 136
2214000 136
2215000 136
2216000 136
2217000 136
2218000 136
2219000 136
2220000 136
2221000 136
2222000 136
2223000 136
2224000 137
2225000 137
2226000 137
2227000 137
2228000 137
2229000 137
2230000 137
2231000 137
2232000 137
2233000 138
2234000 138
2235000 138
2236000 138
2237000 138
2238000 138
2239000 138
2240000 138
2241000 138
2242000 138
2243000 138
2244000 138
2245000 139
2246000 139
2247000 139
2248000 139
2249000 139
2250000 139
2251000 139
2252000 139
2253000 139
2254000 139
2255000 140
2256000 140
2257000 140
2258000 140
2259000 140
2260000 140
2261000 140
2262000 140
2263000 140
2264000 140
2265000 140
2266000 140
2267000 141
2268000 141
2269000 141
2270000 141
2271000 141
2272000 141
2273000 141
2274000 141
2275000 141
2276000 141
2277000 141
2278000 141
2279000 141
2280000 142
2281000 142
2282000 142
2283000 142
2284000 142
2285000 142
2286000 142
2287000 142
2288000 142
2289000 142
2290000 142
2291000 142
2292000 142
2293000 143
2294000 143
2295000 143
2296000 143
2297000 143
2298000 143
2299000 143
2300000 143
2301000 143
2302000 143
2303000 143
2304000 143
2305000 143
2306000 144
2307000 144
2308000 144
2309000 144
2310000 144
2311000 144
2312000 144
2313000 144
2314000 144
2315000 144
2316000 144
2317000 145
2318000 145
2319000 145
2320000 145
2321000 145
2322000 145
2323000 145
2324000 145
2325000 145
2326000 145
2327000 145
2328000 146
2329000 146
2330000 146
2331000 146
2332000 146
2333000 146
2334000 146
2335000 146
2336000 146
2337000 146
2338000 146
2339000 146
2340000 146
2341000 146
2342000 146
2343000 146
2344000 146
2345000 146
2346000 147
2347000 147
2348000 147
2349000 147
2350000 147
2351000 147
2352000 147
2353000 147
2354000 147
2355000 147
2356000 147
2357000 147
2358000 148
2359000 148
2360000 148
2361000 148
2362000 148
2363000 148
2364000 148
2365000 148
2366000 148
2367000 148
2368000 148
2369000 148
2370000 148
2371000 149
2372000 149
2373000 149
2374000 149
2375000 149
2376000 149
2377000 149
2378000 149
2379000 149
2380000 149
2381000 149
2382000 150
2383000 150
2384000 150
2385000 150
2386000 150
2387000 150
2388000 150
2389000 150
2390000 150
2391000 150
2392000 150
2393000 150
2394000 151
2395000 151
2396000 151
2397000 151
2398000 151
2399000 151
2400000 151
2401000 151
2402000 151
2403000 151
2404000 151
2405000 151
2406000 151
2407000 152
2408000 152
2409000 152
2410000 152
2411000 152
2412000 152
2413000 152
2414000 152
2415000 152
2416000 152
2417000 152
2418000 153
2419000 153
2420000 153
2421000 153
2422000 153
2423000 153
2424000 153
2425000 153
2426000 153
2427000 153
2428000 153
2429000 153
2430000 154
2431000 154
2432000 154
2433000 154
2434000 154
2435000 154
2436000 154
2437000 154
2438000 154
2439000 154
2440000 154
2441000 154
2442000 154
2443000 154
2444000 154
2445000 154
2446000 155
2447000 155
2448000 155
2449000 155
2450000 155
2451000 155
2452000 155
2453000 155
2454000 155
2455000 155
2456000 156
2457000 156
2458000 156
2459000 156
2460000 156
2461000 156
2462000 156
2463000 156
2464000 156
2465000 156
2466000 156
2467000 157
2468000 157
2469000 157
2470000 157
2471000 157
2472000 157
2473000 157
2474000 157
2475000 157
2476000 157
2477000 157
2478000 157
2479000 158
2480000 158
2481000 158
2482000 158
2483000 158
2484000 158
2485000 158
2486000 158
2487000 158
2488000 158
2489000 159
2490000 159
2491000 159
2492000 159
2493000 159
2494000 159
2495000 159
2496000 159
2497000 159
2498000 159
2499000 160
2500000 160
2501000 160
2502000 160
2503000 160
2504000 160
2505000 160
2506000 160
2507000 160
2508000 161
2509000 161
2510000 161
2511000 161
2512000 161
2513000 161
2514000 161
2515000 161
2516000 161
2517000 161
2518000 161
2519000 161
2520000 161
2521000 162
2522000 162
2523000 162
2524000 162
2525000 162
2526000 162
2527000 162
2528000 162
2529000 162
2530000 163
2531000 163
2532000 163
2533000 163
2534000 163
2535000 163
2536000 163
2537000 163
2538000 163
2539000 163
2540000 163
2541000 163
2542000 164
2543000 164
2544000 164
2545000 164
2546000 164
2547000 164
2548000 164
2549000 164
2550000 164
2551000 164
2552000 164
2553000 164
2554000 164
2555000 165
2556000 165
2557000 165
2558000 165
2559000 165
2560000 165
2561000 165
2562000 165
2563000 165
2564000 165
2565000 165
2566000 165
2567000 166
2568000 166
2569000 166
2570000 166
2571000 166
2572000 166
2573000 166
2574000 166
2575000 166
2576000 166
2577000 166
2578000 166
2579000 167
2580000 167
2581000 167
2582000 167
2583000 167
2584000 167
2585000 167
2586000 167
2587000 167
2588000 167
2589000 167
2590000 167
2591000 167
2592000 168
2593000 168
2594000 168
2595000 168
2596000 168
2597000 168
2598000 168
2599000 168
2600000 168
2601000 168
2602000 168
2603000 168
2604000 168
2605000 169
2606000 169
2607000 169
2608000 169
2609000 169
2610000 169
2611000 169
2612000 169
2613000 169
2614000 169
2615000 169
2616000 169
2617000 169
2618000 169
2619000 169
2620000 169
2621000 169
2622000 169
2623000 170
2624000 170
2625000 170
2626000 170
2627000 170
2628000 170
2629000 170
2630000 170
2631000 170
2632000 170
2633000 170
2634000 171
2635000 171
2636000 171
2637000 171
2638000 171
2639000 171
2640000 171
2641000 171
2642000 171
2643000 171
2644000 171
2645000 172
2646000 172
2647000 172
2648000 172
2649000 172
2650000 172
2651000 172
2652000 172
2653000 172
2654000 172
2655000 173
2656000 173
2657000 173
2658000 173
2659000 173
2660000 173
2661000 173
2662000 173
2663000 173
2664000 173
2665000 173
2666000 174
2667000 174
2668000 174
2669000 174
2670000 174
2671000 174
2672000 174
2673000 174
2674000 174
2675000 174
2676000 175
2677000 175
2678000 175
2679000 175
2680000 175
2681000 175
2682000 175
2683000 175
2684000 175
2685000 175
2686000 175
2687000 176
2688000 176
2689000 176
2690000 176
2691000 176
2692000 176
2693000 176
2694000 176
2695000 176
2696000 177
2697000 177
2698000 177
2699000 177
2700000 177
2701000 177
2702000 177
2703000 177
2704000 177
2705000 177
2706000 178
2707000 178
2708000 178
2709000 178
2710000 178
2711000 178
2712000 178
2713000 178
2714000 178
2715000 179
2716000 179
2717000 179
2718000 179
2719000 179
2720000 179
2721000 179
2722000 179
2723000 179
2724000 179
2725000 179
2726000 180
2727000 180
2728000 180
2729000 180
2730000 180
2731000 180
2732000 180
2733000 180
2734000 180
2735000 180
2736000 180
2737000 180
2738000 180
2739000 181
2740000 181
2741000 181
2742000 181
2743000 181
2744000 181
2745000 181
2746000 181
2747000 181
2748000 181
2749000 181
2750000 182
2751000 182
2752000 182
2753000 182
2754000 182
2755000 182
2756000 182
2757000 182
2758000 182
2759000 182
2760000 182
2761000 183
2762000 183
2763000 183
2764000 183
2765000 183
2766000 183
2767000 183
2768000 183
2769000 183
2770000 183
2771000 184
2772000 184
2773000 184
2774000 184
2775000 184
2776000 184
2777000 184
2778000 184
2779000 184
2780000 184
2781000 185
2782000 185
2783000 185
2784000 185
2785000 185
2786000 185
2787000 185
2788000 185
2789000 185
2790000 185
2791000 185
2792000 186
2793000 186
2794000 186
2795000 186
2796000 186
2797000 186
2798000 186
2799000 186
2800000 186
2801000 186
2802000 186
2803000 187
2804000 187
2805000 187
2806000 187
2807000 187
2808000 187
2809000 187
2810000 187
2811000 187
2812000 187
2813000 187
2814000 188
2815000 188
2816000 188
2817000 188
2818000 188
2819000 188
2820000 188
2821000 188
2822000 188
2823000 188
2824000 188
2825000 188
2826000 189
2827000 189
2828000 189
2829000 189
2830000 189
2831000 189
2832000 189
2833000 189
2834000 190
2835000 190
2836000 190
2837000 190
2838000 190
2839000 190
2840000 190
2841000 190
2842000 190
2843000 190
2844000 190
2845000 191
2846000 191
2847000 191
2848000 191
2849000 191
2850000 191
2851000 191
2852000 191
2853000 191
2854000 191
2855000 191
2856000 192
2857000 192
2858000 192
2859000 192
2860000 192
2861000 192
2862000 192
2863000 192
2864000 192
2865000 192
2866000 192
2867000 192
2868000 193
2869000 193
2870000 193
2871000 193
2872000 193
2873000 193
2874000 193
2875000 193
2876000 193
2877000 193
2878000 193
2879000 193
2880000 194
2881000 194
2882000 194
2883000 194
2884000 194
2885000 194
2886000 194
2887000 194
2888000 194
2889000 194
2890000 194
2891000 194
2892000 194
2893000 195
2894000 195
2895000 195
2896000 195
2897000 195
2898000 195
2899000 195
2900000 195
2901000 195
2902000 195
2903000 195
2904000 195
2905000 196
2906000 196
2907000 196
2908000 196
2909000 196
2910000 196
2911000 196
2912000 196
2913000 196
2914000 196
2915000 196
2916000 197
2917000 197
2918000 197
2919000 197
2920000 197
2921000 197
2922000 197
2923000 197
2924000 197
2925000 198
2926000 198
2927000 198
2928000 198
2929000 198
2930000 198
2931000 198
2932000 198
2933000 198
2934000 198
2935000 198
2936000 198
2937000 198
2938000 198
2939000 198
2940000 198
2941000 198
2942000 198
2943000 199
2944000 199
2945000 199
2946000 199
2947000 199
2948000 199
2949000 199
2950000 199
2951000 199
2952000 199
2953000 199
2954000 200
2955000 200
2956000 200
2957000 200
2958000 200
2959000 200
2960000 200
2961000 200
2962000 200
2963000 200
2964000 200
2965000 200
2966000 201
2967000 201
2968000 201
2969000 201
2970000 201
2971000 201
2972000 201
2973000 201
2974000 201
2975000 201
2976000 202
2977000 202
2978000 202
2979000 202
2980000 202
2981000 202
2982000 202
2983000 202
2984000 202
2985000 202
2986000 202
2987000 202
2988000 203
2989000 203
2990000 203
2991000 203
2992000 203
2993000 203
2994000 203
2995000 203
2996000 203
2997000 204
2998000 204
2999000 204
3000000 204
3001000 204
3002000 204
3003000 204
3004000 204
3005000 204
3006000 204
3007000 205
3008000 205
3009000 205
3010000 205
3011000 205
3012000 205
3013000 205
3014000 205
3015000 205
3016000 205
3017000 206
3018000 206
3019000 206
3020000 206
3021000 206
3022000 206
3023000 206
3024000 206
3025000 206
3026000 206
3027000 207
3028000 207
3029000 207
3030000 207
3031000 207
3032000 207
3033000 207
3034000 207
3035000 207
3036000 207
3037000 207
3038000 208
3039000 208
3040000 208
3041000 208
3042000 208
3043000 208
3044000 208
3045000 208
3046000 208
3047000 208
3048000 208
3049000 208
3050000 208
3051000 208
3052000 209
3053000 209
3054000 209
3055000 209
3056000 209
3057000 209
3058000 209
3059000 209
3060000 209
3061000 209
3062000 209
3063000 209
3064000 209
3065000 210
3066000 210
3067000 210
3068000 210
3069000 210
3070000 210
3071000 210
3072000 210
3073000 210
3074000 210
3075000 211
3076000 211
3077000 211
3078000 211
3079000 211
3080000 211
3081000 211
3082000 211
3083000 211
3084000 211
3085000 211
3086000 212
3087000 212
3088000 212
3089000 212
3090000 212
3091000 212
3092000 212
3093000 212
3094000 212
3095000 212
3096000 212
3097000 212
3098000 212
3099000 212
3100000 212
3101000 212
3102000 213
3103000 213
3104000 213
3105000 213
3106000 213
3107000 213
3108000 213
3109000 213
3110000 213
3111000 213
3112000 213
3113000 213
3114000 214
3115000 214
3116000 214
3117000 214
3118000 214
3119000 214
3120000 214
3121000 214
3122000 214
3123000 214
3124000 215
3125000 215
3126000 215
3127000 215
3128000 215
3129000 215
3130000 215
3131000 215
3132000 215
3133000 215
3134000 215
3135000 215
3136000 216
3137000 216
3138000 216
3139000 216
3140000 216
3141000 216
3142000 216
3143000 216
3144000 216
3145000 216
3146000 216
3147000 216
3148000 216
3149000 216
3150000 217
3151000 217
3152000 217
3153000 217
3154000 217
3155000 217
3156000 217
3157000 217
3158000 217
3159000 218
3160000 218
3161000 218
3162000 218
3163000 218
3164000 218
3165000 218
3166000 218
3167000 218
3168000 218
3169000 218
3170000 219
3171000 219
3172000 219
3173000 219
3174000 219
3175000 219
3176000 219
3177000 219
3178000 219
3179000 219
3180000 220
3181000 220
3182000 220
3183000 220
3184000 220
3185000 220
3186000 220
3187000 220
3188000 220
3189000 220
3190000 221
3191000 221
3192000 221
3193000 221
3194000 221
3195000 221
3196000 221
3197000 221
3198000 222
3199000 222
3200000 222
3201000 222
3202000 222
3203000 222
3204000 222
3205000 222
3206000 222
3207000 222
3208000 223
3209000 223
3210000 223
3211000 223
3212000 223
3213000 223
3214000 223
3215000 223
3216000 223
3217000 223
3218000 224
3219000 224
3220000 224
3221000 224
3222000 224
3223000 224
3224000 224
3225000 224
3226000 224
3227000 224
3228000 224
3229000 225
3230000 225
3231000 225
3232000 225
3233000 225
3234000 225
3235000 225
3236000 225
3237000 225
3238000 225
3239000 225
3240000 226
3241000 226
3242000 226
3243000 226
3244000 226
3245000 226
3246000 226
3247000 226
3248000 226
3249000 226
3250000 227
3251000 227
3252000 227
3253000 227
3254000 227
3255000 227
3256000 227
3257000 227
3258000 227
3259000 227
3260000 228
3261000 228
3262000 228
3263000 228
3264000 228
3265000 228
3266000 228
3267000 228
3268000 229
3269000 229
3270000 229
3271000 229
3272000 229
3273000 229
3274000 229
3275000 229
3276000 229
3277000 229
3278000 229
3279000 229
3280000 229
3281000 230
3282000 230
3283000 230
3284000 230
3285000 230
3286000 230
3287000 230
3288000 230
3289000 230
3290000 230
3291000 231
3292000 231
3293000 231
3294000 231
3295000 231
3296000 231
3297000 231
3298000 231
3299000 231
3300000 231
3301000 232
3302000 232
3303000 232
3304000 232
3305000 232
3306000 232
3307000 232
3308000 232
3309000 232
3310000 232
3311000 232
3312000 233
3313000 233
3314000 233
3315000 233
3316000 233
3317000 233
3318000 233
3319000 233
3320000 233
3321000 233
3322000 234
3323000 234
3324000 234
3325000 234
3326000 234
3327000 234
3328000 234
3329000 234
3330000 234
3331000 234
3332000 235
3333000 235
3334000 235
3335000 235
3336000 235
3337000 235
3338000 235
3339000 235
3340000 235
3341000 235
3342000 235
3343000 235
3344000 235
3345000 236
3346000 236
3347000 236
3348000 236
3349000 236
3350000 236
3351000 236
3352000 236
3353000 236
3354000 236
3355000 236
3356000 236
3357000 236
3358000 236
3359000 237
3360000 237
3361000 237
3362000 237
3363000 237
3364000 237
3365000 237
3366000 237
3367000 237
3368000 237
3369000 237
3370000 238
3371000 238
3372000 238
3373000 238
3374000 238
3375000 238
3376000 238
3377000 238
3378000 238
3379000 238
3380000 238
3381000 238
3382000 238
3383000 238
3384000 239
3385000 239
3386000 239
3387000 239
3388000 239
3389000 239
3390000 239
3391000 239
3392000 239
3393000 239
3394000 239
3395000 240
3396000 240
3397000 240
3398000 240
3399000 240
3400000 240
3401000 240
3402000 240
3403000 240
3404000 240
3405000 241
3406000 241
3407000 241
3408000 241
3409000 241
3410000 241
3411000 241
3412000 241
3413000 241
3414000 241
3415000 241
3416000 241
3417000 242
3418000 242
3419000 242
3420000 242
3421000 242
3422000 242
3423000 242
3424000 242
3425000 242
3426000 242
3427000 242
3428000 243
3429000 243
3430000 243
3431000 243
3432000 243
3433000 243
3434000 243
3435000 243
3436000 243
3437000 243
3438000 243
3439000 244
3440000 244
3441000 244
3442000 244
3443000 244
3444000 244
3445000 244
3446000 244
3447000 244
3448000 245
3449000 245
3450000 245
3451000 245
3452000 245
3453000 245
3454000 245
3455000 245
3456000 245
3457000 245
3458000 245
3459000 245
3460000 246
3461000 246
3462000 246
3463000 246
3464000 246
3465000 246
3466000 246
3467000 246
3468000 246
3469000 246
3470000 246
3471000 246
3472000 246
3473000 246
3474000 247
3475000 247
3476000 247
3477000 247
3478000 247
3479000 247
3480000 247
3481000 247
3482000 247
3483000 247
3484000 248
3485000 248
3486000 248
3487000 248
3488000 248
3489000 248
3490000 248
3491000 248
3492000 248
3493000 248
3494000 248
3495000 248
3496000 248
3497000 249
3498000 249
3499000 249
3500000 249
3501000 249
3502000 249
3503000 249
3504000 249
3505000 249
3506000 249
3507000 249
3508000 250
3509000 250
3510000 250
3511000 250
3512000 250
3513000 250
3514000 250
3515000 250
3516000 250
3517000 250
3518000 250
3519000 250
3520000 250
3521000 251
3522000 251
3523000 251
3524000 251
3525000 251
3526000 251
3527000 251
3528000 251
3529000 251
3530000 251
3531000 251
3532000 252
3533000 252
3534000 252
3535000 252
3536000 252
3537000 252
3538000 252
3539000 252
3540000 252
3541000 252
3542000 252
3543000 252
3544000 253
3545000 253
3546000 253
3547000 253
3548000 253
3549000 253
3550000 253
3551000 253
3552000 253
3553000 253
3554000 253
3555000 253
3556000 253
3557000 254
3558000 254
3559000 254
3560000 254
3561000 254
3562000 254
3563000 254
3564000 254
3565000 254
3566000 254
3567000 255
3568000 255
3569000 255
3570000 255
3571000 255
3572000 255
3573000 255
3574000 255
3575000 255
3576000 255
3577000 255
3578000 255
3579000 256
3580000 256
3581000 256
3582000 256
3583000 256
3584000 256
3585000 256
3586000 256
3587000 256
3588000 256
3589000 257
3590000 257
3591000 257
3592000 257
3593000 257
3594000 257
3595000 257
3596000 257
3597000 257
3598000 257
3599000 257
3600000 257
3601000 258
3602000 258
3603000 258
3604000 258
3605000 258
3606000 258
3607000 258
3608000 258
3609000 258
3610000 258
3611000 259
3612000 259
3613000 259
3614000 259
3615000 259
3616000 259
3617000 259
3618000 259
3619000 259
3620000 259
3621000 259
3622000 259
3623000 260
3624000 260
3625000 260
3626000 260
3627000 260
3628000 260
3629000 260
3630000 260
3631000 260
3632000 260
3633000 260
3634000 260
3635000 260
3636000 261
3637000 261
3638000 261
3639000 261
3640000 261
3641000 261
3642000 261
3643000 261
3644000 261
3645000 262
3646000 262
3647000 262
3648000 262
3649000 262
3650000 262
3651000 262
3652000 262
3653000 262
3654000 262
3655000 262
3656000 262
3657000 263
3658000 263
3659000 263
3660000 263
3661000 263
3662000 263
3663000 263
3664000 263
3665000 263
3666000 263
3667000 264
3668000 264
3669000 264
3670000 264
3671000 264
3672000 264
3673000 264
3674000 264
3675000 264
3676000 265
3677000 265
3678000 265
3679000 265
3680000 265
3681000 265
3682000 265
3683000 265
3684000 265
3685000 265
3686000 265
3687000 266
3688000 266
3689000 266
3690000 266
3691000 266
3692000 266
3693000 266
3694000 266
3695000 266
3696000 266
3697000 267
3698000 267
3699000 267
3700000 267
3701000 267
3702000 267
3703000 267
3704000 267
3705000 267
3706000 267
3707000 267
3708000 267
3709000 267
3710000 268
3711000 268
3712000 268
3713000 268
3714000 268
3715000 268
3716000 268
3717000 268
3718000 268
3719000 268
3720000 268
3721000 269
3722000 269
3723000 269
3724000 269
3725000 269
3726000 269
3727000 269
3728000 269
3729000 269
3730000 269
3731000 269
3732000 269
3733000 270
3734000 270
3735000 270
3736000 270
3737000 270
3738000 270
3739000 270
3740000 270
3741000 270
3742000 270
3743000 270
3744000 270
3745000 270
3746000 270
3747000 270
3748000 270
3749000 271
3750000 271
3751000 271
3752000 271
3753000 271
3754000 271
3755000 271
3756000 271
3757000 271
3758000 271
3759000 272
3760000 272
3761000 272
3762000 272
3763000 272
3764000 272
3765000 272
3766000 272
3767000 272
3768000 272
3769000 273
3770000 273
3771000 273
3772000 273
3773000 273
3774000 273
3775000 273
3776000 273
3777000 273
3778000 273
3779000 273
3780000 273
3781000 273
3782000 274
3783000 274
3784000 274
3785000 274
3786000 274
3787000 274
3788000 274
3789000 274
3790000 274
3791000 274
3792000 274
3793000 274
3794000 275
3795000 275
3796000 275
3797000 275
3798000 275
3799000 275
3800000 275
3801000 275
3802000 275
3803000 275
3804000 276
3805000 276
3806000 276
3807000 276
3808000 276
3809000 276
3810000 276
3811000 276
3812000 276
3813000 276
3814000 276
3815000 276
3816000 277
3817000 277
3818000 277
3819000 277
3820000 277
3821000 277
3822000 277
3823000 277
3824000 277
3825000 277
3826000 277
3827000 277
3828000 277
3829000 277
3830000 278
3831000 278
3832000 278
3833000 278
3834000 278
3835000 278
3836000 278
3837000 278
3838000 278
3839000 278
3840000 278
3841000 278
3842000 279
3843000 279
3844000 279
3845000 279
3846000 279
3847000 279
3848000 279
3849000 279
3850000 279
3851000 279
3852000 280
3853000 280
3854000 280
3855000 280
3856000 280
3857000 280
3858000 280
3859000 280
3860000 280
3861000 280
3862000 280
3863000 281
3864000 281
3865000 281
3866000 281
3867000 281
3868000 281
3869000 281
3870000 281
3871000 281
3872000 281
3873000 281
3874000 281
3875000 281
3876000 281
3877000 282
3878000 282
3879000 282
3880000 282
3881000 282
3882000 282
3883000 282
3884000 282
3885000 282
3886000 282
3887000 282
3888000 282
3889000 282
3890000 282
3891000 282
3892000 282
3893000 282
3894000 282
3895000 282
3896000 282
3897000 282
3898000 282
3899000 282
3900000 282
3901000 282
3902000 282
3903000 283
3904000 283
3905000 283
3906000 283
3907000 283
3908000 283
3909000 283
3910000 283
3911000 283
3912000 283
3913000 283
3914000 283
3915000 283
3916000 283
3917000 283
3918000 283
3919000 283
3920000 283
3921000 283
3922000 283
3923000 283
3924000 283
3925000 283
3926000 283
3927000 283
3928000 283
3929000 283
3930000 283
3931000 283
3932000 283
3933000 283
3934000 283
3935000 283
3936000 283
3937000 283
3938000 283
3939000 283
3940000 283
3941000 283
3942000 283
3943000 283
3944000 283
3945000 283
3946000 283
3947000 283
3948000 283
3949000 283
3950000 283
3951000 283
3952000 283
3953000 283
3954000 283
3955000 283
3956000 283
3957000 283
3958000 283
3959000 283
3960000 283
3961000 283
3962000 283
3963000 283
3964000 283
3965000 283
3966000 283
3967000 283
3968000 283
3969000 283
3970000 283
3971000 283
3972000 283
3973000 283
3974000 283
3975000 283
3976000 283
3977000 283
3978000 283
3979000 283
3980000 283
3981000 284
3982000 284
3983000 284
3984000 284
3985000 284
3986000 284
3987000 284
3988000 284
3989000 284
3990000 284
3991000 284
3992000 284
3993000 284
3994000 284
3995000 284
3996000 284
3997000 284
3998000 284
3999000 284
4000000 284
4001000 284
4002000 284
4003000 284
4004000 284
4005000 284
4006000 284
4007000 284
4008000 284
4009000 284
4010000 284
4011000 284
4012000 284
4013000 284
4014000 284
4015000 284
4016000 284
4017000 284
4018000 284
4019000 284
4020000 284
4021000 284
4022000 284
4023000 284
4024000 284
4025000 284
4026000 284
4027000 284
4028000 284
4029000 284
4030000 284
4031000 284
4032000 284
4033000 284
4034000 284
4035000 284
4036000 284
4037000 284
4038000 284
4039000 284
4040000 284
4041000 284
4042000 284
4043000 284
4044000 284
4045000 284
4046000 284
4047000 284
4048000 284
4049000 284
4050000 284
4051000 284
4052000 284
4053000 284
4054000 284
4055000 284
4056000 284
4057000 284
4058000 284
4059000 284
4060000 284
4061000 284
4062000 284
4063000 284
4064000 284
4065000 284
4066000 284
4067000 284
4068000 284
4069000 284
4070000 284
4071000 284
4072000 284
4073000 284
4074000 284
4075000 284
4076000 284
4077000 284
4078000 284
4079000 284
4080000 284
4081000 284
4082000 284
4083000 284
4084000 284
4085000 284
4086000 284
4087000 284
4088000 284
4089000 284
4090000 284
4091000 284
4092000 284
4093000 284
4094000 284
4095000 284
4096000 284
4097000 284
4098000 284
4099000 284
4100000 284
4101000 284
4102000 284
4103000 284
4104000 284
4105000 284
4106000 285
4107000 285
4108000 285
4109000 285
4110000 285
4111000 285
4112000 285
4113000 285
4114000 285
4115000 285
4116000 285
4117000 285
4118000 285
4119000 285
4120000 285
4121000 285
4122000 285
4123000 285
4124000 285
4125000 285
4126000 285
4127000 285
4128000 285
4129000 285
4130000 285
4131000 285
4132000 285
4133000 285
4134000 285
4135000 285
4136000 286
4137000 286
4138000 286
4139000 286
4140000 286
4141000 286
4142000 286
4143000 286
4144000 286
4145000 286
4146000 286
4147000 286
4148000 286
4149000 287
4150000 287
4151000 287
4152000 287
4153000 287
4154000 287
4155000 287
4156000 287
4157000 287
4158000 287
4159000 287
4160000 287
4161000 287
4162000 287
4163000 287
4164000 287
4165000 287
4166000 287
4167000 287
4168000 287
4169000 287
4170000 287
4171000 287
4172000 287
4173000 287
4174000 287
4175000 287
4176000 287
4177000 288
4178000 288
4179000 288
4180000 288
4181000 288
4182000 288
4183000 288
4184000 288
4185000 288
4186000 288
4187000 289
4188000 289
4189000 289
4190000 289
4191000 289
4192000 289
4193000 289
4194000 289
4195000 289
4196000 289
4197000 289
4198000 289
4199000 289
4200000 289
4201000 289
4202000 290
4203000 290
4204000 290
4205000 290
4206000 290
4207000 290
4208000 290
4209000 290
4210000 290
4211000 291
4212000 291
4213000 291
4214000 291
4215000 291
4216000 291
4217000 291
4218000 291
4219000 291
4220000 291
4221000 291
4222000 291
4223000 291
4224000 291
4225000 291
4226000 291
4227000 291
4228000 291
4229000 291
4230000 291
4231000 291
4232000 291
4233000 291
4234000 291
4235000 291
4236000 291
4237000 291
4238000 291
4239000 291
4240000 291
4241000 291
4242000 291
4243000 291
4244000 291
4245000 291
4246000 291
4247000 291
4248000 291
4249000 291
4250000 291
4251000 291
4252000 291
4253000 291
4254000 291
4255000 291
4256000 291
4257000 291
4258000 291
4259000 291
4260000 291
4261000 291
4262000 291
4263000 291
4264000 291
4265000 291
4266000 291
4267000 291
4268000 291
4269000 291
4270000 291
4271000 291
4272000 291
4273000 291
4274000 291
4275000 291
4276000 292
4277000 292
4278000 292
4279000 292
4280000 292
4281000 292
4282000 292
4283000 292
4284000 292
4285000 292
4286000 292
4287000 292
4288000 292
4289000 292
4290000 292
4291000 292
4292000 292
4293000 292
4294000 292
4295000 293
4296000 293
4297000 293
4298000 293
4299000 293
4300000 293
4301000 293
4302000 293
4303000 293
4304000 293
4305000 293
4306000 293
4307000 293
4308000 293
4309000 293
4310000 293
4311000 294
4312000 294
4313000 294
4314000 294
4315000 294
4316000 294
4317000 294
4318000 294
4319000 294
4320000 295
4321000 295
4322000 295
4323000 295
4324000 295
4325000 295
4326000 295
4327000 295
4328000 295
4329000 295
4330000 295
4331000 296
4332000 296
4333000 296
4334000 296
4335000 296
4336000 296
4337000 296
4338000 296
4339000 296
4340000 296
4341000 296
4342000 296
4343000 296
4344000 296
4345000 296
4346000 296
4347000 296
4348000 296
4349000 296
4350000 297
4351000 297
4352000 297
4353000 297
4354000 297
4355000 297
4356000 297
4357000 297
4358000 297
4359000 297
4360000 297
4361000 297
4362000 297
4363000 297
4364000 298
4365000 298
4366000 298
4367000 298
4368000 298
4369000 298
4370000 298
4371000 298
4372000 298
4373000 298
4374000 298
4375000 298
4376000 298
4377000 298
4378000 298
4379000 298
4380000 299
4381000 299
4382000 299
4383000 299
4384000 299
4385000 299
4386000 299
4387000 299
4388000 299
4389000 299
4390000 299
4391000 299
4392000 299
4393000 299
4394000 299
4395000 299
4396000 300
4397000 300
4398000 300
4399000 300
4400000 300
4401000 300
4402000 300
4403000 300
4404000 300
4405000 300
4406000 300
4407000 300
4408000 300
4409000 300
4410000 300
4411000 300
4412000 300
4413000 300
4414000 300
4415000 300
4416000 300
4417000 301
4418000 301
4419000 301
4420000 301
4421000 301
4422000 301
4423000 301
4424000 301
4425000 301
4426000 301
4427000 301
4428000 301
4429000 301
4430000 301
4431000 301
4432000 302
4433000 302
4434000 302
4435000 302
4436000 302
4437000 302
4438000 302
4439000 302
4440000 302
4441000 302
4442000 302
4443000 302
4444000 302
4445000 302
4446000 302
4447000 303
4448000 303
4449000 303
4450000 303
4451000 303
4452000 303
4453000 303
4454000 303
4455000 303
4456000 303
4457000 303
4458000 303
4459000 303
4460000 303
4461000 304
4462000 304
4463000 304
4464000 304
4465000 304
4466000 304
4467000 304
4468000 304
4469000 304
4470000 304
4471000 304
4472000 304
4473000 304
4474000 304
4475000 304
4476000 305
4477000 305
4478000 305
4479000 305
4480000 305
4481000 305
4482000 305
4483000 305
4484000 305
4485000 305
4486000 305
4487000 305
4488000 305
4489000 305
4490000 305
4491000 306
4492000 306
4493000 306
4494000 306
4495000 306
4496000 306
4497000 306
4498000 306
4499000 306
4500000 306
4501000 306
4502000 306
4503000 306
4504000 307
4505000 307
4506000 307
4507000 307
4508000 307
4509000 307
4510000 307
4511000 307
4512000 307
4513000 307
4514000 307
4515000 307
4516000 307
4517000 308
4518000 308
4519000 308
4520000 308
4521000 308
4522000 308
4523000 308
4524000 308
4525000 308
4526000 308
4527000 308
4528000 308
4529000 308
4530000 308
4531000 308
4532000 309
4533000 309
4534000 309
4535000 309
4536000 309
4537000 309
4538000 309
4539000 309
4540000 309
4541000 309
4542000 309
4543000 309
4544000 309
4545000 309
4546000 309
4547000 309
4548000 309
4549000 309
4550000 309
4551000 309
4552000 309
4553000 309
4554000 309
4555000 309
4556000 309
4557000 309
4558000 309
4559000 309
4560000 310
4561000 310
4562000 310
4563000 310
4564000 310
4565000 310
4566000 310
4567000 310
4568000 310
4569000 310
4570000 310
4571000 310
4572000 310
4573000 310
4574000 310
4575000 310
4576000 310
4577000 310
4578000 310
4579000 310
4580000 310
4581000 310
4582000 310
4583000 311
4584000 311
4585000 311
4586000 311
4587000 311
4588000 311
4589000 311
4590000 311
4591000 311
4592000 311
4593000 311
4594000 311
4595000 311
4596000 311
4597000 311
4598000 311
4599000 311
4600000 311
4601000 311
4602000 311
4603000 311
4604000 311
4605000 311
4606000 311
4607000 311
4608000 311
4609000 311
4610000 311
4611000 311
4612000 311
4613000 311
4614000 311
4615000 311
4616000 311
4617000 311
4618000 311
4619000 311
4620000 311
4621000 311
4622000 311
4623000 311
4624000 311
4625000 311
4626000 311
4627000 311
4628000 311
4629000 311
4630000 311
4631000 311
4632000 311
4633000 311
4634000 311
4635000 311
4636000 311
4637000 311
4638000 311
4639000 311
4640000 311
4641000 311
4642000 311
4643000 311
4644000 311
4645000 311
4646000 311
4647000 311
4648000 311
4649000 311
4650000 311
4651000 311
4652000 311
4653000 311
4654000 311
4655000 311
4656000 311
4657000 311
4658000 311
4659000 311
4660000 311
4661000 311
4662000 311
4663000 311
4664000 311
4665000 311
4666000 311
4667000 311
4668000 311
4669000 311
4670000 311
4671000 311
4672000 311
4673000 311
4674000 311
4675000 311
4676000 311
4677000 311
4678000 311
4679000 311
4680000 311
4681000 311
4682000 311
4683000 311
4684000 311
4685000 311
4686000 311
4687000 311
4688000 311
4689000 311
4690000 311
4691000 311
4692000 311
4693000 311
4694000 311
4695000 311
4696000 311
4697000 311
4698000 311
4699000 311
4700000 311
4701000 311
4702000 311
4703000 311
4704000 311
4705000 311
4706000 311
4707000 311
4708000 311
4709000 311
4710000 311
4711000 311
4712000 311
4713000 311
4714000 311
4715000 311
4716000 311
4717000 311
4718000 312
4719000 312
4720000 312
4721000 312
4722000 312
4723000 312
4724000 312
4725000 312
4726000 312
4727000 312
4728000 312
4729000 312
4730000 312
4731000 312
4732000 312
4733000 312
4734000 312
4735000 312
4736000 312
4737000 312
4738000 312
4739000 312
4740000 312
4741000 312
4742000 312
4743000 312
4744000 312
4745000 312
4746000 312
4747000 312
4748000 312
4749000 312
4750000 312
4751000 312
4752000 312
4753000 312
4754000 312
4755000 312
4756000 312
4757000 312
4758000 312
4759000 312
4760000 312
4761000 312
4762000 312
4763000 312
4764000 312
4765000 312
4766000 312
4767000 312
4768000 312
4769000 312
4770000 312
4771000 312
4772000 312
4773000 312
4774000 312
4775000 312
4776000 312
4777000 312
4778000 312
4779000 312
4780000 312
4781000 312
4782000 312
4783000 312
4784000 312
4785000 312
4786000 312
4787000 312
4788000 312
4789000 312
4790000 312
4791000 312
4792000 312
4793000 312
4794000 312
4795000 312
4796000 313
4797000 313
4798000 313
4799000 313
4800000 313
4801000 313
4802000 313
4803000 313
4804000 313
4805000 313
4806000 313
4807000 313
4808000 313
4809000 313
4810000 313
4811000 313
4812000 313
4813000 313
4814000 313
4815000 313
4816000 313
4817000 313
4818000 313
4819000 313
4820000 313
4821000 314
4822000 314
4823000 314
4824000 314
4825000 314
4826000 314
4827000 314
4828000 314
4829000 314
4830000 314
4831000 314
4832000 314
4833000 314
4834000 315
4835000 315
4836000 315
4837000 315
4838000 315
4839000 315
4840000 315
4841000 315
4842000 315
4843000 315
4844000 315
4845000 315
4846000 315
4847000 315
4848000 315
4849000 315
4850000 315
4851000 315
4852000 315
4853000 315
4854000 315
4855000 315
4856000 316
4857000 316
4858000 316
4859000 316
4860000 316
4861000 316
4862000 316
4863000 316
4864000 316
4865000 316
4866000 316
4867000 316
4868000 317
4869000 317
4870000 317
4871000 317
4872000 317
4873000 317
4874000 317
4875000 317
4876000 317
4877000 317
4878000 317
4879000 317
4880000 317
4881000 317
4882000 317
4883000 317
4884000 317
4885000 317
4886000 317
4887000 317
4888000 317
4889000 317
4890000 318
4891000 318
4892000 318
4893000 318
4894000 318
4895000 318
4896000 318
4897000 318
4898000 318
4899000 318
4900000 318
4901000 318
4902000 318
4903000 318
4904000 318
4905000 318
4906000 318
4907000 318
4908000 318
4909000 318
4910000 318
4911000 319
4912000 319
4913000 319
4914000 319
4915000 319
4916000 319
4917000 319
4918000 319
4919000 319
4920000 319
4921000 319
4922000 319
4923000 319
4924000 319
4925000 319
4926000 319
4927000 319
4928000 319
4929000 319
4930000 319
4931000 319
4932000 320
4933000 320
4934000 320
4935000 320
4936000 320
4937000 320
4938000 320
4939000 320
4940000 320
4941000 320
4942000 320
4943000 320
4944000 320
4945000 321
4946000 321
4947000 321
4948000 321
4949000 321
4950000 321
4951000 321
4952000 321
4953000 321
4954000 321
4955000 321
4956000 321
4957000 322
4958000 322
4959000 322
4960000 322
4961000 322
4962000 322
4963000 322
4964000 322
4965000 322
4966000 322
4967000 322
4968000 322
4969000 322
4970000 322
4971000 322
4972000 323
4973000 323
4974000 323
4975000 323
4976000 323
4977000 323
4978000 323
4979000 323
4980000 323
4981000 323
4982000 323
4983000 323
4984000 324
4985000 324
4986000 324
4987000 324
4988000 324
4989000 324
4990000 324
4991000 324
4992000 324
4993000 324
4994000 324
4995000 324
4996000 324
4997000 325
4998000 325
4999000 325
5000000 325
