0 0
1000 0
2000 0
3000 0
4000 0
5000 0
6000 0
7000 0
8000 0
9000 0
10000 0
11000 0
12000 0
13000 0
14000 0
15000 0
16000 0
17000 0
18000 0
19000 0
20000 0
21000 0
22000 0
23000 0
24000 0
25000 0
26000 0
27000 0
28000 0
29000 0
30000 0
31000 0
32000 0
33000 0
34000 0
35000 0
36000 0
37000 0
38000 0
39000 0
40000 0
41000 0
42000 0
43000 0
44000 0
45000 0
46000 0
47000 0
48000 0
49000 0
50000 0
51000 0
52000 0
53000 0
54000 0
55000 0
56000 0
57000 0
58000 0
59000 0
60000 0
61000 0
62000 0
63000 0
64000 0
65000 0
66000 0
67000 0
68000 0
69000 0
70000 0
71000 0
72000 0
73000 0
74000 0
75000 0
76000 0
77000 0
78000 0
79000 0
80000 0
81000 0
82000 0
83000 0
84000 0
85000 0
86000 0
87000 0
88000 0
89000 0
90000 0
91000 0
92000 0
93000 0
94000 0
95000 0
96000 0
97000 0
98000 0
99000 0
100000 0
101000 0
102000 0
103000 0
104000 0
105000 0
106000 0
107000 0
108000 0
109000 0
110000 0
111000 0
112000 0
113000 0
114000 0
115000 0
116000 0
117000 0
118000 0
119000 0
120000 0
121000 0
122000 0
123000 0
124000 0
125000 0
126000 0
127000 0
128000 0
129000 0
130000 0
131000 0
132000 0
133000 0
134000 0
135000 0
136000 0
137000 0
138000 0
139000 0
140000 0
141000 0
142000 0
143000 0
144000 1
145000 1
146000 1
147000 1
148000 1
149000 1
150000 1
151000 1
152000 1
153000 1
154000 1
155000 1
156000 1
157000 1
158000 1
159000 1
160000 1
161000 1
162000 1
163000 1
164000 1
165000 1
166000 1
167000 1
168000 1
169000 1
170000 1
171000 1
172000 1
173000 1
174000 1
175000 1
176000 1
177000 1
178000 1
179000 1
180000 1
181000 1
182000 1
183000 1
184000 1
185000 1
186000 1
187000 1
188000 1
189000 1
190000 1
191000 1
192000 1
193000 1
194000 1
195000 1
196000 1
197000 1
198000 1
199000 1
200000 1
201000 1
202000 1
203000 1
204000 1
205000 1
206000 1
207000 1
208000 1
209000 1
210000 1
211000 1
212000 1
213000 1
214000 1
215000 1
216000 1
217000 1
218000 1
219000 1
220000 1
221000 1
222000 1
223000 1
224000 1
225000 1
226000 1
227000 1
228000 1
229000 1
230000 1
231000 1
232000 1
233000 1
234000 1
235000 1
236000 1
237000 1
238000 1
239000 1
240000 1
241000 1
242000 1
243000 1
244000 1
245000 1
246000 1
247000 1
248000 1
249000 1
250000 1
251000 1
252000 1
253000 1
254000 1
255000 1
256000 1
257000 1
258000 1
259000 1
260000 1
261000 1
262000 1
263000 1
264000 1
265000 1
266000 1
267000 1
268000 1
269000 1
270000 1
271000 1
272000 1
273000 1
274000 1
275000 1
276000 1
277000 1
278000 1
279000 1
280000 1
281000 1
282000 1
283000 1
284000 1
285000 1
286000 1
287000 1
288000 1
289000 1
290000 1
291000 1
292000 1
293000 1
294000 1
295000 1
296000 1
297000 1
298000 1
299000 1
300000 1
301000 1
302000 1
303000 1
304000 1
305000 1
306000 1
307000 1
308000 1
309000 1
310000 1
311000 1
312000 1
313000 1
314000 1
315000 1
316000 1
317000 1
318000 1
319000 1
320000 1
321000 1
322000 1
323000 1
324000 1
325000 1
326000 1
327000 1
328000 1
329000 1
330000 1
331000 1
332000 1
333000 1
334000 1
335000 1
336000 1
337000 1
338000 1
339000 1
340000 1
341000 1
342000 1
343000 1
344000 1
345000 1
346000 1
347000 1
348000 1
349000 1
350000 1
351000 1
352000 1
353000 1
354000 1
355000 1
356000 1
357000 1
358000 1
359000 1
360000 1
361000 1
362000 1
363000 1
364000 1
365000 1
366000 1
367000 1
368000 1
369000 1
370000 1
371000 1
372000 1
373000 1
374000 1
375000 1
376000 1
377000 1
378000 1
379000 1
380000 1
381000 1
382000 1
383000 1
384000 1
385000 1
386000 1
387000 1
388000 1
389000 1
390000 1
391000 1
392000 1
393000 1
394000 1
395000 1
396000 1
397000 1
398000 1
399000 1
400000 1
401000 1
402000 1
403000 1
404000 1
405000 1
406000 1
407000 2
408000 2
409000 2
410000 2
411000 2
412000 2
413000 2
414000 2
415000 2
416000 2
417000 2
418000 2
419000 2
420000 2
421000 2
422000 2
423000 2
424000 2
425000 2
426000 2
427000 2
428000 2
429000 2
430000 2
431000 2
432000 2
433000 2
434000 2
435000 2
436000 2
437000 2
438000 2
439000 2
440000 2
441000 2
442000 2
443000 2
444000 2
445000 2
446000 2
447000 2
448000 2
449000 2
450000 2
451000 2
452000 2
453000 2
454000 2
455000 2
456000 2
457000 2
458000 2
459000 2
460000 2
461000 2
462000 2
463000 2
464000 2
465000 2
466000 2
467000 2
468000 2
469000 2
470000 2
471000 2
472000 2
473000 2
474000 2
475000 2
476000 2
477000 2
478000 2
479000 2
480000 2
481000 2
482000 2
483000 2
484000 2
485000 2
486000 2
487000 2
488000 2
489000 2
490000 2
491000 2
492000 2
493000 2
494000 2
495000 2
496000 2
497000 2
498000 2
499000 2
500000 2
501000 2
502000 2
503000 2
504000 2
505000 2
506000 2
507000 2
508000 2
509000 2
510000 2
511000 2
512000 2
513000 2
514000 2
515000 2
516000 2
517000 2
518000 2
519000 2
520000 2
521000 3
522000 3
523000 3
524000 3
525000 3
526000 3
527000 3
528000 3
529000 3
530000 3
531000 3
532000 3
533000 3
534000 3
535000 3
536000 3
537000 3
538000 3
539000 3
540000 3
541000 3
542000 3
543000 3
544000 3
545000 3
546000 3
547000 3
548000 3
549000 3
550000 3
551000 3
552000 3
553000 3
554000 3
555000 3
556000 3
557000 3
558000 3
559000 3
560000 3
561000 3
562000 3
563000 3
564000 3
565000 3
566000 3
567000 3
568000 3
569000 3
570000 3
571000 3
572000 3
573000 3
574000 3
575000 3
576000 3
577000 3
578000 3
579000 3
580000 3
581000 3
582000 3
583000 3
584000 3
585000 3
586000 3
587000 3
588000 3
589000 3
590000 3
591000 3
592000 3
593000 3
594000 3
595000 3
596000 3
597000 3
598000 3
599000 3
600000 3
601000 3
602000 3
603000 3
604000 3
605000 3
606000 3
607000 3
608000 3
609000 3
610000 3
611000 3
612000 3
613000 3
614000 3
615000 3
616000 3
617000 3
618000 3
619000 3
620000 3
621000 3
622000 3
623000 3
624000 3
625000 3
626000 3
627000 3
628000 3
629000 3
630000 3
631000 3
632000 3
633000 3
634000 3
635000 3
636000 3
637000 3
638000 3
639000 3
640000 3
641000 3
642000 3
643000 3
644000 3
645000 3
646000 3
647000 3
648000 3
649000 3
650000 3
651000 3
652000 3
653000 3
654000 3
655000 3
656000 3
657000 3
658000 3
659000 3
660000 3
661000 3
662000 3
663000 3
664000 3
665000 3
666000 3
667000 3
668000 3
669000 3
670000 3
671000 3
672000 3
673000 3
674000 3
675000 3
676000 3
677000 3
678000 3
679000 3
680000 3
681000 3
682000 3
683000 3
684000 3
685000 3
686000 3
687000 3
688000 3
689000 3
690000 3
691000 3
692000 3
693000 3
694000 3
695000 3
696000 3
697000 3
698000 3
699000 3
700000 3
701000 3
702000 3
703000 3
704000 3
705000 3
706000 3
707000 3
708000 3
709000 3
710000 3
711000 3
712000 3
713000 3
714000 3
715000 3
716000 3
717000 3
718000 3
719000 3
720000 3
721000 3
722000 3
723000 3
724000 3
725000 3
726000 3
727000 3
728000 3
729000 3
730000 3
731000 3
732000 3
733000 3
734000 3
735000 3
736000 4
737000 4
738000 4
739000 4
740000 4
741000 4
742000 4
743000 4
744000 4
745000 4
746000 4
747000 4
748000 4
749000 4
750000 4
751000 4
752000 4
753000 4
754000 4
755000 4
756000 4
757000 4
758000 4
759000 4
760000 4
761000 4
762000 4
763000 4
764000 4
765000 4
766000 4
767000 4
768000 4
769000 4
770000 4
771000 4
772000 4
773000 4
774000 4
775000 4
776000 4
777000 4
778000 4
779000 4
780000 4
781000 4
782000 4
783000 4
784000 4
785000 4
786000 4
787000 4
788000 4
789000 4
790000 4
791000 4
792000 4
793000 4
794000 4
795000 4
796000 4
797000 4
798000 4
799000 4
800000 4
801000 4
802000 4
803000 4
804000 4
805000 4
806000 4
807000 4
808000 4
809000 5
810000 5
811000 5
812000 5
813000 5
814000 5
815000 5
816000 5
817000 5
818000 5
819000 5
820000 5
821000 5
822000 5
823000 5
824000 6
825000 6
826000 6
827000 6
828000 6
829000 6
830000 6
831000 6
832000 6
833000 6
834000 6
835000 7
836000 7
837000 7
838000 7
839000 7
840000 7
841000 7
842000 7
843000 7
844000 7
845000 7
846000 7
847000 7
848000 7
849000 7
850000 7
851000 7
852000 7
853000 7
854000 7
855000 7
856000 7
857000 7
858000 7
859000 7
860000 7
861000 7
862000 7
863000 7
864000 7
865000 7
866000 7
867000 7
868000 7
869000 7
870000 7
871000 7
872000 7
873000 7
874000 7
875000 7
876000 7
877000 7
878000 7
879000 7
880000 7
881000 7
882000 7
883000 7
884000 7
885000 7
886000 7
887000 7
888000 7
889000 7
890000 7
891000 7
892000 7
893000 7
894000 7
895000 7
896000 7
897000 7
898000 7
899000 7
900000 7
901000 7
902000 7
903000 7
904000 7
905000 8
906000 8
907000 8
908000 8
909000 8
910000 8
911000 8
912000 8
913000 8
914000 8
915000 8
916000 8
917000 8
918000 8
919000 8
920000 8
921000 8
922000 8
923000 8
924000 8
925000 8
926000 8
927000 8
928000 8
929000 8
930000 8
931000 8
932000 8
933000 8
934000 8
935000 8
936000 8
937000 8
938000 8
939000 8
940000 8
941000 8
942000 8
943000 8
944000 8
945000 8
946000 8
947000 8
948000 8
949000 8
950000 8
951000 8
952000 8
953000 8
954000 8
955000 8
956000 8
957000 8
958000 8
959000 8
960000 8
961000 8
962000 8
963000 8
964000 8
965000 8
966000 8
967000 8
968000 8
969000 8
970000 8
971000 8
972000 8
973000 8
974000 8
975000 8
976000 8
977000 8
978000 8
979000 8
980000 8
981000 8
982000 8
983000 8
984000 8
985000 8
986000 8
987000 8
988000 8
989000 8
990000 8
991000 8
992000 8
993000 8
994000 8
995000 8
996000 8
997000 8
998000 8
999000 8
1000000 8
1001000 8
1002000 8
1003000 8
1004000 8
1005000 8
1006000 8
1007000 8
1008000 8
1009000 8
1010000 8
1011000 8
1012000 8
1013000 8
1014000 8
1015000 8
1016000 8
1017000 8
1018000 8
1019000 8
1020000 8
1021000 8
1022000 8
1023000 8
1024000 8
1025000 8
1026000 8
1027000 8
1028000 8
1029000 8
1030000 8
1031000 8
1032000 8
1033000 8
1034000 8
1035000 8
1036000 8
1037000 8
1038000 8
1039000 8
1040000 8
1041000 8
1042000 8
1043000 8
1044000 8
1045000 8
1046000 8
1047000 8
1048000 8
1049000 8
1050000 8
1051000 8
1052000 8
1053000 8
1054000 8
1055000 8
1056000 8
1057000 8
1058000 8
1059000 8
1060000 8
1061000 8
1062000 8
1063000 8
1064000 8
1065000 8
1066000 8
1067000 8
1068000 8
1069000 8
1070000 8
1071000 8
1072000 8
1073000 8
1074000 8
1075000 8
1076000 8
1077000 8
1078000 8
1079000 8
1080000 8
1081000 8
1082000 8
1083000 8
1084000 8
1085000 8
1086000 8
1087000 8
1088000 8
1089000 8
1090000 8
1091000 8
1092000 8
1093000 8
1094000 8
1095000 8
1096000 8
1097000 8
1098000 8
1099000 8
1100000 8
1101000 8
1102000 8
1103000 8
1104000 8
1105000 8
1106000 8
1107000 8
1108000 8
1109000 8
1110000 8
1111000 8
1112000 8
1113000 8
1114000 8
1115000 8
1116000 8
1117000 8
1118000 8
1119000 8
1120000 8
1121000 8
1122000 8
1123000 8
1124000 8
1125000 8
1126000 8
1127000 8
1128000 8
1129000 8
1130000 8
1131000 8
1132000 8
1133000 8
1134000 8
1135000 8
1136000 8
1137000 8
1138000 8
1139000 8
1140000 8
1141000 8
1142000 8
1143000 8
1144000 8
1145000 8
1146000 8
1147000 8
1148000 8
1149000 8
1150000 8
1151000 8
1152000 8
1153000 8
1154000 8
1155000 8
1156000 8
1157000 8
1158000 8
1159000 8
1160000 8
1161000 8
1162000 8
1163000 8
1164000 8
1165000 8
1166000 8
1167000 8
1168000 8
1169000 8
1170000 8
1171000 8
1172000 8
1173000 8
1174000 8
1175000 8
1176000 8
1177000 8
1178000 8
1179000 8
1180000 8
1181000 8
1182000 8
1183000 8
1184000 8
1185000 8
1186000 8
1187000 8
1188000 8
1189000 8
1190000 8
1191000 8
1192000 8
1193000 8
1194000 8
1195000 8
1196000 8
1197000 8
1198000 8
1199000 8
1200000 8
1201000 8
1202000 8
1203000 8
1204000 8
1205000 8
1206000 8
1207000 8
1208000 8
1209000 8
1210000 8
1211000 8
1212000 8
1213000 8
1214000 8
1215000 8
1216000 8
1217000 8
1218000 9
1219000 9
1220000 9
1221000 9
1222000 9
1223000 9
1224000 9
1225000 9
1226000 9
1227000 9
1228000 9
1229000 9
1230000 9
1231000 9
1232000 9
1233000 9
1234000 9
1235000 9
1236000 9
1237000 9
1238000 9
1239000 9
1240000 9
1241000 9
1242000 9
1243000 9
1244000 9
1245000 9
1246000 9
1247000 9
1248000 9
1249000 9
1250000 9
1251000 9
1252000 9
1253000 9
1254000 9
1255000 9
1256000 9
1257000 9
1258000 9
1259000 9
1260000 9
1261000 9
1262000 9
1263000 9
1264000 9
1265000 9
1266000 9
1267000 9
1268000 9
1269000 9
1270000 9
1271000 9
1272000 9
1273000 9
1274000 9
1275000 9
1276000 9
1277000 9
1278000 9
1279000 9
1280000 10
1281000 10
1282000 10
1283000 10
1284000 10
1285000 10
1286000 10
1287000 10
1288000 10
1289000 10
1290000 10
1291000 10
1292000 10
1293000 10
1294000 10
1295000 10
1296000 10
1297000 10
1298000 10
1299000 10
1300000 10
1301000 10
1302000 10
1303000 10
1304000 10
1305000 10
1306000 10
1307000 10
1308000 10
1309000 10
1310000 10
1311000 10
1312000 10
1313000 10
1314000 10
1315000 10
1316000 10
1317000 10
1318000 10
1319000 10
1320000 10
1321000 10
1322000 10
1323000 10
1324000 10
1325000 10
1326000 10
1327000 10
1328000 10
1329000 10
1330000 10
1331000 10
1332000 10
1333000 10
1334000 10
1335000 10
1336000 10
1337000 10
1338000 10
1339000 10
1340000 10
1341000 10
1342000 10
1343000 10
1344000 10
1345000 10
1346000 10
1347000 10
1348000 10
1349000 10
1350000 10
1351000 10
1352000 11
1353000 11
1354000 11
1355000 11
1356000 11
1357000 11
1358000 11
1359000 11
1360000 11
1361000 11
1362000 11
1363000 11
1364000 11
1365000 11
1366000 11
1367000 11
1368000 11
1369000 11
1370000 11
1371000 11
1372000 11
1373000 11
1374000 11
1375000 11
1376000 11
1377000 11
1378000 11
1379000 11
1380000 11
1381000 11
1382000 11
1383000 11
1384000 11
1385000 11
1386000 11
1387000 11
1388000 11
1389000 11
1390000 11
1391000 11
1392000 11
1393000 11
1394000 11
1395000 11
1396000 11
1397000 11
1398000 11
1399000 11
1400000 11
1401000 11
1402000 11
1403000 11
1404000 11
1405000 11
1406000 11
1407000 11
1408000 11
1409000 11
1410000 11
1411000 11
1412000 11
1413000 11
1414000 12
1415000 12
1416000 12
1417000 12
1418000 12
1419000 12
1420000 12
1421000 12
1422000 12
1423000 12
1424000 12
1425000 12
1426000 12
1427000 12
1428000 12
1429000 12
1430000 12
1431000 12
1432000 12
1433000 12
1434000 12
1435000 12
1436000 12
1437000 12
1438000 12
1439000 12
1440000 12
1441000 12
1442000 12
1443000 12
1444000 12
1445000 12
1446000 12
1447000 12
1448000 12
1449000 12
1450000 12
1451000 12
1452000 12
1453000 12
1454000 12
1455000 12
1456000 12
1457000 12
1458000 12
1459000 12
1460000 12
1461000 12
1462000 12
1463000 12
1464000 12
1465000 12
1466000 12
1467000 12
1468000 12
1469000 12
1470000 12
1471000 12
1472000 12
1473000 12
1474000 12
1475000 12
1476000 12
1477000 12
1478000 12
1479000 13
1480000 13
1481000 13
1482000 13
1483000 13
1484000 13
1485000 13
1486000 13
1487000 13
1488000 13
1489000 13
1490000 13
1491000 13
1492000 13
1493000 13
1494000 13
1495000 13
1496000 13
1497000 13
1498000 13
1499000 13
1500000 13
1501000 13
1502000 13
1503000 13
1504000 13
1505000 13
1506000 13
1507000 13
1508000 13
1509000 13
1510000 13
1511000 13
1512000 13
1513000 13
1514000 13
1515000 13
1516000 13
1517000 13
1518000 13
1519000 13
1520000 13
1521000 13
1522000 13
1523000 13
1524000 13
1525000 13
1526000 13
1527000 13
1528000 13
1529000 13
1530000 13
1531000 13
1532000 13
1533000 13
1534000 13
1535000 13
1536000 13
1537000 13
1538000 13
1539000 13
1540000 13
1541000 13
1542000 13
1543000 13
1544000 13
1545000 13
1546000 13
1547000 13
1548000 13
1549000 13
1550000 13
1551000 13
1552000 13
1553000 13
1554000 13
1555000 13
1556000 13
1557000 13
1558000 13
1559000 13
1560000 13
1561000 13
1562000 13
1563000 13
1564000 13
1565000 13
1566000 13
1567000 13
1568000 13
1569000 13
1570000 13
1571000 13
1572000 13
1573000 13
1574000 13
1575000 13
1576000 13
1577000 13
1578000 13
1579000 13
1580000 13
1581000 13
1582000 13
1583000 13
1584000 13
1585000 13
1586000 13
1587000 13
1588000 13
1589000 13
1590000 13
1591000 13
1592000 13
1593000 13
1594000 13
1595000 13
1596000 13
1597000 13
1598000 13
1599000 13
1600000 13
1601000 13
1602000 13
1603000 13
1604000 13
1605000 13
1606000 13
1607000 13
1608000 13
1609000 13
1610000 13
1611000 13
1612000 13
1613000 13
1614000 13
1615000 13
1616000 13
1617000 13
1618000 13
1619000 13
1620000 13
1621000 13
1622000 13
1623000 13
1624000 13
1625000 13
1626000 13
1627000 13
1628000 13
1629000 13
1630000 13
1631000 13
1632000 13
1633000 13
1634000 13
1635000 13
1636000 13
1637000 13
1638000 13
1639000 13
1640000 13
1641000 13
1642000 13
1643000 13
1644000 13
1645000 13
1646000 13
1647000 13
1648000 13
1649000 13
1650000 13
1651000 13
1652000 13
1653000 13
1654000 13
1655000 13
1656000 13
1657000 13
1658000 13
1659000 13
1660000 13
1661000 13
1662000 13
1663000 13
1664000 13
1665000 13
1666000 13
1667000 13
1668000 13
1669000 13
1670000 13
1671000 13
1672000 13
1673000 13
1674000 13
1675000 13
1676000 13
1677000 13
1678000 13
1679000 13
1680000 13
1681000 13
1682000 13
1683000 13
1684000 13
1685000 13
1686000 13
1687000 13
1688000 13
1689000 13
1690000 13
1691000 13
1692000 13
1693000 13
1694000 13
1695000 13
1696000 13
1697000 13
1698000 13
1699000 13
1700000 13
1701000 13
1702000 13
1703000 13
1704000 13
1705000 13
1706000 13
1707000 13
1708000 13
1709000 13
1710000 13
1711000 13
1712000 13
1713000 13
1714000 13
1715000 13
1716000 13
1717000 13
1718000 13
1719000 13
1720000 13
1721000 13
1722000 13
1723000 13
1724000 13
1725000 13
1726000 13
1727000 13
1728000 13
1729000 13
1730000 13
1731000 13
1732000 13
1733000 13
1734000 13
1735000 13
1736000 13
1737000 13
1738000 13
1739000 13
1740000 13
1741000 13
1742000 13
1743000 13
1744000 13
1745000 13
1746000 13
1747000 13
1748000 13
1749000 13
1750000 13
1751000 13
1752000 13
1753000 13
1754000 13
1755000 13
1756000 13
1757000 13
1758000 13
1759000 13
1760000 13
1761000 13
1762000 13
1763000 13
1764000 13
1765000 13
1766000 13
1767000 13
1768000 13
1769000 13
1770000 13
1771000 13
1772000 13
1773000 13
1774000 13
1775000 13
1776000 13
1777000 13
1778000 13
1779000 13
1780000 13
1781000 13
1782000 13
1783000 13
1784000 13
1785000 13
1786000 13
1787000 13
1788000 13
1789000 13
1790000 13
1791000 13
1792000 13
1793000 13
1794000 13
1795000 13
1796000 13
1797000 13
1798000 13
1799000 13
1800000 13
1801000 13
1802000 13
1803000 13
1804000 13
1805000 13
1806000 13
1807000 13
1808000 13
1809000 13
1810000 13
1811000 13
1812000 13
1813000 13
1814000 13
1815000 13
1816000 13
1817000 13
1818000 13
1819000 13
1820000 13
1821000 13
1822000 13
1823000 13
1824000 13
1825000 13
1826000 13
1827000 13
1828000 13
1829000 13
1830000 13
1831000 13
1832000 13
1833000 13
1834000 13
1835000 13
1836000 13
1837000 13
1838000 13
1839000 13
1840000 13
1841000 13
1842000 13
1843000 13
1844000 13
1845000 13
1846000 13
1847000 13
1848000 13
1849000 13
1850000 13
1851000 13
1852000 13
1853000 13
1854000 13
1855000 13
1856000 13
1857000 13
1858000 13
1859000 13
1860000 13
1861000 13
1862000 13
1863000 13
1864000 13
1865000 13
1866000 13
1867000 13
1868000 13
1869000 13
1870000 13
1871000 13
1872000 13
1873000 13
1874000 13
1875000 13
1876000 13
1877000 13
1878000 13
1879000 13
1880000 13
1881000 13
1882000 13
1883000 13
1884000 13
1885000 13
1886000 13
1887000 13
1888000 13
1889000 13
1890000 13
1891000 13
1892000 13
1893000 13
1894000 13
1895000 13
1896000 13
1897000 13
1898000 13
1899000 13
1900000 13
1901000 13
1902000 13
1903000 13
1904000 13
1905000 13
1906000 13
1907000 13
1908000 13
1909000 13
1910000 13
1911000 13
1912000 13
1913000 13
1914000 13
1915000 13
1916000 13
1917000 13
1918000 13
1919000 13
1920000 13
1921000 13
1922000 13
1923000 13
1924000 13
1925000 13
1926000 13
1927000 13
1928000 13
1929000 13
1930000 13
1931000 13
1932000 13
1933000 13
1934000 13
1935000 13
1936000 13
1937000 13
1938000 13
1939000 13
1940000 13
1941000 13
1942000 13
1943000 13
1944000 13
1945000 13
1946000 13
1947000 13
1948000 13
1949000 13
1950000 13
1951000 13
1952000 13
1953000 13
1954000 13
1955000 13
1956000 13
1957000 13
1958000 13
1959000 13
1960000 13
1961000 13
1962000 13
1963000 13
1964000 13
1965000 13
1966000 13
1967000 13
1968000 13
1969000 13
1970000 13
1971000 13
1972000 13
1973000 13
1974000 13
1975000 13
1976000 13
1977000 13
1978000 13
1979000 13
1980000 13
1981000 13
1982000 13
1983000 13
1984000 13
1985000 13
1986000 13
1987000 13
1988000 13
1989000 13
1990000 13
1991000 13
1992000 14
1993000 14
1994000 14
1995000 14
1996000 14
1997000 14
1998000 14
1999000 14
2000000 14
2001000 14
2002000 14
2003000 14
2004000 14
2005000 14
2006000 14
2007000 14
2008000 14
2009000 14
2010000 14
2011000 14
2012000 14
2013000 14
2014000 14
2015000 14
2016000 14
2017000 14
2018000 14
2019000 14
2020000 14
2021000 14
2022000 14
2023000 14
2024000 14
2025000 14
2026000 14
2027000 14
2028000 14
2029000 14
2030000 14
2031000 14
2032000 14
2033000 14
2034000 14
2035000 14
2036000 14
2037000 14
2038000 14
2039000 14
2040000 14
2041000 14
2042000 14
2043000 14
2044000 14
2045000 14
2046000 14
2047000 14
2048000 14
2049000 14
2050000 14
2051000 14
2052000 14
2053000 14
2054000 14
2055000 14
2056000 14
2057000 14
2058000 14
2059000 14
2060000 14
2061000 14
2062000 14
2063000 14
2064000 14
2065000 14
2066000 14
2067000 14
2068000 14
2069000 14
2070000 14
2071000 14
2072000 14
2073000 14
2074000 14
2075000 14
2076000 14
2077000 14
2078000 14
2079000 14
2080000 14
2081000 14
2082000 14
2083000 14
2084000 14
2085000 14
2086000 14
2087000 14
2088000 14
2089000 14
2090000 14
2091000 14
2092000 14
2093000 14
2094000 14
2095000 14
2096000 14
2097000 14
2098000 14
2099000 14
2100000 14
2101000 14
2102000 14
2103000 14
2104000 14
2105000 14
2106000 14
2107000 14
2108000 14
2109000 14
2110000 14
2111000 14
2112000 14
2113000 14
2114000 14
2115000 14
2116000 14
2117000 14
2118000 14
2119000 14
2120000 14
2121000 14
2122000 14
2123000 14
2124000 14
2125000 14
2126000 14
2127000 14
2128000 14
2129000 14
2130000 14
2131000 14
2132000 14
2133000 14
2134000 14
2135000 14
2136000 14
2137000 14
2138000 14
2139000 14
2140000 14
2141000 14
2142000 14
2143000 14
2144000 14
2145000 14
2146000 14
2147000 14
2148000 14
2149000 14
2150000 14
2151000 14
2152000 14
2153000 14
2154000 14
2155000 14
2156000 14
2157000 14
2158000 14
2159000 14
2160000 14
2161000 14
2162000 14
2163000 14
2164000 14
2165000 14
2166000 14
2167000 14
2168000 14
2169000 14
2170000 14
2171000 14
2172000 14
2173000 14
2174000 14
2175000 14
2176000 14
2177000 14
2178000 14
2179000 14
2180000 14
2181000 14
2182000 14
2183000 14
2184000 14
2185000 14
2186000 14
2187000 14
2188000 14
2189000 14
2190000 14
2191000 14
2192000 14
2193000 14
2194000 14
2195000 14
2196000 14
2197000 14
2198000 14
2199000 14
2200000 14
2201000 14
2202000 14
2203000 14
2204000 14
2205000 14
2206000 14
2207000 14
2208000 15
2209000 15
2210000 15
2211000 15
2212000 15
2213000 15
2214000 15
2215000 15
2216000 15
2217000 15
2218000 15
2219000 15
2220000 15
2221000 15
2222000 15
2223000 15
2224000 15
2225000 15
2226000 15
2227000 15
2228000 15
2229000 15
2230000 15
2231000 15
2232000 15
2233000 15
2234000 15
2235000 15
2236000 15
2237000 15
2238000 15
2239000 15
2240000 15
2241000 15
2242000 15
2243000 15
2244000 15
2245000 15
2246000 15
2247000 15
2248000 15
2249000 15
2250000 15
2251000 15
2252000 15
2253000 15
2254000 15
2255000 15
2256000 15
2257000 15
2258000 15
2259000 15
2260000 15
2261000 15
2262000 15
2263000 15
2264000 15
2265000 15
2266000 15
2267000 15
2268000 15
2269000 15
2270000 15
2271000 15
2272000 15
2273000 15
2274000 15
2275000 15
2276000 15
2277000 15
2278000 15
2279000 15
2280000 15
2281000 15
2282000 15
2283000 15
2284000 15
2285000 15
2286000 15
2287000 15
2288000 15
2289000 15
2290000 15
2291000 15
2292000 15
2293000 15
2294000 15
2295000 15
2296000 15
2297000 15
2298000 15
2299000 15
2300000 15
2301000 15
2302000 15
2303000 15
2304000 15
2305000 15
2306000 15
2307000 15
2308000 15
2309000 15
2310000 15
2311000 15
2312000 15
2313000 15
2314000 15
2315000 15
2316000 15
2317000 15
2318000 15
2319000 15
2320000 15
2321000 15
2322000 15
2323000 15
2324000 15
2325000 15
2326000 15
2327000 15
2328000 15
2329000 15
2330000 15
2331000 15
2332000 15
2333000 15
2334000 15
2335000 15
2336000 15
2337000 15
2338000 15
2339000 15
2340000 15
2341000 15
2342000 15
2343000 15
2344000 15
2345000 15
2346000 15
2347000 15
2348000 15
2349000 15
2350000 15
2351000 15
2352000 15
2353000 15
2354000 15
2355000 15
2356000 15
2357000 15
2358000 15
2359000 15
2360000 15
2361000 15
2362000 15
2363000 15
2364000 15
2365000 15
2366000 15
2367000 15
2368000 15
2369000 15
2370000 15
2371000 15
2372000 15
2373000 15
2374000 15
2375000 15
2376000 15
2377000 15
2378000 15
2379000 15
2380000 15
2381000 15
2382000 15
2383000 15
2384000 15
2385000 15
2386000 15
2387000 15
2388000 15
2389000 15
2390000 15
2391000 15
2392000 15
2393000 15
2394000 15
2395000 15
2396000 15
2397000 15
2398000 15
2399000 15
2400000 15
2401000 15
2402000 15
2403000 15
2404000 15
2405000 15
2406000 15
2407000 15
2408000 15
2409000 15
2410000 15
2411000 15
2412000 15
2413000 15
2414000 15
2415000 15
2416000 15
2417000 15
2418000 15
2419000 15
2420000 15
2421000 15
2422000 15
2423000 15
2424000 15
2425000 15
2426000 15
2427000 15
2428000 15
2429000 15
2430000 15
2431000 15
2432000 15
2433000 15
2434000 15
2435000 15
2436000 15
2437000 15
2438000 15
2439000 15
2440000 15
2441000 15
2442000 15
2443000 15
2444000 15
2445000 15
2446000 15
2447000 15
2448000 15
2449000 15
2450000 15
2451000 15
2452000 15
2453000 15
2454000 15
2455000 15
2456000 15
2457000 15
2458000 15
2459000 15
2460000 15
2461000 15
2462000 15
2463000 15
2464000 15
2465000 15
2466000 15
2467000 15
2468000 15
2469000 15
2470000 15
2471000 15
2472000 15
2473000 15
2474000 15
2475000 15
2476000 15
2477000 15
2478000 15
2479000 15
2480000 15
2481000 15
2482000 15
2483000 15
2484000 15
2485000 15
2486000 15
2487000 15
2488000 15
2489000 15
2490000 15
2491000 15
2492000 15
2493000 15
2494000 15
2495000 15
2496000 15
2497000 15
2498000 15
2499000 15
2500000 15
2501000 15
2502000 15
2503000 15
2504000 15
2505000 15
2506000 15
2507000 15
2508000 15
2509000 15
2510000 15
2511000 15
2512000 15
2513000 15
2514000 15
2515000 15
2516000 15
2517000 15
2518000 15
2519000 15
2520000 15
2521000 16
2522000 16
2523000 16
2524000 16
2525000 16
2526000 16
2527000 16
2528000 16
2529000 16
2530000 16
2531000 16
2532000 16
2533000 16
2534000 16
2535000 17
2536000 17
2537000 17
2538000 17
2539000 17
2540000 17
2541000 17
2542000 17
2543000 17
2544000 17
2545000 17
2546000 17
2547000 17
2548000 17
2549000 17
2550000 17
2551000 17
2552000 17
2553000 17
2554000 17
2555000 17
2556000 17
2557000 17
2558000 17
2559000 17
2560000 17
2561000 17
2562000 17
2563000 17
2564000 17
2565000 17
2566000 17
2567000 17
2568000 17
2569000 17
2570000 17
2571000 17
2572000 17
2573000 17
2574000 17
2575000 17
2576000 17
2577000 17
2578000 17
2579000 17
2580000 17
2581000 17
2582000 17
2583000 17
2584000 17
2585000 17
2586000 17
2587000 17
2588000 17
2589000 17
2590000 17
2591000 17
2592000 17
2593000 17
2594000 17
2595000 17
2596000 17
2597000 17
2598000 17
2599000 17
2600000 17
2601000 17
2602000 17
2603000 17
2604000 17
2605000 17
2606000 17
2607000 17
2608000 17
2609000 17
2610000 17
2611000 17
2612000 17
2613000 17
2614000 17
2615000 17
2616000 17
2617000 17
2618000 17
2619000 17
2620000 17
2621000 17
2622000 17
2623000 17
2624000 17
2625000 17
2626000 17
2627000 17
2628000 17
2629000 17
2630000 17
2631000 17
2632000 17
2633000 17
2634000 17
2635000 17
2636000 17
2637000 17
2638000 17
2639000 17
2640000 17
2641000 17
2642000 17
2643000 17
2644000 17
2645000 17
2646000 17
2647000 17
2648000 17
2649000 18
2650000 18
2651000 18
2652000 18
2653000 18
2654000 18
2655000 18
2656000 18
2657000 18
2658000 18
2659000 18
2660000 18
2661000 18
2662000 18
2663000 18
2664000 18
2665000 18
2666000 18
2667000 18
2668000 18
2669000 18
2670000 18
2671000 18
2672000 18
2673000 18
2674000 18
2675000 18
2676000 18
2677000 18
2678000 18
2679000 18
2680000 18
2681000 18
2682000 18
2683000 18
2684000 18
2685000 18
2686000 18
2687000 18
2688000 18
2689000 18
2690000 18
2691000 18
2692000 18
2693000 18
2694000 18
2695000 18
2696000 18
2697000 18
2698000 18
2699000 18
2700000 18
2701000 18
2702000 18
2703000 18
2704000 18
2705000 18
2706000 18
2707000 18
2708000 18
2709000 18
2710000 18
2711000 18
2712000 18
2713000 18
2714000 18
2715000 18
2716000 18
2717000 18
2718000 18
2719000 18
2720000 18
2721000 18
2722000 18
2723000 18
2724000 18
2725000 18
2726000 18
2727000 18
2728000 18
2729000 18
2730000 18
2731000 18
2732000 18
2733000 18
2734000 18
2735000 18
2736000 18
2737000 18
2738000 18
2739000 18
2740000 18
2741000 18
2742000 18
2743000 18
2744000 18
2745000 18
2746000 18
2747000 19
2748000 19
2749000 19
2750000 19
2751000 19
2752000 19
2753000 19
2754000 19
2755000 19
2756000 19
2757000 19
2758000 19
2759000 19
2760000 20
2761000 20
2762000 20
2763000 20
2764000 20
2765000 20
2766000 20
2767000 20
2768000 20
2769000 20
2770000 20
2771000 20
2772000 20
2773000 21
2774000 21
2775000 21
2776000 21
2777000 21
2778000 21
2779000 21
2780000 21
2781000 21
2782000 21
2783000 21
2784000 21
2785000 21
2786000 21
2787000 21
2788000 21
2789000 21
2790000 21
2791000 21
2792000 21
2793000 21
2794000 21
2795000 21
2796000 21
2797000 21
2798000 21
2799000 21
2800000 21
2801000 21
2802000 21
2803000 21
2804000 21
2805000 21
2806000 21
2807000 21
2808000 21
2809000 21
2810000 21
2811000 21
2812000 21
2813000 21
2814000 21
2815000 21
2816000 21
2817000 21
2818000 21
2819000 21
2820000 21
2821000 21
2822000 21
2823000 21
2824000 21
2825000 21
2826000 21
2827000 21
2828000 21
2829000 21
2830000 21
2831000 21
2832000 21
2833000 21
2834000 21
2835000 21
2836000 21
2837000 21
2838000 21
2839000 21
2840000 21
2841000 21
2842000 21
2843000 21
2844000 21
2845000 21
2846000 21
2847000 21
2848000 21
2849000 21
2850000 21
2851000 21
2852000 21
2853000 21
2854000 21
2855000 21
2856000 21
2857000 21
2858000 21
2859000 21
2860000 21
2861000 21
2862000 21
2863000 21
2864000 21
2865000 21
2866000 21
2867000 21
2868000 21
2869000 21
2870000 21
2871000 21
2872000 21
2873000 21
2874000 21
2875000 21
2876000 21
2877000 21
2878000 21
2879000 21
2880000 21
2881000 21
2882000 21
2883000 21
2884000 21
2885000 21
2886000 21
2887000 21
2888000 21
2889000 21
2890000 21
2891000 21
2892000 21
2893000 21
2894000 21
2895000 21
2896000 21
2897000 21
2898000 21
2899000 21
2900000 21
2901000 21
2902000 21
2903000 21
2904000 21
2905000 21
2906000 21
2907000 21
2908000 21
2909000 21
2910000 21
2911000 21
2912000 21
2913000 21
2914000 21
2915000 21
2916000 21
2917000 21
2918000 21
2919000 21
2920000 21
2921000 21
2922000 21
2923000 21
2924000 21
2925000 21
2926000 21
2927000 21
2928000 21
2929000 21
2930000 21
2931000 21
2932000 21
2933000 21
2934000 21
2935000 21
2936000 21
2937000 21
2938000 21
2939000 21
2940000 21
2941000 21
2942000 21
2943000 21
2944000 21
2945000 21
2946000 21
2947000 21
2948000 21
2949000 21
2950000 21
2951000 21
2952000 21
2953000 21
2954000 21
2955000 21
2956000 21
2957000 21
2958000 21
2959000 21
2960000 21
2961000 21
2962000 21
2963000 21
2964000 21
2965000 21
2966000 21
2967000 21
2968000 21
2969000 21
2970000 21
2971000 21
2972000 21
2973000 21
2974000 21
2975000 21
2976000 21
2977000 21
2978000 21
2979000 21
2980000 21
2981000 21
2982000 21
2983000 21
2984000 21
2985000 21
2986000 21
2987000 21
2988000 21
2989000 21
2990000 21
2991000 21
2992000 21
2993000 21
2994000 21
2995000 21
2996000 21
2997000 21
2998000 21
2999000 21
3000000 21
3001000 21
3002000 21
3003000 21
3004000 21
3005000 21
3006000 21
3007000 21
3008000 21
3009000 21
3010000 21
3011000 21
3012000 21
3013000 21
3014000 21
3015000 21
3016000 21
3017000 21
3018000 21
3019000 21
3020000 21
3021000 21
3022000 21
3023000 21
3024000 21
3025000 21
3026000 21
3027000 21
3028000 21
3029000 21
3030000 21
3031000 21
3032000 21
3033000 21
3034000 21
3035000 21
3036000 21
3037000 21
3038000 21
3039000 21
3040000 21
3041000 21
3042000 21
3043000 22
3044000 22
3045000 22
3046000 22
3047000 22
3048000 22
3049000 22
3050000 22
3051000 22
3052000 22
3053000 22
3054000 23
3055000 23
3056000 23
3057000 23
3058000 23
3059000 23
3060000 23
3061000 23
3062000 23
3063000 23
3064000 23
3065000 23
3066000 23
3067000 24
3068000 24
3069000 24
3070000 24
3071000 24
3072000 24
3073000 24
3074000 24
3075000 24
3076000 25
3077000 25
3078000 25
3079000 25
3080000 25
3081000 25
3082000 25
3083000 25
3084000 25
3085000 25
3086000 25
3087000 25
3088000 26
3089000 26
3090000 26
3091000 26
3092000 26
3093000 26
3094000 26
3095000 26
3096000 26
3097000 26
3098000 26
3099000 26
3100000 26
3101000 26
3102000 26
3103000 26
3104000 26
3105000 26
3106000 26
3107000 26
3108000 26
3109000 26
3110000 26
3111000 26
3112000 26
3113000 26
3114000 26
3115000 27
3116000 27
3117000 27
3118000 27
3119000 27
3120000 27
3121000 27
3122000 27
3123000 27
3124000 27
3125000 27
3126000 27
3127000 27
3128000 28
3129000 28
3130000 28
3131000 28
3132000 28
3133000 28
3134000 28
3135000 28
3136000 28
3137000 28
3138000 28
3139000 28
3140000 28
3141000 28
3142000 28
3143000 28
3144000 28
3145000 28
3146000 28
3147000 28
3148000 28
3149000 29
3150000 29
3151000 29
3152000 29
3153000 29
3154000 29
3155000 29
3156000 29
3157000 29
3158000 29
3159000 29
3160000 29
3161000 29
3162000 29
3163000 29
3164000 29
3165000 29
3166000 29
3167000 29
3168000 29
3169000 29
3170000 29
3171000 29
3172000 29
3173000 29
3174000 29
3175000 29
3176000 29
3177000 29
3178000 29
3179000 29
3180000 29
3181000 29
3182000 29
3183000 29
3184000 29
3185000 29
3186000 29
3187000 29
3188000 29
3189000 29
3190000 29
3191000 29
3192000 29
3193000 29
3194000 29
3195000 29
3196000 29
3197000 29
3198000 29
3199000 29
3200000 29
3201000 29
3202000 29
3203000 29
3204000 29
3205000 29
3206000 29
3207000 29
3208000 29
3209000 29
3210000 29
3211000 29
3212000 29
3213000 29
3214000 29
3215000 29
3216000 29
3217000 29
3218000 29
3219000 29
3220000 29
3221000 29
3222000 29
3223000 29
3224000 29
3225000 29
3226000 29
3227000 29
3228000 29
3229000 29
3230000 29
3231000 29
3232000 29
3233000 29
3234000 29
3235000 29
3236000 29
3237000 29
3238000 29
3239000 29
3240000 29
3241000 29
3242000 29
3243000 29
3244000 29
3245000 29
3246000 29
3247000 29
3248000 29
3249000 29
3250000 29
3251000 29
3252000 29
3253000 29
3254000 29
3255000 29
3256000 29
3257000 29
3258000 29
3259000 29
3260000 29
3261000 29
3262000 29
3263000 29
3264000 29
3265000 29
3266000 29
3267000 29
3268000 29
3269000 29
3270000 29
3271000 29
3272000 29
3273000 29
3274000 29
3275000 29
3276000 29
3277000 29
3278000 29
3279000 29
3280000 29
3281000 29
3282000 29
3283000 29
3284000 29
3285000 29
3286000 29
3287000 29
3288000 29
3289000 29
3290000 29
3291000 29
3292000 29
3293000 29
3294000 29
3295000 29
3296000 29
3297000 29
3298000 29
3299000 29
3300000 29
3301000 29
3302000 29
3303000 29
3304000 29
3305000 29
3306000 29
3307000 29
3308000 29
3309000 29
3310000 29
3311000 29
3312000 29
3313000 29
3314000 29
3315000 29
3316000 29
3317000 29
3318000 29
3319000 29
3320000 29
3321000 29
3322000 29
3323000 29
3324000 29
3325000 29
3326000 29
3327000 29
3328000 29
3329000 29
3330000 29
3331000 29
3332000 29
3333000 29
3334000 29
3335000 29
3336000 29
3337000 29
3338000 29
3339000 29
3340000 29
3341000 29
3342000 29
3343000 29
3344000 29
3345000 29
3346000 29
3347000 29
3348000 29
3349000 29
3350000 29
3351000 29
3352000 29
3353000 29
3354000 29
3355000 29
3356000 29
3357000 29
3358000 29
3359000 29
3360000 29
3361000 29
3362000 29
3363000 29
3364000 29
3365000 29
3366000 29
3367000 29
3368000 29
3369000 29
3370000 29
3371000 29
3372000 29
3373000 29
3374000 29
3375000 29
3376000 29
3377000 29
3378000 29
3379000 29
3380000 29
3381000 29
3382000 29
3383000 29
3384000 29
3385000 29
3386000 29
3387000 29
3388000 29
3389000 29
3390000 29
3391000 29
3392000 29
3393000 29
3394000 29
3395000 29
3396000 29
3397000 29
3398000 29
3399000 29
3400000 29
3401000 29
3402000 29
3403000 29
3404000 29
3405000 29
3406000 29
3407000 29
3408000 29
3409000 29
3410000 29
3411000 29
3412000 29
3413000 29
3414000 29
3415000 29
3416000 29
3417000 29
3418000 29
3419000 29
3420000 29
3421000 29
3422000 29
3423000 29
3424000 29
3425000 29
3426000 29
3427000 29
3428000 29
3429000 29
3430000 29
3431000 29
3432000 29
3433000 29
3434000 29
3435000 29
3436000 29
3437000 29
3438000 29
3439000 29
3440000 29
3441000 29
3442000 29
3443000 29
3444000 29
3445000 29
3446000 29
3447000 29
3448000 29
3449000 29
3450000 29
3451000 29
3452000 29
3453000 29
3454000 29
3455000 29
3456000 29
3457000 29
3458000 29
3459000 29
3460000 29
3461000 29
3462000 29
3463000 29
3464000 29
3465000 29
3466000 29
3467000 29
3468000 29
3469000 29
3470000 29
3471000 29
3472000 29
3473000 29
3474000 29
3475000 29
3476000 29
3477000 29
3478000 29
3479000 29
3480000 29
3481000 29
3482000 29
3483000 29
3484000 29
3485000 29
3486000 29
3487000 29
3488000 29
3489000 29
3490000 29
3491000 29
3492000 29
3493000 29
3494000 29
3495000 29
3496000 29
3497000 29
3498000 29
3499000 29
3500000 29
3501000 29
3502000 29
3503000 29
3504000 29
3505000 29
3506000 29
3507000 29
3508000 29
3509000 29
3510000 29
3511000 29
3512000 29
3513000 29
3514000 29
3515000 29
3516000 29
3517000 29
3518000 29
3519000 29
3520000 29
3521000 29
3522000 29
3523000 29
3524000 29
3525000 29
3526000 29
3527000 29
3528000 29
3529000 29
3530000 29
3531000 29
3532000 29
3533000 29
3534000 29
3535000 29
3536000 29
3537000 29
3538000 29
3539000 29
3540000 29
3541000 29
3542000 29
3543000 29
3544000 29
3545000 29
3546000 29
3547000 29
3548000 29
3549000 29
3550000 29
3551000 29
3552000 29
3553000 29
3554000 29
3555000 29
3556000 29
3557000 29
3558000 29
3559000 29
3560000 29
3561000 29
3562000 29
3563000 29
3564000 29
3565000 29
3566000 29
3567000 29
3568000 29
3569000 29
3570000 29
3571000 29
3572000 29
3573000 29
3574000 29
3575000 29
3576000 29
3577000 29
3578000 29
3579000 29
3580000 29
3581000 29
3582000 29
3583000 29
3584000 29
3585000 29
3586000 29
3587000 29
3588000 29
3589000 29
3590000 29
3591000 29
3592000 29
3593000 29
3594000 29
3595000 29
3596000 29
3597000 29
3598000 29
3599000 29
3600000 29
3601000 29
3602000 29
3603000 29
3604000 29
3605000 29
3606000 29
3607000 29
3608000 29
3609000 29
3610000 29
3611000 29
3612000 29
3613000 29
3614000 29
3615000 29
3616000 29
3617000 29
3618000 29
3619000 29
3620000 29
3621000 29
3622000 29
3623000 29
3624000 29
3625000 29
3626000 29
3627000 29
3628000 29
3629000 29
3630000 29
3631000 29
3632000 29
3633000 29
3634000 29
3635000 29
3636000 29
3637000 29
3638000 29
3639000 29
3640000 29
3641000 29
3642000 29
3643000 29
3644000 29
3645000 29
3646000 29
3647000 29
3648000 29
3649000 29
3650000 29
3651000 29
3652000 29
3653000 29
3654000 29
3655000 29
3656000 29
3657000 29
3658000 29
3659000 29
3660000 29
3661000 29
3662000 29
3663000 29
3664000 29
3665000 29
3666000 29
3667000 29
3668000 29
3669000 29
3670000 29
3671000 29
3672000 29
3673000 29
3674000 29
3675000 29
3676000 29
3677000 29
3678000 29
3679000 29
3680000 29
3681000 29
3682000 29
3683000 29
3684000 29
3685000 29
3686000 29
3687000 29
3688000 29
3689000 29
3690000 29
3691000 29
3692000 29
3693000 29
3694000 29
3695000 29
3696000 29
3697000 29
3698000 29
3699000 29
3700000 29
3701000 29
3702000 29
3703000 29
3704000 29
3705000 29
3706000 29
3707000 29
3708000 29
3709000 29
3710000 29
3711000 29
3712000 29
3713000 29
3714000 29
3715000 29
3716000 29
3717000 29
3718000 29
3719000 29
3720000 29
3721000 29
3722000 29
3723000 29
3724000 29
3725000 29
3726000 29
3727000 29
3728000 29
3729000 29
3730000 29
3731000 29
3732000 29
3733000 29
3734000 29
3735000 29
3736000 29
3737000 29
3738000 29
3739000 29
3740000 29
3741000 29
3742000 29
3743000 29
3744000 29
3745000 29
3746000 29
3747000 29
3748000 29
3749000 29
3750000 29
3751000 29
3752000 29
3753000 29
3754000 29
3755000 29
3756000 29
3757000 29
3758000 29
3759000 29
3760000 29
3761000 29
3762000 29
3763000 29
3764000 29
3765000 29
3766000 29
3767000 29
3768000 29
3769000 29
3770000 29
3771000 29
3772000 29
3773000 29
3774000 29
3775000 29
3776000 29
3777000 29
3778000 29
3779000 29
3780000 29
3781000 29
3782000 29
3783000 29
3784000 29
3785000 29
3786000 29
3787000 29
3788000 29
3789000 29
3790000 29
3791000 29
3792000 29
3793000 29
3794000 29
3795000 29
3796000 29
3797000 29
3798000 29
3799000 29
3800000 29
3801000 29
3802000 29
3803000 29
3804000 29
3805000 29
3806000 29
3807000 29
3808000 29
3809000 29
3810000 29
3811000 29
3812000 29
3813000 29
3814000 29
3815000 29
3816000 29
3817000 29
3818000 29
3819000 29
3820000 29
3821000 29
3822000 29
3823000 29
3824000 29
3825000 29
3826000 29
3827000 29
3828000 29
3829000 29
3830000 29
3831000 29
3832000 29
3833000 29
3834000 29
3835000 29
3836000 29
3837000 29
3838000 29
3839000 29
3840000 29
3841000 29
3842000 29
3843000 29
3844000 29
3845000 29
3846000 29
3847000 29
3848000 29
3849000 29
3850000 29
3851000 29
3852000 29
3853000 29
3854000 29
3855000 29
3856000 29
3857000 29
3858000 29
3859000 29
3860000 29
3861000 29
3862000 29
3863000 30
3864000 30
3865000 30
3866000 30
3867000 30
3868000 30
3869000 30
3870000 30
3871000 30
3872000 30
3873000 30
3874000 30
3875000 30
3876000 30
3877000 30
3878000 30
3879000 30
3880000 30
3881000 30
3882000 30
3883000 30
3884000 30
3885000 30
3886000 30
3887000 30
3888000 30
3889000 30
3890000 30
3891000 30
3892000 30
3893000 30
3894000 30
3895000 30
3896000 30
3897000 30
3898000 30
3899000 30
3900000 30
3901000 30
3902000 30
3903000 30
3904000 30
3905000 30
3906000 30
3907000 30
3908000 30
3909000 30
3910000 30
3911000 30
3912000 30
3913000 30
3914000 30
3915000 30
3916000 30
3917000 30
3918000 30
3919000 30
3920000 30
3921000 30
3922000 30
3923000 30
3924000 30
3925000 30
3926000 30
3927000 30
3928000 30
3929000 30
3930000 30
3931000 30
3932000 30
3933000 30
3934000 30
3935000 30
3936000 30
3937000 30
3938000 30
3939000 30
3940000 30
3941000 30
3942000 30
3943000 30
3944000 30
3945000 30
3946000 30
3947000 30
3948000 30
3949000 30
3950000 30
3951000 30
3952000 30
3953000 30
3954000 30
3955000 30
3956000 30
3957000 30
3958000 30
3959000 30
3960000 30
3961000 30
3962000 30
3963000 30
3964000 30
3965000 30
3966000 30
3967000 30
3968000 30
3969000 30
3970000 30
3971000 30
3972000 30
3973000 30
3974000 30
3975000 30
3976000 30
3977000 30
3978000 30
3979000 30
3980000 30
3981000 30
3982000 31
3983000 31
3984000 31
3985000 31
3986000 31
3987000 31
3988000 31
3989000 31
3990000 31
3991000 31
3992000 31
3993000 31
3994000 31
3995000 31
3996000 31
3997000 31
3998000 31
3999000 31
4000000 31
4001000 31
4002000 31
4003000 31
4004000 31
4005000 31
4006000 31
4007000 31
4008000 31
4009000 31
4010000 31
4011000 31
4012000 31
4013000 31
4014000 31
4015000 31
4016000 31
4017000 31
4018000 31
4019000 31
4020000 31
4021000 31
4022000 31
4023000 31
4024000 31
4025000 31
4026000 31
4027000 31
4028000 31
4029000 31
4030000 31
4031000 31
4032000 31
4033000 31
4034000 31
4035000 31
4036000 31
4037000 31
4038000 31
4039000 31
4040000 31
4041000 31
4042000 31
4043000 31
4044000 31
4045000 31
4046000 31
4047000 31
4048000 31
4049000 31
4050000 31
4051000 31
4052000 31
4053000 31
4054000 31
4055000 31
4056000 32
4057000 32
4058000 32
4059000 32
4060000 32
4061000 32
4062000 32
4063000 32
4064000 32
4065000 32
4066000 32
4067000 32
4068000 32
4069000 32
4070000 32
4071000 32
4072000 32
4073000 32
4074000 32
4075000 32
4076000 32
4077000 32
4078000 32
4079000 32
4080000 32
4081000 32
4082000 32
4083000 32
4084000 32
4085000 32
4086000 32
4087000 32
4088000 32
4089000 32
4090000 32
4091000 32
4092000 32
4093000 32
4094000 32
4095000 32
4096000 32
4097000 32
4098000 32
4099000 32
4100000 32
4101000 32
4102000 32
4103000 32
4104000 32
4105000 32
4106000 32
4107000 32
4108000 32
4109000 32
4110000 32
4111000 32
4112000 32
4113000 32
4114000 32
4115000 32
4116000 32
4117000 32
4118000 32
4119000 32
4120000 32
4121000 32
4122000 32
4123000 32
4124000 32
4125000 32
4126000 32
4127000 32
4128000 32
4129000 32
4130000 32
4131000 32
4132000 32
4133000 32
4134000 32
4135000 32
4136000 32
4137000 32
4138000 32
4139000 32
4140000 32
4141000 32
4142000 32
4143000 32
4144000 32
4145000 32
4146000 32
4147000 32
4148000 32
4149000 32
4150000 32
4151000 32
4152000 32
4153000 32
4154000 32
4155000 32
4156000 32
4157000 32
4158000 32
4159000 32
4160000 32
4161000 32
4162000 32
4163000 32
4164000 32
4165000 32
4166000 32
4167000 32
4168000 32
4169000 32
4170000 32
4171000 32
4172000 32
4173000 32
4174000 32
4175000 32
4176000 32
4177000 32
4178000 32
4179000 32
4180000 32
4181000 32
4182000 32
4183000 32
4184000 32
4185000 32
4186000 32
4187000 32
4188000 32
4189000 32
4190000 32
4191000 32
4192000 32
4193000 32
4194000 32
4195000 32
4196000 32
4197000 32
4198000 32
4199000 32
4200000 32
4201000 32
4202000 32
4203000 32
4204000 32
4205000 32
4206000 32
4207000 32
4208000 32
4209000 32
4210000 32
4211000 32
4212000 32
4213000 32
4214000 32
4215000 32
4216000 32
4217000 32
4218000 32
4219000 32
4220000 32
4221000 32
4222000 33
4223000 33
4224000 33
4225000 33
4226000 33
4227000 33
4228000 33
4229000 33
4230000 33
4231000 33
4232000 33
4233000 33
4234000 33
4235000 33
4236000 33
4237000 33
4238000 33
4239000 33
4240000 33
4241000 33
4242000 33
4243000 33
4244000 33
4245000 33
4246000 33
4247000 33
4248000 33
4249000 33
4250000 33
4251000 33
4252000 33
4253000 33
4254000 33
4255000 33
4256000 33
4257000 33
4258000 33
4259000 33
4260000 33
4261000 33
4262000 33
4263000 33
4264000 33
4265000 33
4266000 33
4267000 33
4268000 33
4269000 33
4270000 33
4271000 33
4272000 33
4273000 33
4274000 33
4275000 33
4276000 33
4277000 33
4278000 33
4279000 33
4280000 33
4281000 33
4282000 33
4283000 33
4284000 33
4285000 33
4286000 33
4287000 33
4288000 33
4289000 33
4290000 33
4291000 33
4292000 33
4293000 33
4294000 33
4295000 33
4296000 33
4297000 33
4298000 33
4299000 33
4300000 33
4301000 33
4302000 33
4303000 33
4304000 33
4305000 33
4306000 33
4307000 33
4308000 33
4309000 33
4310000 33
4311000 33
4312000 33
4313000 33
4314000 33
4315000 33
4316000 33
4317000 33
4318000 33
4319000 33
4320000 33
4321000 33
4322000 33
4323000 33
4324000 33
4325000 33
4326000 33
4327000 33
4328000 33
4329000 33
4330000 33
4331000 33
4332000 33
4333000 33
4334000 33
4335000 33
4336000 33
4337000 33
4338000 33
4339000 33
4340000 33
4341000 33
4342000 33
4343000 33
4344000 33
4345000 33
4346000 33
4347000 33
4348000 33
4349000 33
4350000 33
4351000 33
4352000 33
4353000 33
4354000 33
4355000 33
4356000 33
4357000 33
4358000 33
4359000 33
4360000 33
4361000 33
4362000 33
4363000 33
4364000 33
4365000 33
4366000 33
4367000 33
4368000 33
4369000 33
4370000 33
4371000 33
4372000 33
4373000 33
4374000 33
4375000 33
4376000 33
4377000 33
4378000 33
4379000 33
4380000 33
4381000 33
4382000 33
4383000 33
4384000 33
4385000 33
4386000 33
4387000 33
4388000 33
4389000 33
4390000 33
4391000 33
4392000 33
4393000 33
4394000 33
4395000 33
4396000 33
4397000 33
4398000 33
4399000 33
4400000 33
4401000 33
4402000 33
4403000 33
4404000 33
4405000 33
4406000 33
4407000 33
4408000 33
4409000 33
4410000 33
4411000 33
4412000 33
4413000 33
4414000 33
4415000 33
4416000 33
4417000 33
4418000 33
4419000 33
4420000 33
4421000 33
4422000 33
4423000 33
4424000 33
4425000 33
4426000 33
4427000 33
4428000 33
4429000 33
4430000 33
4431000 33
4432000 33
4433000 33
4434000 33
4435000 33
4436000 33
4437000 33
4438000 33
4439000 33
4440000 33
4441000 33
4442000 33
4443000 33
4444000 33
4445000 33
4446000 33
4447000 33
4448000 33
4449000 33
4450000 33
4451000 34
4452000 34
4453000 34
4454000 34
4455000 34
4456000 34
4457000 34
4458000 34
4459000 34
4460000 34
4461000 34
4462000 34
4463000 34
4464000 34
4465000 34
4466000 34
4467000 34
4468000 34
4469000 34
4470000 34
4471000 34
4472000 34
4473000 34
4474000 34
4475000 34
4476000 34
4477000 34
4478000 34
4479000 34
4480000 34
4481000 34
4482000 34
4483000 34
4484000 34
4485000 34
4486000 34
4487000 34
4488000 34
4489000 34
4490000 34
4491000 34
4492000 34
4493000 34
4494000 34
4495000 34
4496000 34
4497000 34
4498000 34
4499000 34
4500000 34
4501000 34
4502000 34
4503000 34
4504000 34
4505000 34
4506000 34
4507000 34
4508000 34
4509000 34
4510000 34
4511000 34
4512000 34
4513000 34
4514000 34
4515000 34
4516000 34
4517000 34
4518000 34
4519000 34
4520000 34
4521000 34
4522000 34
4523000 34
4524000 34
4525000 34
4526000 34
4527000 34
4528000 34
4529000 34
4530000 34
4531000 34
4532000 34
4533000 34
4534000 34
4535000 34
4536000 34
4537000 34
4538000 34
4539000 34
4540000 34
4541000 34
4542000 34
4543000 34
4544000 34
4545000 34
4546000 34
4547000 34
4548000 34
4549000 34
4550000 34
4551000 34
4552000 34
4553000 34
4554000 34
4555000 34
4556000 34
4557000 34
4558000 34
4559000 34
4560000 34
4561000 34
4562000 34
4563000 34
4564000 34
4565000 34
4566000 34
4567000 34
4568000 34
4569000 34
4570000 34
4571000 34
4572000 35
4573000 35
4574000 35
4575000 35
4576000 35
4577000 35
4578000 35
4579000 35
4580000 35
4581000 35
4582000 35
4583000 35
4584000 35
4585000 35
4586000 35
4587000 35
4588000 35
4589000 35
4590000 35
4591000 35
4592000 35
4593000 35
4594000 35
4595000 35
4596000 35
4597000 35
4598000 35
4599000 35
4600000 35
4601000 35
4602000 35
4603000 35
4604000 35
4605000 35
4606000 35
4607000 35
4608000 35
4609000 35
4610000 35
4611000 35
4612000 35
4613000 35
4614000 35
4615000 35
4616000 35
4617000 35
4618000 35
4619000 35
4620000 35
4621000 35
4622000 35
4623000 35
4624000 35
4625000 35
4626000 35
4627000 35
4628000 35
4629000 35
4630000 35
4631000 35
4632000 35
4633000 35
4634000 35
4635000 35
4636000 36
4637000 36
4638000 36
4639000 36
4640000 36
4641000 36
4642000 36
4643000 36
4644000 36
4645000 36
4646000 36
4647000 36
4648000 36
4649000 36
4650000 36
4651000 37
4652000 37
4653000 37
4654000 37
4655000 37
4656000 37
4657000 37
4658000 37
4659000 37
4660000 37
4661000 37
4662000 37
4663000 37
4664000 37
4665000 37
4666000 37
4667000 37
4668000 37
4669000 37
4670000 37
4671000 37
4672000 38
4673000 38
4674000 38
4675000 38
4676000 38
4677000 38
4678000 38
4679000 38
4680000 38
4681000 38
4682000 38
4683000 38
4684000 38
4685000 38
4686000 38
4687000 38
4688000 38
4689000 38
4690000 38
4691000 38
4692000 38
4693000 38
4694000 38
4695000 38
4696000 38
4697000 38
4698000 38
4699000 38
4700000 38
4701000 38
4702000 38
4703000 38
4704000 38
4705000 38
4706000 38
4707000 38
4708000 38
4709000 38
4710000 38
4711000 38
4712000 38
4713000 38
4714000 38
4715000 38
4716000 38
4717000 38
4718000 38
4719000 38
4720000 38
4721000 38
4722000 38
4723000 38
4724000 38
4725000 38
4726000 38
4727000 38
4728000 38
4729000 38
4730000 38
4731000 38
4732000 38
4733000 38
4734000 38
4735000 39
4736000 39
4737000 39
4738000 39
4739000 39
4740000 39
4741000 39
4742000 39
4743000 39
4744000 39
4745000 39
4746000 39
4747000 39
4748000 39
4749000 39
4750000 39
4751000 39
4752000 39
4753000 39
4754000 39
4755000 39
4756000 39
4757000 39
4758000 39
4759000 39
4760000 39
4761000 39
4762000 39
4763000 39
4764000 39
4765000 39
4766000 39
4767000 39
4768000 39
4769000 39
4770000 39
4771000 39
4772000 39
4773000 39
4774000 39
4775000 39
4776000 39
4777000 39
4778000 39
4779000 39
4780000 39
4781000 39
4782000 39
4783000 39
4784000 39
4785000 39
4786000 39
4787000 39
4788000 39
4789000 39
4790000 39
4791000 39
4792000 39
4793000 39
4794000 39
4795000 39
4796000 39
4797000 39
4798000 39
4799000 39
4800000 39
4801000 39
4802000 39
4803000 39
4804000 39
4805000 39
4806000 39
4807000 39
4808000 39
4809000 39
4810000 39
4811000 39
4812000 39
4813000 39
4814000 39
4815000 39
4816000 39
4817000 39
4818000 39
4819000 39
4820000 39
4821000 39
4822000 39
4823000 39
4824000 39
4825000 39
4826000 39
4827000 39
4828000 39
4829000 39
4830000 39
4831000 39
4832000 39
4833000 39
4834000 39
4835000 39
4836000 39
4837000 39
4838000 39
4839000 39
4840000 39
4841000 39
4842000 39
4843000 39
4844000 39
4845000 39
4846000 39
4847000 40
4848000 40
4849000 40
4850000 40
4851000 40
4852000 40
4853000 40
4854000 40
4855000 40
4856000 40
4857000 40
4858000 40
4859000 40
4860000 40
4861000 40
4862000 40
4863000 40
4864000 40
4865000 40
4866000 40
4867000 40
4868000 40
4869000 40
4870000 40
4871000 40
4872000 40
4873000 40
4874000 40
4875000 40
4876000 40
4877000 40
4878000 40
4879000 40
4880000 40
4881000 40
4882000 40
4883000 40
4884000 40
4885000 40
4886000 40
4887000 40
4888000 40
4889000 40
4890000 40
4891000 40
4892000 40
4893000 40
4894000 40
4895000 40
4896000 40
4897000 40
4898000 40
4899000 40
4900000 40
4901000 40
4902000 40
4903000 40
4904000 40
4905000 40
4906000 40
4907000 40
4908000 40
4909000 40
4910000 40
4911000 40
4912000 40
4913000 40
4914000 40
4915000 40
4916000 40
4917000 40
4918000 40
4919000 40
4920000 40
4921000 40
4922000 40
4923000 40
4924000 40
4925000 40
4926000 40
4927000 40
4928000 40
4929000 40
4930000 40
4931000 40
4932000 40
4933000 40
4934000 40
4935000 40
4936000 40
4937000 40
4938000 40
4939000 40
4940000 40
4941000 40
4942000 40
4943000 40
4944000 40
4945000 40
4946000 40
4947000 40
4948000 40
4949000 40
4950000 40
4951000 40
4952000 40
4953000 40
4954000 40
4955000 41
4956000 41
4957000 41
4958000 41
4959000 41
4960000 41
4961000 41
4962000 41
4963000 41
4964000 41
4965000 41
4966000 41
4967000 42
4968000 42
4969000 42
4970000 42
4971000 42
4972000 42
4973000 42
4974000 42
4975000 42
4976000 42
4977000 42
4978000 42
4979000 42
4980000 42
4981000 42
4982000 42
4983000 42
4984000 42
4985000 42
4986000 42
4987000 42
4988000 42
4989000 42
4990000 42
4991000 42
4992000 42
4993000 42
4994000 42
4995000 42
4996000 42
4997000 42
4998000 42
4999000 42
5000000 42
