0 0
1000 0
2000 0
3000 0
4000 0
5000 0
6000 0
7000 0
8000 0
9000 0
10000 0
11000 0
12000 0
13000 0
14000 0
15000 0
16000 0
17000 0
18000 0
19000 0
20000 0
21000 0
22000 0
23000 0
24000 0
25000 0
26000 0
27000 0
28000 0
29000 1
30000 1
31000 1
32000 1
33000 1
34000 1
35000 1
36000 1
37000 1
38000 1
39000 1
40000 1
41000 1
42000 1
43000 1
44000 1
45000 1
46000 1
47000 1
48000 1
49000 1
50000 1
51000 1
52000 1
53000 1
54000 1
55000 1
56000 1
57000 1
58000 1
59000 1
60000 1
61000 2
62000 2
63000 2
64000 2
65000 2
66000 2
67000 2
68000 2
69000 2
70000 2
71000 2
72000 2
73000 2
74000 2
75000 2
76000 2
77000 2
78000 2
79000 2
80000 2
81000 2
82000 2
83000 2
84000 2
85000 2
86000 2
87000 2
88000 2
89000 3
90000 3
91000 3
92000 3
93000 3
94000 3
95000 3
96000 3
97000 3
98000 3
99000 3
100000 3
101000 3
102000 3
103000 3
104000 3
105000 3
106000 4
107000 4
108000 4
109000 4
110000 4
111000 4
112000 4
113000 4
114000 4
115000 4
116000 4
117000 4
118000 4
119000 4
120000 4
121000 4
122000 4
123000 4
124000 4
125000 4
126000 4
127000 4
128000 4
129000 4
130000 5
131000 5
132000 5
133000 5
134000 5
135000 5
136000 5
137000 5
138000 5
139000 5
140000 5
141000 5
142000 5
143000 5
144000 5
145000 5
146000 5
147000 5
148000 6
149000 6
150000 6
151000 6
152000 6
153000 6
154000 6
155000 6
156000 6
157000 6
158000 6
159000 6
160000 6
161000 6
162000 6
163000 6
164000 6
165000 6
166000 6
167000 6
168000 6
169000 6
170000 6
171000 6
172000 6
173000 6
174000 6
175000 6
176000 6
177000 6
178000 6
179000 6
180000 6
181000 6
182000 6
183000 6
184000 6
185000 6
186000 6
187000 6
188000 6
189000 7
190000 7
191000 7
192000 7
193000 7
194000 7
195000 7
196000 7
197000 7
198000 7
199000 7
200000 7
201000 7
202000 7
203000 7
204000 7
205000 7
206000 7
207000 7
208000 7
209000 7
210000 7
211000 7
212000 7
213000 7
214000 7
215000 7
216000 7
217000 8
218000 8
219000 8
220000 8
221000 8
222000 8
223000 8
224000 8
225000 8
226000 8
227000 8
228000 8
229000 8
230000 8
231000 8
232000 8
233000 8
234000 8
235000 8
236000 8
237000 8
238000 8
239000 8
240000 9
241000 9
242000 9
243000 9
244000 9
245000 9
246000 9
247000 9
248000 9
249000 9
250000 9
251000 9
252000 9
253000 9
254000 10
255000 10
256000 10
257000 10
258000 10
259000 10
260000 10
261000 10
262000 10
263000 10
264000 10
265000 10
266000 11
267000 11
268000 11
269000 11
270000 11
271000 11
272000 11
273000 11
274000 11
275000 11
276000 12
277000 12
278000 12
279000 12
280000 12
281000 12
282000 12
283000 12
284000 12
285000 12
286000 13
287000 13
288000 13
289000 13
290000 13
291000 13
292000 13
293000 13
294000 13
295000 13
296000 13
297000 13
298000 13
299000 13
300000 13
301000 13
302000 14
303000 14
304000 14
305000 14
306000 14
307000 14
308000 14
309000 14
310000 14
311000 14
312000 14
313000 15
314000 15
315000 15
316000 15
317000 15
318000 15
319000 15
320000 15
321000 15
322000 15
323000 16
324000 16
325000 16
326000 16
327000 16
328000 16
329000 16
330000 16
331000 16
332000 16
333000 16
334000 16
335000 16
336000 17
337000 17
338000 17
339000 17
340000 17
341000 17
342000 17
343000 17
344000 17
345000 17
346000 17
347000 17
348000 17
349000 17
350000 17
351000 17
352000 17
353000 17
354000 17
355000 17
356000 17
357000 17
358000 18
359000 18
360000 18
361000 18
362000 18
363000 18
364000 18
365000 18
366000 18
367000 18
368000 18
369000 18
370000 18
371000 18
372000 18
373000 18
374000 18
375000 18
376000 19
377000 19
378000 19
379000 19
380000 19
381000 19
382000 19
383000 19
384000 19
385000 19
386000 19
387000 19
388000 19
389000 19
390000 20
391000 20
392000 20
393000 20
394000 20
395000 20
396000 20
397000 20
398000 20
399000 20
400000 20
401000 20
402000 20
403000 20
404000 20
405000 20
406000 20
407000 21
408000 21
409000 21
410000 21
411000 21
412000 21
413000 21
414000 21
415000 21
416000 21
417000 21
418000 21
419000 21
420000 21
421000 21
422000 21
423000 21
424000 21
425000 21
426000 21
427000 22
428000 22
429000 22
430000 22
431000 22
432000 22
433000 22
434000 22
435000 22
436000 22
437000 22
438000 22
439000 22
440000 22
441000 22
442000 22
443000 22
444000 22
445000 22
446000 22
447000 23
448000 23
449000 23
450000 23
451000 23
452000 23
453000 23
454000 23
455000 23
456000 23
457000 23
458000 23
459000 23
460000 24
461000 24
462000 24
463000 24
464000 24
465000 24
466000 24
467000 24
468000 24
469000 24
470000 24
471000 24
472000 24
473000 25
474000 25
475000 25
476000 25
477000 25
478000 25
479000 25
480000 25
481000 25
482000 25
483000 25
484000 25
485000 25
486000 25
487000 25
488000 26
489000 26
490000 26
491000 26
492000 26
493000 26
494000 26
495000 26
496000 26
497000 26
498000 26
499000 26
500000 26
501000 27
502000 27
503000 27
504000 27
505000 27
506000 27
507000 27
508000 27
509000 27
510000 27
511000 27
512000 27
513000 27
514000 27
515000 27
516000 28
517000 28
518000 28
519000 28
520000 28
521000 28
522000 28
523000 28
524000 28
525000 28
526000 28
527000 28
528000 28
529000 28
530000 28
531000 28
532000 28
533000 28
534000 28
535000 28
536000 28
537000 28
538000 28
539000 28
540000 28
541000 28
542000 29
543000 29
544000 29
545000 29
546000 29
547000 29
548000 29
549000 29
550000 29
551000 29
552000 29
553000 29
554000 29
555000 29
556000 29
557000 29
558000 29
559000 29
560000 29
561000 29
562000 29
563000 29
564000 29
565000 29
566000 29
567000 29
568000 29
569000 29
570000 29
571000 29
572000 29
573000 29
574000 29
575000 29
576000 29
577000 30
578000 30
579000 30
580000 30
581000 30
582000 30
583000 30
584000 30
585000 30
586000 30
587000 30
588000 30
589000 30
590000 30
591000 30
592000 30
593000 30
594000 30
595000 30
596000 30
597000 30
598000 30
599000 31
600000 31
601000 31
602000 31
603000 31
604000 31
605000 31
606000 31
607000 31
608000 31
609000 31
610000 31
611000 31
612000 31
613000 31
614000 31
615000 31
616000 31
617000 31
618000 31
619000 31
620000 31
621000 31
622000 31
623000 31
624000 31
625000 31
626000 31
627000 31
628000 31
629000 31
630000 31
631000 31
632000 31
633000 31
634000 31
635000 31
636000 31
637000 31
638000 31
639000 31
640000 31
641000 31
642000 31
643000 32
644000 32
645000 32
646000 32
647000 32
648000 32
649000 32
650000 32
651000 32
652000 32
653000 32
654000 32
655000 32
656000 32
657000 32
658000 32
659000 32
660000 33
661000 33
662000 33
663000 33
664000 33
665000 33
666000 33
667000 33
668000 33
669000 33
670000 33
671000 33
672000 33
673000 33
674000 33
675000 33
676000 33
677000 33
678000 34
679000 34
680000 34
681000 34
682000 34
683000 34
684000 34
685000 34
686000 34
687000 34
688000 34
689000 34
690000 34
691000 34
692000 34
693000 34
694000 34
695000 34
696000 35
697000 35
698000 35
699000 35
700000 35
701000 35
702000 35
703000 35
704000 35
705000 35
706000 35
707000 35
708000 35
709000 35
710000 35
711000 35
712000 35
713000 35
714000 35
715000 36
716000 36
717000 36
718000 36
719000 36
720000 36
721000 36
722000 36
723000 36
724000 36
725000 36
726000 36
727000 36
728000 36
729000 36
730000 36
731000 36
732000 37
733000 37
734000 37
735000 37
736000 37
737000 37
738000 37
739000 37
740000 37
741000 37
742000 37
743000 37
744000 37
745000 37
746000 37
747000 37
748000 37
749000 37
750000 37
751000 37
752000 37
753000 37
754000 37
755000 37
756000 37
757000 37
758000 37
759000 37
760000 37
761000 37
762000 38
763000 38
764000 38
765000 38
766000 38
767000 38
768000 38
769000 38
770000 38
771000 38
772000 38
773000 38
774000 38
775000 38
776000 38
777000 38
778000 38
779000 38
780000 38
781000 38
782000 38
783000 38
784000 38
785000 39
786000 39
787000 39
788000 39
789000 39
790000 39
791000 39
792000 39
793000 39
794000 39
795000 39
796000 39
797000 39
798000 39
799000 39
800000 39
801000 39
802000 40
803000 40
804000 40
805000 40
806000 40
807000 40
808000 40
809000 40
810000 40
811000 40
812000 40
813000 40
814000 40
815000 40
816000 40
817000 41
818000 41
819000 41
820000 41
821000 41
822000 41
823000 41
824000 41
825000 41
826000 41
827000 41
828000 41
829000 41
830000 41
831000 41
832000 41
833000 41
834000 42
835000 42
836000 42
837000 42
838000 42
839000 42
840000 42
841000 42
842000 42
843000 42
844000 42
845000 42
846000 42
847000 42
848000 43
849000 43
850000 43
851000 43
852000 43
853000 43
854000 43
855000 43
856000 43
857000 43
858000 43
859000 43
860000 43
861000 43
862000 43
863000 43
864000 43
865000 43
866000 43
867000 43
868000 43
869000 43
870000 44
871000 44
872000 44
873000 44
874000 44
875000 44
876000 44
877000 44
878000 44
879000 44
880000 44
881000 44
882000 44
883000 44
884000 44
885000 44
886000 44
887000 44
888000 44
889000 44
890000 44
891000 44
892000 44
893000 44
894000 45
895000 45
896000 45
897000 45
898000 45
899000 45
900000 45
901000 45
902000 45
903000 45
904000 45
905000 45
906000 45
907000 45
908000 45
909000 45
910000 45
911000 45
912000 45
913000 45
914000 45
915000 45
916000 45
917000 45
918000 45
919000 45
920000 45
921000 45
922000 45
923000 45
924000 45
925000 46
926000 46
927000 46
928000 46
929000 46
930000 46
931000 46
932000 46
933000 46
934000 46
935000 46
936000 46
937000 46
938000 46
939000 46
940000 46
941000 46
942000 47
943000 47
944000 47
945000 47
946000 47
947000 47
948000 47
949000 47
950000 47
951000 47
952000 47
953000 47
954000 47
955000 47
956000 47
957000 47
958000 48
959000 48
960000 48
961000 48
962000 48
963000 48
964000 48
965000 48
966000 48
967000 48
968000 48
969000 48
970000 48
971000 48
972000 48
973000 48
974000 49
975000 49
976000 49
977000 49
978000 49
979000 49
980000 49
981000 49
982000 49
983000 49
984000 49
985000 49
986000 49
987000 49
988000 49
989000 49
990000 49
991000 49
992000 49
993000 49
994000 49
995000 49
996000 49
997000 49
998000 49
999000 49
1000000 49
1001000 49
1002000 49
1003000 49
1004000 49
1005000 50
1006000 50
1007000 50
1008000 50
1009000 50
1010000 50
1011000 50
1012000 50
1013000 50
1014000 50
1015000 50
1016000 50
1017000 51
1018000 51
1019000 51
1020000 51
1021000 51
1022000 51
1023000 51
1024000 51
1025000 51
1026000 51
1027000 51
1028000 51
1029000 52
1030000 52
1031000 52
1032000 52
1033000 52
1034000 52
1035000 52
1036000 52
1037000 52
1038000 52
1039000 53
1040000 53
1041000 53
1042000 53
1043000 53
1044000 53
1045000 53
1046000 53
1047000 53
1048000 53
1049000 53
1050000 53
1051000 53
1052000 54
1053000 54
1054000 54
1055000 54
1056000 54
1057000 54
1058000 54
1059000 54
1060000 54
1061000 54
1062000 54
1063000 55
1064000 55
1065000 55
1066000 55
1067000 55
1068000 55
1069000 55
1070000 55
1071000 55
1072000 55
1073000 55
1074000 55
1075000 55
1076000 55
1077000 55
1078000 56
1079000 56
1080000 56
1081000 56
1082000 56
1083000 56
1084000 56
1085000 56
1086000 56
1087000 56
1088000 56
1089000 57
1090000 57
1091000 57
1092000 57
1093000 57
1094000 57
1095000 57
1096000 57
1097000 57
1098000 57
1099000 57
1100000 57
1101000 57
1102000 58
1103000 58
1104000 58
1105000 58
1106000 58
1107000 58
1108000 58
1109000 58
1110000 58
1111000 58
1112000 58
1113000 59
1114000 59
1115000 59
1116000 59
1117000 59
1118000 59
1119000 59
1120000 59
1121000 59
1122000 59
1123000 59
1124000 59
1125000 59
1126000 59
1127000 59
1128000 59
1129000 60
1130000 60
1131000 60
1132000 60
1133000 60
1134000 60
1135000 60
1136000 60
1137000 60
1138000 60
1139000 60
1140000 60
1141000 60
1142000 61
1143000 61
1144000 61
1145000 61
1146000 61
1147000 61
1148000 61
1149000 61
1150000 61
1151000 61
1152000 61
1153000 62
1154000 62
1155000 62
1156000 62
1157000 62
1158000 62
1159000 62
1160000 62
1161000 62
1162000 62
1163000 62
1164000 63
1165000 63
1166000 63
1167000 63
1168000 63
1169000 63
1170000 63
1171000 63
1172000 63
1173000 63
1174000 64
1175000 64
1176000 64
1177000 64
1178000 64
1179000 64
1180000 64
1181000 64
1182000 64
1183000 64
1184000 64
1185000 64
1186000 64
1187000 64
1188000 65
1189000 65
1190000 65
1191000 65
1192000 65
1193000 65
1194000 65
1195000 65
1196000 65
1197000 65
1198000 65
1199000 65
1200000 66
1201000 66
1202000 66
1203000 66
1204000 66
1205000 66
1206000 66
1207000 66
1208000 66
1209000 66
1210000 66
1211000 66
1212000 66
1213000 66
1214000 66
1215000 66
1216000 66
1217000 66
1218000 66
1219000 67
1220000 67
1221000 67
1222000 67
1223000 67
1224000 67
1225000 67
1226000 67
1227000 67
1228000 67
1229000 67
1230000 67
1231000 67
1232000 67
1233000 67
1234000 67
1235000 67
1236000 67
1237000 68
1238000 68
1239000 68
1240000 68
1241000 68
1242000 68
1243000 68
1244000 68
1245000 68
1246000 68
1247000 68
1248000 68
1249000 68
1250000 68
1251000 68
1252000 68
1253000 68
1254000 68
1255000 68
1256000 68
1257000 69
1258000 69
1259000 69
1260000 69
1261000 69
1262000 69
1263000 69
1264000 69
1265000 69
1266000 69
1267000 69
1268000 69
1269000 69
1270000 69
1271000 69
1272000 69
1273000 69
1274000 69
1275000 69
1276000 69
1277000 69
1278000 69
1279000 69
1280000 69
1281000 69
1282000 69
1283000 69
1284000 69
1285000 69
1286000 69
1287000 69
1288000 69
1289000 69
1290000 69
1291000 69
1292000 69
1293000 69
1294000 69
1295000 69
1296000 69
1297000 69
1298000 69
1299000 69
1300000 69
1301000 69
1302000 69
1303000 69
1304000 69
1305000 69
1306000 69
1307000 69
1308000 69
1309000 69
1310000 69
1311000 69
1312000 69
1313000 69
1314000 69
1315000 69
1316000 69
1317000 69
1318000 69
1319000 69
1320000 69
1321000 69
1322000 69
1323000 69
1324000 69
1325000 69
1326000 69
1327000 70
1328000 70
1329000 70
1330000 70
1331000 70
1332000 70
1333000 70
1334000 70
1335000 70
1336000 70
1337000 70
1338000 70
1339000 70
1340000 70
1341000 70
1342000 70
1343000 70
1344000 70
1345000 71
1346000 71
1347000 71
1348000 71
1349000 71
1350000 71
1351000 71
1352000 71
1353000 71
1354000 71
1355000 71
1356000 71
1357000 71
1358000 71
1359000 71
1360000 71
1361000 71
1362000 71
1363000 71
1364000 71
1365000 71
1366000 71
1367000 71
1368000 71
1369000 71
1370000 71
1371000 71
1372000 71
1373000 71
1374000 71
1375000 71
1376000 71
1377000 71
1378000 71
1379000 71
1380000 71
1381000 71
1382000 71
1383000 71
1384000 71
1385000 71
1386000 71
1387000 71
1388000 71
1389000 71
1390000 71
1391000 71
1392000 71
1393000 71
1394000 71
1395000 71
1396000 71
1397000 71
1398000 71
1399000 71
1400000 71
1401000 71
1402000 71
1403000 71
1404000 71
1405000 71
1406000 71
1407000 71
1408000 71
1409000 71
1410000 71
1411000 71
1412000 71
1413000 71
1414000 71
1415000 71
1416000 71
1417000 71
1418000 71
1419000 71
1420000 72
1421000 72
1422000 72
1423000 72
1424000 72
1425000 72
1426000 72
1427000 72
1428000 72
1429000 72
1430000 72
1431000 72
1432000 72
1433000 72
1434000 72
1435000 72
1436000 72
1437000 72
1438000 72
1439000 72
1440000 72
1441000 72
1442000 72
1443000 72
1444000 72
1445000 72
1446000 72
1447000 72
1448000 72
1449000 72
1450000 72
1451000 72
1452000 72
1453000 72
1454000 72
1455000 72
1456000 72
1457000 72
1458000 72
1459000 72
1460000 72
1461000 72
1462000 72
1463000 72
1464000 72
1465000 72
1466000 72
1467000 72
1468000 72
1469000 72
1470000 72
1471000 72
1472000 72
1473000 72
1474000 72
1475000 72
1476000 72
1477000 72
1478000 72
1479000 72
1480000 72
1481000 72
1482000 72
1483000 72
1484000 73
1485000 73
1486000 73
1487000 73
1488000 73
1489000 73
1490000 73
1491000 73
1492000 73
1493000 73
1494000 73
1495000 73
1496000 73
1497000 73
1498000 73
1499000 73
1500000 74
1501000 74
1502000 74
1503000 74
1504000 74
1505000 74
1506000 74
1507000 74
1508000 74
1509000 74
1510000 74
1511000 74
1512000 74
1513000 74
1514000 74
1515000 74
1516000 74
1517000 74
1518000 74
1519000 74
1520000 74
1521000 74
1522000 74
1523000 74
1524000 74
1525000 74
1526000 74
1527000 74
1528000 74
1529000 74
1530000 74
1531000 74
1532000 74
1533000 74
1534000 74
1535000 74
1536000 74
1537000 74
1538000 74
1539000 74
1540000 74
1541000 74
1542000 74
1543000 74
1544000 74
1545000 74
1546000 74
1547000 74
1548000 74
1549000 74
1550000 74
1551000 74
1552000 74
1553000 74
1554000 74
1555000 74
1556000 74
1557000 74
1558000 74
1559000 74
1560000 74
1561000 74
1562000 74
1563000 74
1564000 74
1565000 74
1566000 74
1567000 74
1568000 74
1569000 74
1570000 74
1571000 74
1572000 74
1573000 74
1574000 74
1575000 74
1576000 74
1577000 74
1578000 74
1579000 74
1580000 74
1581000 74
1582000 74
1583000 74
1584000 74
1585000 74
1586000 74
1587000 74
1588000 74
1589000 74
1590000 74
1591000 74
1592000 74
1593000 74
1594000 74
1595000 74
1596000 74
1597000 74
1598000 74
1599000 74
1600000 74
1601000 74
1602000 74
1603000 74
1604000 74
1605000 74
1606000 74
1607000 74
1608000 74
1609000 74
1610000 74
1611000 74
1612000 74
1613000 74
1614000 74
1615000 74
1616000 74
1617000 74
1618000 74
1619000 75
1620000 75
1621000 75
1622000 75
1623000 75
1624000 75
1625000 75
1626000 75
1627000 75
1628000 75
1629000 75
1630000 75
1631000 75
1632000 75
1633000 76
1634000 76
1635000 76
1636000 76
1637000 76
1638000 76
1639000 76
1640000 76
1641000 76
1642000 76
1643000 76
1644000 76
1645000 76
1646000 76
1647000 76
1648000 76
1649000 76
1650000 76
1651000 76
1652000 77
1653000 77
1654000 77
1655000 77
1656000 77
1657000 77
1658000 77
1659000 77
1660000 77
1661000 77
1662000 77
1663000 77
1664000 77
1665000 77
1666000 78
1667000 78
1668000 78
1669000 78
1670000 78
1671000 78
1672000 78
1673000 78
1674000 78
1675000 78
1676000 78
1677000 78
1678000 78
1679000 78
1680000 78
1681000 78
1682000 78
1683000 79
1684000 79
1685000 79
1686000 79
1687000 79
1688000 79
1689000 79
1690000 79
1691000 79
1692000 79
1693000 79
1694000 79
1695000 80
1696000 80
1697000 80
1698000 80
1699000 80
1700000 80
1701000 80
1702000 80
1703000 80
1704000 80
1705000 80
1706000 80
1707000 80
1708000 80
1709000 80
1710000 80
1711000 80
1712000 80
1713000 81
1714000 81
1715000 81
1716000 81
1717000 81
1718000 81
1719000 81
1720000 81
1721000 81
1722000 81
1723000 81
1724000 81
1725000 81
1726000 81
1727000 82
1728000 82
1729000 82
1730000 82
1731000 82
1732000 82
1733000 82
1734000 82
1735000 82
1736000 82
1737000 82
1738000 82
1739000 82
1740000 83
1741000 83
1742000 83
1743000 83
1744000 83
1745000 83
1746000 83
1747000 83
1748000 83
1749000 83
1750000 83
1751000 83
1752000 83
1753000 83
1754000 83
1755000 83
1756000 83
1757000 84
1758000 84
1759000 84
1760000 84
1761000 84
1762000 84
1763000 84
1764000 84
1765000 84
1766000 84
1767000 84
1768000 84
1769000 85
1770000 85
1771000 85
1772000 85
1773000 85
1774000 85
1775000 85
1776000 85
1777000 85
1778000 85
1779000 85
1780000 85
1781000 85
1782000 85
1783000 85
1784000 86
1785000 86
1786000 86
1787000 86
1788000 86
1789000 86
1790000 86
1791000 86
1792000 86
1793000 86
1794000 86
1795000 86
1796000 86
1797000 86
1798000 86
1799000 86
1800000 87
1801000 87
1802000 87
1803000 87
1804000 87
1805000 87
1806000 87
1807000 87
1808000 87
1809000 87
1810000 87
1811000 88
1812000 88
1813000 88
1814000 88
1815000 88
1816000 88
1817000 88
1818000 88
1819000 88
1820000 88
1821000 88
1822000 88
1823000 88
1824000 89
1825000 89
1826000 89
1827000 89
1828000 89
1829000 89
1830000 89
1831000 89
1832000 89
1833000 89
1834000 89
1835000 89
1836000 89
1837000 89
1838000 89
1839000 89
1840000 90
1841000 90
1842000 90
1843000 90
1844000 90
1845000 90
1846000 90
1847000 90
1848000 90
1849000 90
1850000 90
1851000 90
1852000 90
1853000 90
1854000 91
1855000 91
1856000 91
1857000 91
1858000 91
1859000 91
1860000 91
1861000 91
1862000 91
1863000 91
1864000 91
1865000 91
1866000 91
1867000 91
1868000 92
1869000 92
1870000 92
1871000 92
1872000 92
1873000 92
1874000 92
1875000 92
1876000 92
1877000 92
1878000 92
1879000 92
1880000 92
1881000 92
1882000 93
1883000 93
1884000 93
1885000 93
1886000 93
1887000 93
1888000 93
1889000 93
1890000 93
1891000 93
1892000 93
1893000 93
1894000 93
1895000 94
1896000 94
1897000 94
1898000 94
1899000 94
1900000 94
1901000 94
1902000 94
1903000 94
1904000 94
1905000 94
1906000 94
1907000 94
1908000 95
1909000 95
1910000 95
1911000 95
1912000 95
1913000 95
1914000 95
1915000 95
1916000 95
1917000 95
1918000 95
1919000 95
1920000 96
1921000 96
1922000 96
1923000 96
1924000 96
1925000 96
1926000 96
1927000 96
1928000 96
1929000 96
1930000 96
1931000 96
1932000 96
1933000 96
1934000 96
1935000 96
1936000 96
1937000 96
1938000 96
1939000 96
1940000 96
1941000 96
1942000 96
1943000 96
1944000 96
1945000 96
1946000 96
1947000 96
1948000 96
1949000 96
1950000 96
1951000 96
1952000 96
1953000 96
1954000 96
1955000 96
1956000 96
1957000 96
1958000 97
1959000 97
1960000 97
1961000 97
1962000 97
1963000 97
1964000 97
1965000 97
1966000 97
1967000 97
1968000 97
1969000 97
1970000 97
1971000 98
1972000 98
1973000 98
1974000 98
1975000 98
1976000 98
1977000 98
1978000 98
1979000 98
1980000 98
1981000 98
1982000 98
1983000 99
1984000 99
1985000 99
1986000 99
1987000 99
1988000 99
1989000 99
1990000 99
1991000 99
1992000 100
1993000 100
1994000 100
1995000 100
1996000 100
1997000 100
1998000 100
1999000 100
2000000 100
2001000 100
2002000 100
2003000 100
2004000 100
2005000 100
2006000 100
2007000 100
2008000 101
2009000 101
2010000 101
2011000 101
2012000 101
2013000 101
2014000 101
2015000 101
2016000 101
2017000 101
2018000 101
2019000 101
2020000 101
2021000 101
2022000 101
2023000 101
2024000 101
2025000 101
2026000 101
2027000 101
2028000 101
2029000 101
2030000 101
2031000 101
2032000 101
2033000 101
2034000 101
2035000 101
2036000 101
2037000 101
2038000 101
2039000 101
2040000 101
2041000 101
2042000 101
2043000 101
2044000 101
2045000 101
2046000 101
2047000 101
2048000 101
2049000 101
2050000 101
2051000 101
2052000 101
2053000 101
2054000 101
2055000 101
2056000 101
2057000 101
2058000 101
2059000 101
2060000 101
2061000 101
2062000 101
2063000 101
2064000 101
2065000 101
2066000 101
2067000 101
2068000 101
2069000 101
2070000 101
2071000 101
2072000 101
2073000 101
2074000 101
2075000 101
2076000 101
2077000 101
2078000 101
2079000 101
2080000 101
2081000 101
2082000 101
2083000 101
2084000 101
2085000 101
2086000 101
2087000 101
2088000 101
2089000 101
2090000 101
2091000 101
2092000 101
2093000 101
2094000 101
2095000 101
2096000 101
2097000 101
2098000 101
2099000 101
2100000 101
2101000 101
2102000 101
2103000 101
2104000 101
2105000 101
2106000 101
2107000 101
2108000 101
2109000 101
2110000 101
2111000 101
2112000 101
2113000 101
2114000 101
2115000 101
2116000 101
2117000 101
2118000 101
2119000 101
2120000 101
2121000 101
2122000 101
2123000 101
2124000 101
2125000 101
2126000 101
2127000 101
2128000 101
2129000 101
2130000 101
2131000 101
2132000 101
2133000 101
2134000 101
2135000 101
2136000 101
2137000 101
2138000 102
2139000 102
2140000 102
2141000 102
2142000 102
2143000 102
2144000 102
2145000 102
2146000 102
2147000 102
2148000 102
2149000 102
2150000 102
2151000 102
2152000 102
2153000 102
2154000 102
2155000 102
2156000 102
2157000 102
2158000 102
2159000 102
2160000 102
2161000 102
2162000 102
2163000 102
2164000 102
2165000 102
2166000 102
2167000 102
2168000 102
2169000 102
2170000 102
2171000 102
2172000 102
2173000 102
2174000 102
2175000 102
2176000 102
2177000 102
2178000 102
2179000 102
2180000 102
2181000 102
2182000 102
2183000 102
2184000 102
2185000 102
2186000 102
2187000 102
2188000 102
2189000 102
2190000 102
2191000 102
2192000 102
2193000 102
2194000 102
2195000 102
2196000 102
2197000 102
2198000 102
2199000 102
2200000 102
2201000 102
2202000 102
2203000 102
2204000 102
2205000 102
2206000 102
2207000 102
2208000 102
2209000 102
2210000 102
2211000 102
2212000 102
2213000 102
2214000 102
2215000 102
2216000 102
2217000 102
2218000 102
2219000 102
2220000 102
2221000 102
2222000 102
2223000 102
2224000 102
2225000 102
2226000 102
2227000 102
2228000 102
2229000 102
2230000 102
2231000 102
2232000 102
2233000 102
2234000 102
2235000 102
2236000 102
2237000 102
2238000 102
2239000 102
2240000 102
2241000 102
2242000 102
2243000 102
2244000 102
2245000 102
2246000 102
2247000 102
2248000 102
2249000 102
2250000 102
2251000 102
2252000 102
2253000 102
2254000 102
2255000 102
2256000 102
2257000 102
2258000 102
2259000 102
2260000 102
2261000 102
2262000 102
2263000 102
2264000 102
2265000 102
2266000 102
2267000 102
2268000 102
2269000 102
2270000 102
2271000 102
2272000 102
2273000 102
2274000 102
2275000 102
2276000 102
2277000 102
2278000 102
2279000 102
2280000 102
2281000 102
2282000 102
2283000 102
2284000 102
2285000 102
2286000 102
2287000 102
2288000 102
2289000 102
2290000 102
2291000 102
2292000 102
2293000 102
2294000 102
2295000 102
2296000 102
2297000 102
2298000 102
2299000 102
2300000 102
2301000 102
2302000 102
2303000 102
2304000 102
2305000 102
2306000 102
2307000 102
2308000 102
2309000 102
2310000 102
2311000 102
2312000 102
2313000 102
2314000 102
2315000 102
2316000 102
2317000 102
2318000 102
2319000 102
2320000 102
2321000 102
2322000 102
2323000 102
2324000 102
2325000 102
2326000 102
2327000 102
2328000 102
2329000 102
2330000 102
2331000 102
2332000 102
2333000 102
2334000 102
2335000 102
2336000 102
2337000 102
2338000 102
2339000 102
2340000 102
2341000 102
2342000 102
2343000 102
2344000 102
2345000 102
2346000 102
2347000 102
2348000 102
2349000 102
2350000 102
2351000 102
2352000 102
2353000 102
2354000 102
2355000 102
2356000 102
2357000 102
2358000 102
2359000 102
2360000 102
2361000 102
2362000 102
2363000 102
2364000 102
2365000 102
2366000 102
2367000 102
2368000 102
2369000 102
2370000 102
2371000 102
2372000 102
2373000 102
2374000 102
2375000 102
2376000 102
2377000 102
2378000 102
2379000 102
2380000 102
2381000 102
2382000 102
2383000 102
2384000 102
2385000 102
2386000 102
2387000 102
2388000 102
2389000 102
2390000 102
2391000 102
2392000 102
2393000 102
2394000 102
2395000 102
2396000 102
2397000 102
2398000 102
2399000 102
2400000 102
2401000 102
2402000 102
2403000 102
2404000 102
2405000 102
2406000 102
2407000 102
2408000 102
2409000 102
2410000 102
2411000 102
2412000 102
2413000 102
2414000 102
2415000 102
2416000 102
2417000 102
2418000 102
2419000 102
2420000 102
2421000 102
2422000 102
2423000 102
2424000 102
2425000 102
2426000 102
2427000 102
2428000 102
2429000 102
2430000 102
2431000 102
2432000 102
2433000 102
2434000 102
2435000 102
2436000 102
2437000 102
2438000 102
2439000 102
2440000 102
2441000 102
2442000 102
2443000 102
2444000 102
2445000 102
2446000 102
2447000 102
2448000 102
2449000 102
2450000 102
2451000 102
2452000 102
2453000 102
2454000 102
2455000 102
2456000 102
2457000 102
2458000 102
2459000 102
2460000 102
2461000 102
2462000 102
2463000 102
2464000 102
2465000 102
2466000 102
2467000 102
2468000 102
2469000 102
2470000 102
2471000 102
2472000 102
2473000 102
2474000 102
2475000 102
2476000 102
2477000 102
2478000 102
2479000 102
2480000 102
2481000 102
2482000 102
2483000 102
2484000 102
2485000 102
2486000 102
2487000 102
2488000 102
2489000 102
2490000 102
2491000 102
2492000 102
2493000 102
2494000 102
2495000 102
2496000 102
2497000 102
2498000 102
2499000 102
2500000 102
2501000 102
2502000 102
2503000 102
2504000 102
2505000 102
2506000 102
2507000 102
2508000 102
2509000 102
2510000 102
2511000 102
2512000 102
2513000 102
2514000 102
2515000 102
2516000 102
2517000 102
2518000 102
2519000 102
2520000 102
2521000 102
2522000 102
2523000 102
2524000 102
2525000 102
2526000 102
2527000 102
2528000 102
2529000 102
2530000 102
2531000 102
2532000 102
2533000 102
2534000 102
2535000 102
2536000 102
2537000 102
2538000 102
2539000 102
2540000 102
2541000 102
2542000 102
2543000 102
2544000 102
2545000 102
2546000 102
2547000 102
2548000 102
2549000 102
2550000 102
2551000 102
2552000 102
2553000 102
2554000 102
2555000 102
2556000 102
2557000 102
2558000 102
2559000 102
2560000 102
2561000 102
2562000 102
2563000 102
2564000 102
2565000 102
2566000 102
2567000 102
2568000 102
2569000 102
2570000 102
2571000 102
2572000 102
2573000 102
2574000 102
2575000 102
2576000 102
2577000 102
2578000 102
2579000 102
2580000 102
2581000 102
2582000 102
2583000 102
2584000 102
2585000 102
2586000 102
2587000 102
2588000 102
2589000 102
2590000 102
2591000 102
2592000 102
2593000 102
2594000 102
2595000 102
2596000 102
2597000 102
2598000 102
2599000 102
2600000 102
2601000 102
2602000 102
2603000 102
2604000 102
2605000 102
2606000 102
2607000 102
2608000 102
2609000 102
2610000 102
2611000 102
2612000 102
2613000 102
2614000 102
2615000 102
2616000 102
2617000 102
2618000 102
2619000 102
2620000 102
2621000 102
2622000 102
2623000 102
2624000 102
2625000 102
2626000 102
2627000 102
2628000 102
2629000 102
2630000 102
2631000 102
2632000 102
2633000 102
2634000 102
2635000 102
2636000 102
2637000 102
2638000 102
2639000 102
2640000 102
2641000 102
2642000 102
2643000 102
2644000 102
2645000 102
2646000 102
2647000 102
2648000 102
2649000 102
2650000 102
2651000 102
2652000 102
2653000 102
2654000 102
2655000 102
2656000 102
2657000 102
2658000 102
2659000 102
2660000 102
2661000 102
2662000 102
2663000 102
2664000 102
2665000 102
2666000 102
2667000 102
2668000 102
2669000 102
2670000 102
2671000 102
2672000 102
2673000 102
2674000 102
2675000 102
2676000 102
2677000 102
2678000 102
2679000 102
2680000 102
2681000 102
2682000 102
2683000 102
2684000 102
2685000 102
2686000 102
2687000 102
2688000 102
2689000 102
2690000 102
2691000 102
2692000 102
2693000 102
2694000 102
2695000 102
2696000 102
2697000 102
2698000 102
2699000 102
2700000 102
2701000 102
2702000 102
2703000 102
2704000 102
2705000 102
2706000 102
2707000 102
2708000 102
2709000 102
2710000 102
2711000 102
2712000 102
2713000 102
2714000 102
2715000 102
2716000 102
2717000 102
2718000 102
2719000 102
2720000 102
2721000 102
2722000 102
2723000 102
2724000 102
2725000 102
2726000 102
2727000 102
2728000 102
2729000 102
2730000 102
2731000 102
2732000 102
2733000 102
2734000 102
2735000 102
2736000 102
2737000 102
2738000 102
2739000 102
2740000 102
2741000 102
2742000 102
2743000 102
2744000 102
2745000 102
2746000 102
2747000 102
2748000 102
2749000 102
2750000 102
2751000 102
2752000 102
2753000 102
2754000 102
2755000 102
2756000 102
2757000 102
2758000 102
2759000 102
2760000 102
2761000 102
2762000 102
2763000 102
2764000 102
2765000 102
2766000 102
2767000 102
2768000 102
2769000 102
2770000 102
2771000 102
2772000 102
2773000 102
2774000 102
2775000 102
2776000 102
2777000 102
2778000 102
2779000 102
2780000 102
2781000 102
2782000 102
2783000 102
2784000 102
2785000 102
2786000 102
2787000 102
2788000 102
2789000 102
2790000 102
2791000 102
2792000 102
2793000 102
2794000 102
2795000 102
2796000 102
2797000 102
2798000 102
2799000 102
2800000 102
2801000 102
2802000 102
2803000 102
2804000 102
2805000 102
2806000 102
2807000 102
2808000 102
2809000 102
2810000 102
2811000 102
2812000 102
2813000 102
2814000 102
2815000 102
2816000 102
2817000 102
2818000 102
2819000 102
2820000 102
2821000 102
2822000 102
2823000 102
2824000 102
2825000 102
2826000 102
2827000 102
2828000 102
2829000 102
2830000 102
2831000 102
2832000 102
2833000 102
2834000 102
2835000 102
2836000 102
2837000 102
2838000 102
2839000 102
2840000 102
2841000 102
2842000 102
2843000 102
2844000 102
2845000 102
2846000 102
2847000 102
2848000 102
2849000 102
2850000 102
2851000 102
2852000 102
2853000 102
2854000 102
2855000 102
2856000 102
2857000 102
2858000 102
2859000 102
2860000 102
2861000 102
2862000 102
2863000 102
2864000 102
2865000 102
2866000 102
2867000 102
2868000 102
2869000 102
2870000 102
2871000 102
2872000 102
2873000 102
2874000 102
2875000 102
2876000 102
2877000 102
2878000 102
2879000 102
2880000 102
2881000 102
2882000 102
2883000 102
2884000 102
2885000 102
2886000 102
2887000 102
2888000 102
2889000 102
2890000 102
2891000 102
2892000 102
2893000 102
2894000 102
2895000 102
2896000 102
2897000 102
2898000 102
2899000 102
2900000 102
2901000 102
2902000 102
2903000 102
2904000 102
2905000 102
2906000 102
2907000 102
2908000 102
2909000 102
2910000 102
2911000 102
2912000 102
2913000 102
2914000 102
2915000 102
2916000 102
2917000 102
2918000 102
2919000 102
2920000 102
2921000 102
2922000 102
2923000 102
2924000 102
2925000 102
2926000 102
2927000 102
2928000 102
2929000 102
2930000 102
2931000 102
2932000 102
2933000 102
2934000 102
2935000 102
2936000 102
2937000 102
2938000 102
2939000 102
2940000 102
2941000 102
2942000 102
2943000 102
2944000 102
2945000 102
2946000 102
2947000 102
2948000 102
2949000 102
2950000 102
2951000 102
2952000 102
2953000 102
2954000 102
2955000 102
2956000 102
2957000 102
2958000 102
2959000 102
2960000 102
2961000 102
2962000 102
2963000 102
2964000 102
2965000 102
2966000 102
2967000 102
2968000 102
2969000 102
2970000 102
2971000 102
2972000 102
2973000 102
2974000 102
2975000 102
2976000 102
2977000 102
2978000 102
2979000 102
2980000 102
2981000 102
2982000 102
2983000 102
2984000 102
2985000 102
2986000 102
2987000 102
2988000 102
2989000 102
2990000 102
2991000 102
2992000 102
2993000 102
2994000 102
2995000 102
2996000 102
2997000 103
2998000 103
2999000 103
3000000 103
3001000 103
3002000 103
3003000 103
3004000 103
3005000 103
3006000 103
3007000 103
3008000 103
3009000 103
3010000 103
3011000 103
3012000 103
3013000 103
3014000 103
3015000 103
3016000 103
3017000 103
3018000 103
3019000 103
3020000 103
3021000 103
3022000 103
3023000 103
3024000 103
3025000 103
3026000 103
3027000 104
3028000 104
3029000 104
3030000 104
3031000 104
3032000 104
3033000 104
3034000 104
3035000 104
3036000 104
3037000 104
3038000 104
3039000 104
3040000 104
3041000 104
3042000 104
3043000 104
3044000 104
3045000 104
3046000 104
3047000 104
3048000 104
3049000 104
3050000 104
3051000 104
3052000 104
3053000 104
3054000 104
3055000 104
3056000 104
3057000 104
3058000 104
3059000 104
3060000 104
3061000 104
3062000 104
3063000 104
3064000 104
3065000 104
3066000 104
3067000 104
3068000 104
3069000 104
3070000 104
3071000 104
3072000 104
3073000 104
3074000 104
3075000 104
3076000 104
3077000 104
3078000 104
3079000 104
3080000 104
3081000 104
3082000 104
3083000 104
3084000 104
3085000 104
3086000 104
3087000 104
3088000 104
3089000 104
3090000 104
3091000 104
3092000 104
3093000 104
3094000 104
3095000 104
3096000 104
3097000 104
3098000 104
3099000 104
3100000 104
3101000 104
3102000 104
3103000 104
3104000 104
3105000 104
3106000 104
3107000 104
3108000 104
3109000 104
3110000 104
3111000 104
3112000 104
3113000 104
3114000 104
3115000 104
3116000 104
3117000 104
3118000 104
3119000 104
3120000 104
3121000 104
3122000 104
3123000 104
3124000 104
3125000 104
3126000 104
3127000 104
3128000 104
3129000 104
3130000 104
3131000 104
3132000 104
3133000 104
3134000 104
3135000 104
3136000 104
3137000 104
3138000 104
3139000 104
3140000 104
3141000 104
3142000 104
3143000 105
3144000 105
3145000 105
3146000 105
3147000 105
3148000 105
3149000 105
3150000 105
3151000 105
3152000 105
3153000 105
3154000 105
3155000 105
3156000 105
3157000 105
3158000 106
3159000 106
3160000 106
3161000 106
3162000 106
3163000 106
3164000 106
3165000 106
3166000 106
3167000 106
3168000 106
3169000 106
3170000 106
3171000 106
3172000 106
3173000 106
3174000 106
3175000 106
3176000 106
3177000 106
3178000 106
3179000 106
3180000 106
3181000 106
3182000 106
3183000 106
3184000 106
3185000 106
3186000 106
3187000 106
3188000 106
3189000 106
3190000 106
3191000 106
3192000 106
3193000 106
3194000 106
3195000 106
3196000 106
3197000 106
3198000 106
3199000 106
3200000 106
3201000 106
3202000 106
3203000 106
3204000 106
3205000 106
3206000 106
3207000 106
3208000 106
3209000 106
3210000 106
3211000 106
3212000 106
3213000 106
3214000 106
3215000 106
3216000 106
3217000 106
3218000 106
3219000 106
3220000 106
3221000 106
3222000 106
3223000 106
3224000 106
3225000 106
3226000 106
3227000 106
3228000 106
3229000 106
3230000 106
3231000 106
3232000 106
3233000 106
3234000 106
3235000 106
3236000 106
3237000 106
3238000 106
3239000 106
3240000 106
3241000 106
3242000 106
3243000 106
3244000 106
3245000 106
3246000 106
3247000 106
3248000 106
3249000 106
3250000 106
3251000 106
3252000 106
3253000 106
3254000 106
3255000 106
3256000 106
3257000 106
3258000 106
3259000 106
3260000 106
3261000 106
3262000 106
3263000 106
3264000 106
3265000 106
3266000 106
3267000 106
3268000 106
3269000 106
3270000 106
3271000 106
3272000 106
3273000 106
3274000 106
3275000 106
3276000 106
3277000 106
3278000 106
3279000 106
3280000 106
3281000 106
3282000 106
3283000 106
3284000 106
3285000 106
3286000 106
3287000 106
3288000 106
3289000 106
3290000 106
3291000 106
3292000 106
3293000 106
3294000 106
3295000 106
3296000 106
3297000 106
3298000 106
3299000 106
3300000 106
3301000 106
3302000 106
3303000 106
3304000 106
3305000 106
3306000 106
3307000 106
3308000 106
3309000 106
3310000 106
3311000 106
3312000 106
3313000 106
3314000 106
3315000 106
3316000 106
3317000 106
3318000 106
3319000 106
3320000 106
3321000 106
3322000 106
3323000 106
3324000 106
3325000 106
3326000 106
3327000 106
3328000 106
3329000 106
3330000 106
3331000 106
3332000 106
3333000 106
3334000 106
3335000 106
3336000 106
3337000 106
3338000 106
3339000 106
3340000 106
3341000 106
3342000 106
3343000 106
3344000 106
3345000 106
3346000 106
3347000 106
3348000 106
3349000 106
3350000 106
3351000 106
3352000 106
3353000 106
3354000 106
3355000 106
3356000 106
3357000 106
3358000 106
3359000 106
3360000 106
3361000 106
3362000 106
3363000 106
3364000 106
3365000 106
3366000 106
3367000 106
3368000 106
3369000 106
3370000 106
3371000 106
3372000 106
3373000 106
3374000 106
3375000 106
3376000 106
3377000 106
3378000 106
3379000 106
3380000 106
3381000 106
3382000 106
3383000 106
3384000 106
3385000 106
3386000 106
3387000 106
3388000 106
3389000 106
3390000 106
3391000 106
3392000 106
3393000 106
3394000 106
3395000 106
3396000 106
3397000 106
3398000 106
3399000 106
3400000 106
3401000 106
3402000 106
3403000 106
3404000 106
3405000 106
3406000 106
3407000 106
3408000 106
3409000 106
3410000 106
3411000 106
3412000 106
3413000 106
3414000 106
3415000 106
3416000 106
3417000 106
3418000 106
3419000 106
3420000 106
3421000 106
3422000 106
3423000 106
3424000 106
3425000 106
3426000 106
3427000 106
3428000 106
3429000 106
3430000 106
3431000 106
3432000 106
3433000 106
3434000 106
3435000 106
3436000 106
3437000 106
3438000 106
3439000 106
3440000 106
3441000 106
3442000 106
3443000 106
3444000 106
3445000 106
3446000 106
3447000 106
3448000 106
3449000 106
3450000 106
3451000 106
3452000 106
3453000 106
3454000 106
3455000 106
3456000 106
3457000 106
3458000 106
3459000 106
3460000 106
3461000 106
3462000 106
3463000 106
3464000 106
3465000 106
3466000 106
3467000 106
3468000 106
3469000 106
3470000 106
3471000 106
3472000 106
3473000 106
3474000 106
3475000 106
3476000 106
3477000 106
3478000 106
3479000 106
3480000 106
3481000 106
3482000 106
3483000 106
3484000 106
3485000 106
3486000 106
3487000 106
3488000 106
3489000 106
3490000 106
3491000 106
3492000 106
3493000 106
3494000 106
3495000 106
3496000 106
3497000 106
3498000 106
3499000 106
3500000 106
3501000 106
3502000 106
3503000 106
3504000 106
3505000 106
3506000 106
3507000 106
3508000 106
3509000 106
3510000 106
3511000 106
3512000 106
3513000 106
3514000 106
3515000 106
3516000 106
3517000 106
3518000 106
3519000 106
3520000 106
3521000 106
3522000 106
3523000 106
3524000 106
3525000 106
3526000 106
3527000 106
3528000 106
3529000 106
3530000 106
3531000 106
3532000 106
3533000 106
3534000 106
3535000 106
3536000 106
3537000 106
3538000 106
3539000 106
3540000 106
3541000 106
3542000 106
3543000 106
3544000 106
3545000 106
3546000 106
3547000 106
3548000 106
3549000 106
3550000 106
3551000 106
3552000 106
3553000 106
3554000 106
3555000 106
3556000 106
3557000 106
3558000 106
3559000 106
3560000 106
3561000 106
3562000 106
3563000 106
3564000 106
3565000 106
3566000 106
3567000 106
3568000 106
3569000 106
3570000 106
3571000 106
3572000 106
3573000 106
3574000 106
3575000 106
3576000 106
3577000 106
3578000 106
3579000 106
3580000 106
3581000 106
3582000 106
3583000 106
3584000 106
3585000 106
3586000 106
3587000 106
3588000 106
3589000 106
3590000 106
3591000 106
3592000 106
3593000 106
3594000 106
3595000 106
3596000 106
3597000 106
3598000 106
3599000 106
3600000 106
3601000 106
3602000 106
3603000 106
3604000 106
3605000 106
3606000 106
3607000 106
3608000 106
3609000 106
3610000 106
3611000 106
3612000 106
3613000 106
3614000 106
3615000 106
3616000 106
3617000 106
3618000 106
3619000 106
3620000 106
3621000 106
3622000 106
3623000 106
3624000 106
3625000 106
3626000 106
3627000 106
3628000 106
3629000 106
3630000 106
3631000 106
3632000 106
3633000 106
3634000 106
3635000 106
3636000 106
3637000 106
3638000 106
3639000 106
3640000 106
3641000 106
3642000 106
3643000 106
3644000 106
3645000 106
3646000 106
3647000 106
3648000 106
3649000 106
3650000 106
3651000 106
3652000 106
3653000 106
3654000 106
3655000 106
3656000 106
3657000 106
3658000 106
3659000 106
3660000 106
3661000 106
3662000 106
3663000 106
3664000 106
3665000 106
3666000 106
3667000 106
3668000 106
3669000 106
3670000 106
3671000 106
3672000 106
3673000 106
3674000 106
3675000 106
3676000 106
3677000 106
3678000 106
3679000 106
3680000 106
3681000 106
3682000 106
3683000 106
3684000 106
3685000 106
3686000 106
3687000 106
3688000 106
3689000 106
3690000 106
3691000 106
3692000 106
3693000 106
3694000 106
3695000 106
3696000 106
3697000 106
3698000 106
3699000 106
3700000 106
3701000 106
3702000 106
3703000 106
3704000 106
3705000 106
3706000 106
3707000 106
3708000 106
3709000 106
3710000 106
3711000 106
3712000 106
3713000 106
3714000 106
3715000 106
3716000 106
3717000 106
3718000 106
3719000 106
3720000 106
3721000 106
3722000 106
3723000 106
3724000 106
3725000 106
3726000 106
3727000 106
3728000 106
3729000 106
3730000 106
3731000 106
3732000 106
3733000 106
3734000 106
3735000 106
3736000 106
3737000 106
3738000 106
3739000 106
3740000 106
3741000 106
3742000 106
3743000 106
3744000 106
3745000 106
3746000 106
3747000 106
3748000 106
3749000 106
3750000 106
3751000 106
3752000 106
3753000 106
3754000 106
3755000 106
3756000 106
3757000 106
3758000 106
3759000 106
3760000 106
3761000 106
3762000 106
3763000 106
3764000 106
3765000 106
3766000 106
3767000 106
3768000 106
3769000 106
3770000 106
3771000 106
3772000 106
3773000 106
3774000 106
3775000 106
3776000 106
3777000 106
3778000 106
3779000 106
3780000 106
3781000 106
3782000 106
3783000 106
3784000 106
3785000 106
3786000 106
3787000 106
3788000 106
3789000 106
3790000 106
3791000 106
3792000 106
3793000 106
3794000 106
3795000 106
3796000 106
3797000 106
3798000 106
3799000 106
3800000 106
3801000 106
3802000 106
3803000 106
3804000 106
3805000 106
3806000 106
3807000 106
3808000 106
3809000 106
3810000 106
3811000 106
3812000 106
3813000 106
3814000 106
3815000 106
3816000 106
3817000 106
3818000 106
3819000 106
3820000 106
3821000 106
3822000 106
3823000 106
3824000 106
3825000 106
3826000 106
3827000 106
3828000 106
3829000 106
3830000 106
3831000 106
3832000 106
3833000 106
3834000 106
3835000 106
3836000 106
3837000 106
3838000 106
3839000 106
3840000 106
3841000 106
3842000 107
3843000 107
3844000 107
3845000 107
3846000 107
3847000 107
3848000 107
3849000 107
3850000 107
3851000 107
3852000 107
3853000 107
3854000 107
3855000 107
3856000 107
3857000 107
3858000 107
3859000 107
3860000 107
3861000 107
3862000 107
3863000 107
3864000 107
3865000 107
3866000 107
3867000 107
3868000 107
3869000 107
3870000 107
3871000 107
3872000 107
3873000 107
3874000 107
3875000 107
3876000 107
3877000 107
3878000 107
3879000 107
3880000 107
3881000 107
3882000 108
3883000 108
3884000 108
3885000 108
3886000 108
3887000 108
3888000 108
3889000 108
3890000 108
3891000 108
3892000 108
3893000 108
3894000 108
3895000 108
3896000 108
3897000 108
3898000 108
3899000 108
3900000 108
3901000 108
3902000 108
3903000 108
3904000 108
3905000 108
3906000 108
3907000 108
3908000 108
3909000 108
3910000 108
3911000 108
3912000 108
3913000 108
3914000 108
3915000 108
3916000 108
3917000 108
3918000 108
3919000 108
3920000 108
3921000 108
3922000 108
3923000 108
3924000 108
3925000 108
3926000 108
3927000 108
3928000 108
3929000 108
3930000 108
3931000 108
3932000 108
3933000 108
3934000 108
3935000 108
3936000 108
3937000 108
3938000 108
3939000 108
3940000 108
3941000 108
3942000 108
3943000 108
3944000 108
3945000 108
3946000 108
3947000 108
3948000 108
3949000 108
3950000 108
3951000 108
3952000 108
3953000 108
3954000 108
3955000 108
3956000 108
3957000 108
3958000 108
3959000 108
3960000 108
3961000 108
3962000 108
3963000 108
3964000 108
3965000 108
3966000 108
3967000 108
3968000 108
3969000 108
3970000 108
3971000 108
3972000 108
3973000 108
3974000 108
3975000 108
3976000 108
3977000 108
3978000 108
3979000 108
3980000 108
3981000 108
3982000 108
3983000 108
3984000 108
3985000 108
3986000 108
3987000 108
3988000 108
3989000 108
3990000 108
3991000 108
3992000 108
3993000 108
3994000 108
3995000 108
3996000 108
3997000 108
3998000 108
3999000 108
4000000 108
4001000 108
4002000 108
4003000 108
4004000 108
4005000 108
4006000 108
4007000 108
4008000 108
4009000 108
4010000 108
4011000 108
4012000 108
4013000 108
4014000 108
4015000 108
4016000 108
4017000 108
4018000 108
4019000 108
4020000 108
4021000 108
4022000 108
4023000 108
4024000 108
4025000 108
4026000 108
4027000 108
4028000 108
4029000 108
4030000 108
4031000 108
4032000 108
4033000 108
4034000 108
4035000 108
4036000 108
4037000 108
4038000 108
4039000 108
4040000 108
4041000 108
4042000 108
4043000 108
4044000 108
4045000 108
4046000 108
4047000 108
4048000 108
4049000 108
4050000 108
4051000 108
4052000 108
4053000 108
4054000 108
4055000 108
4056000 108
4057000 108
4058000 108
4059000 108
4060000 108
4061000 108
4062000 108
4063000 108
4064000 108
4065000 108
4066000 108
4067000 108
4068000 108
4069000 108
4070000 108
4071000 108
4072000 108
4073000 108
4074000 108
4075000 108
4076000 108
4077000 108
4078000 108
4079000 108
4080000 108
4081000 108
4082000 108
4083000 108
4084000 108
4085000 108
4086000 108
4087000 108
4088000 108
4089000 108
4090000 108
4091000 108
4092000 108
4093000 108
4094000 108
4095000 108
4096000 108
4097000 108
4098000 108
4099000 108
4100000 108
4101000 108
4102000 108
4103000 108
4104000 108
4105000 108
4106000 108
4107000 108
4108000 108
4109000 108
4110000 108
4111000 108
4112000 108
4113000 108
4114000 108
4115000 108
4116000 108
4117000 108
4118000 108
4119000 108
4120000 108
4121000 108
4122000 108
4123000 108
4124000 108
4125000 108
4126000 108
4127000 108
4128000 108
4129000 108
4130000 108
4131000 108
4132000 108
4133000 108
4134000 108
4135000 108
4136000 108
4137000 108
4138000 108
4139000 108
4140000 108
4141000 108
4142000 108
4143000 108
4144000 108
4145000 108
4146000 108
4147000 108
4148000 108
4149000 108
4150000 108
4151000 108
4152000 108
4153000 108
4154000 108
4155000 108
4156000 108
4157000 108
4158000 108
4159000 108
4160000 108
4161000 108
4162000 108
4163000 108
4164000 108
4165000 108
4166000 108
4167000 108
4168000 108
4169000 108
4170000 108
4171000 108
4172000 108
4173000 108
4174000 108
4175000 108
4176000 108
4177000 108
4178000 108
4179000 108
4180000 108
4181000 108
4182000 108
4183000 108
4184000 108
4185000 108
4186000 108
4187000 108
4188000 108
4189000 108
4190000 108
4191000 108
4192000 108
4193000 108
4194000 108
4195000 108
4196000 108
4197000 108
4198000 108
4199000 108
4200000 108
4201000 108
4202000 108
4203000 108
4204000 108
4205000 108
4206000 108
4207000 108
4208000 108
4209000 108
4210000 108
4211000 108
4212000 108
4213000 108
4214000 108
4215000 108
4216000 108
4217000 108
4218000 108
4219000 108
4220000 108
4221000 108
4222000 108
4223000 108
4224000 108
4225000 108
4226000 108
4227000 108
4228000 108
4229000 108
4230000 108
4231000 108
4232000 108
4233000 108
4234000 108
4235000 108
4236000 108
4237000 108
4238000 108
4239000 108
4240000 108
4241000 108
4242000 108
4243000 108
4244000 108
4245000 108
4246000 108
4247000 108
4248000 108
4249000 108
4250000 108
4251000 108
4252000 108
4253000 108
4254000 108
4255000 108
4256000 108
4257000 108
4258000 108
4259000 108
4260000 109
4261000 109
4262000 109
4263000 109
4264000 109
4265000 109
4266000 109
4267000 109
4268000 109
4269000 109
4270000 109
4271000 109
4272000 109
4273000 109
4274000 109
4275000 109
4276000 109
4277000 109
4278000 109
4279000 109
4280000 109
4281000 109
4282000 109
4283000 109
4284000 109
4285000 109
4286000 109
4287000 109
4288000 109
4289000 109
4290000 109
4291000 109
4292000 109
4293000 109
4294000 109
4295000 109
4296000 109
4297000 109
4298000 109
4299000 109
4300000 109
4301000 109
4302000 109
4303000 109
4304000 109
4305000 109
4306000 109
4307000 109
4308000 109
4309000 109
4310000 109
4311000 109
4312000 109
4313000 109
4314000 109
4315000 109
4316000 109
4317000 109
4318000 109
4319000 109
4320000 109
4321000 109
4322000 109
4323000 109
4324000 109
4325000 109
4326000 109
4327000 109
4328000 109
4329000 110
4330000 110
4331000 110
4332000 110
4333000 110
4334000 110
4335000 110
4336000 110
4337000 110
4338000 110
4339000 110
4340000 110
4341000 110
4342000 110
4343000 110
4344000 110
4345000 110
4346000 110
4347000 110
4348000 110
4349000 111
4350000 111
4351000 111
4352000 111
4353000 111
4354000 111
4355000 111
4356000 111
4357000 111
4358000 111
4359000 111
4360000 111
4361000 111
4362000 111
4363000 111
4364000 111
4365000 111
4366000 111
4367000 111
4368000 111
4369000 111
4370000 111
4371000 111
4372000 111
4373000 111
4374000 111
4375000 111
4376000 112
4377000 112
4378000 112
4379000 112
4380000 112
4381000 112
4382000 112
4383000 112
4384000 112
4385000 112
4386000 112
4387000 112
4388000 112
4389000 112
4390000 112
4391000 112
4392000 112
4393000 112
4394000 112
4395000 112
4396000 112
4397000 112
4398000 113
4399000 113
4400000 113
4401000 113
4402000 113
4403000 113
4404000 113
4405000 113
4406000 113
4407000 113
4408000 113
4409000 113
4410000 113
4411000 113
4412000 113
4413000 113
4414000 113
4415000 113
4416000 113
4417000 113
4418000 113
4419000 113
4420000 113
4421000 113
4422000 113
4423000 113
4424000 113
4425000 113
4426000 113
4427000 113
4428000 113
4429000 113
4430000 113
4431000 113
4432000 113
4433000 113
4434000 113
4435000 113
4436000 114
4437000 114
4438000 114
4439000 114
4440000 114
4441000 114
4442000 114
4443000 114
4444000 114
4445000 114
4446000 114
4447000 114
4448000 114
4449000 114
4450000 115
4451000 115
4452000 115
4453000 115
4454000 115
4455000 115
4456000 115
4457000 115
4458000 115
4459000 115
4460000 115
4461000 115
4462000 115
4463000 115
4464000 115
4465000 115
4466000 115
4467000 115
4468000 115
4469000 115
4470000 115
4471000 115
4472000 115
4473000 116
4474000 116
4475000 116
4476000 116
4477000 116
4478000 116
4479000 116
4480000 116
4481000 116
4482000 116
4483000 116
4484000 116
4485000 116
4486000 116
4487000 116
4488000 116
4489000 116
4490000 116
4491000 116
4492000 116
4493000 116
4494000 116
4495000 116
4496000 116
4497000 116
4498000 116
4499000 116
4500000 116
4501000 117
4502000 117
4503000 117
4504000 117
4505000 117
4506000 117
4507000 117
4508000 117
4509000 117
4510000 117
4511000 117
4512000 117
4513000 117
4514000 117
4515000 117
4516000 117
4517000 117
4518000 117
4519000 117
4520000 117
4521000 117
4522000 117
4523000 117
4524000 117
4525000 117
4526000 117
4527000 117
4528000 117
4529000 117
4530000 117
4531000 117
4532000 117
4533000 117
4534000 117
4535000 117
4536000 117
4537000 117
4538000 117
4539000 117
4540000 117
4541000 117
4542000 117
4543000 117
4544000 117
4545000 117
4546000 117
4547000 117
4548000 117
4549000 117
4550000 117
4551000 117
4552000 117
4553000 117
4554000 117
4555000 117
4556000 117
4557000 117
4558000 117
4559000 117
4560000 117
4561000 117
4562000 117
4563000 117
4564000 117
4565000 117
4566000 117
4567000 117
4568000 117
4569000 117
4570000 117
4571000 117
4572000 117
4573000 117
4574000 117
4575000 117
4576000 117
4577000 117
4578000 117
4579000 117
4580000 117
4581000 117
4582000 117
4583000 117
4584000 117
4585000 117
4586000 117
4587000 117
4588000 117
4589000 117
4590000 118
4591000 118
4592000 118
4593000 118
4594000 118
4595000 118
4596000 118
4597000 118
4598000 118
4599000 118
4600000 118
4601000 118
4602000 118
4603000 118
4604000 118
4605000 118
4606000 118
4607000 118
4608000 118
4609000 118
4610000 118
4611000 118
4612000 118
4613000 118
4614000 118
4615000 118
4616000 118
4617000 118
4618000 118
4619000 118
4620000 118
4621000 118
4622000 118
4623000 118
4624000 118
4625000 118
4626000 118
4627000 118
4628000 119
4629000 119
4630000 119
4631000 119
4632000 119
4633000 119
4634000 119
4635000 119
4636000 119
4637000 119
4638000 119
4639000 119
4640000 119
4641000 119
4642000 119
4643000 119
4644000 119
4645000 119
4646000 119
4647000 119
4648000 119
4649000 119
4650000 119
4651000 119
4652000 119
4653000 119
4654000 119
4655000 119
4656000 120
4657000 120
4658000 120
4659000 120
4660000 120
4661000 120
4662000 120
4663000 120
4664000 120
4665000 120
4666000 120
4667000 120
4668000 120
4669000 120
4670000 120
4671000 120
4672000 120
4673000 120
4674000 120
4675000 120
4676000 120
4677000 120
4678000 120
4679000 120
4680000 120
4681000 120
4682000 120
4683000 120
4684000 120
4685000 121
4686000 121
4687000 121
4688000 121
4689000 121
4690000 121
4691000 121
4692000 121
4693000 121
4694000 121
4695000 121
4696000 121
4697000 121
4698000 121
4699000 121
4700000 121
4701000 121
4702000 121
4703000 121
4704000 121
4705000 121
4706000 121
4707000 121
4708000 121
4709000 121
4710000 121
4711000 121
4712000 122
4713000 122
4714000 122
4715000 122
4716000 122
4717000 122
4718000 122
4719000 122
4720000 122
4721000 122
4722000 122
4723000 122
4724000 122
4725000 122
4726000 122
4727000 122
4728000 122
4729000 122
4730000 122
4731000 122
4732000 122
4733000 122
4734000 122
4735000 122
4736000 122
4737000 122
4738000 122
4739000 122
4740000 122
4741000 122
4742000 122
4743000 122
4744000 122
4745000 123
4746000 123
4747000 123
4748000 123
4749000 123
4750000 123
4751000 123
4752000 123
4753000 123
4754000 123
4755000 123
4756000 123
4757000 123
4758000 123
4759000 123
4760000 123
4761000 123
4762000 123
4763000 123
4764000 123
4765000 123
4766000 123
4767000 123
4768000 123
4769000 123
4770000 123
4771000 123
4772000 123
4773000 124
4774000 124
4775000 124
4776000 124
4777000 124
4778000 124
4779000 124
4780000 124
4781000 124
4782000 124
4783000 124
4784000 124
4785000 124
4786000 124
4787000 124
4788000 125
4789000 125
4790000 125
4791000 125
4792000 125
4793000 125
4794000 125
4795000 125
4796000 125
4797000 125
4798000 125
4799000 125
4800000 125
4801000 125
4802000 125
4803000 125
4804000 125
4805000 126
4806000 126
4807000 126
4808000 126
4809000 126
4810000 126
4811000 126
4812000 126
4813000 126
4814000 126
4815000 126
4816000 126
4817000 126
4818000 126
4819000 126
4820000 127
4821000 127
4822000 127
4823000 127
4824000 127
4825000 127
4826000 127
4827000 127
4828000 127
4829000 127
4830000 127
4831000 127
4832000 127
4833000 127
4834000 127
4835000 127
4836000 127
4837000 127
4838000 127
4839000 127
4840000 127
4841000 127
4842000 127
4843000 127
4844000 127
4845000 127
4846000 127
4847000 127
4848000 128
4849000 128
4850000 128
4851000 128
4852000 128
4853000 128
4854000 128
4855000 128
4856000 128
4857000 128
4858000 128
4859000 128
4860000 128
4861000 128
4862000 128
4863000 128
4864000 128
4865000 128
4866000 128
4867000 128
4868000 128
4869000 128
4870000 128
4871000 128
4872000 128
4873000 128
4874000 128
4875000 128
4876000 128
4877000 128
4878000 128
4879000 128
4880000 128
4881000 128
4882000 128
4883000 128
4884000 128
4885000 129
4886000 129
4887000 129
4888000 129
4889000 129
4890000 129
4891000 129
4892000 129
4893000 129
4894000 129
4895000 129
4896000 129
4897000 129
4898000 129
4899000 129
4900000 129
4901000 130
4902000 130
4903000 130
4904000 130
4905000 130
4906000 130
4907000 130
4908000 130
4909000 130
4910000 130
4911000 130
4912000 130
4913000 130
4914000 130
4915000 130
4916000 130
4917000 130
4918000 130
4919000 130
4920000 130
4921000 130
4922000 130
4923000 130
4924000 130
4925000 130
4926000 130
4927000 130
4928000 130
4929000 130
4930000 130
4931000 130
4932000 130
4933000 130
4934000 130
4935000 130
4936000 130
4937000 130
4938000 130
4939000 131
4940000 131
4941000 131
4942000 131
4943000 131
4944000 131
4945000 131
4946000 131
4947000 131
4948000 131
4949000 131
4950000 131
4951000 131
4952000 131
4953000 131
4954000 131
4955000 131
4956000 131
4957000 131
4958000 131
4959000 131
4960000 131
4961000 131
4962000 131
4963000 131
4964000 131
4965000 131
4966000 131
4967000 132
4968000 132
4969000 132
4970000 132
4971000 132
4972000 132
4973000 132
4974000 132
4975000 132
4976000 132
4977000 132
4978000 132
4979000 132
4980000 132
4981000 132
4982000 132
4983000 132
4984000 132
4985000 133
4986000 133
4987000 133
4988000 133
4989000 133
4990000 133
4991000 133
4992000 133
4993000 133
4994000 133
4995000 133
4996000 133
4997000 133
4998000 133
4999000 133
5000000 133
