0 0
1000 0
2000 0
3000 0
4000 0
5000 0
6000 0
7000 0
8000 0
9000 0
10000 0
11000 0
12000 0
13000 0
14000 0
15000 0
16000 0
17000 0
18000 0
19000 0
20000 0
21000 0
22000 0
23000 0
24000 0
25000 0
26000 0
27000 0
28000 0
29000 0
30000 0
31000 0
32000 0
33000 0
34000 0
35000 0
36000 0
37000 0
38000 0
39000 0
40000 0
41000 0
42000 0
43000 0
44000 0
45000 0
46000 0
47000 0
48000 0
49000 0
50000 0
51000 0
52000 0
53000 0
54000 0
55000 0
56000 0
57000 0
58000 0
59000 0
60000 0
61000 0
62000 0
63000 0
64000 0
65000 0
66000 0
67000 0
68000 0
69000 0
70000 0
71000 0
72000 0
73000 0
74000 0
75000 0
76000 0
77000 0
78000 0
79000 0
80000 0
81000 0
82000 0
83000 0
84000 0
85000 0
86000 1
87000 1
88000 1
89000 1
90000 1
91000 1
92000 1
93000 1
94000 1
95000 1
96000 1
97000 1
98000 1
99000 1
100000 1
101000 1
102000 1
103000 1
104000 1
105000 1
106000 1
107000 1
108000 1
109000 1
110000 1
111000 1
112000 1
113000 2
114000 2
115000 2
116000 2
117000 2
118000 2
119000 2
120000 2
121000 2
122000 2
123000 2
124000 2
125000 2
126000 2
127000 2
128000 2
129000 2
130000 2
131000 2
132000 2
133000 2
134000 2
135000 2
136000 2
137000 2
138000 2
139000 3
140000 3
141000 3
142000 3
143000 3
144000 3
145000 3
146000 3
147000 3
148000 3
149000 3
150000 3
151000 3
152000 3
153000 3
154000 3
155000 3
156000 3
157000 4
158000 4
159000 4
160000 4
161000 4
162000 4
163000 4
164000 4
165000 4
166000 4
167000 4
168000 4
169000 4
170000 4
171000 4
172000 4
173000 4
174000 4
175000 4
176000 4
177000 4
178000 4
179000 4
180000 4
181000 4
182000 4
183000 4
184000 4
185000 4
186000 4
187000 4
188000 4
189000 4
190000 4
191000 4
192000 5
193000 5
194000 5
195000 5
196000 5
197000 5
198000 5
199000 5
200000 5
201000 5
202000 5
203000 5
204000 5
205000 5
206000 5
207000 5
208000 5
209000 5
210000 5
211000 5
212000 5
213000 5
214000 5
215000 5
216000 6
217000 6
218000 6
219000 6
220000 6
221000 6
222000 6
223000 6
224000 6
225000 6
226000 6
227000 6
228000 6
229000 6
230000 6
231000 6
232000 6
233000 6
234000 6
235000 7
236000 7
237000 7
238000 7
239000 7
240000 7
241000 7
242000 7
243000 7
244000 7
245000 7
246000 7
247000 7
248000 7
249000 7
250000 7
251000 7
252000 7
253000 7
254000 7
255000 7
256000 7
257000 7
258000 7
259000 7
260000 7
261000 7
262000 7
263000 7
264000 7
265000 7
266000 7
267000 7
268000 7
269000 7
270000 7
271000 7
272000 7
273000 7
274000 7
275000 7
276000 7
277000 7
278000 7
279000 7
280000 7
281000 7
282000 7
283000 7
284000 7
285000 7
286000 7
287000 7
288000 7
289000 7
290000 7
291000 7
292000 7
293000 7
294000 7
295000 7
296000 7
297000 7
298000 7
299000 7
300000 7
301000 7
302000 7
303000 8
304000 8
305000 8
306000 8
307000 8
308000 8
309000 8
310000 8
311000 8
312000 8
313000 8
314000 8
315000 8
316000 8
317000 8
318000 8
319000 8
320000 8
321000 8
322000 8
323000 8
324000 8
325000 8
326000 8
327000 8
328000 8
329000 8
330000 8
331000 8
332000 8
333000 8
334000 8
335000 8
336000 8
337000 8
338000 8
339000 8
340000 8
341000 8
342000 8
343000 8
344000 8
345000 8
346000 8
347000 8
348000 8
349000 8
350000 8
351000 8
352000 8
353000 8
354000 8
355000 8
356000 8
357000 8
358000 8
359000 8
360000 8
361000 8
362000 8
363000 8
364000 8
365000 8
366000 8
367000 8
368000 8
369000 8
370000 8
371000 8
372000 8
373000 8
374000 8
375000 8
376000 8
377000 8
378000 9
379000 9
380000 9
381000 9
382000 9
383000 9
384000 9
385000 9
386000 9
387000 9
388000 9
389000 9
390000 10
391000 10
392000 10
393000 10
394000 10
395000 10
396000 10
397000 10
398000 10
399000 10
400000 10
401000 10
402000 10
403000 10
404000 10
405000 10
406000 10
407000 10
408000 10
409000 10
410000 10
411000 10
412000 10
413000 10
414000 10
415000 10
416000 11
417000 11
418000 11
419000 11
420000 11
421000 11
422000 11
423000 11
424000 11
425000 11
426000 11
427000 11
428000 11
429000 11
430000 11
431000 11
432000 11
433000 11
434000 11
435000 11
436000 12
437000 12
438000 12
439000 12
440000 12
441000 12
442000 12
443000 12
444000 12
445000 12
446000 12
447000 12
448000 12
449000 12
450000 12
451000 13
452000 13
453000 13
454000 13
455000 13
456000 13
457000 13
458000 13
459000 13
460000 13
461000 13
462000 13
463000 13
464000 13
465000 13
466000 13
467000 13
468000 13
469000 13
470000 13
471000 13
472000 13
473000 13
474000 13
475000 13
476000 13
477000 13
478000 13
479000 13
480000 13
481000 13
482000 13
483000 13
484000 13
485000 13
486000 13
487000 13
488000 13
489000 13
490000 13
491000 13
492000 13
493000 13
494000 13
495000 13
496000 13
497000 13
498000 13
499000 13
500000 13
501000 13
502000 13
503000 13
504000 13
505000 13
506000 13
507000 13
508000 13
509000 13
510000 13
511000 13
512000 13
513000 13
514000 13
515000 13
516000 13
517000 13
518000 13
519000 13
520000 13
521000 13
522000 13
523000 13
524000 13
525000 13
526000 13
527000 13
528000 13
529000 13
530000 13
531000 13
532000 13
533000 13
534000 13
535000 13
536000 13
537000 13
538000 13
539000 13
540000 13
541000 13
542000 13
543000 13
544000 13
545000 13
546000 13
547000 13
548000 13
549000 13
550000 13
551000 13
552000 13
553000 13
554000 13
555000 13
556000 13
557000 13
558000 13
559000 13
560000 13
561000 13
562000 13
563000 13
564000 13
565000 13
566000 13
567000 13
568000 13
569000 13
570000 13
571000 13
572000 13
573000 13
574000 13
575000 13
576000 13
577000 13
578000 13
579000 13
580000 13
581000 13
582000 13
583000 13
584000 13
585000 13
586000 13
587000 13
588000 13
589000 13
590000 13
591000 13
592000 13
593000 13
594000 13
595000 13
596000 13
597000 13
598000 13
599000 13
600000 13
601000 13
602000 13
603000 13
604000 13
605000 13
606000 13
607000 13
608000 13
609000 13
610000 13
611000 13
612000 13
613000 13
614000 13
615000 14
616000 14
617000 14
618000 14
619000 14
620000 14
621000 14
622000 14
623000 14
624000 14
625000 14
626000 14
627000 14
628000 14
629000 14
630000 14
631000 14
632000 14
633000 14
634000 14
635000 14
636000 14
637000 14
638000 14
639000 14
640000 14
641000 14
642000 14
643000 14
644000 14
645000 14
646000 14
647000 14
648000 14
649000 14
650000 14
651000 14
652000 14
653000 14
654000 14
655000 14
656000 14
657000 14
658000 14
659000 14
660000 14
661000 14
662000 14
663000 14
664000 14
665000 14
666000 14
667000 14
668000 14
669000 14
670000 14
671000 14
672000 14
673000 14
674000 14
675000 14
676000 14
677000 14
678000 15
679000 15
680000 15
681000 15
682000 15
683000 15
684000 15
685000 15
686000 15
687000 15
688000 15
689000 15
690000 15
691000 15
692000 16
693000 16
694000 16
695000 16
696000 16
697000 16
698000 16
699000 16
700000 16
701000 16
702000 16
703000 16
704000 16
705000 16
706000 16
707000 16
708000 16
709000 16
710000 16
711000 16
712000 16
713000 16
714000 16
715000 16
716000 16
717000 16
718000 17
719000 17
720000 17
721000 17
722000 17
723000 17
724000 17
725000 17
726000 17
727000 17
728000 17
729000 17
730000 17
731000 17
732000 17
733000 17
734000 17
735000 17
736000 17
737000 17
738000 17
739000 17
740000 17
741000 17
742000 17
743000 17
744000 17
745000 17
746000 17
747000 17
748000 17
749000 17
750000 17
751000 17
752000 17
753000 17
754000 17
755000 17
756000 18
757000 18
758000 18
759000 18
760000 18
761000 18
762000 18
763000 18
764000 18
765000 18
766000 18
767000 18
768000 18
769000 19
770000 19
771000 19
772000 19
773000 19
774000 19
775000 19
776000 19
777000 19
778000 19
779000 19
780000 19
781000 19
782000 19
783000 20
784000 20
785000 20
786000 20
787000 20
788000 20
789000 20
790000 20
791000 20
792000 20
793000 21
794000 21
795000 21
796000 21
797000 21
798000 21
799000 21
800000 21
801000 21
802000 21
803000 21
804000 21
805000 21
806000 21
807000 21
808000 21
809000 21
810000 21
811000 21
812000 21
813000 21
814000 22
815000 22
816000 22
817000 22
818000 22
819000 22
820000 22
821000 22
822000 22
823000 22
824000 23
825000 23
826000 23
827000 23
828000 23
829000 23
830000 23
831000 23
832000 23
833000 23
834000 23
835000 24
836000 24
837000 24
838000 24
839000 24
840000 24
841000 24
842000 24
843000 24
844000 24
845000 24
846000 24
847000 24
848000 24
849000 24
850000 24
851000 24
852000 24
853000 24
854000 24
855000 24
856000 24
857000 24
858000 24
859000 24
860000 24
861000 24
862000 24
863000 24
864000 24
865000 24
866000 24
867000 24
868000 24
869000 24
870000 24
871000 24
872000 24
873000 24
874000 24
875000 24
876000 24
877000 24
878000 24
879000 24
880000 24
881000 24
882000 24
883000 24
884000 24
885000 24
886000 24
887000 24
888000 24
889000 24
890000 24
891000 24
892000 24
893000 24
894000 24
895000 24
896000 24
897000 24
898000 24
899000 24
900000 24
901000 24
902000 24
903000 24
904000 24
905000 24
906000 24
907000 24
908000 24
909000 24
910000 24
911000 24
912000 24
913000 24
914000 24
915000 24
916000 24
917000 24
918000 24
919000 24
920000 24
921000 24
922000 24
923000 24
924000 24
925000 24
926000 24
927000 24
928000 24
929000 24
930000 24
931000 24
932000 24
933000 24
934000 24
935000 24
936000 24
937000 24
938000 24
939000 24
940000 24
941000 24
942000 24
943000 24
944000 24
945000 24
946000 24
947000 24
948000 24
949000 24
950000 24
951000 24
952000 24
953000 24
954000 24
955000 24
956000 24
957000 24
958000 24
959000 24
960000 24
961000 24
962000 24
963000 24
964000 24
965000 24
966000 24
967000 24
968000 24
969000 25
970000 25
971000 25
972000 25
973000 25
974000 25
975000 25
976000 25
977000 25
978000 25
979000 25
980000 25
981000 26
982000 26
983000 26
984000 26
985000 26
986000 26
987000 26
988000 26
989000 26
990000 27
991000 27
992000 27
993000 27
994000 27
995000 27
996000 27
997000 27
998000 27
999000 27
1000000 27
1001000 27
1002000 27
1003000 27
1004000 28
1005000 28
1006000 28
1007000 28
1008000 28
1009000 28
1010000 28
1011000 28
1012000 28
1013000 28
1014000 28
1015000 28
1016000 28
1017000 28
1018000 28
1019000 28
1020000 28
1021000 28
1022000 28
1023000 28
1024000 28
1025000 28
1026000 29
1027000 29
1028000 29
1029000 29
1030000 29
1031000 29
1032000 29
1033000 29
1034000 29
1035000 29
1036000 29
1037000 29
1038000 30
1039000 30
1040000 30
1041000 30
1042000 30
1043000 30
1044000 30
1045000 30
1046000 30
1047000 30
1048000 30
1049000 30
1050000 31
1051000 31
1052000 31
1053000 31
1054000 31
1055000 31
1056000 31
1057000 31
1058000 31
1059000 31
1060000 32
1061000 32
1062000 32
1063000 32
1064000 32
1065000 32
1066000 32
1067000 32
1068000 32
1069000 32
1070000 32
1071000 33
1072000 33
1073000 33
1074000 33
1075000 33
1076000 33
1077000 33
1078000 33
1079000 33
1080000 33
1081000 33
1082000 33
1083000 33
1084000 33
1085000 34
1086000 34
1087000 34
1088000 34
1089000 34
1090000 34
1091000 34
1092000 34
1093000 34
1094000 34
1095000 34
1096000 34
1097000 34
1098000 34
1099000 34
1100000 34
1101000 34
1102000 34
1103000 35
1104000 35
1105000 35
1106000 35
1107000 35
1108000 35
1109000 35
1110000 35
1111000 35
1112000 35
1113000 35
1114000 35
1115000 35
1116000 35
1117000 35
1118000 35
1119000 35
1120000 35
1121000 35
1122000 35
1123000 35
1124000 35
1125000 36
1126000 36
1127000 36
1128000 36
1129000 36
1130000 36
1131000 36
1132000 36
1133000 36
1134000 36
1135000 36
1136000 36
1137000 36
1138000 36
1139000 36
1140000 36
1141000 36
1142000 36
1143000 36
1144000 36
1145000 36
1146000 36
1147000 36
1148000 36
1149000 36
1150000 36
1151000 37
1152000 37
1153000 37
1154000 37
1155000 37
1156000 37
1157000 37
1158000 37
1159000 37
1160000 37
1161000 37
1162000 37
1163000 37
1164000 37
1165000 37
1166000 37
1167000 37
1168000 37
1169000 37
1170000 37
1171000 37
1172000 37
1173000 37
1174000 37
1175000 37
1176000 37
1177000 37
1178000 38
1179000 38
1180000 38
1181000 38
1182000 38
1183000 38
1184000 38
1185000 38
1186000 38
1187000 38
1188000 38
1189000 38
1190000 38
1191000 38
1192000 38
1193000 38
1194000 38
1195000 38
1196000 38
1197000 38
1198000 38
1199000 38
1200000 38
1201000 38
1202000 38
1203000 38
1204000 38
1205000 38
1206000 38
1207000 38
1208000 38
1209000 38
1210000 38
1211000 39
1212000 39
1213000 39
1214000 39
1215000 39
1216000 39
1217000 39
1218000 39
1219000 39
1220000 39
1221000 39
1222000 39
1223000 39
1224000 39
1225000 39
1226000 39
1227000 39
1228000 39
1229000 39
1230000 39
1231000 39
1232000 39
1233000 39
1234000 39
1235000 39
1236000 39
1237000 39
1238000 39
1239000 39
1240000 39
1241000 39
1242000 39
1243000 39
1244000 39
1245000 39
1246000 39
1247000 39
1248000 39
1249000 39
1250000 39
1251000 39
1252000 39
1253000 39
1254000 39
1255000 39
1256000 39
1257000 39
1258000 39
1259000 39
1260000 39
1261000 39
1262000 39
1263000 39
1264000 39
1265000 39
1266000 39
1267000 39
1268000 39
1269000 39
1270000 39
1271000 39
1272000 39
1273000 39
1274000 39
1275000 39
1276000 39
1277000 39
1278000 39
1279000 39
1280000 39
1281000 39
1282000 39
1283000 39
1284000 39
1285000 39
1286000 39
1287000 39
1288000 39
1289000 39
1290000 39
1291000 39
1292000 39
1293000 39
1294000 39
1295000 39
1296000 39
1297000 39
1298000 39
1299000 39
1300000 39
1301000 39
1302000 39
1303000 39
1304000 39
1305000 39
1306000 39
1307000 39
1308000 39
1309000 39
1310000 39
1311000 39
1312000 39
1313000 39
1314000 39
1315000 39
1316000 39
1317000 39
1318000 39
1319000 39
1320000 39
1321000 39
1322000 39
1323000 39
1324000 39
1325000 39
1326000 39
1327000 39
1328000 39
1329000 39
1330000 39
1331000 39
1332000 39
1333000 39
1334000 39
1335000 39
1336000 39
1337000 39
1338000 39
1339000 39
1340000 39
1341000 39
1342000 39
1343000 39
1344000 39
1345000 39
1346000 39
1347000 39
1348000 39
1349000 39
1350000 39
1351000 39
1352000 39
1353000 39
1354000 39
1355000 39
1356000 39
1357000 39
1358000 39
1359000 39
1360000 39
1361000 39
1362000 39
1363000 39
1364000 39
1365000 39
1366000 39
1367000 39
1368000 39
1369000 39
1370000 39
1371000 39
1372000 39
1373000 39
1374000 39
1375000 39
1376000 39
1377000 39
1378000 39
1379000 39
1380000 39
1381000 39
1382000 39
1383000 39
1384000 39
1385000 39
1386000 39
1387000 39
1388000 39
1389000 39
1390000 39
1391000 39
1392000 39
1393000 39
1394000 39
1395000 39
1396000 39
1397000 39
1398000 39
1399000 39
1400000 39
1401000 39
1402000 39
1403000 39
1404000 39
1405000 39
1406000 39
1407000 39
1408000 39
1409000 39
1410000 39
1411000 39
1412000 39
1413000 39
1414000 39
1415000 39
1416000 39
1417000 39
1418000 39
1419000 39
1420000 39
1421000 39
1422000 39
1423000 39
1424000 39
1425000 39
1426000 39
1427000 39
1428000 39
1429000 39
1430000 39
1431000 39
1432000 39
1433000 39
1434000 39
1435000 39
1436000 39
1437000 39
1438000 39
1439000 39
1440000 39
1441000 39
1442000 39
1443000 39
1444000 39
1445000 39
1446000 39
1447000 39
1448000 39
1449000 39
1450000 39
1451000 39
1452000 39
1453000 39
1454000 39
1455000 39
1456000 39
1457000 39
1458000 39
1459000 39
1460000 39
1461000 39
1462000 39
1463000 39
1464000 39
1465000 39
1466000 39
1467000 39
1468000 39
1469000 39
1470000 39
1471000 39
1472000 39
1473000 39
1474000 39
1475000 39
1476000 39
1477000 39
1478000 39
1479000 39
1480000 39
1481000 39
1482000 39
1483000 39
1484000 39
1485000 39
1486000 39
1487000 39
1488000 39
1489000 39
1490000 39
1491000 39
1492000 39
1493000 39
1494000 39
1495000 39
1496000 39
1497000 39
1498000 39
1499000 39
1500000 39
1501000 39
1502000 39
1503000 39
1504000 40
1505000 40
1506000 40
1507000 40
1508000 40
1509000 40
1510000 40
1511000 40
1512000 40
1513000 40
1514000 40
1515000 40
1516000 40
1517000 40
1518000 40
1519000 40
1520000 40
1521000 41
1522000 41
1523000 41
1524000 41
1525000 41
1526000 41
1527000 41
1528000 41
1529000 41
1530000 41
1531000 41
1532000 41
1533000 41
1534000 41
1535000 41
1536000 41
1537000 41
1538000 41
1539000 41
1540000 41
1541000 41
1542000 41
1543000 41
1544000 41
1545000 41
1546000 41
1547000 41
1548000 41
1549000 41
1550000 41
1551000 41
1552000 41
1553000 41
1554000 41
1555000 41
1556000 41
1557000 41
1558000 41
1559000 41
1560000 41
1561000 41
1562000 41
1563000 41
1564000 41
1565000 41
1566000 41
1567000 41
1568000 41
1569000 41
1570000 41
1571000 41
1572000 41
1573000 41
1574000 41
1575000 41
1576000 41
1577000 41
1578000 41
1579000 41
1580000 41
1581000 41
1582000 41
1583000 41
1584000 41
1585000 41
1586000 41
1587000 41
1588000 41
1589000 41
1590000 41
1591000 41
1592000 41
1593000 41
1594000 41
1595000 41
1596000 41
1597000 41
1598000 41
1599000 41
1600000 41
1601000 41
1602000 41
1603000 41
1604000 41
1605000 41
1606000 41
1607000 41
1608000 41
1609000 41
1610000 41
1611000 41
1612000 41
1613000 41
1614000 41
1615000 41
1616000 41
1617000 41
1618000 41
1619000 41
1620000 41
1621000 41
1622000 41
1623000 41
1624000 41
1625000 41
1626000 41
1627000 41
1628000 41
1629000 41
1630000 41
1631000 41
1632000 41
1633000 41
1634000 41
1635000 41
1636000 41
1637000 41
1638000 41
1639000 41
1640000 41
1641000 41
1642000 42
1643000 42
1644000 42
1645000 42
1646000 42
1647000 42
1648000 42
1649000 42
1650000 42
1651000 42
1652000 42
1653000 42
1654000 42
1655000 42
1656000 42
1657000 42
1658000 42
1659000 42
1660000 42
1661000 42
1662000 42
1663000 42
1664000 42
1665000 43
1666000 43
1667000 43
1668000 43
1669000 43
1670000 43
1671000 43
1672000 43
1673000 43
1674000 43
1675000 43
1676000 43
1677000 43
1678000 43
1679000 43
1680000 43
1681000 43
1682000 43
1683000 43
1684000 43
1685000 43
1686000 43
1687000 43
1688000 43
1689000 43
1690000 43
1691000 43
1692000 43
1693000 43
1694000 43
1695000 43
1696000 43
1697000 43
1698000 43
1699000 43
1700000 43
1701000 43
1702000 43
1703000 43
1704000 43
1705000 43
1706000 43
1707000 43
1708000 43
1709000 43
1710000 43
1711000 43
1712000 43
1713000 43
1714000 43
1715000 43
1716000 43
1717000 43
1718000 43
1719000 43
1720000 43
1721000 43
1722000 43
1723000 43
1724000 43
1725000 43
1726000 43
1727000 43
1728000 43
1729000 43
1730000 43
1731000 43
1732000 43
1733000 43
1734000 44
1735000 44
1736000 44
1737000 44
1738000 44
1739000 44
1740000 44
1741000 44
1742000 44
1743000 44
1744000 44
1745000 44
1746000 44
1747000 45
1748000 45
1749000 45
1750000 45
1751000 45
1752000 45
1753000 45
1754000 45
1755000 45
1756000 45
1757000 45
1758000 45
1759000 45
1760000 45
1761000 45
1762000 45
1763000 45
1764000 45
1765000 45
1766000 45
1767000 45
1768000 45
1769000 45
1770000 45
1771000 45
1772000 45
1773000 45
1774000 45
1775000 45
1776000 45
1777000 45
1778000 45
1779000 45
1780000 45
1781000 45
1782000 45
1783000 45
1784000 45
1785000 45
1786000 45
1787000 45
1788000 45
1789000 45
1790000 45
1791000 45
1792000 45
1793000 45
1794000 45
1795000 45
1796000 45
1797000 45
1798000 45
1799000 45
1800000 45
1801000 45
1802000 45
1803000 45
1804000 45
1805000 45
1806000 45
1807000 45
1808000 45
1809000 45
1810000 45
1811000 45
1812000 45
1813000 45
1814000 45
1815000 46
1816000 46
1817000 46
1818000 46
1819000 46
1820000 46
1821000 46
1822000 46
1823000 46
1824000 46
1825000 46
1826000 46
1827000 46
1828000 46
1829000 47
1830000 47
1831000 47
1832000 47
1833000 47
1834000 47
1835000 47
1836000 47
1837000 47
1838000 47
1839000 47
1840000 47
1841000 47
1842000 47
1843000 47
1844000 47
1845000 47
1846000 47
1847000 47
1848000 47
1849000 47
1850000 47
1851000 47
1852000 47
1853000 47
1854000 47
1855000 47
1856000 47
1857000 47
1858000 47
1859000 47
1860000 47
1861000 47
1862000 47
1863000 47
1864000 47
1865000 47
1866000 47
1867000 47
1868000 47
1869000 47
1870000 47
1871000 47
1872000 47
1873000 47
1874000 47
1875000 47
1876000 47
1877000 47
1878000 47
1879000 47
1880000 47
1881000 47
1882000 47
1883000 47
1884000 47
1885000 47
1886000 47
1887000 47
1888000 47
1889000 47
1890000 47
1891000 47
1892000 47
1893000 47
1894000 47
1895000 47
1896000 47
1897000 47
1898000 47
1899000 47
1900000 47
1901000 47
1902000 47
1903000 47
1904000 47
1905000 47
1906000 47
1907000 47
1908000 47
1909000 47
1910000 47
1911000 47
1912000 47
1913000 47
1914000 47
1915000 47
1916000 47
1917000 47
1918000 47
1919000 47
1920000 47
1921000 47
1922000 47
1923000 47
1924000 47
1925000 47
1926000 47
1927000 47
1928000 47
1929000 47
1930000 47
1931000 47
1932000 47
1933000 47
1934000 47
1935000 47
1936000 47
1937000 47
1938000 47
1939000 47
1940000 47
1941000 47
1942000 47
1943000 47
1944000 47
1945000 47
1946000 48
1947000 48
1948000 48
1949000 48
1950000 48
1951000 48
1952000 48
1953000 48
1954000 48
1955000 48
1956000 48
1957000 48
1958000 48
1959000 49
1960000 49
1961000 49
1962000 49
1963000 49
1964000 49
1965000 49
1966000 49
1967000 49
1968000 49
1969000 49
1970000 49
1971000 49
1972000 49
1973000 49
1974000 49
1975000 49
1976000 49
1977000 49
1978000 49
1979000 49
1980000 49
1981000 49
1982000 49
1983000 49
1984000 49
1985000 49
1986000 49
1987000 49
1988000 49
1989000 49
1990000 49
1991000 49
1992000 49
1993000 49
1994000 49
1995000 49
1996000 49
1997000 49
1998000 49
1999000 49
2000000 49
2001000 49
2002000 49
2003000 49
2004000 49
2005000 49
2006000 49
2007000 49
2008000 49
2009000 49
2010000 49
2011000 49
2012000 49
2013000 49
2014000 49
2015000 49
2016000 49
2017000 49
2018000 49
2019000 49
2020000 49
2021000 49
2022000 49
2023000 49
2024000 49
2025000 49
2026000 49
2027000 49
2028000 49
2029000 49
2030000 49
2031000 49
2032000 49
2033000 49
2034000 49
2035000 49
2036000 49
2037000 49
2038000 49
2039000 49
2040000 49
2041000 49
2042000 49
2043000 49
2044000 49
2045000 49
2046000 49
2047000 49
2048000 49
2049000 49
2050000 49
2051000 49
2052000 49
2053000 49
2054000 49
2055000 49
2056000 49
2057000 49
2058000 49
2059000 49
2060000 49
2061000 49
2062000 49
2063000 49
2064000 49
2065000 49
2066000 49
2067000 49
2068000 49
2069000 49
2070000 50
2071000 50
2072000 50
2073000 50
2074000 50
2075000 50
2076000 50
2077000 50
2078000 50
2079000 50
2080000 50
2081000 50
2082000 50
2083000 50
2084000 50
2085000 50
2086000 50
2087000 50
2088000 50
2089000 50
2090000 50
2091000 50
2092000 50
2093000 50
2094000 50
2095000 50
2096000 50
2097000 50
2098000 50
2099000 50
2100000 50
2101000 50
2102000 50
2103000 50
2104000 50
2105000 50
2106000 50
2107000 50
2108000 50
2109000 50
2110000 50
2111000 50
2112000 50
2113000 50
2114000 50
2115000 50
2116000 50
2117000 50
2118000 50
2119000 50
2120000 50
2121000 50
2122000 50
2123000 50
2124000 50
2125000 50
2126000 50
2127000 50
2128000 50
2129000 50
2130000 50
2131000 50
2132000 50
2133000 50
2134000 50
2135000 51
2136000 51
2137000 51
2138000 51
2139000 51
2140000 51
2141000 51
2142000 51
2143000 51
2144000 51
2145000 51
2146000 51
2147000 51
2148000 51
2149000 51
2150000 51
2151000 51
2152000 51
2153000 51
2154000 51
2155000 51
2156000 51
2157000 51
2158000 51
2159000 51
2160000 51
2161000 51
2162000 51
2163000 51
2164000 51
2165000 51
2166000 51
2167000 51
2168000 51
2169000 51
2170000 51
2171000 51
2172000 51
2173000 51
2174000 51
2175000 51
2176000 51
2177000 51
2178000 51
2179000 51
2180000 51
2181000 51
2182000 51
2183000 51
2184000 51
2185000 51
2186000 51
2187000 51
2188000 51
2189000 51
2190000 51
2191000 51
2192000 51
2193000 51
2194000 51
2195000 51
2196000 51
2197000 51
2198000 51
2199000 51
2200000 51
2201000 51
2202000 51
2203000 51
2204000 51
2205000 51
2206000 52
2207000 52
2208000 52
2209000 52
2210000 52
2211000 52
2212000 52
2213000 52
2214000 52
2215000 52
2216000 52
2217000 52
2218000 52
2219000 52
2220000 52
2221000 52
2222000 52
2223000 52
2224000 52
2225000 52
2226000 52
2227000 52
2228000 52
2229000 52
2230000 52
2231000 52
2232000 52
2233000 52
2234000 52
2235000 52
2236000 52
2237000 52
2238000 52
2239000 52
2240000 52
2241000 52
2242000 52
2243000 52
2244000 52
2245000 52
2246000 52
2247000 52
2248000 52
2249000 52
2250000 52
2251000 52
2252000 52
2253000 52
2254000 52
2255000 52
2256000 52
2257000 52
2258000 52
2259000 52
2260000 52
2261000 52
2262000 52
2263000 52
2264000 52
2265000 52
2266000 52
2267000 52
2268000 52
2269000 52
2270000 52
2271000 52
2272000 52
2273000 52
2274000 52
2275000 52
2276000 52
2277000 52
2278000 52
2279000 52
2280000 52
2281000 52
2282000 52
2283000 52
2284000 52
2285000 52
2286000 52
2287000 52
2288000 52
2289000 52
2290000 52
2291000 52
2292000 52
2293000 52
2294000 52
2295000 53
2296000 53
2297000 53
2298000 53
2299000 53
2300000 53
2301000 53
2302000 53
2303000 53
2304000 53
2305000 53
2306000 53
2307000 53
2308000 53
2309000 53
2310000 53
2311000 54
2312000 54
2313000 54
2314000 54
2315000 54
2316000 54
2317000 54
2318000 54
2319000 54
2320000 54
2321000 54
2322000 54
2323000 54
2324000 54
2325000 54
2326000 54
2327000 55
2328000 55
2329000 55
2330000 55
2331000 55
2332000 55
2333000 55
2334000 55
2335000 55
2336000 55
2337000 55
2338000 56
2339000 56
2340000 56
2341000 56
2342000 56
2343000 56
2344000 56
2345000 56
2346000 56
2347000 56
2348000 56
2349000 56
2350000 56
2351000 56
2352000 56
2353000 56
2354000 57
2355000 57
2356000 57
2357000 57
2358000 57
2359000 57
2360000 57
2361000 57
2362000 57
2363000 57
2364000 57
2365000 57
2366000 57
2367000 57
2368000 57
2369000 57
2370000 57
2371000 57
2372000 57
2373000 58
2374000 58
2375000 58
2376000 58
2377000 58
2378000 58
2379000 58
2380000 58
2381000 58
2382000 58
2383000 58
2384000 58
2385000 58
2386000 58
2387000 58
2388000 58
2389000 58
2390000 58
2391000 59
2392000 59
2393000 59
2394000 59
2395000 59
2396000 59
2397000 59
2398000 59
2399000 59
2400000 59
2401000 59
2402000 60
2403000 60
2404000 60
2405000 60
2406000 60
2407000 60
2408000 60
2409000 60
2410000 60
2411000 60
2412000 60
2413000 60
2414000 60
2415000 60
2416000 60
2417000 60
2418000 60
2419000 60
2420000 60
2421000 60
2422000 60
2423000 60
2424000 60
2425000 60
2426000 61
2427000 61
2428000 61
2429000 61
2430000 61
2431000 61
2432000 61
2433000 61
2434000 61
2435000 61
2436000 61
2437000 61
2438000 61
2439000 61
2440000 61
2441000 61
2442000 61
2443000 61
2444000 61
2445000 61
2446000 61
2447000 61
2448000 61
2449000 61
2450000 61
2451000 61
2452000 62
2453000 62
2454000 62
2455000 62
2456000 62
2457000 62
2458000 62
2459000 62
2460000 62
2461000 62
2462000 62
2463000 62
2464000 62
2465000 62
2466000 62
2467000 62
2468000 62
2469000 62
2470000 62
2471000 62
2472000 62
2473000 62
2474000 62
2475000 62
2476000 62
2477000 62
2478000 62
2479000 62
2480000 62
2481000 63
2482000 63
2483000 63
2484000 63
2485000 63
2486000 63
2487000 63
2488000 63
2489000 63
2490000 63
2491000 63
2492000 63
2493000 63
2494000 63
2495000 63
2496000 63
2497000 63
2498000 64
2499000 64
2500000 64
2501000 64
2502000 64
2503000 64
2504000 64
2505000 64
2506000 64
2507000 64
2508000 64
2509000 64
2510000 64
2511000 64
2512000 64
2513000 64
2514000 64
2515000 64
2516000 64
2517000 64
2518000 64
2519000 64
2520000 64
2521000 64
2522000 64
2523000 64
2524000 64
2525000 64
2526000 64
2527000 64
2528000 64
2529000 64
2530000 64
2531000 64
2532000 64
2533000 64
2534000 64
2535000 64
2536000 64
2537000 64
2538000 64
2539000 64
2540000 64
2541000 64
2542000 64
2543000 64
2544000 64
2545000 64
2546000 64
2547000 64
2548000 64
2549000 64
2550000 64
2551000 64
2552000 64
2553000 64
2554000 64
2555000 64
2556000 64
2557000 64
2558000 64
2559000 64
2560000 64
2561000 64
2562000 64
2563000 64
2564000 65
2565000 65
2566000 65
2567000 65
2568000 65
2569000 65
2570000 65
2571000 65
2572000 65
2573000 65
2574000 65
2575000 65
2576000 65
2577000 65
2578000 65
2579000 65
2580000 65
2581000 65
2582000 65
2583000 65
2584000 65
2585000 65
2586000 65
2587000 65
2588000 65
2589000 65
2590000 65
2591000 65
2592000 65
2593000 65
2594000 65
2595000 65
2596000 65
2597000 65
2598000 65
2599000 65
2600000 65
2601000 65
2602000 65
2603000 65
2604000 65
2605000 65
2606000 65
2607000 65
2608000 65
2609000 65
2610000 65
2611000 65
2612000 65
2613000 65
2614000 65
2615000 65
2616000 65
2617000 65
2618000 65
2619000 65
2620000 65
2621000 65
2622000 65
2623000 65
2624000 65
2625000 65
2626000 65
2627000 65
2628000 66
2629000 66
2630000 66
2631000 66
2632000 66
2633000 66
2634000 66
2635000 66
2636000 66
2637000 66
2638000 66
2639000 66
2640000 66
2641000 66
2642000 66
2643000 66
2644000 66
2645000 66
2646000 66
2647000 66
2648000 66
2649000 66
2650000 66
2651000 66
2652000 66
2653000 66
2654000 66
2655000 66
2656000 66
2657000 66
2658000 66
2659000 66
2660000 66
2661000 66
2662000 66
2663000 66
2664000 66
2665000 66
2666000 66
2667000 67
2668000 67
2669000 67
2670000 67
2671000 67
2672000 67
2673000 67
2674000 67
2675000 67
2676000 67
2677000 67
2678000 67
2679000 67
2680000 67
2681000 67
2682000 67
2683000 67
2684000 67
2685000 67
2686000 67
2687000 67
2688000 67
2689000 67
2690000 67
2691000 67
2692000 67
2693000 67
2694000 67
2695000 67
2696000 67
2697000 67
2698000 67
2699000 67
2700000 67
2701000 67
2702000 67
2703000 67
2704000 67
2705000 67
2706000 67
2707000 67
2708000 67
2709000 67
2710000 67
2711000 67
2712000 67
2713000 68
2714000 68
2715000 68
2716000 68
2717000 68
2718000 68
2719000 68
2720000 68
2721000 68
2722000 68
2723000 68
2724000 68
2725000 68
2726000 68
2727000 68
2728000 68
2729000 68
2730000 68
2731000 68
2732000 68
2733000 68
2734000 68
2735000 68
2736000 68
2737000 68
2738000 68
2739000 68
2740000 68
2741000 68
2742000 68
2743000 68
2744000 68
2745000 68
2746000 68
2747000 68
2748000 68
2749000 68
2750000 68
2751000 68
2752000 68
2753000 68
2754000 68
2755000 68
2756000 68
2757000 68
2758000 68
2759000 68
2760000 68
2761000 68
2762000 68
2763000 69
2764000 69
2765000 69
2766000 69
2767000 69
2768000 69
2769000 69
2770000 69
2771000 69
2772000 69
2773000 69
2774000 69
2775000 69
2776000 69
2777000 70
2778000 70
2779000 70
2780000 70
2781000 70
2782000 70
2783000 70
2784000 70
2785000 70
2786000 70
2787000 70
2788000 70
2789000 70
2790000 70
2791000 71
2792000 71
2793000 71
2794000 71
2795000 71
2796000 71
2797000 71
2798000 71
2799000 71
2800000 71
2801000 71
2802000 72
2803000 72
2804000 72
2805000 72
2806000 72
2807000 72
2808000 72
2809000 72
2810000 72
2811000 72
2812000 72
2813000 72
2814000 72
2815000 72
2816000 72
2817000 72
2818000 72
2819000 72
2820000 72
2821000 72
2822000 72
2823000 72
2824000 72
2825000 72
2826000 72
2827000 72
2828000 72
2829000 72
2830000 72
2831000 72
2832000 72
2833000 72
2834000 72
2835000 72
2836000 72
2837000 72
2838000 72
2839000 72
2840000 73
2841000 73
2842000 73
2843000 73
2844000 73
2845000 73
2846000 73
2847000 73
2848000 73
2849000 73
2850000 73
2851000 73
2852000 73
2853000 73
2854000 73
2855000 73
2856000 74
2857000 74
2858000 74
2859000 74
2860000 74
2861000 74
2862000 74
2863000 74
2864000 74
2865000 74
2866000 74
2867000 74
2868000 75
2869000 75
2870000 75
2871000 75
2872000 75
2873000 75
2874000 75
2875000 75
2876000 75
2877000 75
2878000 75
2879000 76
2880000 76
2881000 76
2882000 76
2883000 76
2884000 76
2885000 76
2886000 76
2887000 76
2888000 76
2889000 76
2890000 76
2891000 76
2892000 76
2893000 76
2894000 76
2895000 76
2896000 76
2897000 76
2898000 76
2899000 76
2900000 76
2901000 76
2902000 76
2903000 76
2904000 76
2905000 76
2906000 76
2907000 76
2908000 76
2909000 76
2910000 76
2911000 76
2912000 77
2913000 77
2914000 77
2915000 77
2916000 77
2917000 77
2918000 77
2919000 77
2920000 77
2921000 77
2922000 77
2923000 77
2924000 78
2925000 78
2926000 78
2927000 78
2928000 78
2929000 78
2930000 78
2931000 78
2932000 78
2933000 78
2934000 78
2935000 78
2936000 78
2937000 78
2938000 78
2939000 78
2940000 78
2941000 79
2942000 79
2943000 79
2944000 79
2945000 79
2946000 79
2947000 79
2948000 79
2949000 79
2950000 79
2951000 79
2952000 79
2953000 80
2954000 80
2955000 80
2956000 80
2957000 80
2958000 80
2959000 80
2960000 80
2961000 80
2962000 80
2963000 80
2964000 80
2965000 80
2966000 80
2967000 80
2968000 80
2969000 80
2970000 81
2971000 81
2972000 81
2973000 81
2974000 81
2975000 81
2976000 81
2977000 81
2978000 81
2979000 81
2980000 81
2981000 82
2982000 82
2983000 82
2984000 82
2985000 82
2986000 82
2987000 82
2988000 82
2989000 82
2990000 82
2991000 82
2992000 82
2993000 82
2994000 82
2995000 82
2996000 82
2997000 82
2998000 82
2999000 82
3000000 82
3001000 82
3002000 82
3003000 82
3004000 82
3005000 82
3006000 82
3007000 82
3008000 82
3009000 82
3010000 82
3011000 82
3012000 82
3013000 82
3014000 82
3015000 82
3016000 82
3017000 82
3018000 82
3019000 82
3020000 83
3021000 83
3022000 83
3023000 83
3024000 83
3025000 83
3026000 83
3027000 83
3028000 83
3029000 83
3030000 83
3031000 83
3032000 83
3033000 83
3034000 83
3035000 83
3036000 83
3037000 83
3038000 83
3039000 83
3040000 83
3041000 83
3042000 83
3043000 83
3044000 83
3045000 83
3046000 83
3047000 83
3048000 83
3049000 83
3050000 83
3051000 83
3052000 83
3053000 83
3054000 83
3055000 83
3056000 83
3057000 83
3058000 83
3059000 83
3060000 83
3061000 83
3062000 83
3063000 83
3064000 83
3065000 83
3066000 83
3067000 83
3068000 83
3069000 83
3070000 83
3071000 83
3072000 83
3073000 83
3074000 83
3075000 83
3076000 83
3077000 83
3078000 83
3079000 83
3080000 83
3081000 83
3082000 83
3083000 83
3084000 83
3085000 83
3086000 83
3087000 83
3088000 83
3089000 83
3090000 83
3091000 83
3092000 83
3093000 83
3094000 83
3095000 83
3096000 83
3097000 83
3098000 83
3099000 83
3100000 83
3101000 83
3102000 83
3103000 83
3104000 83
3105000 83
3106000 83
3107000 83
3108000 83
3109000 83
3110000 83
3111000 83
3112000 83
3113000 83
3114000 83
3115000 83
3116000 83
3117000 83
3118000 83
3119000 83
3120000 83
3121000 83
3122000 83
3123000 83
3124000 83
3125000 83
3126000 83
3127000 83
3128000 83
3129000 83
3130000 83
3131000 83
3132000 83
3133000 83
3134000 83
3135000 83
3136000 83
3137000 83
3138000 83
3139000 83
3140000 83
3141000 83
3142000 83
3143000 83
3144000 83
3145000 83
3146000 83
3147000 83
3148000 83
3149000 83
3150000 83
3151000 83
3152000 83
3153000 83
3154000 84
3155000 84
3156000 84
3157000 84
3158000 84
3159000 84
3160000 84
3161000 84
3162000 84
3163000 84
3164000 84
3165000 84
3166000 85
3167000 85
3168000 85
3169000 85
3170000 85
3171000 85
3172000 85
3173000 85
3174000 85
3175000 85
3176000 85
3177000 85
3178000 85
3179000 86
3180000 86
3181000 86
3182000 86
3183000 86
3184000 86
3185000 86
3186000 86
3187000 86
3188000 86
3189000 86
3190000 86
3191000 86
3192000 86
3193000 86
3194000 86
3195000 86
3196000 86
3197000 86
3198000 86
3199000 86
3200000 86
3201000 86
3202000 86
3203000 86
3204000 86
3205000 86
3206000 86
3207000 86
3208000 86
3209000 86
3210000 86
3211000 86
3212000 86
3213000 86
3214000 86
3215000 86
3216000 86
3217000 86
3218000 86
3219000 87
3220000 87
3221000 87
3222000 87
3223000 87
3224000 87
3225000 87
3226000 87
3227000 87
3228000 87
3229000 87
3230000 87
3231000 87
3232000 87
3233000 87
3234000 87
3235000 87
3236000 87
3237000 87
3238000 87
3239000 87
3240000 87
3241000 87
3242000 87
3243000 87
3244000 87
3245000 87
3246000 87
3247000 87
3248000 87
3249000 87
3250000 87
3251000 87
3252000 87
3253000 88
3254000 88
3255000 88
3256000 88
3257000 88
3258000 88
3259000 88
3260000 88
3261000 88
3262000 88
3263000 88
3264000 88
3265000 88
3266000 88
3267000 89
3268000 89
3269000 89
3270000 89
3271000 89
3272000 89
3273000 89
3274000 89
3275000 89
3276000 89
3277000 89
3278000 89
3279000 90
3280000 90
3281000 90
3282000 90
3283000 90
3284000 90
3285000 90
3286000 90
3287000 90
3288000 90
3289000 90
3290000 90
3291000 90
3292000 90
3293000 90
3294000 90
3295000 91
3296000 91
3297000 91
3298000 91
3299000 91
3300000 91
3301000 91
3302000 91
3303000 91
3304000 91
3305000 91
3306000 91
3307000 92
3308000 92
3309000 92
3310000 92
3311000 92
3312000 92
3313000 92
3314000 92
3315000 92
3316000 92
3317000 92
3318000 92
3319000 92
3320000 93
3321000 93
3322000 93
3323000 93
3324000 93
3325000 93
3326000 93
3327000 93
3328000 93
3329000 93
3330000 93
3331000 93
3332000 94
3333000 94
3334000 94
3335000 94
3336000 94
3337000 94
3338000 94
3339000 94
3340000 94
3341000 94
3342000 94
3343000 94
3344000 94
3345000 94
3346000 94
3347000 94
3348000 94
3349000 94
3350000 94
3351000 94
3352000 94
3353000 94
3354000 94
3355000 94
3356000 94
3357000 94
3358000 94
3359000 94
3360000 94
3361000 94
3362000 94
3363000 94
3364000 94
3365000 94
3366000 94
3367000 94
3368000 94
3369000 94
3370000 94
3371000 94
3372000 94
3373000 94
3374000 94
3375000 94
3376000 94
3377000 94
3378000 94
3379000 94
3380000 94
3381000 94
3382000 94
3383000 94
3384000 94
3385000 94
3386000 94
3387000 94
3388000 94
3389000 94
3390000 94
3391000 94
3392000 95
3393000 95
3394000 95
3395000 95
3396000 95
3397000 95
3398000 95
3399000 95
3400000 95
3401000 95
3402000 95
3403000 96
3404000 96
3405000 96
3406000 96
3407000 96
3408000 96
3409000 96
3410000 96
3411000 96
3412000 96
3413000 96
3414000 96
3415000 97
3416000 97
3417000 97
3418000 97
3419000 97
3420000 97
3421000 97
3422000 97
3423000 97
3424000 97
3425000 98
3426000 98
3427000 98
3428000 98
3429000 98
3430000 98
3431000 98
3432000 98
3433000 98
3434000 98
3435000 98
3436000 99
3437000 99
3438000 99
3439000 99
3440000 99
3441000 99
3442000 99
3443000 99
3444000 99
3445000 100
3446000 100
3447000 100
3448000 100
3449000 100
3450000 100
3451000 100
3452000 100
3453000 100
3454000 100
3455000 101
3456000 101
3457000 101
3458000 101
3459000 101
3460000 101
3461000 101
3462000 101
3463000 101
3464000 101
3465000 101
3466000 101
3467000 102
3468000 102
3469000 102
3470000 102
3471000 102
3472000 102
3473000 102
3474000 102
3475000 102
3476000 102
3477000 103
3478000 103
3479000 103
3480000 103
3481000 103
3482000 103
3483000 103
3484000 103
3485000 103
3486000 103
3487000 103
3488000 103
3489000 104
3490000 104
3491000 104
3492000 104
3493000 104
3494000 104
3495000 104
3496000 104
3497000 104
3498000 104
3499000 104
3500000 104
3501000 105
3502000 105
3503000 105
3504000 105
3505000 105
3506000 105
3507000 105
3508000 105
3509000 105
3510000 105
3511000 105
3512000 105
3513000 105
3514000 105
3515000 105
3516000 105
3517000 105
3518000 105
3519000 105
3520000 105
3521000 105
3522000 105
3523000 105
3524000 105
3525000 105
3526000 105
3527000 105
3528000 106
3529000 106
3530000 106
3531000 106
3532000 106
3533000 106
3534000 106
3535000 106
3536000 106
3537000 106
3538000 106
3539000 107
3540000 107
3541000 107
3542000 107
3543000 107
3544000 107
3545000 107
3546000 107
3547000 107
3548000 107
3549000 107
3550000 107
3551000 107
3552000 107
3553000 107
3554000 107
3555000 107
3556000 107
3557000 107
3558000 107
3559000 107
3560000 107
3561000 107
3562000 107
3563000 107
3564000 107
3565000 107
3566000 108
3567000 108
3568000 108
3569000 108
3570000 108
3571000 108
3572000 108
3573000 108
3574000 108
3575000 108
3576000 108
3577000 108
3578000 108
3579000 108
3580000 109
3581000 109
3582000 109
3583000 109
3584000 109
3585000 109
3586000 109
3587000 109
3588000 109
3589000 109
3590000 109
3591000 109
3592000 110
3593000 110
3594000 110
3595000 110
3596000 110
3597000 110
3598000 110
3599000 110
3600000 110
3601000 110
3602000 110
3603000 110
3604000 111
3605000 111
3606000 111
3607000 111
3608000 111
3609000 111
3610000 111
3611000 111
3612000 111
3613000 112
3614000 112
3615000 112
3616000 112
3617000 112
3618000 112
3619000 112
3620000 112
3621000 112
3622000 112
3623000 112
3624000 112
3625000 112
3626000 112
3627000 112
3628000 112
3629000 112
3630000 112
3631000 112
3632000 112
3633000 112
3634000 112
3635000 112
3636000 112
3637000 112
3638000 112
3639000 112
3640000 112
3641000 113
3642000 113
3643000 113
3644000 113
3645000 113
3646000 113
3647000 113
3648000 113
3649000 113
3650000 113
3651000 113
3652000 114
3653000 114
3654000 114
3655000 114
3656000 114
3657000 114
3658000 114
3659000 114
3660000 114
3661000 114
3662000 114
3663000 114
3664000 115
3665000 115
3666000 115
3667000 115
3668000 115
3669000 115
3670000 115
3671000 115
3672000 115
3673000 115
3674000 115
3675000 116
3676000 116
3677000 116
3678000 116
3679000 116
3680000 116
3681000 116
3682000 116
3683000 116
3684000 116
3685000 116
3686000 116
3687000 116
3688000 116
3689000 116
3690000 116
3691000 116
3692000 116
3693000 116
3694000 116
3695000 116
3696000 116
3697000 116
3698000 116
3699000 116
3700000 116
3701000 116
3702000 116
3703000 116
3704000 116
3705000 116
3706000 117
3707000 117
3708000 117
3709000 117
3710000 117
3711000 117
3712000 117
3713000 117
3714000 117
3715000 117
3716000 118
3717000 118
3718000 118
3719000 118
3720000 118
3721000 118
3722000 118
3723000 118
3724000 118
3725000 118
3726000 118
3727000 119
3728000 119
3729000 119
3730000 119
3731000 119
3732000 119
3733000 119
3734000 119
3735000 119
3736000 119
3737000 119
3738000 119
3739000 119
3740000 119
3741000 119
3742000 119
3743000 119
3744000 119
3745000 119
3746000 119
3747000 119
3748000 119
3749000 119
3750000 119
3751000 119
3752000 119
3753000 119
3754000 119
3755000 119
3756000 119
3757000 119
3758000 120
3759000 120
3760000 120
3761000 120
3762000 120
3763000 120
3764000 120
3765000 120
3766000 120
3767000 120
3768000 120
3769000 120
3770000 120
3771000 120
3772000 120
3773000 120
3774000 120
3775000 120
3776000 120
3777000 120
3778000 120
3779000 121
3780000 121
3781000 121
3782000 121
3783000 121
3784000 121
3785000 121
3786000 121
3787000 121
3788000 121
3789000 121
3790000 121
3791000 121
3792000 121
3793000 121
3794000 121
3795000 121
3796000 121
3797000 121
3798000 121
3799000 121
3800000 121
3801000 121
3802000 121
3803000 121
3804000 121
3805000 121
3806000 121
3807000 121
3808000 121
3809000 121
3810000 121
3811000 122
3812000 122
3813000 122
3814000 122
3815000 122
3816000 122
3817000 122
3818000 122
3819000 122
3820000 122
3821000 122
3822000 122
3823000 123
3824000 123
3825000 123
3826000 123
3827000 123
3828000 123
3829000 123
3830000 123
3831000 123
3832000 123
3833000 123
3834000 123
3835000 123
3836000 123
3837000 123
3838000 123
3839000 123
3840000 123
3841000 123
3842000 124
3843000 124
3844000 124
3845000 124
3846000 124
3847000 124
3848000 124
3849000 124
3850000 124
3851000 124
3852000 124
3853000 124
3854000 125
3855000 125
3856000 125
3857000 125
3858000 125
3859000 125
3860000 125
3861000 125
3862000 125
3863000 125
3864000 125
3865000 125
3866000 125
3867000 125
3868000 125
3869000 126
3870000 126
3871000 126
3872000 126
3873000 126
3874000 126
3875000 126
3876000 126
3877000 126
3878000 126
3879000 126
3880000 126
3881000 126
3882000 126
3883000 126
3884000 127
3885000 127
3886000 127
3887000 127
3888000 127
3889000 127
3890000 127
3891000 127
3892000 127
3893000 127
3894000 127
3895000 128
3896000 128
3897000 128
3898000 128
3899000 128
3900000 128
3901000 128
3902000 128
3903000 128
3904000 128
3905000 128
3906000 128
3907000 128
3908000 129
3909000 129
3910000 129
3911000 129
3912000 129
3913000 129
3914000 129
3915000 129
3916000 129
3917000 129
3918000 130
3919000 130
3920000 130
3921000 130
3922000 130
3923000 130
3924000 130
3925000 130
3926000 130
3927000 130
3928000 130
3929000 131
3930000 131
3931000 131
3932000 131
3933000 131
3934000 131
3935000 131
3936000 131
3937000 131
3938000 131
3939000 131
3940000 132
3941000 132
3942000 132
3943000 132
3944000 132
3945000 132
3946000 132
3947000 132
3948000 132
3949000 132
3950000 132
3951000 132
3952000 132
3953000 132
3954000 132
3955000 132
3956000 132
3957000 132
3958000 132
3959000 132
3960000 132
3961000 132
3962000 132
3963000 132
3964000 133
3965000 133
3966000 133
3967000 133
3968000 133
3969000 133
3970000 133
3971000 133
3972000 133
3973000 133
3974000 133
3975000 133
3976000 133
3977000 134
3978000 134
3979000 134
3980000 134
3981000 134
3982000 134
3983000 134
3984000 134
3985000 134
3986000 134
3987000 134
3988000 134
3989000 135
3990000 135
3991000 135
3992000 135
3993000 135
3994000 135
3995000 135
3996000 135
3997000 135
3998000 135
3999000 135
4000000 136
4001000 136
4002000 136
4003000 136
4004000 136
4005000 136
4006000 136
4007000 136
4008000 136
4009000 136
4010000 137
4011000 137
4012000 137
4013000 137
4014000 137
4015000 137
4016000 137
4017000 137
4018000 137
4019000 137
4020000 137
4021000 137
4022000 137
4023000 138
4024000 138
4025000 138
4026000 138
4027000 138
4028000 138
4029000 138
4030000 138
4031000 138
4032000 138
4033000 138
4034000 138
4035000 139
4036000 139
4037000 139
4038000 139
4039000 139
4040000 139
4041000 139
4042000 139
4043000 139
4044000 139
4045000 139
4046000 139
4047000 139
4048000 139
4049000 140
4050000 140
4051000 140
4052000 140
4053000 140
4054000 140
4055000 140
4056000 140
4057000 140
4058000 140
4059000 140
4060000 140
4061000 140
4062000 140
4063000 140
4064000 140
4065000 140
4066000 140
4067000 140
4068000 141
4069000 141
4070000 141
4071000 141
4072000 141
4073000 141
4074000 141
4075000 141
4076000 141
4077000 141
4078000 141
4079000 141
4080000 141
4081000 141
4082000 141
4083000 141
4084000 141
4085000 141
4086000 141
4087000 141
4088000 141
4089000 141
4090000 141
4091000 141
4092000 141
4093000 141
4094000 141
4095000 141
4096000 141
4097000 142
4098000 142
4099000 142
4100000 142
4101000 142
4102000 142
4103000 142
4104000 142
4105000 142
4106000 142
4107000 142
4108000 142
4109000 142
4110000 142
4111000 142
4112000 143
4113000 143
4114000 143
4115000 143
4116000 143
4117000 143
4118000 143
4119000 143
4120000 143
4121000 143
4122000 143
4123000 143
4124000 143
4125000 143
4126000 143
4127000 143
4128000 143
4129000 143
4130000 143
4131000 143
4132000 144
4133000 144
4134000 144
4135000 144
4136000 144
4137000 144
4138000 144
4139000 144
4140000 144
4141000 144
4142000 144
4143000 144
4144000 144
4145000 144
4146000 144
4147000 144
4148000 144
4149000 144
4150000 144
4151000 144
4152000 144
4153000 144
4154000 144
4155000 144
4156000 144
4157000 144
4158000 144
4159000 144
4160000 144
4161000 144
4162000 144
4163000 144
4164000 144
4165000 144
4166000 144
4167000 144
4168000 144
4169000 144
4170000 144
4171000 144
4172000 144
4173000 144
4174000 144
4175000 144
4176000 144
4177000 144
4178000 144
4179000 144
4180000 144
4181000 144
4182000 144
4183000 144
4184000 144
4185000 144
4186000 144
4187000 144
4188000 144
4189000 144
4190000 144
4191000 144
4192000 144
4193000 144
4194000 144
4195000 144
4196000 144
4197000 144
4198000 144
4199000 144
4200000 144
4201000 144
4202000 144
4203000 144
4204000 144
4205000 144
4206000 144
4207000 144
4208000 144
4209000 144
4210000 144
4211000 144
4212000 144
4213000 144
4214000 144
4215000 144
4216000 144
4217000 144
4218000 144
4219000 144
4220000 144
4221000 144
4222000 144
4223000 144
4224000 144
4225000 144
4226000 144
4227000 144
4228000 144
4229000 144
4230000 144
4231000 144
4232000 144
4233000 144
4234000 144
4235000 144
4236000 144
4237000 144
4238000 144
4239000 144
4240000 144
4241000 144
4242000 144
4243000 144
4244000 144
4245000 144
4246000 144
4247000 144
4248000 144
4249000 144
4250000 144
4251000 144
4252000 144
4253000 144
4254000 144
4255000 144
4256000 144
4257000 144
4258000 144
4259000 144
4260000 144
4261000 144
4262000 144
4263000 144
4264000 144
4265000 144
4266000 144
4267000 144
4268000 144
4269000 144
4270000 144
4271000 144
4272000 144
4273000 144
4274000 144
4275000 144
4276000 144
4277000 144
4278000 144
4279000 144
4280000 144
4281000 144
4282000 144
4283000 144
4284000 144
4285000 144
4286000 144
4287000 144
4288000 144
4289000 144
4290000 144
4291000 144
4292000 144
4293000 144
4294000 144
4295000 144
4296000 144
4297000 144
4298000 144
4299000 144
4300000 144
4301000 145
4302000 145
4303000 145
4304000 145
4305000 145
4306000 145
4307000 145
4308000 145
4309000 145
4310000 145
4311000 145
4312000 145
4313000 145
4314000 145
4315000 145
4316000 145
4317000 145
4318000 145
4319000 145
4320000 145
4321000 145
4322000 145
4323000 145
4324000 145
4325000 145
4326000 145
4327000 145
4328000 145
4329000 145
4330000 145
4331000 145
4332000 145
4333000 145
4334000 145
4335000 145
4336000 145
4337000 145
4338000 145
4339000 145
4340000 145
4341000 145
4342000 145
4343000 145
4344000 146
4345000 146
4346000 146
4347000 146
4348000 146
4349000 146
4350000 146
4351000 146
4352000 146
4353000 146
4354000 146
4355000 146
4356000 146
4357000 146
4358000 146
4359000 146
4360000 146
4361000 146
4362000 146
4363000 146
4364000 146
4365000 146
4366000 146
4367000 147
4368000 147
4369000 147
4370000 147
4371000 147
4372000 147
4373000 147
4374000 147
4375000 147
4376000 147
4377000 147
4378000 147
4379000 147
4380000 147
4381000 147
4382000 147
4383000 147
4384000 147
4385000 147
4386000 148
4387000 148
4388000 148
4389000 148
4390000 148
4391000 148
4392000 148
4393000 148
4394000 148
4395000 148
4396000 148
4397000 148
4398000 148
4399000 148
4400000 148
4401000 149
4402000 149
4403000 149
4404000 149
4405000 149
4406000 149
4407000 149
4408000 149
4409000 149
4410000 149
4411000 149
4412000 149
4413000 149
4414000 149
4415000 149
4416000 149
4417000 149
4418000 149
4419000 149
4420000 149
4421000 149
4422000 149
4423000 149
4424000 149
4425000 150
4426000 150
4427000 150
4428000 150
4429000 150
4430000 150
4431000 150
4432000 150
4433000 150
4434000 150
4435000 150
4436000 150
4437000 150
4438000 150
4439000 150
4440000 150
4441000 150
4442000 150
4443000 150
4444000 150
4445000 150
4446000 151
4447000 151
4448000 151
4449000 151
4450000 151
4451000 151
4452000 151
4453000 151
4454000 151
4455000 151
4456000 151
4457000 151
4458000 151
4459000 151
4460000 151
4461000 151
4462000 151
4463000 151
4464000 151
4465000 151
4466000 151
4467000 151
4468000 151
4469000 151
4470000 151
4471000 151
4472000 151
4473000 152
4474000 152
4475000 152
4476000 152
4477000 152
4478000 152
4479000 152
4480000 152
4481000 152
4482000 152
4483000 152
4484000 152
4485000 153
4486000 153
4487000 153
4488000 153
4489000 153
4490000 153
4491000 153
4492000 153
4493000 153
4494000 153
4495000 153
4496000 153
4497000 153
4498000 153
4499000 153
4500000 153
4501000 154
4502000 154
4503000 154
4504000 154
4505000 154
4506000 154
4507000 154
4508000 154
4509000 154
4510000 154
4511000 154
4512000 154
4513000 154
4514000 154
4515000 154
4516000 154
4517000 154
4518000 154
4519000 155
4520000 155
4521000 155
4522000 155
4523000 155
4524000 155
4525000 155
4526000 155
4527000 155
4528000 155
4529000 155
4530000 155
4531000 155
4532000 155
4533000 156
4534000 156
4535000 156
4536000 156
4537000 156
4538000 156
4539000 156
4540000 156
4541000 156
4542000 156
4543000 156
4544000 156
4545000 156
4546000 156
4547000 156
4548000 156
4549000 157
4550000 157
4551000 157
4552000 157
4553000 157
4554000 157
4555000 157
4556000 157
4557000 157
4558000 157
4559000 157
4560000 157
4561000 157
4562000 157
4563000 157
4564000 157
4565000 158
4566000 158
4567000 158
4568000 158
4569000 158
4570000 158
4571000 158
4572000 158
4573000 158
4574000 158
4575000 158
4576000 158
4577000 158
4578000 158
4579000 158
4580000 158
4581000 158
4582000 159
4583000 159
4584000 159
4585000 159
4586000 159
4587000 159
4588000 159
4589000 159
4590000 159
4591000 159
4592000 159
4593000 159
4594000 159
4595000 159
4596000 159
4597000 159
4598000 159
4599000 159
4600000 160
4601000 160
4602000 160
4603000 160
4604000 160
4605000 160
4606000 160
4607000 160
4608000 160
4609000 160
4610000 160
4611000 160
4612000 160
4613000 160
4614000 160
4615000 161
4616000 161
4617000 161
4618000 161
4619000 161
4620000 161
4621000 161
4622000 161
4623000 161
4624000 161
4625000 161
4626000 161
4627000 161
4628000 161
4629000 161
4630000 161
4631000 161
4632000 162
4633000 162
4634000 162
4635000 162
4636000 162
4637000 162
4638000 162
4639000 162
4640000 162
4641000 162
4642000 162
4643000 162
4644000 162
4645000 162
4646000 163
4647000 163
4648000 163
4649000 163
4650000 163
4651000 163
4652000 163
4653000 163
4654000 163
4655000 163
4656000 163
4657000 163
4658000 163
4659000 164
4660000 164
4661000 164
4662000 164
4663000 164
4664000 164
4665000 164
4666000 164
4667000 164
4668000 164
4669000 164
4670000 164
4671000 164
4672000 165
4673000 165
4674000 165
4675000 165
4676000 165
4677000 165
4678000 165
4679000 165
4680000 165
4681000 165
4682000 165
4683000 165
4684000 165
4685000 166
4686000 166
4687000 166
4688000 166
4689000 166
4690000 166
4691000 166
4692000 166
4693000 166
4694000 166
4695000 166
4696000 166
4697000 166
4698000 166
4699000 167
4700000 167
4701000 167
4702000 167
4703000 167
4704000 167
4705000 167
4706000 167
4707000 167
4708000 167
4709000 167
4710000 167
4711000 168
4712000 168
4713000 168
4714000 168
4715000 168
4716000 168
4717000 168
4718000 168
4719000 168
4720000 168
4721000 168
4722000 168
4723000 168
4724000 168
4725000 168
4726000 168
4727000 168
4728000 169
4729000 169
4730000 169
4731000 169
4732000 169
4733000 169
4734000 169
4735000 169
4736000 169
4737000 169
4738000 169
4739000 169
4740000 169
4741000 169
4742000 169
4743000 169
4744000 169
4745000 169
4746000 169
4747000 169
4748000 170
4749000 170
4750000 170
4751000 170
4752000 170
4753000 170
4754000 170
4755000 170
4756000 170
4757000 170
4758000 170
4759000 170
4760000 171
4761000 171
4762000 171
4763000 171
4764000 171
4765000 171
4766000 171
4767000 171
4768000 171
4769000 171
4770000 171
4771000 171
4772000 172
4773000 172
4774000 172
4775000 172
4776000 172
4777000 172
4778000 172
4779000 172
4780000 172
4781000 172
4782000 172
4783000 172
4784000 172
4785000 172
4786000 172
4787000 172
4788000 173
4789000 173
4790000 173
4791000 173
4792000 173
4793000 173
4794000 173
4795000 173
4796000 173
4797000 173
4798000 173
4799000 173
4800000 173
4801000 173
4802000 173
4803000 174
4804000 174
4805000 174
4806000 174
4807000 174
4808000 174
4809000 174
4810000 174
4811000 174
4812000 174
4813000 174
4814000 174
4815000 174
4816000 175
4817000 175
4818000 175
4819000 175
4820000 175
4821000 175
4822000 175
4823000 175
4824000 175
4825000 175
4826000 175
4827000 175
4828000 175
4829000 176
4830000 176
4831000 176
4832000 176
4833000 176
4834000 176
4835000 176
4836000 176
4837000 176
4838000 176
4839000 176
4840000 176
4841000 177
4842000 177
4843000 177
4844000 177
4845000 177
4846000 177
4847000 177
4848000 177
4849000 177
4850000 177
4851000 178
4852000 178
4853000 178
4854000 178
4855000 178
4856000 178
4857000 178
4858000 178
4859000 178
4860000 178
4861000 178
4862000 179
4863000 179
4864000 179
4865000 179
4866000 179
4867000 179
4868000 179
4869000 179
4870000 179
4871000 179
4872000 179
4873000 180
4874000 180
4875000 180
4876000 180
4877000 180
4878000 180
4879000 180
4880000 180
4881000 180
4882000 180
4883000 180
4884000 181
4885000 181
4886000 181
4887000 181
4888000 181
4889000 181
4890000 181
4891000 181
4892000 181
4893000 181
4894000 181
4895000 181
4896000 181
4897000 182
4898000 182
4899000 182
4900000 182
4901000 182
4902000 182
4903000 182
4904000 182
4905000 182
4906000 182
4907000 182
4908000 183
4909000 183
4910000 183
4911000 183
4912000 183
4913000 183
4914000 183
4915000 183
4916000 183
4917000 183
4918000 183
4919000 184
4920000 184
4921000 184
4922000 184
4923000 184
4924000 184
4925000 184
4926000 184
4927000 184
4928000 184
4929000 184
4930000 184
4931000 185
4932000 185
4933000 185
4934000 185
4935000 185
4936000 185
4937000 185
4938000 185
4939000 185
4940000 185
4941000 186
4942000 186
4943000 186
4944000 186
4945000 186
4946000 186
4947000 186
4948000 186
4949000 186
4950000 186
4951000 187
4952000 187
4953000 187
4954000 187
4955000 187
4956000 187
4957000 187
4958000 187
4959000 187
4960000 187
4961000 188
4962000 188
4963000 188
4964000 188
4965000 188
4966000 188
4967000 188
4968000 188
4969000 188
4970000 188
4971000 189
4972000 189
4973000 189
4974000 189
4975000 189
4976000 189
4977000 189
4978000 189
4979000 189
4980000 189
4981000 190
4982000 190
4983000 190
4984000 190
4985000 190
4986000 190
4987000 190
4988000 190
4989000 190
4990000 190
4991000 191
4992000 191
4993000 191
4994000 191
4995000 191
4996000 191
4997000 191
4998000 191
4999000 191
5000000 191
