0 0
1000 0
2000 0
3000 0
4000 0
5000 0
6000 0
7000 0
8000 0
9000 0
10000 0
11000 0
12000 0
13000 0
14000 0
15000 0
16000 0
17000 0
18000 0
19000 0
20000 0
21000 0
22000 0
23000 0
24000 0
25000 0
26000 0
27000 0
28000 0
29000 0
30000 0
31000 0
32000 0
33000 0
34000 0
35000 0
36000 0
37000 0
38000 0
39000 0
40000 0
41000 0
42000 0
43000 0
44000 0
45000 0
46000 0
47000 0
48000 0
49000 0
50000 0
51000 0
52000 0
53000 0
54000 0
55000 0
56000 0
57000 0
58000 0
59000 0
60000 0
61000 0
62000 0
63000 0
64000 0
65000 0
66000 0
67000 0
68000 0
69000 0
70000 0
71000 0
72000 0
73000 0
74000 0
75000 0
76000 0
77000 0
78000 0
79000 0
80000 0
81000 0
82000 0
83000 0
84000 0
85000 0
86000 0
87000 0
88000 0
89000 0
90000 0
91000 0
92000 0
93000 0
94000 0
95000 0
96000 0
97000 0
98000 0
99000 0
100000 0
101000 0
102000 0
103000 0
104000 0
105000 0
106000 0
107000 0
108000 0
109000 0
110000 0
111000 0
112000 0
113000 0
114000 0
115000 0
116000 0
117000 0
118000 0
119000 0
120000 0
121000 0
122000 0
123000 0
124000 0
125000 0
126000 0
127000 0
128000 0
129000 0
130000 0
131000 0
132000 0
133000 0
134000 0
135000 0
136000 0
137000 0
138000 0
139000 0
140000 0
141000 0
142000 0
143000 0
144000 0
145000 0
146000 0
147000 0
148000 0
149000 0
150000 0
151000 0
152000 0
153000 0
154000 0
155000 0
156000 0
157000 0
158000 0
159000 0
160000 0
161000 0
162000 0
163000 0
164000 0
165000 0
166000 0
167000 0
168000 0
169000 0
170000 0
171000 0
172000 0
173000 0
174000 0
175000 0
176000 0
177000 0
178000 0
179000 0
180000 0
181000 0
182000 0
183000 0
184000 0
185000 0
186000 0
187000 0
188000 0
189000 0
190000 0
191000 0
192000 0
193000 0
194000 0
195000 0
196000 0
197000 0
198000 0
199000 0
200000 0
201000 0
202000 0
203000 0
204000 0
205000 0
206000 0
207000 0
208000 0
209000 0
210000 0
211000 0
212000 0
213000 0
214000 0
215000 0
216000 0
217000 0
218000 0
219000 0
220000 0
221000 0
222000 0
223000 0
224000 0
225000 0
226000 0
227000 0
228000 0
229000 0
230000 0
231000 0
232000 0
233000 0
234000 0
235000 0
236000 0
237000 0
238000 0
239000 0
240000 0
241000 0
242000 0
243000 0
244000 0
245000 0
246000 0
247000 0
248000 0
249000 0
250000 0
251000 0
252000 0
253000 0
254000 0
255000 0
256000 0
257000 0
258000 0
259000 0
260000 0
261000 0
262000 0
263000 0
264000 0
265000 0
266000 0
267000 0
268000 0
269000 0
270000 0
271000 0
272000 0
273000 0
274000 0
275000 0
276000 0
277000 0
278000 0
279000 0
280000 0
281000 0
282000 0
283000 0
284000 0
285000 0
286000 0
287000 0
288000 0
289000 0
290000 0
291000 0
292000 0
293000 0
294000 0
295000 0
296000 0
297000 0
298000 0
299000 0
300000 0
301000 0
302000 0
303000 0
304000 0
305000 0
306000 0
307000 0
308000 0
309000 0
310000 0
311000 0
312000 0
313000 0
314000 0
315000 0
316000 0
317000 0
318000 0
319000 0
320000 0
321000 0
322000 0
323000 0
324000 0
325000 0
326000 0
327000 0
328000 0
329000 0
330000 0
331000 0
332000 0
333000 0
334000 0
335000 0
336000 0
337000 0
338000 0
339000 0
340000 0
341000 0
342000 0
343000 0
344000 0
345000 0
346000 0
347000 0
348000 0
349000 0
350000 0
351000 0
352000 0
353000 0
354000 0
355000 0
356000 0
357000 0
358000 0
359000 0
360000 0
361000 0
362000 0
363000 0
364000 0
365000 0
366000 0
367000 0
368000 0
369000 0
370000 0
371000 0
372000 0
373000 0
374000 0
375000 0
376000 0
377000 0
378000 0
379000 0
380000 0
381000 0
382000 0
383000 0
384000 0
385000 0
386000 0
387000 0
388000 0
389000 0
390000 0
391000 0
392000 0
393000 0
394000 0
395000 0
396000 0
397000 0
398000 0
399000 0
400000 0
401000 0
402000 0
403000 0
404000 0
405000 0
406000 0
407000 0
408000 0
409000 0
410000 0
411000 0
412000 0
413000 0
414000 0
415000 0
416000 0
417000 0
418000 0
419000 0
420000 0
421000 0
422000 0
423000 0
424000 0
425000 0
426000 0
427000 0
428000 0
429000 0
430000 0
431000 0
432000 0
433000 0
434000 0
435000 0
436000 0
437000 0
438000 0
439000 0
440000 0
441000 0
442000 0
443000 0
444000 0
445000 0
446000 0
447000 0
448000 0
449000 0
450000 0
451000 0
452000 0
453000 0
454000 0
455000 0
456000 0
457000 0
458000 0
459000 0
460000 0
461000 0
462000 0
463000 0
464000 0
465000 0
466000 0
467000 0
468000 0
469000 0
470000 0
471000 0
472000 0
473000 0
474000 0
475000 0
476000 0
477000 0
478000 0
479000 0
480000 0
481000 0
482000 0
483000 0
484000 0
485000 0
486000 0
487000 0
488000 0
489000 0
490000 0
491000 0
492000 0
493000 0
494000 0
495000 0
496000 0
497000 0
498000 0
499000 0
500000 0
501000 0
502000 0
503000 0
504000 0
505000 0
506000 0
507000 0
508000 0
509000 0
510000 0
511000 0
512000 0
513000 0
514000 0
515000 0
516000 0
517000 0
518000 0
519000 0
520000 0
521000 0
522000 0
523000 0
524000 0
525000 0
526000 0
527000 0
528000 0
529000 0
530000 0
531000 0
532000 0
533000 0
534000 0
535000 0
536000 0
537000 0
538000 0
539000 0
540000 0
541000 0
542000 0
543000 0
544000 0
545000 0
546000 0
547000 0
548000 0
549000 0
550000 0
551000 0
552000 0
553000 0
554000 0
555000 0
556000 0
557000 0
558000 0
559000 0
560000 0
561000 0
562000 0
563000 0
564000 0
565000 0
566000 0
567000 1
568000 1
569000 1
570000 1
571000 1
572000 1
573000 1
574000 1
575000 1
576000 1
577000 1
578000 1
579000 1
580000 1
581000 1
582000 1
583000 1
584000 1
585000 1
586000 1
587000 1
588000 1
589000 1
590000 1
591000 1
592000 1
593000 1
594000 1
595000 1
596000 1
597000 1
598000 1
599000 1
600000 1
601000 1
602000 1
603000 1
604000 1
605000 1
606000 1
607000 1
608000 1
609000 1
610000 1
611000 1
612000 1
613000 1
614000 1
615000 1
616000 1
617000 1
618000 1
619000 1
620000 1
621000 1
622000 1
623000 1
624000 1
625000 1
626000 1
627000 1
628000 1
629000 1
630000 1
631000 1
632000 1
633000 1
634000 1
635000 1
636000 1
637000 1
638000 1
639000 1
640000 1
641000 1
642000 1
643000 1
644000 1
645000 1
646000 1
647000 1
648000 1
649000 1
650000 1
651000 1
652000 1
653000 1
654000 1
655000 1
656000 1
657000 1
658000 1
659000 1
660000 1
661000 1
662000 1
663000 1
664000 1
665000 1
666000 1
667000 1
668000 1
669000 1
670000 1
671000 1
672000 1
673000 1
674000 1
675000 1
676000 1
677000 1
678000 1
679000 1
680000 1
681000 1
682000 1
683000 1
684000 1
685000 1
686000 1
687000 1
688000 1
689000 1
690000 1
691000 1
692000 1
693000 1
694000 1
695000 1
696000 1
697000 1
698000 1
699000 1
700000 1
701000 1
702000 1
703000 1
704000 1
705000 1
706000 1
707000 1
708000 1
709000 1
710000 1
711000 1
712000 1
713000 1
714000 1
715000 1
716000 1
717000 1
718000 1
719000 1
720000 1
721000 1
722000 1
723000 1
724000 1
725000 1
726000 1
727000 1
728000 1
729000 1
730000 1
731000 1
732000 1
733000 1
734000 1
735000 1
736000 1
737000 1
738000 1
739000 1
740000 1
741000 1
742000 1
743000 1
744000 1
745000 1
746000 1
747000 1
748000 1
749000 1
750000 1
751000 1
752000 1
753000 1
754000 1
755000 1
756000 1
757000 1
758000 1
759000 1
760000 1
761000 1
762000 1
763000 1
764000 1
765000 1
766000 1
767000 1
768000 1
769000 1
770000 1
771000 1
772000 1
773000 1
774000 1
775000 1
776000 1
777000 1
778000 1
779000 1
780000 1
781000 1
782000 1
783000 1
784000 1
785000 1
786000 1
787000 1
788000 1
789000 1
790000 1
791000 1
792000 1
793000 1
794000 1
795000 1
796000 1
797000 1
798000 1
799000 1
800000 1
801000 1
802000 1
803000 1
804000 1
805000 1
806000 1
807000 1
808000 1
809000 1
810000 1
811000 1
812000 1
813000 1
814000 1
815000 1
816000 1
817000 1
818000 1
819000 1
820000 1
821000 1
822000 1
823000 1
824000 1
825000 1
826000 1
827000 1
828000 1
829000 1
830000 1
831000 1
832000 1
833000 1
834000 1
835000 1
836000 1
837000 1
838000 1
839000 1
840000 1
841000 1
842000 1
843000 1
844000 1
845000 1
846000 1
847000 1
848000 1
849000 1
850000 1
851000 1
852000 1
853000 1
854000 1
855000 1
856000 1
857000 1
858000 1
859000 1
860000 1
861000 1
862000 1
863000 1
864000 1
865000 1
866000 1
867000 1
868000 1
869000 1
870000 1
871000 1
872000 1
873000 1
874000 1
875000 1
876000 1
877000 1
878000 1
879000 1
880000 1
881000 1
882000 1
883000 1
884000 1
885000 1
886000 1
887000 1
888000 1
889000 1
890000 1
891000 1
892000 1
893000 1
894000 1
895000 1
896000 1
897000 1
898000 1
899000 1
900000 1
901000 1
902000 1
903000 1
904000 1
905000 1
906000 1
907000 1
908000 1
909000 1
910000 1
911000 1
912000 1
913000 1
914000 1
915000 1
916000 1
917000 1
918000 1
919000 1
920000 1
921000 1
922000 1
923000 1
924000 1
925000 1
926000 1
927000 1
928000 1
929000 1
930000 1
931000 1
932000 1
933000 1
934000 1
935000 1
936000 1
937000 1
938000 1
939000 1
940000 1
941000 1
942000 1
943000 1
944000 1
945000 1
946000 1
947000 1
948000 1
949000 1
950000 1
951000 1
952000 1
953000 1
954000 1
955000 1
956000 1
957000 1
958000 1
959000 1
960000 1
961000 1
962000 1
963000 1
964000 1
965000 1
966000 1
967000 1
968000 1
969000 1
970000 1
971000 1
972000 1
973000 1
974000 1
975000 1
976000 1
977000 1
978000 1
979000 1
980000 1
981000 1
982000 1
983000 1
984000 1
985000 1
986000 1
987000 1
988000 1
989000 1
990000 1
991000 1
992000 1
993000 1
994000 1
995000 1
996000 1
997000 1
998000 1
999000 1
1000000 1
1001000 1
1002000 1
1003000 1
1004000 1
1005000 1
1006000 1
1007000 1
1008000 1
1009000 1
1010000 1
1011000 1
1012000 1
1013000 1
1014000 1
1015000 1
1016000 1
1017000 1
1018000 1
1019000 1
1020000 1
1021000 1
1022000 1
1023000 1
1024000 1
1025000 1
1026000 1
1027000 1
1028000 1
1029000 1
1030000 1
1031000 1
1032000 1
1033000 1
1034000 1
1035000 1
1036000 1
1037000 1
1038000 1
1039000 1
1040000 1
1041000 1
1042000 1
1043000 1
1044000 1
1045000 1
1046000 1
1047000 1
1048000 1
1049000 1
1050000 1
1051000 1
1052000 1
1053000 1
1054000 1
1055000 1
1056000 1
1057000 1
1058000 1
1059000 1
1060000 1
1061000 1
1062000 1
1063000 1
1064000 1
1065000 1
1066000 1
1067000 1
1068000 1
1069000 1
1070000 1
1071000 1
1072000 1
1073000 1
1074000 1
1075000 1
1076000 1
1077000 1
1078000 1
1079000 1
1080000 1
1081000 1
1082000 1
1083000 1
1084000 1
1085000 1
1086000 1
1087000 1
1088000 1
1089000 1
1090000 1
1091000 1
1092000 1
1093000 1
1094000 1
1095000 1
1096000 1
1097000 1
1098000 1
1099000 1
1100000 1
1101000 1
1102000 1
1103000 1
1104000 1
1105000 1
1106000 1
1107000 1
1108000 1
1109000 1
1110000 1
1111000 1
1112000 1
1113000 1
1114000 1
1115000 1
1116000 1
1117000 1
1118000 1
1119000 1
1120000 1
1121000 1
1122000 1
1123000 1
1124000 1
1125000 1
1126000 1
1127000 1
1128000 1
1129000 1
1130000 1
1131000 1
1132000 1
1133000 1
1134000 1
1135000 1
1136000 1
1137000 1
1138000 1
1139000 1
1140000 1
1141000 1
1142000 1
1143000 1
1144000 1
1145000 1
1146000 1
1147000 1
1148000 1
1149000 1
1150000 1
1151000 1
1152000 1
1153000 1
1154000 1
1155000 1
1156000 1
1157000 1
1158000 1
1159000 1
1160000 1
1161000 1
1162000 1
1163000 1
1164000 1
1165000 1
1166000 1
1167000 1
1168000 1
1169000 1
1170000 1
1171000 1
1172000 1
1173000 1
1174000 1
1175000 1
1176000 1
1177000 1
1178000 1
1179000 1
1180000 1
1181000 1
1182000 1
1183000 1
1184000 1
1185000 1
1186000 1
1187000 1
1188000 1
1189000 1
1190000 1
1191000 1
1192000 1
1193000 1
1194000 1
1195000 1
1196000 1
1197000 1
1198000 1
1199000 1
1200000 1
1201000 1
1202000 1
1203000 1
1204000 1
1205000 1
1206000 1
1207000 1
1208000 1
1209000 1
1210000 1
1211000 1
1212000 1
1213000 1
1214000 1
1215000 1
1216000 1
1217000 1
1218000 1
1219000 1
1220000 1
1221000 1
1222000 1
1223000 1
1224000 1
1225000 1
1226000 1
1227000 1
1228000 1
1229000 1
1230000 1
1231000 1
1232000 1
1233000 1
1234000 1
1235000 1
1236000 1
1237000 1
1238000 1
1239000 1
1240000 1
1241000 1
1242000 1
1243000 1
1244000 1
1245000 1
1246000 1
1247000 1
1248000 1
1249000 1
1250000 1
1251000 1
1252000 1
1253000 1
1254000 1
1255000 1
1256000 1
1257000 1
1258000 1
1259000 1
1260000 1
1261000 1
1262000 1
1263000 1
1264000 1
1265000 1
1266000 1
1267000 1
1268000 1
1269000 1
1270000 1
1271000 1
1272000 1
1273000 1
1274000 1
1275000 1
1276000 1
1277000 1
1278000 1
1279000 1
1280000 1
1281000 1
1282000 1
1283000 1
1284000 1
1285000 1
1286000 1
1287000 1
1288000 1
1289000 1
1290000 1
1291000 1
1292000 1
1293000 1
1294000 1
1295000 1
1296000 1
1297000 1
1298000 1
1299000 1
1300000 1
1301000 1
1302000 1
1303000 1
1304000 1
1305000 1
1306000 1
1307000 1
1308000 1
1309000 1
1310000 1
1311000 1
1312000 1
1313000 1
1314000 1
1315000 1
1316000 1
1317000 1
1318000 1
1319000 1
1320000 1
1321000 1
1322000 1
1323000 1
1324000 1
1325000 1
1326000 1
1327000 1
1328000 1
1329000 1
1330000 1
1331000 1
1332000 1
1333000 1
1334000 1
1335000 1
1336000 1
1337000 1
1338000 1
1339000 1
1340000 1
1341000 1
1342000 1
1343000 1
1344000 1
1345000 1
1346000 1
1347000 1
1348000 1
1349000 1
1350000 1
1351000 1
1352000 1
1353000 1
1354000 1
1355000 1
1356000 1
1357000 1
1358000 1
1359000 1
1360000 1
1361000 1
1362000 1
1363000 1
1364000 1
1365000 1
1366000 1
1367000 1
1368000 1
1369000 1
1370000 1
1371000 1
1372000 1
1373000 1
1374000 1
1375000 1
1376000 1
1377000 1
1378000 1
1379000 1
1380000 1
1381000 1
1382000 1
1383000 1
1384000 1
1385000 1
1386000 1
1387000 1
1388000 1
1389000 1
1390000 1
1391000 1
1392000 1
1393000 1
1394000 1
1395000 1
1396000 1
1397000 1
1398000 1
1399000 1
1400000 1
1401000 1
1402000 1
1403000 1
1404000 1
1405000 1
1406000 1
1407000 1
1408000 1
1409000 1
1410000 1
1411000 1
1412000 1
1413000 1
1414000 1
1415000 1
1416000 1
1417000 1
1418000 1
1419000 1
1420000 1
1421000 1
1422000 1
1423000 1
1424000 1
1425000 1
1426000 1
1427000 1
1428000 1
1429000 1
1430000 1
1431000 1
1432000 1
1433000 1
1434000 1
1435000 1
1436000 1
1437000 1
1438000 1
1439000 1
1440000 1
1441000 1
1442000 1
1443000 1
1444000 1
1445000 1
1446000 1
1447000 1
1448000 1
1449000 1
1450000 1
1451000 1
1452000 1
1453000 1
1454000 1
1455000 1
1456000 1
1457000 1
1458000 1
1459000 1
1460000 1
1461000 1
1462000 1
1463000 1
1464000 1
1465000 1
1466000 1
1467000 1
1468000 1
1469000 1
1470000 1
1471000 1
1472000 1
1473000 1
1474000 1
1475000 1
1476000 1
1477000 1
1478000 1
1479000 1
1480000 1
1481000 1
1482000 1
1483000 1
1484000 1
1485000 1
1486000 1
1487000 1
1488000 1
1489000 1
1490000 1
1491000 1
1492000 1
1493000 1
1494000 1
1495000 1
1496000 1
1497000 1
1498000 1
1499000 1
1500000 1
1501000 1
1502000 1
1503000 1
1504000 1
1505000 1
1506000 1
1507000 1
1508000 1
1509000 1
1510000 1
1511000 1
1512000 1
1513000 1
1514000 1
1515000 1
1516000 1
1517000 1
1518000 1
1519000 1
1520000 1
1521000 1
1522000 1
1523000 1
1524000 1
1525000 1
1526000 1
1527000 1
1528000 1
1529000 1
1530000 1
1531000 1
1532000 1
1533000 1
1534000 1
1535000 1
1536000 1
1537000 1
1538000 1
1539000 1
1540000 1
1541000 1
1542000 1
1543000 1
1544000 1
1545000 1
1546000 1
1547000 1
1548000 1
1549000 1
1550000 1
1551000 1
1552000 1
1553000 1
1554000 1
1555000 1
1556000 1
1557000 1
1558000 1
1559000 1
1560000 1
1561000 1
1562000 1
1563000 1
1564000 1
1565000 1
1566000 1
1567000 1
1568000 1
1569000 1
1570000 1
1571000 1
1572000 1
1573000 1
1574000 1
1575000 1
1576000 1
1577000 1
1578000 1
1579000 1
1580000 1
1581000 1
1582000 1
1583000 1
1584000 1
1585000 1
1586000 1
1587000 1
1588000 1
1589000 1
1590000 1
1591000 1
1592000 1
1593000 1
1594000 1
1595000 1
1596000 1
1597000 1
1598000 1
1599000 1
1600000 1
1601000 1
1602000 1
1603000 1
1604000 1
1605000 1
1606000 1
1607000 1
1608000 1
1609000 1
1610000 1
1611000 1
1612000 1
1613000 1
1614000 1
1615000 1
1616000 1
1617000 1
1618000 1
1619000 1
1620000 1
1621000 1
1622000 1
1623000 1
1624000 1
1625000 1
1626000 1
1627000 1
1628000 1
1629000 1
1630000 1
1631000 1
1632000 1
1633000 1
1634000 1
1635000 1
1636000 1
1637000 1
1638000 1
1639000 1
1640000 1
1641000 1
1642000 1
1643000 1
1644000 1
1645000 1
1646000 1
1647000 1
1648000 1
1649000 1
1650000 1
1651000 1
1652000 1
1653000 1
1654000 2
1655000 2
1656000 2
1657000 2
1658000 2
1659000 2
1660000 2
1661000 2
1662000 2
1663000 2
1664000 2
1665000 2
1666000 2
1667000 2
1668000 2
1669000 2
1670000 2
1671000 2
1672000 2
1673000 2
1674000 2
1675000 2
1676000 2
1677000 2
1678000 2
1679000 2
1680000 2
1681000 2
1682000 2
1683000 2
1684000 2
1685000 2
1686000 2
1687000 2
1688000 2
1689000 2
1690000 2
1691000 2
1692000 2
1693000 2
1694000 2
1695000 2
1696000 2
1697000 2
1698000 2
1699000 2
1700000 2
1701000 2
1702000 2
1703000 2
1704000 2
1705000 2
1706000 2
1707000 2
1708000 2
1709000 2
1710000 2
1711000 2
1712000 2
1713000 2
1714000 2
1715000 2
1716000 2
1717000 2
1718000 2
1719000 2
1720000 2
1721000 2
1722000 2
1723000 2
1724000 2
1725000 2
1726000 2
1727000 2
1728000 2
1729000 2
1730000 2
1731000 2
1732000 2
1733000 2
1734000 2
1735000 2
1736000 2
1737000 2
1738000 2
1739000 2
1740000 2
1741000 2
1742000 2
1743000 2
1744000 2
1745000 2
1746000 2
1747000 2
1748000 2
1749000 2
1750000 2
1751000 2
1752000 2
1753000 2
1754000 2
1755000 2
1756000 2
1757000 2
1758000 2
1759000 2
1760000 2
1761000 2
1762000 2
1763000 2
1764000 2
1765000 2
1766000 2
1767000 2
1768000 2
1769000 2
1770000 2
1771000 2
1772000 2
1773000 2
1774000 2
1775000 2
1776000 2
1777000 2
1778000 2
1779000 2
1780000 2
1781000 2
1782000 2
1783000 2
1784000 2
1785000 2
1786000 2
1787000 2
1788000 2
1789000 2
1790000 2
1791000 2
1792000 2
1793000 2
1794000 2
1795000 2
1796000 2
1797000 2
1798000 2
1799000 2
1800000 2
1801000 2
1802000 2
1803000 2
1804000 2
1805000 2
1806000 2
1807000 2
1808000 2
1809000 2
1810000 2
1811000 2
1812000 2
1813000 2
1814000 2
1815000 2
1816000 2
1817000 2
1818000 2
1819000 2
1820000 2
1821000 2
1822000 2
1823000 2
1824000 2
1825000 2
1826000 2
1827000 2
1828000 2
1829000 2
1830000 2
1831000 2
1832000 2
1833000 2
1834000 2
1835000 2
1836000 2
1837000 2
1838000 2
1839000 2
1840000 2
1841000 2
1842000 2
1843000 2
1844000 2
1845000 2
1846000 2
1847000 2
1848000 2
1849000 2
1850000 2
1851000 2
1852000 2
1853000 2
1854000 2
1855000 2
1856000 2
1857000 2
1858000 2
1859000 2
1860000 2
1861000 2
1862000 2
1863000 2
1864000 2
1865000 2
1866000 2
1867000 2
1868000 2
1869000 2
1870000 2
1871000 2
1872000 2
1873000 2
1874000 2
1875000 2
1876000 2
1877000 2
1878000 2
1879000 2
1880000 2
1881000 2
1882000 2
1883000 2
1884000 2
1885000 2
1886000 2
1887000 2
1888000 2
1889000 2
1890000 2
1891000 2
1892000 2
1893000 2
1894000 2
1895000 2
1896000 2
1897000 2
1898000 2
1899000 2
1900000 2
1901000 2
1902000 2
1903000 2
1904000 2
1905000 2
1906000 2
1907000 2
1908000 2
1909000 2
1910000 2
1911000 2
1912000 2
1913000 2
1914000 2
1915000 2
1916000 2
1917000 2
1918000 2
1919000 2
1920000 2
1921000 2
1922000 2
1923000 2
1924000 2
1925000 2
1926000 2
1927000 2
1928000 2
1929000 2
1930000 2
1931000 2
1932000 2
1933000 2
1934000 2
1935000 2
1936000 2
1937000 2
1938000 2
1939000 2
1940000 2
1941000 2
1942000 2
1943000 2
1944000 2
1945000 2
1946000 2
1947000 2
1948000 2
1949000 2
1950000 2
1951000 2
1952000 2
1953000 2
1954000 2
1955000 2
1956000 2
1957000 2
1958000 2
1959000 2
1960000 2
1961000 2
1962000 2
1963000 2
1964000 2
1965000 2
1966000 2
1967000 2
1968000 2
1969000 2
1970000 2
1971000 2
1972000 2
1973000 2
1974000 2
1975000 2
1976000 2
1977000 2
1978000 2
1979000 2
1980000 2
1981000 2
1982000 2
1983000 2
1984000 2
1985000 2
1986000 2
1987000 2
1988000 2
1989000 2
1990000 2
1991000 2
1992000 2
1993000 2
1994000 2
1995000 2
1996000 2
1997000 2
1998000 2
1999000 2
2000000 2
2001000 2
2002000 2
2003000 2
2004000 2
2005000 2
2006000 2
2007000 2
2008000 2
2009000 2
2010000 2
2011000 2
2012000 2
2013000 2
2014000 2
2015000 2
2016000 2
2017000 2
2018000 2
2019000 2
2020000 2
2021000 2
2022000 2
2023000 2
2024000 2
2025000 2
2026000 2
2027000 2
2028000 2
2029000 2
2030000 2
2031000 2
2032000 2
2033000 2
2034000 2
2035000 2
2036000 2
2037000 2
2038000 2
2039000 2
2040000 2
2041000 2
2042000 2
2043000 2
2044000 2
2045000 2
2046000 2
2047000 2
2048000 2
2049000 2
2050000 2
2051000 2
2052000 2
2053000 2
2054000 2
2055000 2
2056000 2
2057000 2
2058000 2
2059000 2
2060000 2
2061000 2
2062000 2
2063000 2
2064000 2
2065000 2
2066000 2
2067000 2
2068000 2
2069000 2
2070000 2
2071000 2
2072000 2
2073000 2
2074000 2
2075000 2
2076000 2
2077000 2
2078000 2
2079000 2
2080000 2
2081000 2
2082000 2
2083000 2
2084000 2
2085000 2
2086000 2
2087000 2
2088000 2
2089000 2
2090000 2
2091000 2
2092000 2
2093000 2
2094000 2
2095000 2
2096000 2
2097000 2
2098000 2
2099000 2
2100000 2
2101000 2
2102000 2
2103000 2
2104000 2
2105000 2
2106000 2
2107000 2
2108000 2
2109000 2
2110000 2
2111000 2
2112000 2
2113000 2
2114000 2
2115000 2
2116000 2
2117000 2
2118000 2
2119000 2
2120000 2
2121000 2
2122000 2
2123000 2
2124000 2
2125000 2
2126000 2
2127000 2
2128000 2
2129000 2
2130000 2
2131000 2
2132000 2
2133000 2
2134000 2
2135000 2
2136000 2
2137000 2
2138000 2
2139000 2
2140000 2
2141000 2
2142000 2
2143000 2
2144000 2
2145000 2
2146000 2
2147000 2
2148000 2
2149000 2
2150000 2
2151000 2
2152000 2
2153000 2
2154000 2
2155000 2
2156000 2
2157000 2
2158000 2
2159000 2
2160000 2
2161000 2
2162000 2
2163000 2
2164000 2
2165000 2
2166000 2
2167000 2
2168000 2
2169000 2
2170000 2
2171000 2
2172000 2
2173000 2
2174000 2
2175000 2
2176000 2
2177000 2
2178000 2
2179000 2
2180000 2
2181000 2
2182000 2
2183000 2
2184000 2
2185000 2
2186000 2
2187000 2
2188000 2
2189000 2
2190000 2
2191000 2
2192000 2
2193000 2
2194000 2
2195000 2
2196000 2
2197000 2
2198000 2
2199000 2
2200000 2
2201000 2
2202000 2
2203000 2
2204000 2
2205000 2
2206000 2
2207000 2
2208000 2
2209000 2
2210000 2
2211000 2
2212000 2
2213000 2
2214000 2
2215000 2
2216000 2
2217000 2
2218000 2
2219000 2
2220000 2
2221000 2
2222000 2
2223000 2
2224000 2
2225000 2
2226000 2
2227000 2
2228000 2
2229000 2
2230000 2
2231000 2
2232000 2
2233000 2
2234000 2
2235000 2
2236000 2
2237000 2
2238000 2
2239000 2
2240000 2
2241000 2
2242000 2
2243000 2
2244000 2
2245000 2
2246000 2
2247000 2
2248000 2
2249000 2
2250000 2
2251000 2
2252000 2
2253000 2
2254000 2
2255000 2
2256000 2
2257000 2
2258000 2
2259000 2
2260000 2
2261000 2
2262000 2
2263000 2
2264000 2
2265000 2
2266000 2
2267000 2
2268000 2
2269000 3
2270000 3
2271000 3
2272000 3
2273000 3
2274000 3
2275000 3
2276000 3
2277000 3
2278000 3
2279000 3
2280000 3
2281000 3
2282000 3
2283000 3
2284000 3
2285000 3
2286000 3
2287000 3
2288000 3
2289000 3
2290000 3
2291000 3
2292000 3
2293000 3
2294000 3
2295000 3
2296000 3
2297000 3
2298000 3
2299000 3
2300000 3
2301000 3
2302000 3
2303000 3
2304000 3
2305000 3
2306000 3
2307000 3
2308000 3
2309000 3
2310000 3
2311000 3
2312000 3
2313000 3
2314000 3
2315000 3
2316000 3
2317000 3
2318000 3
2319000 3
2320000 3
2321000 3
2322000 3
2323000 3
2324000 3
2325000 3
2326000 3
2327000 3
2328000 3
2329000 3
2330000 3
2331000 3
2332000 3
2333000 3
2334000 3
2335000 3
2336000 3
2337000 3
2338000 3
2339000 3
2340000 3
2341000 3
2342000 3
2343000 3
2344000 3
2345000 3
2346000 3
2347000 3
2348000 3
2349000 3
2350000 3
2351000 3
2352000 3
2353000 3
2354000 3
2355000 3
2356000 3
2357000 3
2358000 3
2359000 3
2360000 3
2361000 3
2362000 3
2363000 3
2364000 3
2365000 3
2366000 3
2367000 3
2368000 3
2369000 3
2370000 3
2371000 3
2372000 3
2373000 3
2374000 3
2375000 3
2376000 3
2377000 3
2378000 3
2379000 3
2380000 3
2381000 3
2382000 3
2383000 3
2384000 3
2385000 3
2386000 3
2387000 3
2388000 3
2389000 3
2390000 3
2391000 3
2392000 3
2393000 3
2394000 3
2395000 3
2396000 3
2397000 3
2398000 3
2399000 3
2400000 3
2401000 3
2402000 3
2403000 3
2404000 3
2405000 3
2406000 3
2407000 3
2408000 3
2409000 3
2410000 3
2411000 3
2412000 3
2413000 3
2414000 3
2415000 3
2416000 3
2417000 3
2418000 3
2419000 3
2420000 3
2421000 3
2422000 3
2423000 3
2424000 3
2425000 3
2426000 3
2427000 3
2428000 3
2429000 3
2430000 3
2431000 3
2432000 3
2433000 3
2434000 4
2435000 4
2436000 4
2437000 4
2438000 4
2439000 4
2440000 4
2441000 4
2442000 4
2443000 4
2444000 4
2445000 4
2446000 4
2447000 4
2448000 4
2449000 4
2450000 4
2451000 4
2452000 4
2453000 4
2454000 4
2455000 4
2456000 4
2457000 4
2458000 4
2459000 4
2460000 4
2461000 4
2462000 4
2463000 4
2464000 4
2465000 4
2466000 4
2467000 4
2468000 4
2469000 4
2470000 4
2471000 4
2472000 4
2473000 4
2474000 4
2475000 4
2476000 4
2477000 4
2478000 4
2479000 4
2480000 4
2481000 4
2482000 4
2483000 4
2484000 4
2485000 4
2486000 4
2487000 4
2488000 4
2489000 4
2490000 4
2491000 4
2492000 4
2493000 4
2494000 4
2495000 4
2496000 4
2497000 4
2498000 4
2499000 4
2500000 4
2501000 4
2502000 4
2503000 4
2504000 4
2505000 4
2506000 4
2507000 4
2508000 4
2509000 4
2510000 4
2511000 4
2512000 4
2513000 4
2514000 4
2515000 4
2516000 4
2517000 4
2518000 4
2519000 4
2520000 4
2521000 4
2522000 4
2523000 4
2524000 4
2525000 4
2526000 4
2527000 4
2528000 4
2529000 4
2530000 4
2531000 4
2532000 4
2533000 4
2534000 4
2535000 4
2536000 4
2537000 4
2538000 4
2539000 4
2540000 4
2541000 4
2542000 4
2543000 4
2544000 4
2545000 4
2546000 4
2547000 4
2548000 4
2549000 4
2550000 4
2551000 4
2552000 4
2553000 4
2554000 4
2555000 4
2556000 4
2557000 4
2558000 4
2559000 4
2560000 4
2561000 4
2562000 4
2563000 4
2564000 4
2565000 4
2566000 4
2567000 4
2568000 4
2569000 4
2570000 4
2571000 4
2572000 4
2573000 4
2574000 4
2575000 4
2576000 4
2577000 4
2578000 4
2579000 4
2580000 4
2581000 4
2582000 4
2583000 4
2584000 4
2585000 4
2586000 4
2587000 4
2588000 4
2589000 4
2590000 4
2591000 4
2592000 4
2593000 4
2594000 4
2595000 4
2596000 4
2597000 4
2598000 4
2599000 4
2600000 4
2601000 4
2602000 4
2603000 4
2604000 4
2605000 4
2606000 4
2607000 4
2608000 4
2609000 4
2610000 4
2611000 4
2612000 4
2613000 4
2614000 4
2615000 4
2616000 4
2617000 4
2618000 4
2619000 4
2620000 4
2621000 4
2622000 4
2623000 4
2624000 4
2625000 4
2626000 4
2627000 4
2628000 4
2629000 4
2630000 4
2631000 4
2632000 4
2633000 4
2634000 4
2635000 4
2636000 4
2637000 4
2638000 4
2639000 4
2640000 4
2641000 4
2642000 4
2643000 4
2644000 4
2645000 4
2646000 4
2647000 4
2648000 4
2649000 4
2650000 4
2651000 4
2652000 4
2653000 4
2654000 4
2655000 4
2656000 4
2657000 4
2658000 4
2659000 4
2660000 4
2661000 4
2662000 4
2663000 4
2664000 4
2665000 4
2666000 4
2667000 4
2668000 4
2669000 4
2670000 4
2671000 4
2672000 4
2673000 4
2674000 4
2675000 4
2676000 4
2677000 4
2678000 4
2679000 4
2680000 4
2681000 4
2682000 4
2683000 4
2684000 4
2685000 4
2686000 4
2687000 4
2688000 4
2689000 4
2690000 4
2691000 4
2692000 4
2693000 4
2694000 4
2695000 4
2696000 4
2697000 4
2698000 4
2699000 4
2700000 4
2701000 4
2702000 4
2703000 4
2704000 4
2705000 4
2706000 4
2707000 4
2708000 4
2709000 4
2710000 4
2711000 4
2712000 4
2713000 4
2714000 4
2715000 4
2716000 4
2717000 4
2718000 4
2719000 4
2720000 4
2721000 4
2722000 4
2723000 4
2724000 4
2725000 4
2726000 4
2727000 4
2728000 4
2729000 4
2730000 4
2731000 4
2732000 4
2733000 4
2734000 4
2735000 4
2736000 4
2737000 4
2738000 4
2739000 4
2740000 4
2741000 4
2742000 4
2743000 4
2744000 4
2745000 4
2746000 4
2747000 4
2748000 4
2749000 4
2750000 4
2751000 4
2752000 4
2753000 4
2754000 4
2755000 4
2756000 4
2757000 4
2758000 4
2759000 4
2760000 4
2761000 4
2762000 4
2763000 4
2764000 4
2765000 4
2766000 4
2767000 4
2768000 4
2769000 4
2770000 4
2771000 4
2772000 4
2773000 4
2774000 4
2775000 4
2776000 4
2777000 4
2778000 4
2779000 4
2780000 4
2781000 4
2782000 4
2783000 4
2784000 4
2785000 4
2786000 4
2787000 4
2788000 4
2789000 4
2790000 4
2791000 4
2792000 4
2793000 4
2794000 4
2795000 4
2796000 4
2797000 4
2798000 4
2799000 4
2800000 4
2801000 4
2802000 4
2803000 4
2804000 4
2805000 4
2806000 4
2807000 4
2808000 4
2809000 4
2810000 4
2811000 4
2812000 4
2813000 4
2814000 4
2815000 4
2816000 4
2817000 4
2818000 4
2819000 4
2820000 4
2821000 4
2822000 4
2823000 4
2824000 4
2825000 4
2826000 4
2827000 4
2828000 4
2829000 4
2830000 4
2831000 4
2832000 4
2833000 4
2834000 4
2835000 4
2836000 4
2837000 4
2838000 4
2839000 4
2840000 4
2841000 4
2842000 4
2843000 4
2844000 4
2845000 4
2846000 4
2847000 4
2848000 4
2849000 4
2850000 4
2851000 4
2852000 4
2853000 4
2854000 4
2855000 4
2856000 4
2857000 4
2858000 4
2859000 4
2860000 4
2861000 4
2862000 4
2863000 4
2864000 4
2865000 4
2866000 4
2867000 4
2868000 4
2869000 4
2870000 4
2871000 4
2872000 4
2873000 4
2874000 4
2875000 4
2876000 4
2877000 4
2878000 4
2879000 4
2880000 4
2881000 4
2882000 4
2883000 4
2884000 4
2885000 4
2886000 4
2887000 4
2888000 4
2889000 4
2890000 4
2891000 4
2892000 4
2893000 4
2894000 4
2895000 4
2896000 4
2897000 4
2898000 4
2899000 4
2900000 4
2901000 4
2902000 4
2903000 4
2904000 4
2905000 4
2906000 4
2907000 4
2908000 4
2909000 4
2910000 4
2911000 4
2912000 4
2913000 4
2914000 4
2915000 4
2916000 4
2917000 4
2918000 4
2919000 4
2920000 4
2921000 4
2922000 4
2923000 4
2924000 4
2925000 4
2926000 4
2927000 4
2928000 4
2929000 4
2930000 4
2931000 4
2932000 4
2933000 4
2934000 4
2935000 4
2936000 4
2937000 4
2938000 4
2939000 4
2940000 4
2941000 4
2942000 4
2943000 4
2944000 4
2945000 4
2946000 4
2947000 4
2948000 4
2949000 4
2950000 4
2951000 4
2952000 4
2953000 4
2954000 4
2955000 4
2956000 4
2957000 4
2958000 4
2959000 4
2960000 4
2961000 4
2962000 4
2963000 4
2964000 4
2965000 4
2966000 4
2967000 4
2968000 4
2969000 4
2970000 4
2971000 4
2972000 4
2973000 4
2974000 4
2975000 4
2976000 4
2977000 4
2978000 4
2979000 4
2980000 4
2981000 4
2982000 4
2983000 4
2984000 4
2985000 4
2986000 4
2987000 4
2988000 4
2989000 4
2990000 4
2991000 4
2992000 4
2993000 4
2994000 4
2995000 4
2996000 4
2997000 4
2998000 4
2999000 4
3000000 4
3001000 4
3002000 4
3003000 4
3004000 4
3005000 4
3006000 4
3007000 4
3008000 4
3009000 4
3010000 4
3011000 4
3012000 4
3013000 4
3014000 4
3015000 4
3016000 4
3017000 4
3018000 4
3019000 4
3020000 4
3021000 4
3022000 4
3023000 4
3024000 4
3025000 4
3026000 4
3027000 4
3028000 4
3029000 4
3030000 4
3031000 4
3032000 4
3033000 4
3034000 4
3035000 4
3036000 4
3037000 4
3038000 4
3039000 4
3040000 4
3041000 4
3042000 4
3043000 4
3044000 4
3045000 4
3046000 4
3047000 4
3048000 4
3049000 4
3050000 4
3051000 4
3052000 4
3053000 4
3054000 4
3055000 4
3056000 4
3057000 4
3058000 4
3059000 4
3060000 4
3061000 4
3062000 4
3063000 4
3064000 4
3065000 4
3066000 4
3067000 4
3068000 4
3069000 4
3070000 4
3071000 4
3072000 4
3073000 4
3074000 4
3075000 4
3076000 4
3077000 4
3078000 4
3079000 4
3080000 4
3081000 4
3082000 4
3083000 4
3084000 4
3085000 4
3086000 4
3087000 4
3088000 4
3089000 4
3090000 4
3091000 4
3092000 4
3093000 4
3094000 4
3095000 4
3096000 4
3097000 4
3098000 4
3099000 4
3100000 4
3101000 4
3102000 4
3103000 4
3104000 4
3105000 4
3106000 4
3107000 4
3108000 4
3109000 4
3110000 4
3111000 4
3112000 4
3113000 4
3114000 4
3115000 4
3116000 4
3117000 4
3118000 4
3119000 4
3120000 4
3121000 4
3122000 4
3123000 4
3124000 4
3125000 4
3126000 4
3127000 4
3128000 4
3129000 4
3130000 4
3131000 4
3132000 4
3133000 4
3134000 4
3135000 4
3136000 4
3137000 4
3138000 4
3139000 4
3140000 4
3141000 4
3142000 4
3143000 4
3144000 4
3145000 4
3146000 4
3147000 4
3148000 4
3149000 4
3150000 4
3151000 4
3152000 4
3153000 4
3154000 4
3155000 4
3156000 4
3157000 4
3158000 4
3159000 4
3160000 4
3161000 4
3162000 4
3163000 4
3164000 4
3165000 4
3166000 4
3167000 4
3168000 4
3169000 4
3170000 4
3171000 4
3172000 4
3173000 4
3174000 4
3175000 4
3176000 4
3177000 4
3178000 4
3179000 4
3180000 4
3181000 4
3182000 4
3183000 4
3184000 4
3185000 4
3186000 4
3187000 4
3188000 4
3189000 4
3190000 4
3191000 4
3192000 4
3193000 4
3194000 4
3195000 4
3196000 4
3197000 4
3198000 4
3199000 4
3200000 4
3201000 4
3202000 4
3203000 4
3204000 4
3205000 4
3206000 4
3207000 4
3208000 4
3209000 4
3210000 4
3211000 4
3212000 4
3213000 4
3214000 4
3215000 4
3216000 4
3217000 4
3218000 4
3219000 4
3220000 4
3221000 4
3222000 4
3223000 4
3224000 4
3225000 4
3226000 4
3227000 4
3228000 4
3229000 4
3230000 4
3231000 4
3232000 4
3233000 4
3234000 4
3235000 4
3236000 4
3237000 4
3238000 4
3239000 4
3240000 4
3241000 4
3242000 4
3243000 4
3244000 4
3245000 4
3246000 4
3247000 4
3248000 4
3249000 4
3250000 4
3251000 4
3252000 4
3253000 4
3254000 4
3255000 4
3256000 4
3257000 4
3258000 4
3259000 4
3260000 4
3261000 4
3262000 4
3263000 4
3264000 4
3265000 4
3266000 4
3267000 4
3268000 4
3269000 4
3270000 4
3271000 4
3272000 4
3273000 4
3274000 4
3275000 4
3276000 4
3277000 4
3278000 5
3279000 5
3280000 5
3281000 5
3282000 5
3283000 5
3284000 5
3285000 5
3286000 5
3287000 5
3288000 5
3289000 5
3290000 5
3291000 5
3292000 5
3293000 5
3294000 5
3295000 5
3296000 5
3297000 5
3298000 5
3299000 5
3300000 5
3301000 5
3302000 5
3303000 5
3304000 5
3305000 5
3306000 5
3307000 5
3308000 5
3309000 5
3310000 5
3311000 5
3312000 5
3313000 5
3314000 5
3315000 5
3316000 5
3317000 5
3318000 5
3319000 5
3320000 5
3321000 5
3322000 5
3323000 5
3324000 5
3325000 5
3326000 5
3327000 5
3328000 5
3329000 5
3330000 5
3331000 5
3332000 5
3333000 5
3334000 5
3335000 5
3336000 5
3337000 5
3338000 5
3339000 5
3340000 5
3341000 5
3342000 5
3343000 5
3344000 5
3345000 5
3346000 5
3347000 5
3348000 5
3349000 5
3350000 5
3351000 5
3352000 5
3353000 5
3354000 5
3355000 5
3356000 5
3357000 5
3358000 5
3359000 5
3360000 5
3361000 5
3362000 5
3363000 5
3364000 5
3365000 5
3366000 5
3367000 5
3368000 5
3369000 5
3370000 5
3371000 5
3372000 5
3373000 5
3374000 5
3375000 5
3376000 5
3377000 5
3378000 5
3379000 5
3380000 5
3381000 5
3382000 5
3383000 5
3384000 5
3385000 5
3386000 5
3387000 5
3388000 5
3389000 5
3390000 5
3391000 5
3392000 5
3393000 5
3394000 5
3395000 5
3396000 5
3397000 5
3398000 5
3399000 5
3400000 5
3401000 5
3402000 5
3403000 5
3404000 5
3405000 5
3406000 5
3407000 5
3408000 5
3409000 5
3410000 5
3411000 5
3412000 5
3413000 5
3414000 5
3415000 5
3416000 5
3417000 5
3418000 5
3419000 5
3420000 5
3421000 5
3422000 5
3423000 5
3424000 5
3425000 5
3426000 5
3427000 5
3428000 5
3429000 5
3430000 5
3431000 5
3432000 5
3433000 5
3434000 5
3435000 5
3436000 5
3437000 5
3438000 5
3439000 5
3440000 5
3441000 5
3442000 5
3443000 5
3444000 5
3445000 5
3446000 5
3447000 5
3448000 5
3449000 5
3450000 5
3451000 5
3452000 5
3453000 5
3454000 5
3455000 5
3456000 5
3457000 5
3458000 5
3459000 5
3460000 5
3461000 5
3462000 5
3463000 5
3464000 5
3465000 5
3466000 5
3467000 5
3468000 5
3469000 5
3470000 5
3471000 5
3472000 5
3473000 5
3474000 5
3475000 5
3476000 5
3477000 5
3478000 5
3479000 5
3480000 5
3481000 5
3482000 5
3483000 5
3484000 5
3485000 5
3486000 5
3487000 5
3488000 5
3489000 5
3490000 5
3491000 5
3492000 5
3493000 5
3494000 5
3495000 5
3496000 5
3497000 5
3498000 5
3499000 5
3500000 5
3501000 5
3502000 5
3503000 5
3504000 5
3505000 5
3506000 5
3507000 5
3508000 5
3509000 5
3510000 5
3511000 5
3512000 5
3513000 5
3514000 5
3515000 5
3516000 5
3517000 5
3518000 5
3519000 5
3520000 5
3521000 5
3522000 5
3523000 5
3524000 5
3525000 5
3526000 5
3527000 5
3528000 5
3529000 5
3530000 5
3531000 5
3532000 5
3533000 5
3534000 5
3535000 5
3536000 5
3537000 5
3538000 5
3539000 5
3540000 5
3541000 5
3542000 5
3543000 5
3544000 5
3545000 5
3546000 5
3547000 5
3548000 5
3549000 5
3550000 5
3551000 5
3552000 5
3553000 5
3554000 5
3555000 5
3556000 5
3557000 5
3558000 5
3559000 5
3560000 5
3561000 5
3562000 5
3563000 5
3564000 5
3565000 5
3566000 5
3567000 5
3568000 5
3569000 5
3570000 5
3571000 5
3572000 5
3573000 5
3574000 5
3575000 5
3576000 5
3577000 5
3578000 5
3579000 5
3580000 5
3581000 5
3582000 5
3583000 5
3584000 5
3585000 5
3586000 5
3587000 5
3588000 5
3589000 5
3590000 5
3591000 5
3592000 5
3593000 5
3594000 5
3595000 5
3596000 5
3597000 5
3598000 5
3599000 5
3600000 5
3601000 5
3602000 5
3603000 5
3604000 5
3605000 5
3606000 5
3607000 5
3608000 5
3609000 5
3610000 5
3611000 5
3612000 5
3613000 5
3614000 5
3615000 5
3616000 5
3617000 5
3618000 5
3619000 5
3620000 5
3621000 5
3622000 5
3623000 5
3624000 5
3625000 5
3626000 5
3627000 5
3628000 5
3629000 5
3630000 5
3631000 5
3632000 5
3633000 5
3634000 5
3635000 5
3636000 5
3637000 5
3638000 5
3639000 5
3640000 5
3641000 5
3642000 5
3643000 5
3644000 5
3645000 5
3646000 5
3647000 5
3648000 5
3649000 5
3650000 5
3651000 5
3652000 5
3653000 5
3654000 5
3655000 5
3656000 5
3657000 5
3658000 5
3659000 5
3660000 5
3661000 5
3662000 5
3663000 5
3664000 5
3665000 5
3666000 5
3667000 5
3668000 5
3669000 5
3670000 5
3671000 5
3672000 5
3673000 5
3674000 5
3675000 5
3676000 5
3677000 5
3678000 5
3679000 5
3680000 5
3681000 5
3682000 5
3683000 5
3684000 5
3685000 5
3686000 5
3687000 5
3688000 5
3689000 5
3690000 5
3691000 5
3692000 5
3693000 5
3694000 5
3695000 5
3696000 5
3697000 5
3698000 5
3699000 5
3700000 5
3701000 5
3702000 5
3703000 5
3704000 5
3705000 5
3706000 5
3707000 5
3708000 5
3709000 5
3710000 5
3711000 5
3712000 5
3713000 5
3714000 5
3715000 5
3716000 5
3717000 5
3718000 5
3719000 5
3720000 5
3721000 5
3722000 5
3723000 5
3724000 5
3725000 5
3726000 5
3727000 5
3728000 5
3729000 5
3730000 5
3731000 5
3732000 5
3733000 5
3734000 5
3735000 5
3736000 5
3737000 5
3738000 5
3739000 5
3740000 5
3741000 5
3742000 5
3743000 5
3744000 5
3745000 5
3746000 5
3747000 5
3748000 5
3749000 5
3750000 5
3751000 5
3752000 5
3753000 5
3754000 5
3755000 5
3756000 5
3757000 5
3758000 5
3759000 5
3760000 5
3761000 5
3762000 5
3763000 5
3764000 5
3765000 5
3766000 5
3767000 5
3768000 5
3769000 5
3770000 5
3771000 5
3772000 5
3773000 5
3774000 5
3775000 5
3776000 5
3777000 5
3778000 5
3779000 5
3780000 5
3781000 5
3782000 5
3783000 5
3784000 5
3785000 5
3786000 5
3787000 5
3788000 5
3789000 5
3790000 5
3791000 5
3792000 5
3793000 5
3794000 5
3795000 5
3796000 5
3797000 5
3798000 5
3799000 5
3800000 5
3801000 5
3802000 5
3803000 5
3804000 5
3805000 5
3806000 5
3807000 5
3808000 5
3809000 5
3810000 5
3811000 5
3812000 5
3813000 5
3814000 5
3815000 5
3816000 5
3817000 5
3818000 5
3819000 5
3820000 5
3821000 5
3822000 5
3823000 5
3824000 5
3825000 5
3826000 5
3827000 5
3828000 5
3829000 5
3830000 5
3831000 5
3832000 5
3833000 5
3834000 5
3835000 5
3836000 5
3837000 5
3838000 5
3839000 5
3840000 5
3841000 5
3842000 5
3843000 5
3844000 5
3845000 5
3846000 5
3847000 5
3848000 5
3849000 5
3850000 6
3851000 6
3852000 6
3853000 6
3854000 6
3855000 6
3856000 6
3857000 6
3858000 6
3859000 6
3860000 6
3861000 6
3862000 6
3863000 6
3864000 6
3865000 6
3866000 6
3867000 6
3868000 6
3869000 6
3870000 6
3871000 6
3872000 6
3873000 6
3874000 6
3875000 6
3876000 6
3877000 6
3878000 6
3879000 6
3880000 6
3881000 6
3882000 6
3883000 6
3884000 6
3885000 6
3886000 6
3887000 6
3888000 6
3889000 6
3890000 6
3891000 6
3892000 6
3893000 6
3894000 6
3895000 6
3896000 6
3897000 6
3898000 6
3899000 6
3900000 6
3901000 6
3902000 6
3903000 6
3904000 6
3905000 6
3906000 6
3907000 6
3908000 6
3909000 6
3910000 6
3911000 6
3912000 6
3913000 6
3914000 6
3915000 6
3916000 6
3917000 6
3918000 6
3919000 6
3920000 6
3921000 6
3922000 6
3923000 6
3924000 6
3925000 6
3926000 6
3927000 6
3928000 6
3929000 6
3930000 6
3931000 6
3932000 6
3933000 6
3934000 6
3935000 6
3936000 6
3937000 6
3938000 6
3939000 6
3940000 6
3941000 6
3942000 6
3943000 6
3944000 6
3945000 6
3946000 6
3947000 6
3948000 6
3949000 6
3950000 6
3951000 6
3952000 6
3953000 6
3954000 6
3955000 6
3956000 6
3957000 6
3958000 6
3959000 6
3960000 6
3961000 6
3962000 6
3963000 6
3964000 6
3965000 6
3966000 6
3967000 6
3968000 6
3969000 6
3970000 6
3971000 6
3972000 6
3973000 6
3974000 6
3975000 6
3976000 6
3977000 6
3978000 6
3979000 6
3980000 6
3981000 6
3982000 6
3983000 6
3984000 6
3985000 6
3986000 6
3987000 6
3988000 6
3989000 6
3990000 6
3991000 6
3992000 6
3993000 6
3994000 6
3995000 6
3996000 6
3997000 6
3998000 6
3999000 6
4000000 6
4001000 6
4002000 6
4003000 6
4004000 6
4005000 6
4006000 6
4007000 6
4008000 6
4009000 6
4010000 6
4011000 6
4012000 6
4013000 6
4014000 6
4015000 6
4016000 6
4017000 6
4018000 6
4019000 6
4020000 6
4021000 6
4022000 6
4023000 6
4024000 6
4025000 6
4026000 6
4027000 6
4028000 6
4029000 6
4030000 6
4031000 6
4032000 6
4033000 6
4034000 6
4035000 6
4036000 6
4037000 6
4038000 6
4039000 6
4040000 6
4041000 6
4042000 6
4043000 6
4044000 6
4045000 6
4046000 6
4047000 6
4048000 6
4049000 6
4050000 6
4051000 6
4052000 6
4053000 6
4054000 6
4055000 6
4056000 6
4057000 6
4058000 6
4059000 6
4060000 6
4061000 6
4062000 6
4063000 6
4064000 6
4065000 6
4066000 6
4067000 6
4068000 6
4069000 6
4070000 6
4071000 6
4072000 6
4073000 6
4074000 6
4075000 6
4076000 6
4077000 6
4078000 6
4079000 6
4080000 6
4081000 6
4082000 6
4083000 6
4084000 6
4085000 6
4086000 6
4087000 6
4088000 6
4089000 6
4090000 6
4091000 6
4092000 6
4093000 6
4094000 6
4095000 6
4096000 6
4097000 6
4098000 6
4099000 6
4100000 6
4101000 6
4102000 6
4103000 6
4104000 6
4105000 6
4106000 6
4107000 6
4108000 6
4109000 6
4110000 6
4111000 6
4112000 6
4113000 6
4114000 6
4115000 6
4116000 6
4117000 6
4118000 6
4119000 6
4120000 6
4121000 6
4122000 6
4123000 6
4124000 6
4125000 6
4126000 6
4127000 6
4128000 6
4129000 6
4130000 6
4131000 6
4132000 6
4133000 6
4134000 6
4135000 6
4136000 6
4137000 6
4138000 6
4139000 6
4140000 6
4141000 6
4142000 6
4143000 6
4144000 6
4145000 6
4146000 6
4147000 6
4148000 6
4149000 6
4150000 6
4151000 6
4152000 6
4153000 6
4154000 6
4155000 6
4156000 6
4157000 6
4158000 6
4159000 6
4160000 6
4161000 6
4162000 6
4163000 6
4164000 6
4165000 6
4166000 6
4167000 6
4168000 6
4169000 6
4170000 6
4171000 6
4172000 6
4173000 6
4174000 6
4175000 6
4176000 6
4177000 6
4178000 6
4179000 6
4180000 6
4181000 6
4182000 6
4183000 6
4184000 6
4185000 6
4186000 6
4187000 6
4188000 6
4189000 6
4190000 6
4191000 6
4192000 6
4193000 6
4194000 6
4195000 6
4196000 6
4197000 6
4198000 6
4199000 6
4200000 6
4201000 6
4202000 6
4203000 6
4204000 6
4205000 6
4206000 6
4207000 6
4208000 6
4209000 6
4210000 6
4211000 6
4212000 6
4213000 6
4214000 6
4215000 6
4216000 6
4217000 6
4218000 6
4219000 6
4220000 6
4221000 6
4222000 6
4223000 6
4224000 6
4225000 6
4226000 6
4227000 6
4228000 6
4229000 6
4230000 6
4231000 6
4232000 6
4233000 6
4234000 6
4235000 6
4236000 6
4237000 6
4238000 6
4239000 6
4240000 6
4241000 6
4242000 6
4243000 6
4244000 6
4245000 6
4246000 6
4247000 6
4248000 6
4249000 6
4250000 6
4251000 6
4252000 6
4253000 6
4254000 6
4255000 6
4256000 6
4257000 6
4258000 6
4259000 6
4260000 6
4261000 6
4262000 6
4263000 6
4264000 6
4265000 6
4266000 6
4267000 6
4268000 6
4269000 6
4270000 6
4271000 6
4272000 6
4273000 6
4274000 6
4275000 6
4276000 6
4277000 6
4278000 6
4279000 6
4280000 6
4281000 6
4282000 6
4283000 6
4284000 6
4285000 6
4286000 6
4287000 6
4288000 6
4289000 6
4290000 6
4291000 6
4292000 6
4293000 6
4294000 6
4295000 6
4296000 6
4297000 6
4298000 6
4299000 6
4300000 6
4301000 6
4302000 6
4303000 6
4304000 6
4305000 6
4306000 6
4307000 6
4308000 6
4309000 6
4310000 6
4311000 6
4312000 6
4313000 6
4314000 6
4315000 6
4316000 6
4317000 6
4318000 6
4319000 6
4320000 6
4321000 6
4322000 6
4323000 6
4324000 6
4325000 6
4326000 6
4327000 6
4328000 6
4329000 6
4330000 6
4331000 6
4332000 6
4333000 6
4334000 6
4335000 6
4336000 6
4337000 6
4338000 6
4339000 6
4340000 6
4341000 6
4342000 6
4343000 6
4344000 6
4345000 6
4346000 6
4347000 6
4348000 6
4349000 6
4350000 6
4351000 6
4352000 6
4353000 6
4354000 6
4355000 6
4356000 6
4357000 6
4358000 6
4359000 6
4360000 6
4361000 6
4362000 6
4363000 6
4364000 6
4365000 6
4366000 6
4367000 6
4368000 6
4369000 6
4370000 6
4371000 6
4372000 6
4373000 6
4374000 6
4375000 6
4376000 6
4377000 6
4378000 6
4379000 6
4380000 6
4381000 6
4382000 6
4383000 6
4384000 6
4385000 6
4386000 6
4387000 6
4388000 6
4389000 6
4390000 6
4391000 6
4392000 6
4393000 6
4394000 6
4395000 6
4396000 6
4397000 6
4398000 6
4399000 6
4400000 6
4401000 6
4402000 6
4403000 6
4404000 6
4405000 6
4406000 6
4407000 6
4408000 6
4409000 6
4410000 6
4411000 6
4412000 6
4413000 6
4414000 6
4415000 6
4416000 6
4417000 6
4418000 6
4419000 6
4420000 6
4421000 6
4422000 6
4423000 6
4424000 6
4425000 6
4426000 6
4427000 6
4428000 6
4429000 6
4430000 6
4431000 6
4432000 6
4433000 6
4434000 6
4435000 6
4436000 6
4437000 6
4438000 6
4439000 6
4440000 6
4441000 6
4442000 6
4443000 6
4444000 6
4445000 6
4446000 6
4447000 6
4448000 6
4449000 6
4450000 6
4451000 6
4452000 6
4453000 6
4454000 6
4455000 6
4456000 6
4457000 6
4458000 6
4459000 6
4460000 6
4461000 6
4462000 6
4463000 6
4464000 6
4465000 6
4466000 6
4467000 6
4468000 6
4469000 6
4470000 6
4471000 6
4472000 6
4473000 6
4474000 6
4475000 6
4476000 6
4477000 6
4478000 6
4479000 6
4480000 6
4481000 6
4482000 6
4483000 6
4484000 6
4485000 6
4486000 6
4487000 6
4488000 6
4489000 6
4490000 6
4491000 6
4492000 6
4493000 6
4494000 6
4495000 6
4496000 6
4497000 6
4498000 6
4499000 6
4500000 6
4501000 6
4502000 6
4503000 6
4504000 6
4505000 6
4506000 6
4507000 6
4508000 6
4509000 6
4510000 6
4511000 6
4512000 6
4513000 6
4514000 6
4515000 6
4516000 6
4517000 6
4518000 6
4519000 6
4520000 6
4521000 6
4522000 6
4523000 6
4524000 6
4525000 6
4526000 6
4527000 6
4528000 6
4529000 6
4530000 6
4531000 6
4532000 6
4533000 6
4534000 6
4535000 6
4536000 6
4537000 6
4538000 6
4539000 6
4540000 6
4541000 6
4542000 6
4543000 6
4544000 6
4545000 6
4546000 6
4547000 6
4548000 6
4549000 6
4550000 6
4551000 6
4552000 6
4553000 6
4554000 6
4555000 6
4556000 6
4557000 6
4558000 6
4559000 6
4560000 6
4561000 6
4562000 6
4563000 6
4564000 6
4565000 6
4566000 6
4567000 6
4568000 6
4569000 6
4570000 6
4571000 6
4572000 6
4573000 6
4574000 6
4575000 6
4576000 6
4577000 6
4578000 6
4579000 6
4580000 6
4581000 6
4582000 6
4583000 6
4584000 6
4585000 6
4586000 6
4587000 6
4588000 6
4589000 6
4590000 6
4591000 6
4592000 6
4593000 6
4594000 6
4595000 6
4596000 6
4597000 6
4598000 6
4599000 6
4600000 6
4601000 6
4602000 6
4603000 6
4604000 6
4605000 6
4606000 6
4607000 6
4608000 6
4609000 6
4610000 6
4611000 6
4612000 6
4613000 6
4614000 6
4615000 6
4616000 6
4617000 6
4618000 6
4619000 6
4620000 6
4621000 6
4622000 6
4623000 6
4624000 6
4625000 6
4626000 6
4627000 6
4628000 6
4629000 6
4630000 6
4631000 6
4632000 6
4633000 6
4634000 6
4635000 6
4636000 6
4637000 6
4638000 6
4639000 6
4640000 6
4641000 6
4642000 6
4643000 6
4644000 6
4645000 6
4646000 6
4647000 6
4648000 6
4649000 6
4650000 6
4651000 6
4652000 6
4653000 6
4654000 6
4655000 6
4656000 6
4657000 6
4658000 6
4659000 6
4660000 6
4661000 6
4662000 6
4663000 6
4664000 6
4665000 6
4666000 6
4667000 6
4668000 6
4669000 6
4670000 6
4671000 6
4672000 6
4673000 6
4674000 6
4675000 6
4676000 6
4677000 6
4678000 6
4679000 6
4680000 6
4681000 6
4682000 6
4683000 6
4684000 6
4685000 6
4686000 6
4687000 6
4688000 6
4689000 6
4690000 6
4691000 6
4692000 6
4693000 6
4694000 6
4695000 6
4696000 6
4697000 6
4698000 6
4699000 6
4700000 6
4701000 6
4702000 6
4703000 6
4704000 6
4705000 6
4706000 6
4707000 6
4708000 6
4709000 6
4710000 6
4711000 6
4712000 6
4713000 6
4714000 6
4715000 6
4716000 6
4717000 6
4718000 6
4719000 6
4720000 6
4721000 6
4722000 6
4723000 6
4724000 6
4725000 6
4726000 6
4727000 6
4728000 6
4729000 6
4730000 6
4731000 6
4732000 6
4733000 6
4734000 6
4735000 6
4736000 6
4737000 6
4738000 6
4739000 6
4740000 6
4741000 6
4742000 6
4743000 6
4744000 6
4745000 6
4746000 6
4747000 6
4748000 6
4749000 6
4750000 6
4751000 6
4752000 6
4753000 6
4754000 6
4755000 6
4756000 6
4757000 6
4758000 6
4759000 6
4760000 6
4761000 6
4762000 6
4763000 6
4764000 6
4765000 6
4766000 6
4767000 6
4768000 6
4769000 6
4770000 6
4771000 6
4772000 6
4773000 6
4774000 6
4775000 6
4776000 6
4777000 6
4778000 6
4779000 6
4780000 6
4781000 6
4782000 6
4783000 6
4784000 6
4785000 6
4786000 6
4787000 6
4788000 6
4789000 6
4790000 6
4791000 6
4792000 6
4793000 6
4794000 6
4795000 6
4796000 6
4797000 6
4798000 6
4799000 6
4800000 6
4801000 6
4802000 6
4803000 6
4804000 6
4805000 6
4806000 6
4807000 6
4808000 6
4809000 6
4810000 6
4811000 6
4812000 6
4813000 6
4814000 6
4815000 6
4816000 6
4817000 6
4818000 6
4819000 6
4820000 6
4821000 6
4822000 6
4823000 6
4824000 6
4825000 6
4826000 6
4827000 6
4828000 6
4829000 6
4830000 6
4831000 6
4832000 6
4833000 6
4834000 6
4835000 6
4836000 6
4837000 6
4838000 6
4839000 6
4840000 6
4841000 6
4842000 6
4843000 6
4844000 6
4845000 6
4846000 6
4847000 6
4848000 6
4849000 6
4850000 6
4851000 6
4852000 6
4853000 6
4854000 6
4855000 6
4856000 6
4857000 6
4858000 6
4859000 6
4860000 6
4861000 6
4862000 6
4863000 6
4864000 6
4865000 6
4866000 6
4867000 6
4868000 6
4869000 6
4870000 6
4871000 6
4872000 6
4873000 6
4874000 6
4875000 6
4876000 6
4877000 6
4878000 6
4879000 6
4880000 6
4881000 6
4882000 6
4883000 6
4884000 6
4885000 6
4886000 7
4887000 7
4888000 7
4889000 7
4890000 7
4891000 7
4892000 7
4893000 7
4894000 7
4895000 7
4896000 7
4897000 7
4898000 7
4899000 7
4900000 7
4901000 7
4902000 7
4903000 7
4904000 7
4905000 7
4906000 7
4907000 7
4908000 7
4909000 7
4910000 7
4911000 7
4912000 7
4913000 7
4914000 7
4915000 7
4916000 7
4917000 7
4918000 7
4919000 7
4920000 7
4921000 7
4922000 7
4923000 7
4924000 7
4925000 7
4926000 7
4927000 7
4928000 7
4929000 7
4930000 7
4931000 7
4932000 7
4933000 7
4934000 7
4935000 7
4936000 7
4937000 7
4938000 7
4939000 7
4940000 7
4941000 7
4942000 7
4943000 7
4944000 7
4945000 7
4946000 7
4947000 7
4948000 7
4949000 7
4950000 7
4951000 7
4952000 7
4953000 7
4954000 7
4955000 7
4956000 7
4957000 7
4958000 7
4959000 7
4960000 7
4961000 7
4962000 7
4963000 7
4964000 7
4965000 7
4966000 7
4967000 7
4968000 7
4969000 7
4970000 7
4971000 7
4972000 7
4973000 7
4974000 7
4975000 7
4976000 7
4977000 7
4978000 7
4979000 7
4980000 7
4981000 7
4982000 7
4983000 7
4984000 7
4985000 7
4986000 7
4987000 7
4988000 7
4989000 7
4990000 7
4991000 7
4992000 7
4993000 7
4994000 7
4995000 7
4996000 7
4997000 7
4998000 7
4999000 7
5000000 7
