0 0
91000 1
128000 2
148000 3
167000 4
181000 5
216000 6
235000 7
256000 8
274000 9
289000 10
326000 11
342000 12
380000 13
409000 14
428000 15
446000 16
465000 17
488000 18
510000 19
524000 20
539000 21
560000 22
579000 23
597000 24
623000 25
656000 26
766000 27
789000 28
823000 29
848000 30
869000 31
894000 32
932000 33
947000 34
959000 35
975000 36
990000 37
1006000 38
1025000 39
1054000 40
1073000 41
1089000 42
1120000 43
1149000 44
1164000 45
1187000 46
1210000 47
1229000 48
1260000 49
1287000 50
1312000 51
1341000 52
1364000 53
1393000 54
1417000 55
1438000 56
1465000 57
1487000 58
1511000 59
1538000 60
1575000 61
1599000 62
1624000 63
1641000 64
1662000 65
1682000 66
1701000 67
1726000 68
1747000 69
1762000 70
1777000 71
1795000 72
1809000 73
1828000 74
1845000 75
1864000 76
1883000 77
1901000 78
1937000 79
1978000 80
2002000 81
2033000 82
2071000 83
2102000 84
2121000 85
2146000 86
2167000 87
2202000 88
2226000 89
2268000 90
2293000 91
2327000 92
2349000 93
2371000 94
2391000 95
2406000 96
2422000 97
2439000 98
2455000 99
2472000 100
2486000 101
2502000 102
2515000 103
2533000 104
2548000 105
2562000 106
2580000 107
2595000 108
2611000 109
2628000 110
2642000 111
2660000 112
2680000 113
2695000 114
2710000 115
2726000 116
2741000 117
2760000 118
2775000 119
2792000 120
2806000 121
2821000 122
2842000 123
2859000 124
2878000 125
2895000 126
2912000 127
2929000 128
2944000 129
2964000 130
2980000 131
2994000 132
3009000 133
3024000 134
3039000 135
3052000 136
3067000 137
3083000 138
3099000 139
3113000 140
3127000 141
3142000 142
3154000 143
3169000 144
3184000 145
3200000 146
3216000 147
3230000 148
3245000 149
3260000 150
3286000 151
3313000 152
3329000 153
3343000 154
3360000 155
3372000 156
3390000 157
3409000 158
3422000 159
3439000 160
3468000 161
3482000 162
3495000 163
3513000 164
3528000 165
3543000 166
3557000 167
3571000 168
3585000 169
3603000 170
3619000 171
3637000 172
3655000 173
3673000 174
3690000 175
3706000 176
3723000 177
3739000 178
3750000 179
3769000 180
3786000 181
3812000 182
3826000 183
3844000 184
3859000 185
3872000 186
3886000 187
3903000 188
3917000 189
3933000 190
3949000 191
3964000 192
3981000 193
3998000 194
4015000 195
4031000 196
4045000 197
4060000 198
4074000 199
4088000 200
4102000 201
4116000 202
4132000 203
4146000 204
4161000 205
4178000 206
4195000 207
4212000 208
4236000 209
4250000 210
4265000 211
4282000 212
4298000 213
4314000 214
4329000 215
4342000 216
4357000 217
4372000 218
4388000 219
4403000 220
4418000 221
4434000 222
4449000 223
4466000 224
4480000 225
4495000 226
4511000 227
4525000 228
4547000 229
4563000 230
4579000 231
4597000 232
4612000 233
4627000 234
4643000 235
4661000 236
4677000 237
4693000 238
4707000 239
4721000 240
4739000 241
4754000 242
4773000 243
4790000 244
4806000 245
4821000 246
4836000 247
4851000 248
4864000 249
4880000 250
4895000 251
4912000 252
4928000 253
4944000 254
4962000 255
4977000 256
4993000 257
5013000 258
5027000 259
5044000 260
5063000 261
5080000 262
5096000 263
5112000 264
5126000 265
5146000 266
5164000 267
5178000 268
5191000 269
5207000 270
5221000 271
5237000 272
5251000 273
5270000 274
5295000 275
5310000 276
5327000 277
5343000 278
5362000 279
5377000 280
5394000 281
5427000 282
5445000 283
5465000 284
5482000 285
5501000 286
5516000 287
5530000 288
5549000 289
5564000 290
5583000 291
5601000 292
5616000 293
5632000 294
5649000 295
5674000 296
5688000 297
5704000 298
5723000 299
5740000 300
5758000 301
5774000 302
5787000 303
5802000 304
5819000 305
5838000 306
5858000 307
5876000 308
5893000 309
5912000 310
5930000 311
5950000 312
5965000 313
5983000 314
5999000 315
6014000 316
6036000 317
6056000 318
6076000 319
6097000 320
6118000 321
6133000 322
6154000 323
6169000 324
6187000 325
6205000 326
6218000 327
6250000 328
6266000 329
6288000 330
6302000 331
6321000 332
6337000 333
6356000 334
6374000 335
6389000 336
6403000 337
6421000 338
6439000 339
6459000 340
6476000 341
6493000 342
6507000 343
6524000 344
6543000 345
6557000 346
6573000 347
6588000 348
6603000 349
6616000 350
6638000 351
6657000 352
6675000 353
6688000 354
6712000 355
6729000 356
6749000 357
6765000 358
6782000 359
6802000 360
6820000 361
6837000 362
6855000 363
6878000 364
6894000 365
6912000 366
6932000 367
6947000 368
6966000 369
6980000 370
6996000 371
7018000 372
7035000 373
7050000 374
7071000 375
7090000 376
7110000 377
7123000 378
7139000 379
7159000 380
7173000 381
7192000 382
7218000 383
7231000 384
7246000 385
7262000 386
7279000 387
7298000 388
7319000 389
7335000 390
7355000 391
7375000 392
7387000 393
7403000 394
7421000 395
7440000 396
7481000 397
7503000 398
7525000 399
7542000 400
7561000 401
7576000 402
7589000 403
7610000 404
7628000 405
7643000 406
7658000 407
7682000 408
7698000 409
7719000 410
7733000 411
7748000 412
7768000 413
7781000 414
7796000 415
7811000 416
7827000 417
7843000 418
7857000 419
7875000 420
7890000 421
7906000 422
7922000 423
7938000 424
7956000 425
7976000 426
7992000 427
8007000 428
8025000 429
8041000 430
8064000 431
8084000 432
8108000 433
8122000 434
8136000 435
8153000 436
8167000 437
8180000 438
8194000 439
8216000 440
8229000 441
8243000 442
8260000 443
8274000 444
8290000 445
8303000 446
8322000 447
8340000 448
8358000 449
8376000 450
8396000 451
8411000 452
8434000 453
8452000 454
8468000 455
8485000 456
8509000 457
8530000 458
8548000 459
8563000 460
8579000 461
8598000 462
8616000 463
8630000 464
8646000 465
8661000 466
8675000 467
8696000 468
8711000 469
8725000 470
8746000 471
8765000 472
8782000 473
8805000 474
8822000 475
8835000 476
8851000 477
8866000 478
8889000 479
8904000 480
8918000 481
8937000 482
8951000 483
8970000 484
8987000 485
9000000 486
9016000 487
9028000 488
9043000 489
9059000 490
9073000 491
9090000 492
9104000 493
9121000 494
9138000 495
9154000 496
9167000 497
9185000 498
9200000 499
9215000 500
9234000 501
9253000 502
9269000 503
9283000 504
9296000 505
9308000 506
9324000 507
9337000 508
9354000 509
9367000 510
9382000 511
9398000 512
9413000 513
9429000 514
9442000 515
9458000 516
9472000 517
9485000 518
9499000 519
9514000 520
9529000 521
9543000 522
9561000 523
9578000 524
9593000 525
9611000 526
9628000 527
9639000 528
9666000 529
9679000 530
9696000 531
9713000 532
9729000 533
9745000 534
9764000 535
9777000 536
9792000 537
9805000 538
9827000 539
9841000 540
9857000 541
9872000 542
9886000 543
9902000 544
9919000 545
9934000 546
9949000 547
9963000 548
9984000 549
9997000 550
