0 0
1000 0
2000 0
3000 0
4000 0
5000 0
6000 0
7000 0
8000 0
9000 0
10000 0
11000 0
12000 0
13000 0
14000 0
15000 0
16000 0
17000 0
18000 0
19000 0
20000 0
21000 0
22000 0
23000 0
24000 0
25000 0
26000 0
27000 0
28000 0
29000 0
30000 0
31000 0
32000 0
33000 0
34000 0
35000 0
36000 0
37000 0
38000 0
39000 0
40000 0
41000 0
42000 0
43000 0
44000 0
45000 0
46000 0
47000 0
48000 0
49000 0
50000 0
51000 0
52000 0
53000 0
54000 0
55000 0
56000 0
57000 1
58000 1
59000 1
60000 1
61000 1
62000 1
63000 1
64000 1
65000 1
66000 1
67000 1
68000 1
69000 1
70000 1
71000 1
72000 1
73000 1
74000 1
75000 1
76000 1
77000 1
78000 1
79000 1
80000 1
81000 1
82000 1
83000 1
84000 1
85000 1
86000 1
87000 1
88000 1
89000 1
90000 1
91000 1
92000 1
93000 1
94000 1
95000 1
96000 1
97000 1
98000 1
99000 1
100000 1
101000 1
102000 1
103000 1
104000 1
105000 1
106000 1
107000 1
108000 1
109000 1
110000 1
111000 1
112000 1
113000 1
114000 1
115000 1
116000 2
117000 2
118000 2
119000 2
120000 2
121000 2
122000 2
123000 2
124000 3
125000 3
126000 3
127000 3
128000 3
129000 3
130000 3
131000 3
132000 4
133000 4
134000 4
135000 4
136000 4
137000 4
138000 4
139000 4
140000 4
141000 4
142000 4
143000 4
144000 4
145000 4
146000 4
147000 4
148000 4
149000 4
150000 4
151000 4
152000 4
153000 4
154000 4
155000 4
156000 4
157000 4
158000 4
159000 4
160000 4
161000 4
162000 4
163000 4
164000 4
165000 4
166000 4
167000 4
168000 4
169000 4
170000 4
171000 4
172000 4
173000 4
174000 4
175000 4
176000 4
177000 4
178000 4
179000 4
180000 4
181000 4
182000 4
183000 4
184000 4
185000 4
186000 4
187000 4
188000 4
189000 5
190000 5
191000 5
192000 5
193000 5
194000 5
195000 5
196000 5
197000 5
198000 5
199000 5
200000 6
201000 6
202000 6
203000 6
204000 6
205000 6
206000 6
207000 6
208000 6
209000 6
210000 6
211000 6
212000 7
213000 7
214000 7
215000 7
216000 7
217000 7
218000 7
219000 8
220000 8
221000 8
222000 8
223000 8
224000 8
225000 8
226000 9
227000 9
228000 9
229000 9
230000 9
231000 9
232000 9
233000 10
234000 10
235000 10
236000 10
237000 10
238000 10
239000 10
240000 10
241000 10
242000 10
243000 10
244000 10
245000 10
246000 10
247000 10
248000 10
249000 10
250000 10
251000 10
252000 10
253000 10
254000 10
255000 10
256000 10
257000 10
258000 10
259000 10
260000 10
261000 10
262000 10
263000 10
264000 10
265000 10
266000 10
267000 10
268000 10
269000 10
270000 10
271000 10
272000 10
273000 10
274000 10
275000 10
276000 10
277000 10
278000 10
279000 10
280000 10
281000 10
282000 10
283000 10
284000 10
285000 10
286000 10
287000 10
288000 10
289000 10
290000 10
291000 10
292000 10
293000 10
294000 10
295000 10
296000 10
297000 10
298000 10
299000 10
300000 10
301000 10
302000 11
303000 11
304000 11
305000 11
306000 11
307000 11
308000 11
309000 11
310000 11
311000 11
312000 11
313000 11
314000 11
315000 11
316000 11
317000 11
318000 11
319000 11
320000 11
321000 11
322000 11
323000 11
324000 11
325000 11
326000 11
327000 11
328000 11
329000 11
330000 11
331000 11
332000 11
333000 11
334000 11
335000 11
336000 11
337000 11
338000 11
339000 11
340000 11
341000 11
342000 11
343000 11
344000 11
345000 11
346000 11
347000 11
348000 11
349000 11
350000 11
351000 11
352000 11
353000 11
354000 11
355000 11
356000 11
357000 11
358000 11
359000 11
360000 11
361000 12
362000 12
363000 12
364000 12
365000 12
366000 12
367000 12
368000 12
369000 12
370000 12
371000 12
372000 12
373000 12
374000 12
375000 12
376000 12
377000 12
378000 12
379000 13
380000 13
381000 13
382000 13
383000 13
384000 13
385000 13
386000 13
387000 13
388000 13
389000 13
390000 13
391000 13
392000 13
393000 13
394000 13
395000 13
396000 13
397000 13
398000 13
399000 13
400000 13
401000 13
402000 13
403000 13
404000 13
405000 13
406000 13
407000 13
408000 13
409000 13
410000 13
411000 13
412000 13
413000 13
414000 13
415000 13
416000 13
417000 13
418000 13
419000 13
420000 13
421000 13
422000 13
423000 13
424000 13
425000 13
426000 13
427000 13
428000 13
429000 13
430000 13
431000 13
432000 13
433000 13
434000 13
435000 13
436000 13
437000 14
438000 14
439000 14
440000 14
441000 14
442000 14
443000 14
444000 14
445000 14
446000 14
447000 14
448000 14
449000 14
450000 14
451000 14
452000 14
453000 14
454000 14
455000 14
456000 14
457000 14
458000 14
459000 14
460000 14
461000 14
462000 14
463000 14
464000 14
465000 14
466000 14
467000 14
468000 14
469000 14
470000 14
471000 14
472000 14
473000 14
474000 14
475000 14
476000 14
477000 14
478000 14
479000 14
480000 14
481000 14
482000 14
483000 14
484000 14
485000 14
486000 14
487000 14
488000 14
489000 14
490000 14
491000 14
492000 14
493000 14
494000 14
495000 14
496000 14
497000 14
498000 14
499000 14
500000 14
501000 14
502000 14
503000 14
504000 14
505000 14
506000 14
507000 14
508000 14
509000 14
510000 14
511000 14
512000 14
513000 14
514000 14
515000 14
516000 14
517000 14
518000 14
519000 14
520000 14
521000 14
522000 14
523000 14
524000 14
525000 14
526000 14
527000 14
528000 14
529000 14
530000 14
531000 14
532000 14
533000 14
534000 14
535000 14
536000 14
537000 14
538000 14
539000 14
540000 14
541000 14
542000 14
543000 14
544000 14
545000 15
546000 15
547000 15
548000 15
549000 15
550000 15
551000 15
552000 16
553000 16
554000 16
555000 16
556000 16
557000 16
558000 16
559000 16
560000 16
561000 16
562000 16
563000 17
564000 17
565000 17
566000 17
567000 17
568000 17
569000 17
570000 17
571000 17
572000 18
573000 18
574000 18
575000 18
576000 18
577000 18
578000 18
579000 18
580000 18
581000 18
582000 18
583000 18
584000 18
585000 18
586000 18
587000 18
588000 18
589000 18
590000 18
591000 18
592000 18
593000 18
594000 18
595000 18
596000 18
597000 18
598000 18
599000 18
600000 18
601000 18
602000 18
603000 18
604000 18
605000 18
606000 18
607000 18
608000 18
609000 18
610000 18
611000 18
612000 18
613000 18
614000 18
615000 18
616000 18
617000 18
618000 18
619000 18
620000 18
621000 18
622000 18
623000 18
624000 18
625000 18
626000 18
627000 18
628000 18
629000 18
630000 18
631000 18
632000 18
633000 18
634000 18
635000 18
636000 18
637000 18
638000 18
639000 18
640000 18
641000 18
642000 18
643000 18
644000 18
645000 18
646000 18
647000 18
648000 18
649000 18
650000 18
651000 18
652000 18
653000 18
654000 18
655000 18
656000 18
657000 18
658000 18
659000 18
660000 18
661000 18
662000 18
663000 18
664000 18
665000 18
666000 18
667000 18
668000 18
669000 18
670000 18
671000 18
672000 18
673000 18
674000 18
675000 18
676000 18
677000 18
678000 18
679000 18
680000 18
681000 18
682000 18
683000 18
684000 18
685000 18
686000 18
687000 18
688000 18
689000 18
690000 18
691000 18
692000 18
693000 18
694000 18
695000 18
696000 18
697000 18
698000 18
699000 18
700000 18
701000 18
702000 18
703000 18
704000 18
705000 18
706000 18
707000 18
708000 18
709000 18
710000 18
711000 18
712000 18
713000 18
714000 18
715000 18
716000 18
717000 18
718000 18
719000 18
720000 18
721000 18
722000 18
723000 18
724000 18
725000 18
726000 18
727000 18
728000 18
729000 18
730000 18
731000 18
732000 18
733000 18
734000 18
735000 18
736000 18
737000 18
738000 18
739000 18
740000 18
741000 18
742000 18
743000 18
744000 18
745000 18
746000 18
747000 18
748000 18
749000 18
750000 18
751000 18
752000 18
753000 18
754000 18
755000 18
756000 18
757000 18
758000 18
759000 18
760000 18
761000 18
762000 18
763000 18
764000 18
765000 18
766000 18
767000 18
768000 18
769000 18
770000 18
771000 18
772000 18
773000 18
774000 18
775000 18
776000 18
777000 18
778000 18
779000 18
780000 18
781000 18
782000 18
783000 18
784000 18
785000 18
786000 18
787000 18
788000 18
789000 18
790000 18
791000 18
792000 18
793000 18
794000 18
795000 18
796000 18
797000 18
798000 18
799000 18
800000 18
801000 18
802000 18
803000 18
804000 18
805000 18
806000 18
807000 18
808000 18
809000 18
810000 18
811000 18
812000 18
813000 18
814000 18
815000 18
816000 18
817000 18
818000 18
819000 18
820000 18
821000 18
822000 18
823000 18
824000 18
825000 18
826000 18
827000 18
828000 18
829000 18
830000 19
831000 19
832000 19
833000 19
834000 19
835000 19
836000 20
837000 20
838000 20
839000 20
840000 20
841000 20
842000 20
843000 20
844000 20
845000 20
846000 20
847000 20
848000 20
849000 20
850000 20
851000 20
852000 20
853000 20
854000 20
855000 20
856000 20
857000 20
858000 20
859000 20
860000 20
861000 20
862000 20
863000 20
864000 20
865000 20
866000 20
867000 20
868000 20
869000 20
870000 20
871000 20
872000 20
873000 20
874000 20
875000 20
876000 20
877000 20
878000 20
879000 20
880000 20
881000 20
882000 20
883000 20
884000 20
885000 20
886000 20
887000 20
888000 20
889000 20
890000 20
891000 20
892000 20
893000 20
894000 20
895000 20
896000 20
897000 20
898000 20
899000 20
900000 20
901000 20
902000 20
903000 20
904000 20
905000 20
906000 20
907000 20
908000 20
909000 20
910000 20
911000 20
912000 20
913000 20
914000 20
915000 20
916000 20
917000 20
918000 20
919000 20
920000 20
921000 20
922000 20
923000 20
924000 20
925000 20
926000 20
927000 20
928000 20
929000 20
930000 20
931000 20
932000 20
933000 20
934000 20
935000 20
936000 20
937000 20
938000 20
939000 20
940000 20
941000 20
942000 20
943000 20
944000 20
945000 20
946000 20
947000 20
948000 20
949000 20
950000 20
951000 20
952000 20
953000 20
954000 20
955000 20
956000 20
957000 20
958000 20
959000 20
960000 20
961000 20
962000 20
963000 20
964000 20
965000 20
966000 20
967000 20
968000 20
969000 20
970000 20
971000 20
972000 20
973000 20
974000 20
975000 20
976000 20
977000 20
978000 20
979000 20
980000 20
981000 20
982000 20
983000 20
984000 20
985000 20
986000 20
987000 20
988000 20
989000 20
990000 20
991000 20
992000 20
993000 20
994000 20
995000 21
996000 21
997000 21
998000 21
999000 21
1000000 21
1001000 21
1002000 21
1003000 21
1004000 21
1005000 21
1006000 21
1007000 21
1008000 22
1009000 22
1010000 22
1011000 22
1012000 22
1013000 22
1014000 22
1015000 22
1016000 22
1017000 22
1018000 22
1019000 23
1020000 23
1021000 23
1022000 23
1023000 23
1024000 23
1025000 23
1026000 23
1027000 23
1028000 23
1029000 23
1030000 23
1031000 23
1032000 23
1033000 23
1034000 23
1035000 23
1036000 23
1037000 23
1038000 23
1039000 23
1040000 23
1041000 23
1042000 23
1043000 23
1044000 23
1045000 23
1046000 23
1047000 23
1048000 23
1049000 23
1050000 23
1051000 23
1052000 23
1053000 23
1054000 23
1055000 23
1056000 23
1057000 23
1058000 23
1059000 23
1060000 23
1061000 23
1062000 23
1063000 23
1064000 23
1065000 23
1066000 23
1067000 23
1068000 23
1069000 23
1070000 23
1071000 23
1072000 23
1073000 23
1074000 23
1075000 23
1076000 23
1077000 24
1078000 24
1079000 24
1080000 24
1081000 24
1082000 24
1083000 24
1084000 24
1085000 24
1086000 25
1087000 25
1088000 25
1089000 25
1090000 25
1091000 25
1092000 25
1093000 25
1094000 25
1095000 25
1096000 26
1097000 26
1098000 26
1099000 26
1100000 26
1101000 26
1102000 26
1103000 26
1104000 26
1105000 26
1106000 26
1107000 27
1108000 27
1109000 27
1110000 27
1111000 27
1112000 27
1113000 27
1114000 27
1115000 28
1116000 28
1117000 28
1118000 28
1119000 28
1120000 28
1121000 28
1122000 28
1123000 28
1124000 28
1125000 28
1126000 28
1127000 28
1128000 28
1129000 28
1130000 28
1131000 28
1132000 28
1133000 28
1134000 28
1135000 28
1136000 28
1137000 28
1138000 28
1139000 28
1140000 28
1141000 28
1142000 28
1143000 28
1144000 28
1145000 28
1146000 28
1147000 28
1148000 28
1149000 28
1150000 28
1151000 28
1152000 28
1153000 28
1154000 28
1155000 28
1156000 28
1157000 28
1158000 28
1159000 28
1160000 28
1161000 28
1162000 28
1163000 28
1164000 28
1165000 28
1166000 28
1167000 28
1168000 28
1169000 28
1170000 28
1171000 28
1172000 28
1173000 28
1174000 28
1175000 29
1176000 29
1177000 29
1178000 29
1179000 29
1180000 29
1181000 29
1182000 29
1183000 29
1184000 29
1185000 29
1186000 29
1187000 29
1188000 29
1189000 29
1190000 29
1191000 29
1192000 29
1193000 29
1194000 29
1195000 29
1196000 29
1197000 29
1198000 29
1199000 29
1200000 29
1201000 29
1202000 29
1203000 29
1204000 29
1205000 29
1206000 29
1207000 29
1208000 29
1209000 29
1210000 29
1211000 29
1212000 29
1213000 29
1214000 29
1215000 29
1216000 29
1217000 29
1218000 29
1219000 29
1220000 29
1221000 29
1222000 29
1223000 29
1224000 29
1225000 29
1226000 29
1227000 29
1228000 29
1229000 29
1230000 29
1231000 29
1232000 29
1233000 29
1234000 29
1235000 29
1236000 29
1237000 29
1238000 29
1239000 29
1240000 29
1241000 29
1242000 29
1243000 29
1244000 29
1245000 29
1246000 29
1247000 29
1248000 29
1249000 29
1250000 29
1251000 29
1252000 29
1253000 29
1254000 29
1255000 29
1256000 29
1257000 29
1258000 29
1259000 29
1260000 29
1261000 29
1262000 29
1263000 29
1264000 29
1265000 29
1266000 29
1267000 29
1268000 29
1269000 29
1270000 29
1271000 29
1272000 29
1273000 29
1274000 29
1275000 29
1276000 29
1277000 29
1278000 29
1279000 29
1280000 29
1281000 29
1282000 29
1283000 29
1284000 29
1285000 29
1286000 29
1287000 29
1288000 29
1289000 29
1290000 29
1291000 29
1292000 29
1293000 29
1294000 29
1295000 29
1296000 29
1297000 29
1298000 29
1299000 29
1300000 29
1301000 29
1302000 29
1303000 29
1304000 29
1305000 29
1306000 29
1307000 29
1308000 29
1309000 29
1310000 29
1311000 29
1312000 29
1313000 29
1314000 29
1315000 29
1316000 29
1317000 29
1318000 29
1319000 29
1320000 29
1321000 29
1322000 29
1323000 29
1324000 29
1325000 29
1326000 29
1327000 29
1328000 29
1329000 29
1330000 29
1331000 29
1332000 29
1333000 29
1334000 29
1335000 29
1336000 29
1337000 29
1338000 29
1339000 29
1340000 29
1341000 29
1342000 29
1343000 29
1344000 29
1345000 29
1346000 29
1347000 29
1348000 29
1349000 29
1350000 29
1351000 29
1352000 29
1353000 29
1354000 29
1355000 29
1356000 29
1357000 29
1358000 29
1359000 29
1360000 29
1361000 29
1362000 29
1363000 29
1364000 29
1365000 29
1366000 29
1367000 29
1368000 29
1369000 29
1370000 29
1371000 29
1372000 29
1373000 29
1374000 29
1375000 29
1376000 29
1377000 29
1378000 29
1379000 29
1380000 29
1381000 29
1382000 29
1383000 29
1384000 30
1385000 30
1386000 30
1387000 30
1388000 30
1389000 30
1390000 30
1391000 30
1392000 30
1393000 30
1394000 30
1395000 30
1396000 30
1397000 30
1398000 30
1399000 30
1400000 30
1401000 30
1402000 30
1403000 30
1404000 30
1405000 30
1406000 30
1407000 30
1408000 30
1409000 30
1410000 30
1411000 30
1412000 30
1413000 30
1414000 30
1415000 30
1416000 30
1417000 30
1418000 30
1419000 30
1420000 30
1421000 30
1422000 30
1423000 30
1424000 30
1425000 30
1426000 30
1427000 30
1428000 30
1429000 30
1430000 30
1431000 30
1432000 30
1433000 30
1434000 30
1435000 30
1436000 30
1437000 30
1438000 30
1439000 30
1440000 30
1441000 30
1442000 30
1443000 30
1444000 30
1445000 30
1446000 30
1447000 30
1448000 30
1449000 30
1450000 30
1451000 30
1452000 30
1453000 30
1454000 30
1455000 30
1456000 30
1457000 30
1458000 30
1459000 30
1460000 30
1461000 30
1462000 30
1463000 30
1464000 30
1465000 30
1466000 30
1467000 30
1468000 30
1469000 30
1470000 30
1471000 30
1472000 30
1473000 30
1474000 30
1475000 30
1476000 30
1477000 30
1478000 30
1479000 30
1480000 30
1481000 30
1482000 30
1483000 30
1484000 30
1485000 30
1486000 30
1487000 30
1488000 30
1489000 30
1490000 30
1491000 30
1492000 30
1493000 30
1494000 31
1495000 31
1496000 31
1497000 31
1498000 31
1499000 31
1500000 31
1501000 31
1502000 31
1503000 31
1504000 31
1505000 31
1506000 31
1507000 31
1508000 31
1509000 31
1510000 31
1511000 31
1512000 31
1513000 31
1514000 31
1515000 31
1516000 31
1517000 31
1518000 31
1519000 31
1520000 31
1521000 31
1522000 31
1523000 31
1524000 31
1525000 31
1526000 31
1527000 31
1528000 31
1529000 31
1530000 31
1531000 31
1532000 31
1533000 31
1534000 31
1535000 31
1536000 31
1537000 31
1538000 31
1539000 31
1540000 31
1541000 31
1542000 31
1543000 31
1544000 31
1545000 31
1546000 31
1547000 31
1548000 31
1549000 31
1550000 31
1551000 31
1552000 32
1553000 32
1554000 32
1555000 32
1556000 32
1557000 32
1558000 32
1559000 32
1560000 32
1561000 32
1562000 32
1563000 32
1564000 32
1565000 32
1566000 32
1567000 32
1568000 32
1569000 32
1570000 32
1571000 32
1572000 32
1573000 32
1574000 32
1575000 32
1576000 32
1577000 32
1578000 32
1579000 32
1580000 32
1581000 32
1582000 32
1583000 32
1584000 32
1585000 32
1586000 32
1587000 32
1588000 32
1589000 32
1590000 32
1591000 32
1592000 32
1593000 32
1594000 32
1595000 32
1596000 32
1597000 32
1598000 32
1599000 32
1600000 32
1601000 32
1602000 32
1603000 32
1604000 32
1605000 32
1606000 32
1607000 32
1608000 32
1609000 32
1610000 32
1611000 32
1612000 32
1613000 32
1614000 32
1615000 32
1616000 32
1617000 32
1618000 32
1619000 32
1620000 32
1621000 32
1622000 32
1623000 32
1624000 32
1625000 32
1626000 32
1627000 32
1628000 32
1629000 32
1630000 32
1631000 32
1632000 32
1633000 32
1634000 32
1635000 32
1636000 32
1637000 32
1638000 32
1639000 32
1640000 32
1641000 32
1642000 32
1643000 32
1644000 32
1645000 32
1646000 32
1647000 32
1648000 32
1649000 32
1650000 32
1651000 32
1652000 32
1653000 32
1654000 32
1655000 32
1656000 32
1657000 32
1658000 32
1659000 32
1660000 32
1661000 32
1662000 32
1663000 32
1664000 32
1665000 32
1666000 32
1667000 32
1668000 32
1669000 32
1670000 32
1671000 32
1672000 32
1673000 32
1674000 32
1675000 32
1676000 32
1677000 32
1678000 32
1679000 32
1680000 32
1681000 32
1682000 32
1683000 32
1684000 32
1685000 32
1686000 32
1687000 32
1688000 32
1689000 32
1690000 32
1691000 32
1692000 32
1693000 32
1694000 32
1695000 32
1696000 32
1697000 32
1698000 32
1699000 32
1700000 32
1701000 32
1702000 32
1703000 32
1704000 32
1705000 32
1706000 32
1707000 32
1708000 32
1709000 32
1710000 32
1711000 32
1712000 32
1713000 32
1714000 32
1715000 32
1716000 32
1717000 32
1718000 32
1719000 32
1720000 32
1721000 32
1722000 32
1723000 32
1724000 32
1725000 32
1726000 32
1727000 32
1728000 32
1729000 32
1730000 32
1731000 32
1732000 32
1733000 32
1734000 32
1735000 32
1736000 32
1737000 32
1738000 32
1739000 32
1740000 32
1741000 32
1742000 32
1743000 32
1744000 32
1745000 32
1746000 32
1747000 32
1748000 32
1749000 32
1750000 32
1751000 32
1752000 32
1753000 32
1754000 32
1755000 32
1756000 32
1757000 32
1758000 32
1759000 32
1760000 32
1761000 33
1762000 33
1763000 33
1764000 33
1765000 33
1766000 33
1767000 33
1768000 33
1769000 33
1770000 33
1771000 33
1772000 33
1773000 33
1774000 33
1775000 33
1776000 33
1777000 33
1778000 33
1779000 33
1780000 33
1781000 33
1782000 33
1783000 33
1784000 33
1785000 33
1786000 33
1787000 33
1788000 33
1789000 33
1790000 33
1791000 33
1792000 33
1793000 33
1794000 33
1795000 33
1796000 33
1797000 33
1798000 33
1799000 33
1800000 33
1801000 33
1802000 33
1803000 33
1804000 33
1805000 33
1806000 33
1807000 33
1808000 33
1809000 33
1810000 33
1811000 33
1812000 33
1813000 33
1814000 33
1815000 33
1816000 33
1817000 33
1818000 33
1819000 33
1820000 33
1821000 34
1822000 34
1823000 34
1824000 34
1825000 34
1826000 34
1827000 34
1828000 34
1829000 34
1830000 35
1831000 35
1832000 35
1833000 35
1834000 35
1835000 35
1836000 35
1837000 35
1838000 35
1839000 35
1840000 36
1841000 36
1842000 36
1843000 36
1844000 36
1845000 36
1846000 36
1847000 36
1848000 36
1849000 36
1850000 36
1851000 36
1852000 36
1853000 36
1854000 36
1855000 36
1856000 36
1857000 36
1858000 36
1859000 36
1860000 36
1861000 36
1862000 36
1863000 36
1864000 36
1865000 36
1866000 36
1867000 36
1868000 36
1869000 36
1870000 36
1871000 36
1872000 36
1873000 36
1874000 36
1875000 36
1876000 36
1877000 36
1878000 36
1879000 36
1880000 36
1881000 36
1882000 36
1883000 36
1884000 36
1885000 36
1886000 36
1887000 36
1888000 36
1889000 36
1890000 36
1891000 36
1892000 36
1893000 36
1894000 36
1895000 36
1896000 36
1897000 36
1898000 36
1899000 36
1900000 36
1901000 36
1902000 36
1903000 36
1904000 36
1905000 36
1906000 36
1907000 36
1908000 36
1909000 36
1910000 36
1911000 36
1912000 36
1913000 36
1914000 36
1915000 36
1916000 36
1917000 36
1918000 36
1919000 36
1920000 36
1921000 36
1922000 36
1923000 36
1924000 37
1925000 37
1926000 37
1927000 37
1928000 37
1929000 37
1930000 37
1931000 37
1932000 37
1933000 37
1934000 37
1935000 37
1936000 37
1937000 37
1938000 37
1939000 37
1940000 37
1941000 37
1942000 37
1943000 37
1944000 37
1945000 37
1946000 37
1947000 37
1948000 37
1949000 37
1950000 37
1951000 37
1952000 37
1953000 37
1954000 37
1955000 37
1956000 37
1957000 37
1958000 37
1959000 37
1960000 37
1961000 37
1962000 37
1963000 37
1964000 37
1965000 37
1966000 37
1967000 37
1968000 37
1969000 37
1970000 37
1971000 37
1972000 37
1973000 37
1974000 37
1975000 37
1976000 37
1977000 37
1978000 37
1979000 37
1980000 37
1981000 37
1982000 37
1983000 37
1984000 37
1985000 37
1986000 37
1987000 37
1988000 37
1989000 37
1990000 37
1991000 37
1992000 37
1993000 37
1994000 37
1995000 37
1996000 37
1997000 37
1998000 37
1999000 37
2000000 37
2001000 37
2002000 37
2003000 37
2004000 37
2005000 37
2006000 37
2007000 37
2008000 37
2009000 37
2010000 37
2011000 37
2012000 37
2013000 37
2014000 37
2015000 37
2016000 37
2017000 37
2018000 37
2019000 37
2020000 37
2021000 37
2022000 37
2023000 37
2024000 37
2025000 37
2026000 37
2027000 37
2028000 37
2029000 37
2030000 37
2031000 37
2032000 37
2033000 37
2034000 38
2035000 38
2036000 38
2037000 38
2038000 38
2039000 38
2040000 38
2041000 38
2042000 38
2043000 38
2044000 38
2045000 38
2046000 38
2047000 38
2048000 38
2049000 38
2050000 38
2051000 38
2052000 38
2053000 38
2054000 38
2055000 38
2056000 38
2057000 38
2058000 38
2059000 38
2060000 38
2061000 38
2062000 38
2063000 38
2064000 38
2065000 38
2066000 38
2067000 38
2068000 38
2069000 38
2070000 38
2071000 38
2072000 38
2073000 38
2074000 38
2075000 38
2076000 38
2077000 38
2078000 38
2079000 38
2080000 38
2081000 38
2082000 38
2083000 38
2084000 38
2085000 38
2086000 38
2087000 38
2088000 38
2089000 38
2090000 38
2091000 38
2092000 38
2093000 38
2094000 38
2095000 38
2096000 38
2097000 38
2098000 38
2099000 38
2100000 38
2101000 38
2102000 38
2103000 38
2104000 38
2105000 38
2106000 38
2107000 38
2108000 38
2109000 38
2110000 38
2111000 39
2112000 39
2113000 39
2114000 39
2115000 39
2116000 39
2117000 39
2118000 40
2119000 40
2120000 40
2121000 40
2122000 40
2123000 40
2124000 40
2125000 40
2126000 40
2127000 40
2128000 40
2129000 40
2130000 40
2131000 40
2132000 40
2133000 40
2134000 40
2135000 40
2136000 40
2137000 40
2138000 40
2139000 40
2140000 40
2141000 40
2142000 40
2143000 40
2144000 40
2145000 40
2146000 40
2147000 40
2148000 40
2149000 40
2150000 40
2151000 40
2152000 40
2153000 40
2154000 40
2155000 40
2156000 40
2157000 40
2158000 40
2159000 40
2160000 40
2161000 40
2162000 40
2163000 40
2164000 40
2165000 40
2166000 40
2167000 40
2168000 40
2169000 40
2170000 40
2171000 40
2172000 40
2173000 40
2174000 40
2175000 40
2176000 40
2177000 41
2178000 41
2179000 41
2180000 41
2181000 41
2182000 41
2183000 41
2184000 41
2185000 41
2186000 41
2187000 42
2188000 42
2189000 42
2190000 42
2191000 42
2192000 42
2193000 42
2194000 42
2195000 43
2196000 43
2197000 43
2198000 43
2199000 43
2200000 43
2201000 43
2202000 43
2203000 44
2204000 44
2205000 44
2206000 44
2207000 44
2208000 44
2209000 44
2210000 44
2211000 44
2212000 44
2213000 44
2214000 44
2215000 44
2216000 44
2217000 44
2218000 44
2219000 44
2220000 44
2221000 44
2222000 44
2223000 44
2224000 44
2225000 44
2226000 44
2227000 44
2228000 44
2229000 44
2230000 44
2231000 44
2232000 44
2233000 44
2234000 44
2235000 44
2236000 44
2237000 44
2238000 44
2239000 44
2240000 44
2241000 44
2242000 44
2243000 44
2244000 44
2245000 44
2246000 44
2247000 44
2248000 44
2249000 44
2250000 44
2251000 44
2252000 44
2253000 44
2254000 44
2255000 44
2256000 44
2257000 44
2258000 44
2259000 44
2260000 44
2261000 44
2262000 44
2263000 44
2264000 44
2265000 44
2266000 44
2267000 44
2268000 44
2269000 44
2270000 44
2271000 44
2272000 44
2273000 44
2274000 44
2275000 44
2276000 44
2277000 44
2278000 44
2279000 44
2280000 44
2281000 44
2282000 44
2283000 44
2284000 44
2285000 44
2286000 44
2287000 44
2288000 44
2289000 44
2290000 44
2291000 44
2292000 44
2293000 44
2294000 44
2295000 44
2296000 44
2297000 44
2298000 44
2299000 44
2300000 44
2301000 44
2302000 44
2303000 44
2304000 44
2305000 44
2306000 44
2307000 44
2308000 44
2309000 44
2310000 44
2311000 44
2312000 44
2313000 44
2314000 44
2315000 44
2316000 45
2317000 45
2318000 45
2319000 45
2320000 45
2321000 45
2322000 45
2323000 45
2324000 45
2325000 45
2326000 45
2327000 45
2328000 45
2329000 45
2330000 45
2331000 45
2332000 45
2333000 45
2334000 45
2335000 45
2336000 45
2337000 45
2338000 45
2339000 45
2340000 45
2341000 45
2342000 45
2343000 45
2344000 45
2345000 45
2346000 45
2347000 45
2348000 45
2349000 45
2350000 45
2351000 45
2352000 45
2353000 45
2354000 45
2355000 45
2356000 45
2357000 45
2358000 45
2359000 45
2360000 45
2361000 45
2362000 45
2363000 45
2364000 45
2365000 45
2366000 45
2367000 45
2368000 45
2369000 45
2370000 45
2371000 45
2372000 45
2373000 45
2374000 45
2375000 45
2376000 45
2377000 45
2378000 45
2379000 45
2380000 45
2381000 45
2382000 45
2383000 45
2384000 45
2385000 45
2386000 45
2387000 45
2388000 45
2389000 45
2390000 45
2391000 45
2392000 45
2393000 45
2394000 45
2395000 45
2396000 45
2397000 45
2398000 45
2399000 45
2400000 45
2401000 45
2402000 45
2403000 45
2404000 45
2405000 45
2406000 45
2407000 45
2408000 45
2409000 45
2410000 45
2411000 45
2412000 45
2413000 45
2414000 45
2415000 45
2416000 45
2417000 45
2418000 45
2419000 45
2420000 45
2421000 45
2422000 45
2423000 45
2424000 45
2425000 45
2426000 45
2427000 45
2428000 45
2429000 45
2430000 45
2431000 45
2432000 45
2433000 45
2434000 45
2435000 45
2436000 45
2437000 45
2438000 45
2439000 45
2440000 45
2441000 45
2442000 45
2443000 45
2444000 45
2445000 45
2446000 45
2447000 45
2448000 45
2449000 45
2450000 45
2451000 45
2452000 45
2453000 45
2454000 45
2455000 45
2456000 45
2457000 45
2458000 45
2459000 45
2460000 45
2461000 45
2462000 45
2463000 45
2464000 45
2465000 45
2466000 45
2467000 45
2468000 45
2469000 45
2470000 45
2471000 45
2472000 45
2473000 45
2474000 45
2475000 45
2476000 45
2477000 45
2478000 45
2479000 45
2480000 45
2481000 45
2482000 45
2483000 45
2484000 45
2485000 45
2486000 45
2487000 45
2488000 45
2489000 45
2490000 45
2491000 45
2492000 45
2493000 45
2494000 45
2495000 45
2496000 45
2497000 45
2498000 45
2499000 45
2500000 45
2501000 45
2502000 45
2503000 45
2504000 45
2505000 45
2506000 45
2507000 45
2508000 45
2509000 45
2510000 45
2511000 45
2512000 45
2513000 45
2514000 45
2515000 45
2516000 45
2517000 45
2518000 45
2519000 45
2520000 45
2521000 45
2522000 45
2523000 45
2524000 45
2525000 45
2526000 45
2527000 45
2528000 45
2529000 45
2530000 46
2531000 46
2532000 46
2533000 46
2534000 46
2535000 46
2536000 46
2537000 46
2538000 46
2539000 46
2540000 46
2541000 46
2542000 46
2543000 46
2544000 46
2545000 46
2546000 46
2547000 46
2548000 46
2549000 46
2550000 46
2551000 46
2552000 46
2553000 46
2554000 46
2555000 46
2556000 46
2557000 46
2558000 46
2559000 46
2560000 46
2561000 46
2562000 46
2563000 46
2564000 46
2565000 46
2566000 46
2567000 46
2568000 46
2569000 46
2570000 46
2571000 46
2572000 46
2573000 46
2574000 46
2575000 46
2576000 46
2577000 46
2578000 46
2579000 46
2580000 46
2581000 46
2582000 46
2583000 46
2584000 46
2585000 46
2586000 46
2587000 46
2588000 46
2589000 46
2590000 46
2591000 46
2592000 46
2593000 46
2594000 46
2595000 46
2596000 46
2597000 46
2598000 46
2599000 46
2600000 46
2601000 46
2602000 46
2603000 46
2604000 46
2605000 46
2606000 46
2607000 46
2608000 46
2609000 46
2610000 46
2611000 46
2612000 46
2613000 46
2614000 46
2615000 46
2616000 46
2617000 46
2618000 46
2619000 46
2620000 46
2621000 46
2622000 46
2623000 46
2624000 46
2625000 46
2626000 46
2627000 46
2628000 46
2629000 46
2630000 46
2631000 46
2632000 46
2633000 46
2634000 46
2635000 46
2636000 46
2637000 46
2638000 46
2639000 47
2640000 47
2641000 47
2642000 47
2643000 47
2644000 47
2645000 47
2646000 47
2647000 47
2648000 48
2649000 48
2650000 48
2651000 48
2652000 48
2653000 48
2654000 48
2655000 48
2656000 48
2657000 48
2658000 48
2659000 49
2660000 49
2661000 49
2662000 49
2663000 49
2664000 49
2665000 49
2666000 49
2667000 50
2668000 50
2669000 50
2670000 50
2671000 50
2672000 50
2673000 50
2674000 50
2675000 50
2676000 50
2677000 51
2678000 51
2679000 51
2680000 51
2681000 51
2682000 51
2683000 51
2684000 51
2685000 52
2686000 52
2687000 52
2688000 52
2689000 52
2690000 52
2691000 52
2692000 52
2693000 52
2694000 52
2695000 52
2696000 52
2697000 52
2698000 52
2699000 52
2700000 52
2701000 52
2702000 52
2703000 52
2704000 52
2705000 52
2706000 52
2707000 52
2708000 52
2709000 52
2710000 52
2711000 52
2712000 52
2713000 52
2714000 52
2715000 52
2716000 52
2717000 52
2718000 52
2719000 52
2720000 52
2721000 52
2722000 52
2723000 52
2724000 52
2725000 52
2726000 52
2727000 52
2728000 52
2729000 52
2730000 52
2731000 52
2732000 52
2733000 52
2734000 52
2735000 52
2736000 52
2737000 52
2738000 52
2739000 52
2740000 52
2741000 52
2742000 52
2743000 52
2744000 52
2745000 52
2746000 52
2747000 53
2748000 53
2749000 53
2750000 53
2751000 53
2752000 53
2753000 53
2754000 53
2755000 53
2756000 53
2757000 53
2758000 53
2759000 53
2760000 53
2761000 53
2762000 53
2763000 53
2764000 53
2765000 53
2766000 53
2767000 53
2768000 53
2769000 53
2770000 53
2771000 53
2772000 53
2773000 53
2774000 53
2775000 53
2776000 53
2777000 53
2778000 53
2779000 53
2780000 53
2781000 53
2782000 53
2783000 53
2784000 53
2785000 53
2786000 53
2787000 53
2788000 53
2789000 53
2790000 53
2791000 53
2792000 53
2793000 53
2794000 53
2795000 53
2796000 53
2797000 53
2798000 53
2799000 53
2800000 53
2801000 53
2802000 53
2803000 53
2804000 53
2805000 53
2806000 53
2807000 53
2808000 53
2809000 53
2810000 53
2811000 53
2812000 53
2813000 53
2814000 53
2815000 53
2816000 53
2817000 53
2818000 53
2819000 53
2820000 53
2821000 53
2822000 53
2823000 53
2824000 53
2825000 53
2826000 53
2827000 53
2828000 53
2829000 53
2830000 53
2831000 53
2832000 53
2833000 53
2834000 53
2835000 53
2836000 53
2837000 53
2838000 53
2839000 53
2840000 53
2841000 53
2842000 53
2843000 53
2844000 53
2845000 53
2846000 53
2847000 53
2848000 53
2849000 53
2850000 53
2851000 53
2852000 53
2853000 53
2854000 53
2855000 53
2856000 53
2857000 53
2858000 53
2859000 54
2860000 54
2861000 54
2862000 54
2863000 54
2864000 54
2865000 54
2866000 54
2867000 54
2868000 55
2869000 55
2870000 55
2871000 55
2872000 55
2873000 55
2874000 55
2875000 55
2876000 55
2877000 55
2878000 55
2879000 55
2880000 55
2881000 56
2882000 56
2883000 56
2884000 56
2885000 56
2886000 56
2887000 56
2888000 56
2889000 56
2890000 56
2891000 56
2892000 56
2893000 56
2894000 56
2895000 56
2896000 56
2897000 56
2898000 56
2899000 56
2900000 56
2901000 56
2902000 56
2903000 56
2904000 56
2905000 56
2906000 56
2907000 56
2908000 56
2909000 56
2910000 56
2911000 56
2912000 56
2913000 56
2914000 56
2915000 56
2916000 56
2917000 56
2918000 56
2919000 56
2920000 56
2921000 56
2922000 56
2923000 56
2924000 56
2925000 56
2926000 56
2927000 56
2928000 56
2929000 56
2930000 56
2931000 56
2932000 56
2933000 56
2934000 56
2935000 56
2936000 56
2937000 56
2938000 56
2939000 56
2940000 56
2941000 56
2942000 56
2943000 56
2944000 56
2945000 56
2946000 56
2947000 56
2948000 56
2949000 56
2950000 56
2951000 56
2952000 56
2953000 56
2954000 56
2955000 56
2956000 56
2957000 56
2958000 57
2959000 57
2960000 57
2961000 57
2962000 57
2963000 57
2964000 57
2965000 57
2966000 57
2967000 57
2968000 58
2969000 58
2970000 58
2971000 58
2972000 58
2973000 58
2974000 58
2975000 58
2976000 58
2977000 59
2978000 59
2979000 59
2980000 59
2981000 59
2982000 59
2983000 59
2984000 59
2985000 59
2986000 59
2987000 59
2988000 59
2989000 59
2990000 59
2991000 59
2992000 59
2993000 59
2994000 59
2995000 59
2996000 59
2997000 59
2998000 59
2999000 59
3000000 59
3001000 59
3002000 59
3003000 59
3004000 59
3005000 59
3006000 59
3007000 59
3008000 59
3009000 59
3010000 59
3011000 59
3012000 59
3013000 59
3014000 59
3015000 59
3016000 59
3017000 59
3018000 59
3019000 59
3020000 59
3021000 59
3022000 59
3023000 59
3024000 59
3025000 59
3026000 59
3027000 59
3028000 59
3029000 59
3030000 59
3031000 59
3032000 59
3033000 59
3034000 59
3035000 59
3036000 59
3037000 59
3038000 59
3039000 59
3040000 59
3041000 59
3042000 59
3043000 59
3044000 59
3045000 59
3046000 59
3047000 59
3048000 59
3049000 59
3050000 59
3051000 59
3052000 59
3053000 59
3054000 59
3055000 59
3056000 59
3057000 59
3058000 59
3059000 59
3060000 59
3061000 59
3062000 59
3063000 59
3064000 59
3065000 59
3066000 59
3067000 59
3068000 59
3069000 59
3070000 59
3071000 59
3072000 59
3073000 59
3074000 59
3075000 59
3076000 59
3077000 59
3078000 59
3079000 59
3080000 59
3081000 59
3082000 59
3083000 59
3084000 59
3085000 59
3086000 59
3087000 59
3088000 59
3089000 59
3090000 60
3091000 60
3092000 60
3093000 60
3094000 60
3095000 60
3096000 60
3097000 60
3098000 60
3099000 60
3100000 60
3101000 60
3102000 60
3103000 60
3104000 60
3105000 60
3106000 60
3107000 60
3108000 60
3109000 60
3110000 60
3111000 60
3112000 60
3113000 60
3114000 60
3115000 60
3116000 60
3117000 60
3118000 60
3119000 60
3120000 60
3121000 60
3122000 60
3123000 60
3124000 60
3125000 60
3126000 60
3127000 60
3128000 60
3129000 60
3130000 60
3131000 60
3132000 60
3133000 60
3134000 60
3135000 60
3136000 60
3137000 60
3138000 60
3139000 60
3140000 60
3141000 60
3142000 60
3143000 60
3144000 60
3145000 60
3146000 60
3147000 60
3148000 60
3149000 61
3150000 61
3151000 61
3152000 61
3153000 61
3154000 61
3155000 61
3156000 61
3157000 61
3158000 61
3159000 61
3160000 61
3161000 61
3162000 61
3163000 61
3164000 61
3165000 61
3166000 61
3167000 61
3168000 61
3169000 61
3170000 61
3171000 61
3172000 61
3173000 61
3174000 61
3175000 61
3176000 61
3177000 61
3178000 61
3179000 61
3180000 61
3181000 61
3182000 61
3183000 61
3184000 61
3185000 61
3186000 61
3187000 61
3188000 61
3189000 61
3190000 61
3191000 61
3192000 61
3193000 61
3194000 61
3195000 61
3196000 61
3197000 61
3198000 61
3199000 61
3200000 61
3201000 61
3202000 61
3203000 61
3204000 61
3205000 61
3206000 62
3207000 62
3208000 62
3209000 62
3210000 62
3211000 62
3212000 62
3213000 62
3214000 62
3215000 63
3216000 63
3217000 63
3218000 63
3219000 63
3220000 63
3221000 63
3222000 63
3223000 63
3224000 63
3225000 63
3226000 63
3227000 63
3228000 63
3229000 63
3230000 63
3231000 63
3232000 63
3233000 63
3234000 63
3235000 63
3236000 63
3237000 63
3238000 63
3239000 63
3240000 63
3241000 63
3242000 63
3243000 63
3244000 63
3245000 63
3246000 63
3247000 63
3248000 63
3249000 63
3250000 63
3251000 63
3252000 63
3253000 63
3254000 63
3255000 63
3256000 63
3257000 63
3258000 63
3259000 63
3260000 63
3261000 63
3262000 63
3263000 63
3264000 63
3265000 63
3266000 63
3267000 63
3268000 63
3269000 63
3270000 63
3271000 63
3272000 63
3273000 64
3274000 64
3275000 64
3276000 64
3277000 64
3278000 64
3279000 64
3280000 64
3281000 64
3282000 64
3283000 64
3284000 64
3285000 64
3286000 64
3287000 64
3288000 64
3289000 64
3290000 64
3291000 64
3292000 64
3293000 64
3294000 64
3295000 64
3296000 64
3297000 64
3298000 64
3299000 64
3300000 64
3301000 64
3302000 64
3303000 64
3304000 64
3305000 64
3306000 64
3307000 64
3308000 64
3309000 64
3310000 64
3311000 64
3312000 64
3313000 64
3314000 64
3315000 64
3316000 64
3317000 64
3318000 64
3319000 64
3320000 64
3321000 64
3322000 64
3323000 64
3324000 64
3325000 64
3326000 64
3327000 64
3328000 64
3329000 64
3330000 64
3331000 64
3332000 64
3333000 64
3334000 64
3335000 64
3336000 64
3337000 64
3338000 64
3339000 64
3340000 64
3341000 64
3342000 64
3343000 64
3344000 64
3345000 64
3346000 64
3347000 64
3348000 64
3349000 64
3350000 64
3351000 64
3352000 64
3353000 64
3354000 64
3355000 64
3356000 64
3357000 64
3358000 64
3359000 64
3360000 64
3361000 64
3362000 64
3363000 64
3364000 64
3365000 64
3366000 64
3367000 64
3368000 64
3369000 64
3370000 64
3371000 64
3372000 64
3373000 64
3374000 64
3375000 64
3376000 64
3377000 64
3378000 64
3379000 64
3380000 64
3381000 64
3382000 65
3383000 65
3384000 65
3385000 65
3386000 65
3387000 65
3388000 65
3389000 65
3390000 65
3391000 65
3392000 65
3393000 65
3394000 65
3395000 65
3396000 65
3397000 65
3398000 65
3399000 65
3400000 65
3401000 65
3402000 65
3403000 65
3404000 65
3405000 65
3406000 65
3407000 65
3408000 65
3409000 65
3410000 65
3411000 65
3412000 65
3413000 65
3414000 65
3415000 65
3416000 65
3417000 65
3418000 65
3419000 65
3420000 65
3421000 65
3422000 65
3423000 65
3424000 65
3425000 65
3426000 65
3427000 65
3428000 65
3429000 65
3430000 65
3431000 65
3432000 65
3433000 65
3434000 65
3435000 65
3436000 65
3437000 65
3438000 65
3439000 65
3440000 65
3441000 66
3442000 66
3443000 66
3444000 66
3445000 66
3446000 66
3447000 66
3448000 66
3449000 66
3450000 66
3451000 66
3452000 66
3453000 66
3454000 66
3455000 66
3456000 66
3457000 66
3458000 66
3459000 66
3460000 66
3461000 66
3462000 66
3463000 66
3464000 66
3465000 66
3466000 66
3467000 66
3468000 66
3469000 66
3470000 66
3471000 66
3472000 66
3473000 66
3474000 66
3475000 66
3476000 66
3477000 66
3478000 66
3479000 66
3480000 66
3481000 66
3482000 66
3483000 66
3484000 66
3485000 66
3486000 66
3487000 66
3488000 66
3489000 66
3490000 66
3491000 66
3492000 66
3493000 66
3494000 66
3495000 66
3496000 66
3497000 66
3498000 66
3499000 66
3500000 66
3501000 66
3502000 66
3503000 66
3504000 66
3505000 66
3506000 66
3507000 66
3508000 66
3509000 66
3510000 66
3511000 66
3512000 66
3513000 66
3514000 66
3515000 66
3516000 66
3517000 66
3518000 66
3519000 66
3520000 66
3521000 66
3522000 66
3523000 66
3524000 66
3525000 66
3526000 66
3527000 66
3528000 66
3529000 66
3530000 66
3531000 66
3532000 66
3533000 66
3534000 66
3535000 66
3536000 66
3537000 66
3538000 66
3539000 66
3540000 66
3541000 66
3542000 66
3543000 66
3544000 66
3545000 66
3546000 66
3547000 66
3548000 66
3549000 66
3550000 66
3551000 66
3552000 66
3553000 66
3554000 66
3555000 66
3556000 66
3557000 66
3558000 66
3559000 66
3560000 66
3561000 66
3562000 66
3563000 66
3564000 66
3565000 66
3566000 66
3567000 66
3568000 66
3569000 66
3570000 66
3571000 66
3572000 66
3573000 66
3574000 66
3575000 66
3576000 66
3577000 66
3578000 66
3579000 66
3580000 66
3581000 66
3582000 66
3583000 66
3584000 66
3585000 66
3586000 66
3587000 66
3588000 66
3589000 66
3590000 66
3591000 66
3592000 66
3593000 66
3594000 66
3595000 66
3596000 66
3597000 66
3598000 66
3599000 66
3600000 67
3601000 67
3602000 67
3603000 67
3604000 67
3605000 67
3606000 67
3607000 67
3608000 67
3609000 67
3610000 67
3611000 67
3612000 67
3613000 67
3614000 67
3615000 67
3616000 67
3617000 67
3618000 67
3619000 67
3620000 67
3621000 67
3622000 67
3623000 67
3624000 67
3625000 67
3626000 67
3627000 67
3628000 67
3629000 67
3630000 67
3631000 67
3632000 67
3633000 67
3634000 67
3635000 67
3636000 67
3637000 67
3638000 67
3639000 67
3640000 67
3641000 67
3642000 67
3643000 67
3644000 67
3645000 67
3646000 67
3647000 67
3648000 67
3649000 67
3650000 67
3651000 67
3652000 67
3653000 67
3654000 67
3655000 67
3656000 67
3657000 67
3658000 67
3659000 68
3660000 68
3661000 68
3662000 68
3663000 68
3664000 68
3665000 68
3666000 68
3667000 68
3668000 68
3669000 68
3670000 68
3671000 68
3672000 68
3673000 68
3674000 68
3675000 68
3676000 68
3677000 68
3678000 68
3679000 68
3680000 68
3681000 68
3682000 68
3683000 68
3684000 68
3685000 68
3686000 68
3687000 68
3688000 68
3689000 68
3690000 68
3691000 68
3692000 68
3693000 68
3694000 68
3695000 68
3696000 68
3697000 68
3698000 68
3699000 68
3700000 68
3701000 68
3702000 68
3703000 68
3704000 68
3705000 68
3706000 68
3707000 68
3708000 68
3709000 68
3710000 68
3711000 68
3712000 68
3713000 68
3714000 68
3715000 68
3716000 68
3717000 68
3718000 68
3719000 68
3720000 68
3721000 68
3722000 68
3723000 68
3724000 68
3725000 68
3726000 68
3727000 68
3728000 68
3729000 68
3730000 68
3731000 68
3732000 68
3733000 68
3734000 68
3735000 68
3736000 68
3737000 68
3738000 68
3739000 68
3740000 68
3741000 68
3742000 68
3743000 68
3744000 68
3745000 68
3746000 68
3747000 68
3748000 68
3749000 68
3750000 68
3751000 68
3752000 68
3753000 68
3754000 68
3755000 68
3756000 68
3757000 68
3758000 68
3759000 68
3760000 68
3761000 68
3762000 68
3763000 68
3764000 68
3765000 68
3766000 68
3767000 68
3768000 68
3769000 68
3770000 68
3771000 68
3772000 68
3773000 68
3774000 68
3775000 68
3776000 68
3777000 68
3778000 68
3779000 68
3780000 68
3781000 68
3782000 68
3783000 68
3784000 68
3785000 68
3786000 68
3787000 68
3788000 68
3789000 68
3790000 68
3791000 68
3792000 68
3793000 68
3794000 68
3795000 68
3796000 68
3797000 68
3798000 68
3799000 68
3800000 68
3801000 68
3802000 68
3803000 68
3804000 68
3805000 68
3806000 68
3807000 68
3808000 68
3809000 68
3810000 68
3811000 68
3812000 68
3813000 68
3814000 68
3815000 68
3816000 68
3817000 68
3818000 68
3819000 68
3820000 68
3821000 68
3822000 68
3823000 68
3824000 68
3825000 68
3826000 68
3827000 68
3828000 68
3829000 68
3830000 68
3831000 68
3832000 68
3833000 68
3834000 68
3835000 68
3836000 68
3837000 68
3838000 68
3839000 68
3840000 68
3841000 68
3842000 68
3843000 68
3844000 68
3845000 68
3846000 68
3847000 68
3848000 68
3849000 68
3850000 68
3851000 68
3852000 68
3853000 68
3854000 68
3855000 68
3856000 68
3857000 68
3858000 68
3859000 68
3860000 68
3861000 68
3862000 68
3863000 68
3864000 68
3865000 68
3866000 68
3867000 68
3868000 69
3869000 69
3870000 69
3871000 69
3872000 69
3873000 69
3874000 69
3875000 69
3876000 70
3877000 70
3878000 70
3879000 70
3880000 70
3881000 70
3882000 70
3883000 70
3884000 70
3885000 71
3886000 71
3887000 71
3888000 71
3889000 71
3890000 71
3891000 71
3892000 71
3893000 71
3894000 71
3895000 71
3896000 71
3897000 71
3898000 71
3899000 71
3900000 71
3901000 71
3902000 71
3903000 71
3904000 71
3905000 71
3906000 71
3907000 71
3908000 71
3909000 71
3910000 71
3911000 71
3912000 71
3913000 71
3914000 71
3915000 71
3916000 71
3917000 71
3918000 71
3919000 71
3920000 71
3921000 71
3922000 71
3923000 71
3924000 71
3925000 71
3926000 71
3927000 71
3928000 71
3929000 71
3930000 71
3931000 71
3932000 71
3933000 71
3934000 71
3935000 71
3936000 71
3937000 71
3938000 71
3939000 71
3940000 71
3941000 71
3942000 71
3943000 71
3944000 71
3945000 72
3946000 72
3947000 72
3948000 72
3949000 72
3950000 72
3951000 72
3952000 72
3953000 72
3954000 72
3955000 72
3956000 72
3957000 72
3958000 72
3959000 72
3960000 72
3961000 72
3962000 72
3963000 72
3964000 72
3965000 72
3966000 72
3967000 72
3968000 72
3969000 72
3970000 72
3971000 72
3972000 72
3973000 72
3974000 72
3975000 72
3976000 72
3977000 72
3978000 72
3979000 72
3980000 72
3981000 72
3982000 72
3983000 72
3984000 72
3985000 72
3986000 72
3987000 72
3988000 72
3989000 72
3990000 72
3991000 72
3992000 72
3993000 72
3994000 72
3995000 72
3996000 72
3997000 72
3998000 72
3999000 72
4000000 72
4001000 72
4002000 72
4003000 72
4004000 72
4005000 72
4006000 72
4007000 72
4008000 72
4009000 72
4010000 72
4011000 72
4012000 72
4013000 72
4014000 72
4015000 72
4016000 72
4017000 72
4018000 72
4019000 72
4020000 72
4021000 72
4022000 72
4023000 72
4024000 72
4025000 72
4026000 72
4027000 72
4028000 72
4029000 72
4030000 72
4031000 72
4032000 72
4033000 72
4034000 72
4035000 72
4036000 72
4037000 72
4038000 72
4039000 72
4040000 72
4041000 72
4042000 72
4043000 72
4044000 72
4045000 72
4046000 72
4047000 72
4048000 72
4049000 72
4050000 72
4051000 72
4052000 72
4053000 72
4054000 72
4055000 72
4056000 72
4057000 72
4058000 72
4059000 72
4060000 72
4061000 72
4062000 72
4063000 72
4064000 72
4065000 72
4066000 72
4067000 72
4068000 72
4069000 72
4070000 72
4071000 72
4072000 72
4073000 72
4074000 72
4075000 72
4076000 72
4077000 72
4078000 72
4079000 72
4080000 72
4081000 72
4082000 72
4083000 72
4084000 72
4085000 72
4086000 72
4087000 72
4088000 72
4089000 72
4090000 72
4091000 72
4092000 72
4093000 72
4094000 72
4095000 72
4096000 72
4097000 72
4098000 72
4099000 72
4100000 72
4101000 72
4102000 73
4103000 73
4104000 73
4105000 73
4106000 73
4107000 73
4108000 73
4109000 73
4110000 73
4111000 73
4112000 73
4113000 73
4114000 73
4115000 74
4116000 74
4117000 74
4118000 74
4119000 74
4120000 74
4121000 74
4122000 74
4123000 74
4124000 74
4125000 74
4126000 75
4127000 75
4128000 75
4129000 75
4130000 75
4131000 75
4132000 75
4133000 76
4134000 76
4135000 76
4136000 76
4137000 76
4138000 76
4139000 76
4140000 77
4141000 77
4142000 77
4143000 77
4144000 77
4145000 77
4146000 77
4147000 77
4148000 77
4149000 77
4150000 77
4151000 77
4152000 77
4153000 77
4154000 78
4155000 78
4156000 78
4157000 78
4158000 78
4159000 78
4160000 78
4161000 79
4162000 79
4163000 79
4164000 79
4165000 79
4166000 79
4167000 79
4168000 79
4169000 79
4170000 79
4171000 80
4172000 80
4173000 80
4174000 80
4175000 80
4176000 80
4177000 80
4178000 80
4179000 81
4180000 81
4181000 81
4182000 81
4183000 81
4184000 81
4185000 81
4186000 81
4187000 81
4188000 81
4189000 81
4190000 81
4191000 81
4192000 81
4193000 81
4194000 81
4195000 81
4196000 81
4197000 81
4198000 81
4199000 81
4200000 81
4201000 81
4202000 81
4203000 81
4204000 81
4205000 81
4206000 81
4207000 81
4208000 81
4209000 81
4210000 81
4211000 81
4212000 81
4213000 81
4214000 81
4215000 81
4216000 81
4217000 81
4218000 81
4219000 81
4220000 81
4221000 81
4222000 81
4223000 81
4224000 81
4225000 81
4226000 81
4227000 81
4228000 81
4229000 81
4230000 81
4231000 81
4232000 81
4233000 81
4234000 81
4235000 81
4236000 81
4237000 81
4238000 81
4239000 81
4240000 82
4241000 82
4242000 82
4243000 82
4244000 82
4245000 82
4246000 82
4247000 82
4248000 83
4249000 83
4250000 83
4251000 83
4252000 83
4253000 83
4254000 83
4255000 83
4256000 83
4257000 84
4258000 84
4259000 84
4260000 84
4261000 84
4262000 84
4263000 84
4264000 84
4265000 84
4266000 85
4267000 85
4268000 85
4269000 85
4270000 85
4271000 85
4272000 85
4273000 85
4274000 85
4275000 86
4276000 86
4277000 86
4278000 86
4279000 86
4280000 86
4281000 86
4282000 86
4283000 86
4284000 86
4285000 87
4286000 87
4287000 87
4288000 87
4289000 87
4290000 87
4291000 87
4292000 87
4293000 87
4294000 88
4295000 88
4296000 88
4297000 88
4298000 88
4299000 88
4300000 88
4301000 88
4302000 88
4303000 88
4304000 88
4305000 88
4306000 88
4307000 88
4308000 88
4309000 88
4310000 88
4311000 88
4312000 88
4313000 88
4314000 88
4315000 88
4316000 88
4317000 88
4318000 88
4319000 88
4320000 88
4321000 88
4322000 88
4323000 88
4324000 88
4325000 88
4326000 88
4327000 88
4328000 88
4329000 88
4330000 88
4331000 88
4332000 88
4333000 88
4334000 88
4335000 88
4336000 88
4337000 88
4338000 88
4339000 88
4340000 88
4341000 88
4342000 88
4343000 88
4344000 88
4345000 88
4346000 88
4347000 88
4348000 88
4349000 88
4350000 88
4351000 88
4352000 88
4353000 88
4354000 89
4355000 89
4356000 89
4357000 89
4358000 89
4359000 89
4360000 89
4361000 89
4362000 89
4363000 89
4364000 89
4365000 89
4366000 89
4367000 89
4368000 89
4369000 89
4370000 89
4371000 89
4372000 89
4373000 89
4374000 89
4375000 89
4376000 89
4377000 89
4378000 89
4379000 89
4380000 89
4381000 89
4382000 89
4383000 89
4384000 89
4385000 89
4386000 89
4387000 89
4388000 89
4389000 89
4390000 89
4391000 89
4392000 89
4393000 89
4394000 89
4395000 89
4396000 89
4397000 89
4398000 89
4399000 89
4400000 89
4401000 89
4402000 89
4403000 89
4404000 89
4405000 89
4406000 89
4407000 89
4408000 89
4409000 89
4410000 89
4411000 89
4412000 90
4413000 90
4414000 90
4415000 90
4416000 90
4417000 90
4418000 90
4419000 90
4420000 90
4421000 91
4422000 91
4423000 91
4424000 91
4425000 91
4426000 91
4427000 91
4428000 91
4429000 91
4430000 91
4431000 91
4432000 91
4433000 91
4434000 91
4435000 91
4436000 91
4437000 91
4438000 91
4439000 91
4440000 91
4441000 91
4442000 91
4443000 91
4444000 91
4445000 91
4446000 91
4447000 91
4448000 91
4449000 91
4450000 91
4451000 91
4452000 91
4453000 91
4454000 91
4455000 91
4456000 91
4457000 91
4458000 91
4459000 91
4460000 91
4461000 91
4462000 91
4463000 91
4464000 91
4465000 91
4466000 91
4467000 91
4468000 91
4469000 91
4470000 91
4471000 91
4472000 91
4473000 91
4474000 91
4475000 91
4476000 91
4477000 91
4478000 91
4479000 92
4480000 92
4481000 92
4482000 92
4483000 92
4484000 92
4485000 92
4486000 92
4487000 92
4488000 93
4489000 93
4490000 93
4491000 93
4492000 93
4493000 93
4494000 93
4495000 93
4496000 94
4497000 94
4498000 94
4499000 94
4500000 94
4501000 94
4502000 94
4503000 94
4504000 94
4505000 94
4506000 95
4507000 95
4508000 95
4509000 95
4510000 95
4511000 95
4512000 95
4513000 95
4514000 95
4515000 95
4516000 95
4517000 95
4518000 96
4519000 96
4520000 96
4521000 96
4522000 96
4523000 96
4524000 96
4525000 96
4526000 96
4527000 96
4528000 96
4529000 96
4530000 96
4531000 96
4532000 96
4533000 96
4534000 96
4535000 96
4536000 96
4537000 96
4538000 96
4539000 96
4540000 96
4541000 96
4542000 96
4543000 96
4544000 96
4545000 96
4546000 96
4547000 96
4548000 96
4549000 96
4550000 96
4551000 96
4552000 96
4553000 96
4554000 96
4555000 96
4556000 96
4557000 96
4558000 96
4559000 96
4560000 96
4561000 96
4562000 96
4563000 96
4564000 96
4565000 96
4566000 96
4567000 96
4568000 96
4569000 96
4570000 96
4571000 96
4572000 96
4573000 96
4574000 96
4575000 96
4576000 96
4577000 96
4578000 96
4579000 96
4580000 96
4581000 96
4582000 96
4583000 96
4584000 96
4585000 96
4586000 96
4587000 96
4588000 96
4589000 96
4590000 96
4591000 96
4592000 96
4593000 96
4594000 96
4595000 96
4596000 96
4597000 96
4598000 96
4599000 96
4600000 96
4601000 96
4602000 96
4603000 96
4604000 96
4605000 96
4606000 96
4607000 96
4608000 96
4609000 96
4610000 96
4611000 96
4612000 96
4613000 96
4614000 96
4615000 96
4616000 96
4617000 96
4618000 96
4619000 96
4620000 96
4621000 96
4622000 96
4623000 96
4624000 96
4625000 96
4626000 96
4627000 96
4628000 96
4629000 96
4630000 96
4631000 96
4632000 96
4633000 96
4634000 96
4635000 96
4636000 96
4637000 96
4638000 96
4639000 96
4640000 96
4641000 96
4642000 96
4643000 96
4644000 96
4645000 96
4646000 96
4647000 96
4648000 96
4649000 96
4650000 96
4651000 96
4652000 96
4653000 96
4654000 96
4655000 96
4656000 96
4657000 96
4658000 96
4659000 96
4660000 96
4661000 96
4662000 96
4663000 96
4664000 96
4665000 96
4666000 96
4667000 96
4668000 96
4669000 96
4670000 96
4671000 96
4672000 96
4673000 96
4674000 96
4675000 96
4676000 96
4677000 96
4678000 96
4679000 97
4680000 97
4681000 97
4682000 97
4683000 97
4684000 97
4685000 97
4686000 97
4687000 98
4688000 98
4689000 98
4690000 98
4691000 98
4692000 98
4693000 98
4694000 98
4695000 98
4696000 98
4697000 98
4698000 98
4699000 98
4700000 98
4701000 98
4702000 98
4703000 98
4704000 98
4705000 99
4706000 99
4707000 99
4708000 99
4709000 99
4710000 99
4711000 99
4712000 99
4713000 99
4714000 100
4715000 100
4716000 100
4717000 100
4718000 100
4719000 100
4720000 100
4721000 100
4722000 100
4723000 100
4724000 100
4725000 100
4726000 100
4727000 100
4728000 100
4729000 100
4730000 100
4731000 100
4732000 100
4733000 100
4734000 100
4735000 100
4736000 100
4737000 100
4738000 100
4739000 100
4740000 100
4741000 100
4742000 100
4743000 100
4744000 100
4745000 100
4746000 100
4747000 100
4748000 100
4749000 100
4750000 100
4751000 100
4752000 100
4753000 100
4754000 100
4755000 100
4756000 100
4757000 100
4758000 100
4759000 100
4760000 100
4761000 100
4762000 100
4763000 100
4764000 100
4765000 100
4766000 100
4767000 100
4768000 100
4769000 100
4770000 100
4771000 100
4772000 100
4773000 100
4774000 100
4775000 101
4776000 101
4777000 101
4778000 101
4779000 101
4780000 101
4781000 101
4782000 101
4783000 101
4784000 101
4785000 101
4786000 101
4787000 101
4788000 101
4789000 102
4790000 102
4791000 102
4792000 102
4793000 102
4794000 102
4795000 102
4796000 102
4797000 102
4798000 102
4799000 103
4800000 103
4801000 103
4802000 103
4803000 103
4804000 103
4805000 103
4806000 103
4807000 103
4808000 103
4809000 103
4810000 104
4811000 104
4812000 104
4813000 104
4814000 104
4815000 104
4816000 104
4817000 104
4818000 104
4819000 104
4820000 104
4821000 104
4822000 104
4823000 104
4824000 104
4825000 104
4826000 104
4827000 104
4828000 104
4829000 104
4830000 104
4831000 104
4832000 104
4833000 104
4834000 104
4835000 104
4836000 104
4837000 104
4838000 104
4839000 104
4840000 104
4841000 104
4842000 104
4843000 104
4844000 104
4845000 104
4846000 104
4847000 104
4848000 104
4849000 104
4850000 104
4851000 104
4852000 104
4853000 104
4854000 104
4855000 104
4856000 104
4857000 104
4858000 104
4859000 104
4860000 104
4861000 104
4862000 104
4863000 104
4864000 104
4865000 104
4866000 104
4867000 104
4868000 105
4869000 105
4870000 105
4871000 105
4872000 105
4873000 105
4874000 105
4875000 105
4876000 105
4877000 105
4878000 105
4879000 106
4880000 106
4881000 106
4882000 106
4883000 106
4884000 106
4885000 106
4886000 106
4887000 106
4888000 106
4889000 106
4890000 106
4891000 106
4892000 106
4893000 106
4894000 106
4895000 106
4896000 106
4897000 106
4898000 106
4899000 106
4900000 106
4901000 106
4902000 106
4903000 106
4904000 106
4905000 106
4906000 106
4907000 106
4908000 106
4909000 106
4910000 106
4911000 106
4912000 106
4913000 106
4914000 106
4915000 106
4916000 106
4917000 106
4918000 106
4919000 106
4920000 106
4921000 106
4922000 106
4923000 106
4924000 106
4925000 106
4926000 106
4927000 106
4928000 106
4929000 106
4930000 106
4931000 106
4932000 106
4933000 106
4934000 106
4935000 106
4936000 107
4937000 107
4938000 107
4939000 107
4940000 107
4941000 107
4942000 107
4943000 107
4944000 108
4945000 108
4946000 108
4947000 108
4948000 108
4949000 108
4950000 108
4951000 108
4952000 108
4953000 108
4954000 108
4955000 109
4956000 109
4957000 109
4958000 109
4959000 109
4960000 109
4961000 109
4962000 109
4963000 109
4964000 109
4965000 109
4966000 109
4967000 109
4968000 109
4969000 109
4970000 109
4971000 109
4972000 109
4973000 109
4974000 109
4975000 109
4976000 109
4977000 109
4978000 109
4979000 109
4980000 109
4981000 109
4982000 109
4983000 109
4984000 109
4985000 109
4986000 109
4987000 109
4988000 109
4989000 109
4990000 109
4991000 109
4992000 109
4993000 109
4994000 109
4995000 109
4996000 109
4997000 109
4998000 109
4999000 109
5000000 109
