0 0
1000 0
2000 0
3000 0
4000 0
5000 1
6000 1
7000 1
8000 1
9000 1
10000 1
11000 2
12000 2
13000 2
14000 2
15000 2
16000 3
17000 3
18000 3
19000 3
20000 3
21000 3
22000 4
23000 4
24000 4
25000 4
26000 4
27000 5
28000 5
29000 5
30000 5
31000 5
32000 6
33000 6
34000 6
35000 6
36000 6
37000 7
38000 7
39000 7
40000 7
41000 8
42000 8
43000 8
44000 8
45000 8
46000 9
47000 9
48000 9
49000 9
50000 9
51000 10
52000 10
53000 10
54000 10
55000 10
56000 11
57000 11
58000 11
59000 11
60000 11
61000 12
62000 12
63000 12
64000 12
65000 12
66000 12
67000 13
68000 13
69000 13
70000 13
71000 13
72000 14
73000 14
74000 14
75000 14
76000 14
77000 15
78000 15
79000 15
80000 15
81000 15
82000 16
83000 16
84000 16
85000 16
86000 16
87000 17
88000 17
89000 17
90000 17
91000 17
92000 18
93000 18
94000 18
95000 18
96000 18
97000 19
98000 19
99000 19
100000 19
101000 19
102000 20
103000 20
104000 20
105000 20
106000 21
107000 21
108000 21
109000 21
110000 22
111000 22
112000 22
113000 22
114000 22
115000 23
116000 23
117000 23
118000 23
119000 23
120000 24
121000 24
122000 24
123000 24
124000 24
125000 25
126000 25
127000 25
128000 25
129000 25
130000 26
131000 26
132000 26
133000 26
134000 26
135000 27
136000 27
137000 27
138000 27
139000 27
140000 28
141000 28
142000 28
143000 28
144000 28
145000 29
146000 29
147000 29
148000 29
149000 29
150000 30
151000 30
152000 30
153000 30
154000 30
155000 30
156000 30
157000 30
158000 30
159000 30
160000 30
161000 30
162000 30
163000 30
164000 30
165000 30
166000 30
167000 30
168000 30
169000 30
170000 30
171000 30
172000 30
173000 30
174000 30
175000 30
176000 30
177000 30
178000 30
179000 30
180000 30
181000 30
182000 30
183000 30
184000 30
185000 30
186000 30
187000 30
188000 30
189000 30
190000 30
191000 30
192000 30
193000 30
194000 30
195000 30
196000 30
197000 30
198000 30
199000 30
200000 30
201000 30
202000 30
203000 30
204000 30
205000 30
206000 30
207000 30
208000 30
209000 30
210000 30
211000 30
212000 30
213000 30
214000 30
215000 30
216000 30
217000 30
218000 30
219000 30
220000 30
221000 30
222000 31
223000 31
224000 31
225000 31
226000 31
227000 31
228000 32
229000 32
230000 32
231000 32
232000 32
233000 33
234000 33
235000 33
236000 33
237000 33
238000 34
239000 34
240000 34
241000 34
242000 34
243000 34
244000 35
245000 35
246000 35
247000 35
248000 35
249000 35
250000 36
251000 36
252000 36
253000 36
254000 36
255000 36
256000 37
257000 37
258000 37
259000 37
260000 37
261000 37
262000 37
263000 37
264000 37
265000 37
266000 37
267000 37
268000 37
269000 37
270000 37
271000 37
272000 37
273000 37
274000 37
275000 37
276000 37
277000 37
278000 37
279000 37
280000 37
281000 37
282000 37
283000 37
284000 37
285000 37
286000 37
287000 37
288000 37
289000 37
290000 37
291000 37
292000 37
293000 37
294000 37
295000 37
296000 37
297000 37
298000 37
299000 37
300000 37
301000 37
302000 37
303000 37
304000 38
305000 38
306000 38
307000 38
308000 38
309000 39
310000 39
311000 39
312000 39
313000 39
314000 39
315000 40
316000 40
317000 40
318000 40
319000 40
320000 41
321000 41
322000 41
323000 41
324000 41
325000 41
326000 42
327000 42
328000 42
329000 42
330000 42
331000 43
332000 43
333000 43
334000 43
335000 43
336000 43
337000 44
338000 44
339000 44
340000 44
341000 44
342000 45
343000 45
344000 45
345000 45
346000 45
347000 45
348000 46
349000 46
350000 46
351000 46
352000 46
353000 47
354000 47
355000 47
356000 47
357000 47
358000 47
359000 48
360000 48
361000 48
362000 48
363000 48
364000 48
365000 49
366000 49
367000 49
368000 49
369000 49
370000 49
371000 50
372000 50
373000 50
374000 50
375000 50
376000 51
377000 51
378000 51
379000 51
380000 51
381000 52
382000 52
383000 52
384000 52
385000 52
386000 52
387000 53
388000 53
389000 53
390000 53
391000 53
392000 54
393000 54
394000 54
395000 54
396000 54
397000 54
398000 54
399000 55
400000 55
401000 55
402000 55
403000 55
404000 55
405000 56
406000 56
407000 56
408000 56
409000 56
410000 57
411000 57
412000 57
413000 57
414000 57
415000 57
416000 58
417000 58
418000 58
419000 58
420000 58
421000 59
422000 59
423000 59
424000 59
425000 59
426000 60
427000 60
428000 60
429000 60
430000 60
431000 61
432000 61
433000 61
434000 61
435000 61
436000 62
437000 62
438000 62
439000 62
440000 62
441000 63
442000 63
443000 63
444000 63
445000 63
446000 64
447000 64
448000 64
449000 64
450000 64
451000 65
452000 65
453000 65
454000 65
455000 65
456000 66
457000 66
458000 66
459000 66
460000 66
461000 67
462000 67
463000 67
464000 67
465000 67
466000 68
467000 68
468000 68
469000 68
470000 68
471000 69
472000 69
473000 69
474000 69
475000 69
476000 69
477000 69
478000 69
479000 69
480000 70
481000 70
482000 70
483000 70
484000 70
485000 70
486000 71
487000 71
488000 71
489000 71
490000 71
491000 71
492000 72
493000 72
494000 72
495000 72
496000 72
497000 73
498000 73
499000 73
500000 73
501000 73
502000 74
503000 74
504000 74
505000 74
506000 74
507000 75
508000 75
509000 75
510000 75
511000 75
512000 76
513000 76
514000 76
515000 76
516000 76
517000 77
518000 77
519000 77
520000 77
521000 77
522000 78
523000 78
524000 78
525000 78
526000 78
527000 79
528000 79
529000 79
530000 79
531000 79
532000 79
533000 79
534000 80
535000 80
536000 80
537000 80
538000 80
539000 81
540000 81
541000 81
542000 81
543000 81
544000 82
545000 82
546000 82
547000 82
548000 82
549000 83
550000 83
551000 83
552000 83
553000 83
554000 84
555000 84
556000 84
557000 84
558000 84
559000 84
560000 84
561000 84
562000 84
563000 84
564000 84
565000 84
566000 84
567000 84
568000 84
569000 85
570000 85
571000 85
572000 85
573000 85
574000 85
575000 86
576000 86
577000 86
578000 86
579000 86
580000 86
581000 87
582000 87
583000 87
584000 87
585000 87
586000 87
587000 88
588000 88
589000 88
590000 88
591000 88
592000 88
593000 89
594000 89
595000 89
596000 89
597000 89
598000 90
599000 90
600000 90
601000 90
602000 90
603000 90
604000 91
605000 91
606000 91
607000 91
608000 91
609000 92
610000 92
611000 92
612000 92
613000 92
614000 92
615000 93
616000 93
617000 93
618000 93
619000 93
620000 93
621000 94
622000 94
623000 94
624000 94
625000 94
626000 95
627000 95
628000 95
629000 95
630000 95
631000 96
632000 96
633000 96
634000 96
635000 96
636000 97
637000 97
638000 97
639000 97
640000 97
641000 98
642000 98
643000 98
644000 98
645000 98
646000 98
647000 99
648000 99
649000 99
650000 99
651000 99
652000 100
653000 100
654000 100
655000 100
656000 100
657000 100
658000 101
659000 101
660000 101
661000 101
662000 101
663000 101
664000 102
665000 102
666000 102
667000 102
668000 102
669000 103
670000 103
671000 103
672000 103
673000 103
674000 103
675000 104
676000 104
677000 104
678000 104
679000 104
680000 105
681000 105
682000 105
683000 105
684000 105
685000 105
686000 106
687000 106
688000 106
689000 106
690000 106
691000 107
692000 107
693000 107
694000 107
695000 107
696000 108
697000 108
698000 108
699000 108
700000 108
701000 108
702000 109
703000 109
704000 109
705000 109
706000 109
707000 110
708000 110
709000 110
710000 110
711000 110
712000 110
713000 111
714000 111
715000 111
716000 111
717000 111
718000 111
719000 112
720000 112
721000 112
722000 112
723000 112
724000 112
725000 113
726000 113
727000 113
728000 113
729000 113
730000 114
731000 114
732000 114
733000 114
734000 114
735000 115
736000 115
737000 115
738000 115
739000 115
740000 116
741000 116
742000 116
743000 116
744000 116
745000 116
746000 117
747000 117
748000 117
749000 117
750000 117
751000 118
752000 118
753000 118
754000 118
755000 118
756000 118
757000 119
758000 119
759000 119
760000 119
761000 119
762000 120
763000 120
764000 120
765000 120
766000 120
767000 121
768000 121
769000 121
770000 121
771000 121
772000 122
773000 122
774000 122
775000 122
776000 122
777000 123
778000 123
779000 123
780000 123
781000 123
782000 124
783000 124
784000 124
785000 124
786000 124
787000 124
788000 125
789000 125
790000 125
791000 125
792000 125
793000 126
794000 126
795000 126
796000 126
797000 126
798000 127
799000 127
800000 127
801000 127
802000 128
803000 128
804000 128
805000 128
806000 128
807000 128
808000 129
809000 129
810000 129
811000 129
812000 129
813000 130
814000 130
815000 130
816000 130
817000 130
818000 130
819000 130
820000 131
821000 131
822000 131
823000 131
824000 131
825000 131
826000 132
827000 132
828000 132
829000 132
830000 132
831000 132
832000 132
833000 133
834000 133
835000 133
836000 133
837000 133
838000 134
839000 134
840000 134
841000 134
842000 134
843000 135
844000 135
845000 135
846000 135
847000 135
848000 136
849000 136
850000 136
851000 136
852000 136
853000 137
854000 137
855000 137
856000 137
857000 137
858000 138
859000 138
860000 138
861000 138
862000 138
863000 139
864000 139
865000 139
866000 139
867000 139
868000 139
869000 140
870000 140
871000 140
872000 140
873000 140
874000 140
875000 141
876000 141
877000 141
878000 141
879000 141
880000 142
881000 142
882000 142
883000 142
884000 142
885000 143
886000 143
887000 143
888000 143
889000 143
890000 143
891000 144
892000 144
893000 144
894000 144
895000 144
896000 144
897000 144
898000 145
899000 145
900000 145
901000 145
902000 145
903000 145
904000 146
905000 146
906000 146
907000 146
908000 146
909000 146
910000 147
911000 147
912000 147
913000 147
914000 147
915000 148
916000 148
917000 148
918000 148
919000 148
920000 148
921000 148
922000 148
923000 149
924000 149
925000 149
926000 149
927000 149
928000 149
929000 150
930000 150
931000 150
932000 150
933000 150
934000 150
935000 151
936000 151
937000 151
938000 151
939000 151
940000 152
941000 152
942000 152
943000 152
944000 152
945000 153
946000 153
947000 153
948000 153
949000 153
950000 154
951000 154
952000 154
953000 154
954000 154
955000 155
956000 155
957000 155
958000 155
959000 155
960000 156
961000 156
962000 156
963000 156
964000 156
965000 157
966000 157
967000 157
968000 157
969000 157
970000 158
971000 158
972000 158
973000 158
974000 158
975000 158
976000 159
977000 159
978000 159
979000 159
980000 159
981000 160
982000 160
983000 160
984000 160
985000 160
986000 160
987000 161
988000 161
989000 161
990000 161
991000 161
992000 161
993000 161
994000 162
995000 162
996000 162
997000 162
998000 162
999000 163
1000000 163
1001000 163
1002000 163
1003000 163
1004000 164
1005000 164
1006000 164
1007000 164
1008000 164
1009000 164
1010000 165
1011000 165
1012000 165
1013000 165
1014000 165
1015000 165
1016000 166
1017000 166
1018000 166
1019000 166
1020000 166
1021000 166
1022000 167
1023000 167
1024000 167
1025000 167
1026000 167
1027000 167
1028000 168
1029000 168
1030000 168
1031000 168
1032000 168
1033000 168
1034000 169
1035000 169
1036000 169
1037000 169
1038000 169
1039000 170
1040000 170
1041000 170
1042000 170
1043000 170
1044000 171
1045000 171
1046000 171
1047000 171
1048000 171
1049000 171
1050000 172
1051000 172
1052000 172
1053000 172
1054000 172
1055000 172
1056000 173
1057000 173
1058000 173
1059000 173
1060000 173
1061000 173
1062000 173
1063000 174
1064000 174
1065000 174
1066000 174
1067000 174
1068000 174
1069000 174
1070000 174
1071000 174
1072000 175
1073000 175
1074000 175
1075000 175
1076000 175
1077000 175
1078000 175
1079000 176
1080000 176
1081000 176
1082000 176
1083000 176
1084000 177
1085000 177
1086000 177
1087000 177
1088000 177
1089000 177
1090000 178
1091000 178
1092000 178
1093000 178
1094000 178
1095000 179
1096000 179
1097000 179
1098000 179
1099000 179
1100000 179
1101000 180
1102000 180
1103000 180
1104000 180
1105000 180
1106000 181
1107000 181
1108000 181
1109000 181
1110000 181
1111000 181
1112000 181
1113000 182
1114000 182
1115000 182
1116000 182
1117000 182
1118000 183
1119000 183
1120000 183
1121000 183
1122000 183
1123000 184
1124000 184
1125000 184
1126000 184
1127000 184
1128000 184
1129000 185
1130000 185
1131000 185
1132000 185
1133000 185
1134000 186
1135000 186
1136000 186
1137000 186
1138000 186
1139000 186
1140000 187
1141000 187
1142000 187
1143000 187
1144000 187
1145000 188
1146000 188
1147000 188
1148000 188
1149000 188
1150000 188
1151000 189
1152000 189
1153000 189
1154000 189
1155000 189
1156000 189
1157000 190
1158000 190
1159000 190
1160000 190
1161000 190
1162000 190
1163000 191
1164000 191
1165000 191
1166000 191
1167000 191
1168000 192
1169000 192
1170000 192
1171000 192
1172000 192
1173000 193
1174000 193
1175000 193
1176000 193
1177000 193
1178000 193
1179000 194
1180000 194
1181000 194
1182000 194
1183000 194
1184000 195
1185000 195
1186000 195
1187000 195
1188000 196
1189000 196
1190000 196
1191000 196
1192000 196
1193000 196
1194000 197
1195000 197
1196000 197
1197000 197
1198000 197
1199000 198
1200000 198
1201000 198
1202000 198
1203000 198
1204000 198
1205000 199
1206000 199
1207000 199
1208000 199
1209000 199
1210000 199
1211000 200
1212000 200
1213000 200
1214000 200
1215000 200
1216000 201
1217000 201
1218000 201
1219000 201
1220000 201
1221000 202
1222000 202
1223000 202
1224000 202
1225000 202
1226000 203
1227000 203
1228000 203
1229000 203
1230000 203
1231000 203
1232000 203
1233000 203
1234000 204
1235000 204
1236000 204
1237000 204
1238000 204
1239000 204
1240000 205
1241000 205
1242000 205
1243000 205
1244000 205
1245000 206
1246000 206
1247000 206
1248000 206
1249000 206
1250000 206
1251000 207
1252000 207
1253000 207
1254000 207
1255000 207
1256000 207
1257000 208
1258000 208
1259000 208
1260000 208
1261000 208
1262000 209
1263000 209
1264000 209
1265000 209
1266000 209
1267000 209
1268000 210
1269000 210
1270000 210
1271000 210
1272000 210
1273000 210
1274000 211
1275000 211
1276000 211
1277000 211
1278000 211
1279000 211
1280000 212
1281000 212
1282000 212
1283000 212
1284000 212
1285000 213
1286000 213
1287000 213
1288000 213
1289000 213
1290000 213
1291000 213
1292000 213
1293000 213
1294000 214
1295000 214
1296000 214
1297000 214
1298000 214
1299000 215
1300000 215
1301000 215
1302000 215
1303000 215
1304000 216
1305000 216
1306000 216
1307000 216
1308000 216
1309000 216
1310000 217
1311000 217
1312000 217
1313000 217
1314000 217
1315000 218
1316000 218
1317000 218
1318000 218
1319000 218
1320000 219
1321000 219
1322000 219
1323000 219
1324000 219
1325000 220
1326000 220
1327000 220
1328000 220
1329000 220
1330000 220
1331000 221
1332000 221
1333000 221
1334000 221
1335000 221
1336000 222
1337000 222
1338000 222
1339000 222
1340000 222
1341000 222
1342000 223
1343000 223
1344000 223
1345000 223
1346000 223
1347000 223
1348000 224
1349000 224
1350000 224
1351000 224
1352000 224
1353000 225
1354000 225
1355000 225
1356000 225
1357000 225
1358000 225
1359000 226
1360000 226
1361000 226
1362000 226
1363000 226
1364000 226
1365000 227
1366000 227
1367000 227
1368000 227
1369000 227
1370000 228
1371000 228
1372000 228
1373000 228
1374000 228
1375000 229
1376000 229
1377000 229
1378000 229
1379000 230
1380000 230
1381000 230
1382000 230
1383000 230
1384000 231
1385000 231
1386000 231
1387000 231
1388000 231
1389000 231
1390000 232
1391000 232
1392000 232
1393000 232
1394000 232
1395000 232
1396000 233
1397000 233
1398000 233
1399000 233
1400000 233
1401000 234
1402000 234
1403000 234
1404000 234
1405000 234
1406000 234
1407000 235
1408000 235
1409000 235
1410000 235
1411000 235
1412000 235
1413000 236
1414000 236
1415000 236
1416000 236
1417000 236
1418000 237
1419000 237
1420000 237
1421000 237
1422000 237
1423000 238
1424000 238
1425000 238
1426000 238
1427000 238
1428000 238
1429000 239
1430000 239
1431000 239
1432000 239
1433000 239
1434000 240
1435000 240
1436000 240
1437000 240
1438000 240
1439000 241
1440000 241
1441000 241
1442000 241
1443000 241
1444000 242
1445000 242
1446000 242
1447000 242
1448000 242
1449000 242
1450000 242
1451000 243
1452000 243
1453000 243
1454000 243
1455000 243
1456000 243
1457000 244
1458000 244
1459000 244
1460000 244
1461000 244
1462000 245
1463000 245
1464000 245
1465000 245
1466000 245
1467000 245
1468000 245
1469000 246
1470000 246
1471000 246
1472000 246
1473000 246
1474000 247
1475000 247
1476000 247
1477000 247
1478000 247
1479000 247
1480000 248
1481000 248
1482000 248
1483000 248
1484000 248
1485000 249
1486000 249
1487000 249
1488000 249
1489000 249
1490000 250
1491000 250
1492000 250
1493000 250
1494000 250
1495000 251
1496000 251
1497000 251
1498000 251
1499000 251
1500000 251
1501000 252
1502000 252
1503000 252
1504000 252
1505000 252
1506000 253
1507000 253
1508000 253
1509000 253
1510000 253
1511000 254
1512000 254
1513000 254
1514000 254
1515000 254
1516000 254
1517000 255
1518000 255
1519000 255
1520000 255
1521000 255
1522000 255
1523000 256
1524000 256
1525000 256
1526000 256
1527000 256
1528000 257
1529000 257
1530000 257
1531000 257
1532000 257
1533000 258
1534000 258
1535000 258
1536000 258
1537000 258
1538000 259
1539000 259
1540000 259
1541000 259
1542000 259
1543000 260
1544000 260
1545000 260
1546000 260
1547000 261
1548000 261
1549000 261
1550000 261
1551000 261
1552000 262
1553000 262
1554000 262
1555000 262
1556000 262
1557000 263
1558000 263
1559000 263
1560000 263
1561000 263
1562000 263
1563000 264
1564000 264
1565000 264
1566000 264
1567000 264
1568000 264
1569000 264
1570000 265
1571000 265
1572000 265
1573000 265
1574000 265
1575000 266
1576000 266
1577000 266
1578000 266
1579000 266
1580000 267
1581000 267
1582000 267
1583000 267
1584000 267
1585000 267
1586000 268
1587000 268
1588000 268
1589000 268
1590000 268
1591000 269
1592000 269
1593000 269
1594000 269
1595000 269
1596000 270
1597000 270
1598000 270
1599000 270
1600000 270
1601000 271
1602000 271
1603000 271
1604000 271
1605000 271
1606000 272
1607000 272
1608000 272
1609000 272
1610000 272
1611000 272
1612000 273
1613000 273
1614000 273
1615000 273
1616000 273
1617000 274
1618000 274
1619000 274
1620000 274
1621000 274
1622000 275
1623000 275
1624000 275
1625000 275
1626000 275
1627000 276
1628000 276
1629000 276
1630000 276
1631000 276
1632000 276
1633000 277
1634000 277
1635000 277
1636000 277
1637000 277
1638000 278
1639000 278
1640000 278
1641000 278
1642000 278
1643000 278
1644000 279
1645000 279
1646000 279
1647000 279
1648000 279
1649000 279
1650000 280
1651000 280
1652000 280
1653000 280
1654000 280
1655000 280
1656000 281
1657000 281
1658000 281
1659000 281
1660000 281
1661000 281
1662000 282
1663000 282
1664000 282
1665000 282
1666000 282
1667000 283
1668000 283
1669000 283
1670000 283
1671000 283
1672000 284
1673000 284
1674000 284
1675000 284
1676000 284
1677000 285
1678000 285
1679000 285
1680000 285
1681000 285
1682000 286
1683000 286
1684000 286
1685000 286
1686000 286
1687000 287
1688000 287
1689000 287
1690000 287
1691000 287
1692000 287
1693000 288
1694000 288
1695000 288
1696000 288
1697000 288
1698000 288
1699000 289
1700000 289
1701000 289
1702000 289
1703000 289
1704000 290
1705000 290
1706000 290
1707000 290
1708000 290
1709000 291
1710000 291
1711000 291
1712000 291
1713000 291
1714000 291
1715000 292
1716000 292
1717000 292
1718000 292
1719000 292
1720000 293
1721000 293
1722000 293
1723000 293
1724000 293
1725000 294
1726000 294
1727000 294
1728000 294
1729000 294
1730000 295
1731000 295
1732000 295
1733000 295
1734000 295
1735000 296
1736000 296
1737000 296
1738000 296
1739000 296
1740000 297
1741000 297
1742000 297
1743000 297
1744000 297
1745000 298
1746000 298
1747000 298
1748000 298
1749000 298
1750000 299
1751000 299
1752000 299
1753000 299
1754000 299
1755000 300
1756000 300
1757000 300
1758000 300
1759000 300
1760000 300
1761000 301
1762000 301
1763000 301
1764000 301
1765000 301
1766000 301
1767000 302
1768000 302
1769000 302
1770000 302
1771000 302
1772000 303
1773000 303
1774000 303
1775000 303
1776000 303
1777000 304
1778000 304
1779000 304
1780000 304
1781000 304
1782000 305
1783000 305
1784000 305
1785000 305
1786000 305
1787000 306
1788000 306
1789000 306
1790000 306
1791000 306
1792000 307
1793000 307
1794000 307
1795000 307
1796000 307
1797000 307
1798000 307
1799000 308
1800000 308
1801000 308
1802000 308
1803000 308
1804000 308
1805000 309
1806000 309
1807000 309
1808000 309
1809000 309
1810000 310
1811000 310
1812000 310
1813000 310
1814000 310
1815000 310
1816000 311
1817000 311
1818000 311
1819000 311
1820000 311
1821000 312
1822000 312
1823000 312
1824000 312
1825000 312
1826000 312
1827000 313
1828000 313
1829000 313
1830000 313
1831000 313
1832000 313
1833000 314
1834000 314
1835000 314
1836000 314
1837000 314
1838000 315
1839000 315
1840000 315
1841000 315
1842000 315
1843000 315
1844000 316
1845000 316
1846000 316
1847000 316
1848000 316
1849000 317
1850000 317
1851000 317
1852000 317
1853000 317
1854000 317
1855000 318
1856000 318
1857000 318
1858000 318
1859000 318
1860000 318
1861000 319
1862000 319
1863000 319
1864000 319
1865000 319
1866000 320
1867000 320
1868000 320
1869000 320
1870000 320
1871000 320
1872000 321
1873000 321
1874000 321
1875000 321
1876000 321
1877000 322
1878000 322
1879000 322
1880000 322
1881000 322
1882000 323
1883000 323
1884000 323
1885000 323
1886000 324
1887000 324
1888000 324
1889000 324
1890000 324
1891000 325
1892000 325
1893000 325
1894000 325
1895000 325
1896000 325
1897000 326
1898000 326
1899000 326
1900000 326
1901000 326
1902000 327
1903000 327
1904000 327
1905000 327
1906000 327
1907000 327
1908000 327
1909000 328
1910000 328
1911000 328
1912000 328
1913000 328
1914000 328
1915000 329
1916000 329
1917000 329
1918000 329
1919000 329
1920000 330
1921000 330
1922000 330
1923000 330
1924000 330
1925000 331
1926000 331
1927000 331
1928000 331
1929000 331
1930000 331
1931000 331
1932000 331
1933000 331
1934000 331
1935000 331
1936000 331
1937000 332
1938000 332
1939000 332
1940000 332
1941000 332
1942000 333
1943000 333
1944000 333
1945000 333
1946000 333
1947000 334
1948000 334
1949000 334
1950000 334
1951000 334
1952000 334
1953000 335
1954000 335
1955000 335
1956000 335
1957000 335
1958000 336
1959000 336
1960000 336
1961000 336
1962000 336
1963000 337
1964000 337
1965000 337
1966000 337
1967000 337
1968000 337
1969000 338
1970000 338
1971000 338
1972000 338
1973000 338
1974000 339
1975000 339
1976000 339
1977000 339
1978000 339
1979000 339
1980000 339
1981000 339
1982000 339
1983000 340
1984000 340
1985000 340
1986000 340
1987000 340
1988000 341
1989000 341
1990000 341
1991000 341
1992000 341
1993000 341
1994000 342
1995000 342
1996000 342
1997000 342
1998000 342
1999000 342
2000000 343
2001000 343
2002000 343
2003000 343
2004000 343
2005000 344
2006000 344
2007000 344
2008000 344
2009000 344
2010000 345
2011000 345
2012000 345
2013000 345
2014000 345
2015000 346
2016000 346
2017000 346
2018000 346
2019000 346
2020000 346
2021000 346
2022000 347
2023000 347
2024000 347
2025000 347
2026000 347
2027000 347
2028000 348
2029000 348
2030000 348
2031000 348
2032000 348
2033000 348
2034000 348
2035000 349
2036000 349
2037000 349
2038000 349
2039000 349
2040000 350
2041000 350
2042000 350
2043000 350
2044000 350
2045000 351
2046000 351
2047000 351
2048000 351
2049000 351
2050000 351
2051000 352
2052000 352
2053000 352
2054000 352
2055000 352
2056000 353
2057000 353
2058000 353
2059000 353
2060000 353
2061000 354
2062000 354
2063000 354
2064000 354
2065000 354
2066000 354
2067000 355
2068000 355
2069000 355
2070000 355
2071000 355
2072000 356
2073000 356
2074000 356
2075000 356
2076000 356
2077000 357
2078000 357
2079000 357
2080000 357
2081000 357
2082000 358
2083000 358
2084000 358
2085000 358
2086000 358
2087000 359
2088000 359
2089000 359
2090000 359
2091000 359
2092000 360
2093000 360
2094000 360
2095000 360
2096000 360
2097000 361
2098000 361
2099000 361
2100000 361
2101000 361
2102000 362
2103000 362
2104000 362
2105000 362
2106000 362
2107000 362
2108000 362
2109000 363
2110000 363
2111000 363
2112000 363
2113000 363
2114000 364
2115000 364
2116000 364
2117000 364
2118000 364
2119000 365
2120000 365
2121000 365
2122000 365
2123000 365
2124000 365
2125000 366
2126000 366
2127000 366
2128000 366
2129000 366
2130000 366
2131000 367
2132000 367
2133000 367
2134000 367
2135000 367
2136000 368
2137000 368
2138000 368
2139000 368
2140000 368
2141000 369
2142000 369
2143000 369
2144000 369
2145000 369
2146000 370
2147000 370
2148000 370
2149000 370
2150000 370
2151000 371
2152000 371
2153000 371
2154000 371
2155000 371
2156000 372
2157000 372
2158000 372
2159000 372
2160000 372
2161000 372
2162000 373
2163000 373
2164000 373
2165000 373
2166000 373
2167000 373
2168000 374
2169000 374
2170000 374
2171000 374
2172000 374
2173000 375
2174000 375
2175000 375
2176000 375
2177000 375
2178000 376
2179000 376
2180000 376
2181000 376
2182000 376
2183000 376
2184000 377
2185000 377
2186000 377
2187000 377
2188000 377
2189000 378
2190000 378
2191000 378
2192000 378
2193000 378
2194000 378
2195000 379
2196000 379
2197000 379
2198000 379
2199000 379
2200000 380
2201000 380
2202000 380
2203000 380
2204000 380
2205000 380
2206000 381
2207000 381
2208000 381
2209000 381
2210000 381
2211000 382
2212000 382
2213000 382
2214000 382
2215000 382
2216000 382
2217000 382
2218000 383
2219000 383
2220000 383
2221000 383
2222000 383
2223000 384
2224000 384
2225000 384
2226000 384
2227000 384
2228000 384
2229000 385
2230000 385
2231000 385
2232000 385
2233000 385
2234000 386
2235000 386
2236000 386
2237000 386
2238000 386
2239000 386
2240000 387
2241000 387
2242000 387
2243000 387
2244000 387
2245000 388
2246000 388
2247000 388
2248000 388
2249000 388
2250000 388
2251000 389
2252000 389
2253000 389
2254000 389
2255000 389
2256000 390
2257000 390
2258000 390
2259000 390
2260000 390
2261000 391
2262000 391
2263000 391
2264000 391
2265000 391
2266000 392
2267000 392
2268000 392
2269000 392
2270000 392
2271000 392
2272000 393
2273000 393
2274000 393
2275000 393
2276000 393
2277000 394
2278000 394
2279000 394
2280000 394
2281000 394
2282000 395
2283000 395
2284000 395
2285000 395
2286000 395
2287000 396
2288000 396
2289000 396
2290000 396
2291000 396
2292000 397
2293000 397
2294000 397
2295000 397
2296000 397
2297000 398
2298000 398
2299000 398
2300000 398
2301000 398
2302000 399
2303000 399
2304000 399
2305000 399
2306000 399
2307000 399
2308000 399
2309000 400
2310000 400
2311000 400
2312000 400
2313000 400
2314000 400
2315000 401
2316000 401
2317000 401
2318000 401
2319000 401
2320000 401
2321000 402
2322000 402
2323000 402
2324000 402
2325000 402
2326000 402
2327000 403
2328000 403
2329000 403
2330000 403
2331000 403
2332000 404
2333000 404
2334000 404
2335000 404
2336000 404
2337000 405
2338000 405
2339000 405
2340000 405
2341000 405
2342000 405
2343000 406
2344000 406
2345000 406
2346000 406
2347000 406
2348000 406
2349000 407
2350000 407
2351000 407
2352000 407
2353000 407
2354000 408
2355000 408
2356000 408
2357000 408
2358000 408
2359000 408
2360000 409
2361000 409
2362000 409
2363000 409
2364000 409
2365000 409
2366000 410
2367000 410
2368000 410
2369000 410
2370000 410
2371000 411
2372000 411
2373000 411
2374000 411
2375000 411
2376000 412
2377000 412
2378000 412
2379000 412
2380000 412
2381000 412
2382000 413
2383000 413
2384000 413
2385000 413
2386000 413
2387000 413
2388000 414
2389000 414
2390000 414
2391000 414
2392000 414
2393000 415
2394000 415
2395000 415
2396000 415
2397000 415
2398000 416
2399000 416
2400000 416
2401000 416
2402000 417
2403000 417
2404000 417
2405000 417
2406000 417
2407000 417
2408000 418
2409000 418
2410000 418
2411000 418
2412000 418
2413000 418
2414000 419
2415000 419
2416000 419
2417000 419
2418000 419
2419000 420
2420000 420
2421000 420
2422000 420
2423000 420
2424000 420
2425000 420
2426000 421
2427000 421
2428000 421
2429000 421
2430000 421
2431000 421
2432000 422
2433000 422
2434000 422
2435000 422
2436000 422
2437000 422
2438000 423
2439000 423
2440000 423
2441000 423
2442000 423
2443000 424
2444000 424
2445000 424
2446000 424
2447000 424
2448000 424
2449000 425
2450000 425
2451000 425
2452000 425
2453000 425
2454000 426
2455000 426
2456000 426
2457000 426
2458000 426
2459000 426
2460000 427
2461000 427
2462000 427
2463000 427
2464000 427
2465000 428
2466000 428
2467000 428
2468000 428
2469000 428
2470000 428
2471000 429
2472000 429
2473000 429
2474000 429
2475000 429
2476000 429
2477000 430
2478000 430
2479000 430
2480000 430
2481000 430
2482000 430
2483000 430
2484000 430
2485000 431
2486000 431
2487000 431
2488000 431
2489000 431
2490000 431
2491000 432
2492000 432
2493000 432
2494000 432
2495000 432
2496000 433
2497000 433
2498000 433
2499000 433
2500000 433
2501000 434
2502000 434
2503000 434
2504000 434
2505000 434
2506000 434
2507000 434
2508000 435
2509000 435
2510000 435
2511000 435
2512000 435
2513000 435
2514000 436
2515000 436
2516000 436
2517000 436
2518000 436
2519000 436
2520000 437
2521000 437
2522000 437
2523000 437
2524000 437
2525000 438
2526000 438
2527000 438
2528000 438
2529000 438
2530000 439
2531000 439
2532000 439
2533000 439
2534000 439
2535000 440
2536000 440
2537000 440
2538000 440
2539000 440
2540000 441
2541000 441
2542000 441
2543000 441
2544000 441
2545000 442
2546000 442
2547000 442
2548000 442
2549000 442
2550000 442
2551000 443
2552000 443
2553000 443
2554000 443
2555000 443
2556000 444
2557000 444
2558000 444
2559000 444
2560000 444
2561000 444
2562000 445
2563000 445
2564000 445
2565000 445
2566000 445
2567000 446
2568000 446
2569000 446
2570000 446
2571000 446
2572000 446
2573000 447
2574000 447
2575000 447
2576000 447
2577000 447
2578000 448
2579000 448
2580000 448
2581000 448
2582000 448
2583000 449
2584000 449
2585000 449
2586000 449
2587000 449
2588000 450
2589000 450
2590000 450
2591000 450
2592000 450
2593000 450
2594000 451
2595000 451
2596000 451
2597000 451
2598000 451
2599000 452
2600000 452
2601000 452
2602000 452
2603000 453
2604000 453
2605000 453
2606000 453
2607000 453
2608000 454
2609000 454
2610000 454
2611000 454
2612000 454
2613000 454
2614000 455
2615000 455
2616000 455
2617000 455
2618000 455
2619000 456
2620000 456
2621000 456
2622000 456
2623000 456
2624000 457
2625000 457
2626000 457
2627000 457
2628000 457
2629000 458
2630000 458
2631000 458
2632000 458
2633000 458
2634000 458
2635000 459
2636000 459
2637000 459
2638000 459
2639000 459
2640000 460
2641000 460
2642000 460
2643000 460
2644000 460
2645000 461
2646000 461
2647000 461
2648000 461
2649000 461
2650000 461
2651000 462
2652000 462
2653000 462
2654000 462
2655000 462
2656000 463
2657000 463
2658000 463
2659000 463
2660000 463
2661000 463
2662000 464
2663000 464
2664000 464
2665000 464
2666000 464
2667000 465
2668000 465
2669000 465
2670000 465
2671000 465
2672000 466
2673000 466
2674000 466
2675000 466
2676000 466
2677000 467
2678000 467
2679000 467
2680000 467
2681000 467
2682000 467
2683000 468
2684000 468
2685000 468
2686000 468
2687000 468
2688000 468
2689000 469
2690000 469
2691000 469
2692000 469
2693000 469
2694000 469
2695000 470
2696000 470
2697000 470
2698000 470
2699000 470
2700000 470
2701000 471
2702000 471
2703000 471
2704000 471
2705000 471
2706000 471
2707000 472
2708000 472
2709000 472
2710000 472
2711000 472
2712000 472
2713000 473
2714000 473
2715000 473
2716000 473
2717000 473
2718000 474
2719000 474
2720000 474
2721000 474
2722000 474
2723000 474
2724000 475
2725000 475
2726000 475
2727000 475
2728000 475
2729000 476
2730000 476
2731000 476
2732000 476
2733000 476
2734000 476
2735000 477
2736000 477
2737000 477
2738000 477
2739000 477
2740000 477
2741000 477
2742000 478
2743000 478
2744000 478
2745000 478
2746000 478
2747000 478
2748000 479
2749000 479
2750000 479
2751000 479
2752000 479
2753000 480
2754000 480
2755000 480
2756000 480
2757000 480
2758000 481
2759000 481
2760000 481
2761000 481
2762000 481
2763000 482
2764000 482
2765000 482
2766000 482
2767000 482
2768000 483
2769000 483
2770000 483
2771000 483
2772000 483
2773000 484
2774000 484
2775000 484
2776000 484
2777000 484
2778000 484
2779000 485
2780000 485
2781000 485
2782000 485
2783000 485
2784000 485
2785000 486
2786000 486
2787000 486
2788000 486
2789000 486
2790000 487
2791000 487
2792000 487
2793000 487
2794000 487
2795000 488
2796000 488
2797000 488
2798000 488
2799000 488
2800000 488
2801000 489
2802000 489
2803000 489
2804000 489
2805000 490
2806000 490
2807000 490
2808000 490
2809000 490
2810000 491
2811000 491
2812000 491
2813000 491
2814000 491
2815000 491
2816000 492
2817000 492
2818000 492
2819000 492
2820000 492
2821000 493
2822000 493
2823000 493
2824000 493
2825000 493
2826000 494
2827000 494
2828000 494
2829000 494
2830000 494
2831000 494
2832000 495
2833000 495
2834000 495
2835000 495
2836000 495
2837000 496
2838000 496
2839000 496
2840000 496
2841000 496
2842000 496
2843000 497
2844000 497
2845000 497
2846000 497
2847000 497
2848000 497
2849000 498
2850000 498
2851000 498
2852000 498
2853000 498
2854000 498
2855000 499
2856000 499
2857000 499
2858000 499
2859000 499
2860000 500
2861000 500
2862000 500
2863000 500
2864000 500
2865000 501
2866000 501
2867000 501
2868000 501
2869000 501
2870000 502
2871000 502
2872000 502
2873000 502
2874000 502
2875000 503
2876000 503
2877000 503
2878000 503
2879000 503
2880000 503
2881000 504
2882000 504
2883000 504
2884000 504
2885000 504
2886000 505
2887000 505
2888000 505
2889000 505
2890000 505
2891000 506
2892000 506
2893000 506
2894000 506
2895000 506
2896000 506
2897000 507
2898000 507
2899000 507
2900000 507
2901000 507
2902000 508
2903000 508
2904000 508
2905000 508
2906000 508
2907000 508
2908000 509
2909000 509
2910000 509
2911000 509
2912000 509
2913000 510
2914000 510
2915000 510
2916000 510
2917000 510
2918000 511
2919000 511
2920000 511
2921000 511
2922000 511
2923000 511
2924000 511
2925000 512
2926000 512
2927000 512
2928000 512
2929000 512
2930000 513
2931000 513
2932000 513
2933000 513
2934000 513
2935000 514
2936000 514
2937000 514
2938000 514
2939000 514
2940000 515
2941000 515
2942000 515
2943000 515
2944000 515
2945000 516
2946000 516
2947000 516
2948000 516
2949000 516
2950000 517
2951000 517
2952000 517
2953000 517
2954000 517
2955000 518
2956000 518
2957000 518
2958000 518
2959000 518
2960000 518
2961000 519
2962000 519
2963000 519
2964000 519
2965000 519
2966000 519
2967000 519
2968000 519
2969000 520
2970000 520
2971000 520
2972000 520
2973000 520
2974000 520
2975000 521
2976000 521
2977000 521
2978000 521
2979000 521
2980000 521
2981000 522
2982000 522
2983000 522
2984000 522
2985000 522
2986000 522
2987000 523
2988000 523
2989000 523
2990000 523
2991000 523
2992000 523
2993000 524
2994000 524
2995000 524
2996000 524
2997000 524
2998000 525
2999000 525
3000000 525
3001000 525
3002000 526
3003000 526
3004000 526
3005000 526
3006000 526
3007000 527
3008000 527
3009000 527
3010000 527
3011000 527
3012000 528
3013000 528
3014000 528
3015000 528
3016000 528
3017000 528
3018000 528
3019000 529
3020000 529
3021000 529
3022000 529
3023000 529
3024000 529
3025000 530
3026000 530
3027000 530
3028000 530
3029000 530
3030000 531
3031000 531
3032000 531
3033000 531
3034000 531
3035000 531
3036000 532
3037000 532
3038000 532
3039000 532
3040000 532
3041000 533
3042000 533
3043000 533
3044000 533
3045000 533
3046000 534
3047000 534
3048000 534
3049000 534
3050000 534
3051000 535
3052000 535
3053000 535
3054000 535
3055000 535
3056000 536
3057000 536
3058000 536
3059000 536
3060000 536
3061000 537
3062000 537
3063000 537
3064000 537
3065000 537
3066000 538
3067000 538
3068000 538
3069000 538
3070000 538
3071000 538
3072000 539
3073000 539
3074000 539
3075000 539
3076000 539
3077000 540
3078000 540
3079000 540
3080000 540
3081000 540
3082000 540
3083000 541
3084000 541
3085000 541
3086000 541
3087000 541
3088000 542
3089000 542
3090000 542
3091000 542
3092000 542
3093000 543
3094000 543
3095000 543
3096000 543
3097000 543
3098000 543
3099000 544
3100000 544
3101000 544
3102000 544
3103000 544
3104000 545
3105000 545
3106000 545
3107000 545
3108000 545
3109000 545
3110000 545
3111000 545
3112000 545
3113000 545
3114000 546
3115000 546
3116000 546
3117000 546
3118000 546
3119000 546
3120000 547
3121000 547
3122000 547
3123000 547
3124000 547
3125000 548
3126000 548
3127000 548
3128000 548
3129000 548
3130000 549
3131000 549
3132000 549
3133000 549
3134000 549
3135000 550
3136000 550
3137000 550
3138000 550
3139000 550
3140000 551
3141000 551
3142000 551
3143000 551
3144000 551
3145000 551
3146000 552
3147000 552
3148000 552
3149000 552
3150000 552
3151000 552
3152000 553
3153000 553
3154000 553
3155000 553
3156000 553
3157000 554
3158000 554
3159000 554
3160000 554
3161000 554
3162000 555
3163000 555
3164000 555
3165000 555
3166000 555
3167000 556
3168000 556
3169000 556
3170000 556
3171000 556
3172000 557
3173000 557
3174000 557
3175000 557
3176000 557
3177000 558
3178000 558
3179000 558
3180000 558
3181000 558
3182000 558
3183000 559
3184000 559
3185000 559
3186000 559
3187000 559
3188000 560
3189000 560
3190000 560
3191000 560
3192000 560
3193000 560
3194000 561
3195000 561
3196000 561
3197000 561
3198000 561
3199000 562
3200000 562
3201000 562
3202000 562
3203000 562
3204000 563
3205000 563
3206000 563
3207000 563
3208000 563
3209000 563
3210000 564
3211000 564
3212000 564
3213000 564
3214000 564
3215000 564
3216000 565
3217000 565
3218000 565
3219000 565
3220000 565
3221000 565
3222000 566
3223000 566
3224000 566
3225000 566
3226000 566
3227000 566
3228000 567
3229000 567
3230000 567
3231000 567
3232000 567
3233000 568
3234000 568
3235000 568
3236000 568
3237000 568
3238000 568
3239000 569
3240000 569
3241000 569
3242000 569
3243000 569
3244000 570
3245000 570
3246000 570
3247000 570
3248000 570
3249000 571
3250000 571
3251000 571
3252000 571
3253000 571
3254000 571
3255000 571
3256000 572
3257000 572
3258000 572
3259000 572
3260000 572
3261000 573
3262000 573
3263000 573
3264000 573
3265000 573
3266000 574
3267000 574
3268000 574
3269000 574
3270000 574
3271000 574
3272000 574
3273000 575
3274000 575
3275000 575
3276000 575
3277000 575
3278000 575
3279000 576
3280000 576
3281000 576
3282000 576
3283000 576
3284000 577
3285000 577
3286000 577
3287000 577
3288000 577
3289000 578
3290000 578
3291000 578
3292000 578
3293000 578
3294000 579
3295000 579
3296000 579
3297000 579
3298000 579
3299000 580
3300000 580
3301000 580
3302000 580
3303000 580
3304000 581
3305000 581
3306000 581
3307000 581
3308000 581
3309000 581
3310000 581
3311000 582
3312000 582
3313000 582
3314000 582
3315000 582
3316000 582
3317000 583
3318000 583
3319000 583
3320000 583
3321000 583
3322000 584
3323000 584
3324000 584
3325000 584
3326000 584
3327000 584
3328000 585
3329000 585
3330000 585
3331000 585
3332000 585
3333000 586
3334000 586
3335000 586
3336000 586
3337000 586
3338000 587
3339000 587
3340000 587
3341000 587
3342000 587
3343000 588
3344000 588
3345000 588
3346000 588
3347000 588
3348000 588
3349000 589
3350000 589
3351000 589
3352000 589
3353000 589
3354000 590
3355000 590
3356000 590
3357000 590
3358000 590
3359000 590
3360000 590
3361000 591
3362000 591
3363000 591
3364000 591
3365000 591
3366000 592
3367000 592
3368000 592
3369000 592
3370000 592
3371000 592
3372000 593
3373000 593
3374000 593
3375000 593
3376000 593
3377000 594
3378000 594
3379000 594
3380000 594
3381000 594
3382000 594
3383000 595
3384000 595
3385000 595
3386000 595
3387000 595
3388000 596
3389000 596
3390000 596
3391000 596
3392000 596
3393000 597
3394000 597
3395000 597
3396000 597
3397000 597
3398000 597
3399000 598
3400000 598
3401000 598
3402000 598
3403000 598
3404000 599
3405000 599
3406000 599
3407000 599
3408000 599
3409000 600
3410000 600
3411000 600
3412000 600
3413000 600
3414000 600
3415000 601
3416000 601
3417000 601
3418000 601
3419000 601
3420000 602
3421000 602
3422000 602
3423000 602
3424000 602
3425000 603
3426000 603
3427000 603
3428000 603
3429000 603
3430000 604
3431000 604
3432000 604
3433000 604
3434000 604
3435000 604
3436000 605
3437000 605
3438000 605
3439000 605
3440000 605
3441000 606
3442000 606
3443000 606
3444000 606
3445000 606
3446000 607
3447000 607
3448000 607
3449000 607
3450000 607
3451000 607
3452000 608
3453000 608
3454000 608
3455000 608
3456000 609
3457000 609
3458000 609
3459000 609
3460000 609
3461000 609
3462000 609
3463000 610
3464000 610
3465000 610
3466000 610
3467000 610
3468000 610
3469000 611
3470000 611
3471000 611
3472000 611
3473000 611
3474000 612
3475000 612
3476000 612
3477000 612
3478000 612
3479000 613
3480000 613
3481000 613
3482000 613
3483000 613
3484000 614
3485000 614
3486000 614
3487000 614
3488000 614
3489000 614
3490000 614
3491000 614
3492000 614
3493000 615
3494000 615
3495000 615
3496000 615
3497000 615
3498000 616
3499000 616
3500000 616
3501000 616
3502000 616
3503000 617
3504000 617
3505000 617
3506000 617
3507000 617
3508000 618
3509000 618
3510000 618
3511000 618
3512000 618
3513000 619
3514000 619
3515000 619
3516000 619
3517000 619
3518000 619
3519000 620
3520000 620
3521000 620
3522000 620
3523000 620
3524000 620
3525000 621
3526000 621
3527000 621
3528000 621
3529000 621
3530000 621
3531000 622
3532000 622
3533000 622
3534000 622
3535000 623
3536000 623
3537000 623
3538000 623
3539000 623
3540000 623
3541000 624
3542000 624
3543000 624
3544000 624
3545000 624
3546000 624
3547000 625
3548000 625
3549000 625
3550000 625
3551000 625
3552000 625
3553000 626
3554000 626
3555000 626
3556000 626
3557000 626
3558000 627
3559000 627
3560000 627
3561000 627
3562000 627
3563000 627
3564000 627
3565000 628
3566000 628
3567000 628
3568000 628
3569000 628
3570000 628
3571000 628
3572000 628
3573000 628
3574000 628
3575000 629
3576000 629
3577000 629
3578000 629
3579000 629
3580000 629
3581000 630
3582000 630
3583000 630
3584000 630
3585000 630
3586000 631
3587000 631
3588000 631
3589000 631
3590000 631
3591000 631
3592000 631
3593000 632
3594000 632
3595000 632
3596000 632
3597000 632
3598000 632
3599000 633
3600000 633
3601000 633
3602000 633
3603000 633
3604000 634
3605000 634
3606000 634
3607000 634
3608000 634
3609000 635
3610000 635
3611000 635
3612000 635
3613000 635
3614000 635
3615000 636
3616000 636
3617000 636
3618000 636
3619000 636
3620000 636
3621000 637
3622000 637
3623000 637
3624000 637
3625000 637
3626000 637
3627000 638
3628000 638
3629000 638
3630000 638
3631000 638
3632000 639
3633000 639
3634000 639
3635000 639
3636000 639
3637000 640
3638000 640
3639000 640
3640000 640
3641000 640
3642000 641
3643000 641
3644000 641
3645000 641
3646000 641
3647000 642
3648000 642
3649000 642
3650000 642
3651000 642
3652000 643
3653000 643
3654000 643
3655000 643
3656000 643
3657000 643
3658000 644
3659000 644
3660000 644
3661000 644
3662000 644
3663000 645
3664000 645
3665000 645
3666000 645
3667000 645
3668000 646
3669000 646
3670000 646
3671000 646
3672000 646
3673000 646
3674000 647
3675000 647
3676000 647
3677000 647
3678000 647
3679000 648
3680000 648
3681000 648
3682000 648
3683000 648
3684000 649
3685000 649
3686000 649
3687000 649
3688000 649
3689000 650
3690000 650
3691000 650
3692000 650
3693000 650
3694000 650
3695000 651
3696000 651
3697000 651
3698000 651
3699000 651
3700000 652
3701000 652
3702000 652
3703000 652
3704000 652
3705000 652
3706000 653
3707000 653
3708000 653
3709000 653
3710000 653
3711000 654
3712000 654
3713000 654
3714000 654
3715000 654
3716000 655
3717000 655
3718000 655
3719000 655
3720000 655
3721000 656
3722000 656
3723000 656
3724000 656
3725000 656
3726000 656
3727000 657
3728000 657
3729000 657
3730000 657
3731000 657
3732000 658
3733000 658
3734000 658
3735000 658
3736000 658
3737000 659
3738000 659
3739000 659
3740000 659
3741000 659
3742000 660
3743000 660
3744000 660
3745000 660
3746000 660
3747000 660
3748000 661
3749000 661
3750000 661
3751000 661
3752000 661
3753000 662
3754000 662
3755000 662
3756000 662
3757000 662
3758000 663
3759000 663
3760000 663
3761000 663
3762000 663
3763000 663
3764000 664
3765000 664
3766000 664
3767000 664
3768000 664
3769000 665
3770000 665
3771000 665
3772000 665
3773000 665
3774000 665
3775000 666
3776000 666
3777000 666
3778000 666
3779000 666
3780000 666
3781000 667
3782000 667
3783000 667
3784000 667
3785000 667
3786000 668
3787000 668
3788000 668
3789000 668
3790000 669
3791000 669
3792000 669
3793000 669
3794000 669
3795000 669
3796000 670
3797000 670
3798000 670
3799000 670
3800000 670
3801000 671
3802000 671
3803000 671
3804000 671
3805000 671
3806000 672
3807000 672
3808000 672
3809000 672
3810000 672
3811000 673
3812000 673
3813000 673
3814000 673
3815000 673
3816000 673
3817000 674
3818000 674
3819000 674
3820000 674
3821000 674
3822000 675
3823000 675
3824000 675
3825000 675
3826000 675
3827000 675
3828000 676
3829000 676
3830000 676
3831000 676
3832000 676
3833000 676
3834000 677
3835000 677
3836000 677
3837000 677
3838000 677
3839000 677
3840000 678
3841000 678
3842000 678
3843000 678
3844000 678
3845000 679
3846000 679
3847000 679
3848000 679
3849000 679
3850000 679
3851000 680
3852000 680
3853000 680
3854000 680
3855000 680
3856000 681
3857000 681
3858000 681
3859000 681
3860000 681
3861000 682
3862000 682
3863000 682
3864000 682
3865000 682
3866000 682
3867000 683
3868000 683
3869000 683
3870000 683
3871000 683
3872000 683
3873000 684
3874000 684
3875000 684
3876000 684
3877000 684
3878000 685
3879000 685
3880000 685
3881000 685
3882000 685
3883000 685
3884000 686
3885000 686
3886000 686
3887000 686
3888000 686
3889000 686
3890000 687
3891000 687
3892000 687
3893000 687
3894000 687
3895000 687
3896000 688
3897000 688
3898000 688
3899000 688
3900000 688
3901000 689
3902000 689
3903000 689
3904000 689
3905000 689
3906000 690
3907000 690
3908000 690
3909000 690
3910000 690
3911000 691
3912000 691
3913000 691
3914000 691
3915000 691
3916000 692
3917000 692
3918000 692
3919000 692
3920000 692
3921000 693
3922000 693
3923000 693
3924000 693
3925000 693
3926000 694
3927000 694
3928000 694
3929000 694
3930000 694
3931000 695
3932000 695
3933000 695
3934000 695
3935000 696
3936000 696
3937000 696
3938000 696
3939000 696
3940000 696
3941000 697
3942000 697
3943000 697
3944000 697
3945000 697
3946000 697
3947000 698
3948000 698
3949000 698
3950000 698
3951000 698
3952000 698
3953000 699
3954000 699
3955000 699
3956000 699
3957000 699
3958000 699
3959000 700
3960000 700
3961000 700
3962000 700
3963000 700
3964000 700
3965000 701
3966000 701
3967000 701
3968000 701
3969000 701
3970000 702
3971000 702
3972000 702
3973000 702
3974000 702
3975000 702
3976000 703
3977000 703
3978000 703
3979000 703
3980000 703
3981000 703
3982000 704
3983000 704
3984000 704
3985000 704
3986000 704
3987000 705
3988000 705
3989000 705
3990000 705
3991000 705
3992000 706
3993000 706
3994000 706
3995000 706
3996000 706
3997000 707
3998000 707
3999000 707
4000000 707
4001000 707
4002000 707
4003000 708
4004000 708
4005000 708
4006000 708
4007000 708
4008000 709
4009000 709
4010000 709
4011000 709
4012000 709
4013000 710
4014000 710
4015000 710
4016000 710
4017000 710
4018000 711
4019000 711
4020000 711
4021000 711
4022000 711
4023000 711
4024000 712
4025000 712
4026000 712
4027000 712
4028000 712
4029000 712
4030000 713
4031000 713
4032000 713
4033000 713
4034000 713
4035000 714
4036000 714
4037000 714
4038000 714
4039000 714
4040000 715
4041000 715
4042000 715
4043000 715
4044000 715
4045000 715
4046000 716
4047000 716
4048000 716
4049000 716
4050000 716
4051000 717
4052000 717
4053000 717
4054000 717
4055000 717
4056000 717
4057000 717
4058000 718
4059000 718
4060000 718
4061000 718
4062000 718
4063000 718
4064000 719
4065000 719
4066000 719
4067000 719
4068000 719
4069000 720
4070000 720
4071000 720
4072000 720
4073000 720
4074000 720
4075000 721
4076000 721
4077000 721
4078000 721
4079000 721
4080000 721
4081000 722
4082000 722
4083000 722
4084000 722
4085000 722
4086000 722
4087000 723
4088000 723
4089000 723
4090000 723
4091000 723
4092000 723
4093000 723
4094000 723
4095000 724
4096000 724
4097000 724
4098000 724
4099000 724
4100000 724
4101000 724
4102000 725
4103000 725
4104000 725
4105000 725
4106000 725
4107000 726
4108000 726
4109000 726
4110000 726
4111000 726
4112000 727
4113000 727
4114000 727
4115000 727
4116000 727
4117000 728
4118000 728
4119000 728
4120000 728
4121000 728
4122000 729
4123000 729
4124000 729
4125000 729
4126000 729
4127000 729
4128000 730
4129000 730
4130000 730
4131000 730
4132000 730
4133000 730
4134000 731
4135000 731
4136000 731
4137000 731
4138000 731
4139000 732
4140000 732
4141000 732
4142000 732
4143000 732
4144000 733
4145000 733
4146000 733
4147000 733
4148000 733
4149000 734
4150000 734
4151000 734
4152000 734
4153000 734
4154000 734
4155000 735
4156000 735
4157000 735
4158000 735
4159000 735
4160000 736
4161000 736
4162000 736
4163000 736
4164000 736
4165000 737
4166000 737
4167000 737
4168000 737
4169000 737
4170000 738
4171000 738
4172000 738
4173000 738
4174000 738
4175000 739
4176000 739
4177000 739
4178000 739
4179000 739
4180000 740
4181000 740
4182000 740
4183000 740
4184000 740
4185000 740
4186000 740
4187000 741
4188000 741
4189000 741
4190000 741
4191000 741
4192000 742
4193000 742
4194000 742
4195000 742
4196000 742
4197000 743
4198000 743
4199000 743
4200000 743
4201000 743
4202000 744
4203000 744
4204000 744
4205000 744
4206000 744
4207000 745
4208000 745
4209000 745
4210000 745
4211000 745
4212000 746
4213000 746
4214000 746
4215000 746
4216000 746
4217000 747
4218000 747
4219000 747
4220000 747
4221000 747
4222000 747
4223000 748
4224000 748
4225000 748
4226000 748
4227000 748
4228000 749
4229000 749
4230000 749
4231000 749
4232000 749
4233000 750
4234000 750
4235000 750
4236000 750
4237000 750
4238000 751
4239000 751
4240000 751
4241000 751
4242000 751
4243000 752
4244000 752
4245000 752
4246000 752
4247000 752
4248000 752
4249000 752
4250000 753
4251000 753
4252000 753
4253000 753
4254000 753
4255000 754
4256000 754
4257000 754
4258000 754
4259000 754
4260000 754
4261000 755
4262000 755
4263000 755
4264000 755
4265000 755
4266000 756
4267000 756
4268000 756
4269000 756
4270000 756
4271000 757
4272000 757
4273000 757
4274000 757
4275000 757
4276000 757
4277000 758
4278000 758
4279000 758
4280000 758
4281000 758
4282000 759
4283000 759
4284000 759
4285000 759
4286000 759
4287000 759
4288000 760
4289000 760
4290000 760
4291000 760
4292000 760
4293000 760
4294000 761
4295000 761
4296000 761
4297000 761
4298000 761
4299000 762
4300000 762
4301000 762
4302000 762
4303000 762
4304000 762
4305000 763
4306000 763
4307000 763
4308000 763
4309000 763
4310000 764
4311000 764
4312000 764
4313000 764
4314000 764
4315000 765
4316000 765
4317000 765
4318000 765
4319000 765
4320000 766
4321000 766
4322000 766
4323000 766
4324000 766
4325000 767
4326000 767
4327000 767
4328000 767
4329000 767
4330000 768
4331000 768
4332000 768
4333000 768
4334000 768
4335000 768
4336000 769
4337000 769
4338000 769
4339000 769
4340000 769
4341000 770
4342000 770
4343000 770
4344000 770
4345000 770
4346000 771
4347000 771
4348000 771
4349000 771
4350000 771
4351000 771
4352000 771
4353000 771
4354000 771
4355000 771
4356000 772
4357000 772
4358000 772
4359000 772
4360000 772
4361000 772
4362000 773
4363000 773
4364000 773
4365000 773
4366000 773
4367000 773
4368000 774
4369000 774
4370000 774
4371000 774
4372000 774
4373000 774
4374000 775
4375000 775
4376000 775
4377000 775
4378000 775
4379000 776
4380000 776
4381000 776
4382000 776
4383000 776
4384000 777
4385000 777
4386000 777
4387000 777
4388000 777
4389000 778
4390000 778
4391000 778
4392000 778
4393000 778
4394000 778
4395000 778
4396000 779
4397000 779
4398000 779
4399000 779
4400000 779
4401000 779
4402000 780
4403000 780
4404000 780
4405000 780
4406000 780
4407000 781
4408000 781
4409000 781
4410000 781
4411000 781
4412000 781
4413000 782
4414000 782
4415000 782
4416000 782
4417000 782
4418000 782
4419000 783
4420000 783
4421000 783
4422000 783
4423000 783
4424000 783
4425000 784
4426000 784
4427000 784
4428000 784
4429000 784
4430000 785
4431000 785
4432000 785
4433000 785
4434000 785
4435000 785
4436000 786
4437000 786
4438000 786
4439000 786
4440000 786
4441000 787
4442000 787
4443000 787
4444000 787
4445000 787
4446000 788
4447000 788
4448000 788
4449000 788
4450000 788
4451000 789
4452000 789
4453000 789
4454000 789
4455000 789
4456000 789
4457000 790
4458000 790
4459000 790
4460000 790
4461000 790
4462000 790
4463000 790
4464000 790
4465000 791
4466000 791
4467000 791
4468000 791
4469000 791
4470000 791
4471000 792
4472000 792
4473000 792
4474000 792
4475000 792
4476000 793
4477000 793
4478000 793
4479000 793
4480000 793
4481000 794
4482000 794
4483000 794
4484000 794
4485000 794
4486000 795
4487000 795
4488000 795
4489000 795
4490000 795
4491000 796
4492000 796
4493000 796
4494000 796
4495000 796
4496000 796
4497000 797
4498000 797
4499000 797
4500000 797
4501000 797
4502000 798
4503000 798
4504000 798
4505000 798
4506000 798
4507000 799
4508000 799
4509000 799
4510000 799
4511000 799
4512000 800
4513000 800
4514000 800
4515000 800
4516000 800
4517000 800
4518000 801
4519000 801
4520000 801
4521000 801
4522000 801
4523000 801
4524000 802
4525000 802
4526000 802
4527000 802
4528000 803
4529000 803
4530000 803
4531000 803
4532000 803
4533000 803
4534000 803
4535000 804
4536000 804
4537000 804
4538000 804
4539000 804
4540000 805
4541000 805
4542000 805
4543000 805
4544000 805
4545000 806
4546000 806
4547000 806
4548000 806
4549000 806
4550000 807
4551000 807
4552000 807
4553000 807
4554000 807
4555000 807
4556000 808
4557000 808
4558000 808
4559000 808
4560000 808
4561000 808
4562000 809
4563000 809
4564000 809
4565000 809
4566000 809
4567000 810
4568000 810
4569000 810
4570000 810
4571000 810
4572000 810
4573000 811
4574000 811
4575000 811
4576000 811
4577000 811
4578000 812
4579000 812
4580000 812
4581000 812
4582000 812
4583000 812
4584000 813
4585000 813
4586000 813
4587000 813
4588000 813
4589000 814
4590000 814
4591000 814
4592000 814
4593000 814
4594000 814
4595000 815
4596000 815
4597000 815
4598000 815
4599000 815
4600000 815
4601000 815
4602000 816
4603000 816
4604000 816
4605000 816
4606000 816
4607000 817
4608000 817
4609000 817
4610000 817
4611000 817
4612000 818
4613000 818
4614000 818
4615000 818
4616000 818
4617000 818
4618000 819
4619000 819
4620000 819
4621000 819
4622000 819
4623000 819
4624000 820
4625000 820
4626000 820
4627000 820
4628000 820
4629000 821
4630000 821
4631000 821
4632000 821
4633000 822
4634000 822
4635000 822
4636000 822
4637000 822
4638000 823
4639000 823
4640000 823
4641000 823
4642000 823
4643000 824
4644000 824
4645000 824
4646000 824
4647000 824
4648000 825
4649000 825
4650000 825
4651000 825
4652000 825
4653000 826
4654000 826
4655000 826
4656000 826
4657000 826
4658000 827
4659000 827
4660000 827
4661000 827
4662000 827
4663000 828
4664000 828
4665000 828
4666000 828
4667000 828
4668000 829
4669000 829
4670000 829
4671000 829
4672000 829
4673000 830
4674000 830
4675000 830
4676000 830
4677000 830
4678000 831
4679000 831
4680000 831
4681000 831
4682000 831
4683000 831
4684000 832
4685000 832
4686000 832
4687000 832
4688000 832
4689000 832
4690000 832
4691000 833
4692000 833
4693000 833
4694000 833
4695000 833
4696000 834
4697000 834
4698000 834
4699000 834
4700000 834
4701000 834
4702000 835
4703000 835
4704000 835
4705000 835
4706000 835
4707000 835
4708000 835
4709000 836
4710000 836
4711000 836
4712000 836
4713000 836
4714000 836
4715000 837
4716000 837
4717000 837
4718000 837
4719000 837
4720000 838
4721000 838
4722000 838
4723000 838
4724000 838
4725000 838
4726000 838
4727000 839
4728000 839
4729000 839
4730000 839
4731000 839
4732000 839
4733000 840
4734000 840
4735000 840
4736000 840
4737000 840
4738000 840
4739000 841
4740000 841
4741000 841
4742000 841
4743000 841
4744000 841
4745000 842
4746000 842
4747000 842
4748000 842
4749000 842
4750000 843
4751000 843
4752000 843
4753000 843
4754000 843
4755000 844
4756000 844
4757000 844
4758000 844
4759000 844
4760000 845
4761000 845
4762000 845
4763000 845
4764000 845
4765000 845
4766000 846
4767000 846
4768000 846
4769000 846
4770000 846
4771000 846
4772000 847
4773000 847
4774000 847
4775000 847
4776000 847
4777000 848
4778000 848
4779000 848
4780000 848
4781000 848
4782000 848
4783000 849
4784000 849
4785000 849
4786000 849
4787000 849
4788000 850
4789000 850
4790000 850
4791000 850
4792000 850
4793000 851
4794000 851
4795000 851
4796000 851
4797000 851
4798000 851
4799000 851
4800000 852
4801000 852
4802000 852
4803000 852
4804000 852
4805000 852
4806000 853
4807000 853
4808000 853
4809000 853
4810000 853
4811000 854
4812000 854
4813000 854
4814000 854
4815000 854
4816000 855
4817000 855
4818000 855
4819000 855
4820000 855
4821000 855
4822000 855
4823000 855
4824000 856
4825000 856
4826000 856
4827000 856
4828000 856
4829000 856
4830000 857
4831000 857
4832000 857
4833000 857
4834000 857
4835000 858
4836000 858
4837000 858
4838000 858
4839000 858
4840000 859
4841000 859
4842000 859
4843000 859
4844000 859
4845000 859
4846000 860
4847000 860
4848000 860
4849000 860
4850000 860
4851000 860
4852000 860
4853000 861
4854000 861
4855000 861
4856000 861
4857000 861
4858000 861
4859000 862
4860000 862
4861000 862
4862000 862
4863000 862
4864000 862
4865000 863
4866000 863
4867000 863
4868000 863
4869000 863
4870000 864
4871000 864
4872000 864
4873000 864
4874000 864
4875000 865
4876000 865
4877000 865
4878000 865
4879000 865
4880000 866
4881000 866
4882000 866
4883000 866
4884000 866
4885000 866
4886000 867
4887000 867
4888000 867
4889000 867
4890000 867
4891000 868
4892000 868
4893000 868
4894000 868
4895000 868
4896000 868
4897000 869
4898000 869
4899000 869
4900000 869
4901000 869
4902000 870
4903000 870
4904000 870
4905000 870
4906000 870
4907000 871
4908000 871
4909000 871
4910000 871
4911000 871
4912000 871
4913000 872
4914000 872
4915000 872
4916000 872
4917000 872
4918000 873
4919000 873
4920000 873
4921000 873
4922000 873
4923000 874
4924000 874
4925000 874
4926000 874
4927000 874
4928000 875
4929000 875
4930000 875
4931000 875
4932000 875
4933000 876
4934000 876
4935000 876
4936000 876
4937000 876
4938000 877
4939000 877
4940000 877
4941000 877
4942000 877
4943000 877
4944000 878
4945000 878
4946000 878
4947000 878
4948000 878
4949000 878
4950000 879
4951000 879
4952000 879
4953000 879
4954000 879
4955000 880
4956000 880
4957000 880
4958000 880
4959000 880
4960000 880
4961000 881
4962000 881
4963000 881
4964000 881
4965000 881
4966000 881
4967000 882
4968000 882
4969000 882
4970000 882
4971000 882
4972000 883
4973000 883
4974000 883
4975000 883
4976000 883
4977000 884
4978000 884
4979000 884
4980000 884
4981000 884
4982000 885
4983000 885
4984000 885
4985000 885
4986000 885
4987000 885
4988000 885
4989000 886
4990000 886
4991000 886
4992000 886
4993000 886
4994000 887
4995000 887
4996000 887
4997000 887
4998000 887
4999000 888
5000000 888
