0 0
1000 0
2000 0
3000 0
4000 0
5000 0
6000 1
7000 1
8000 1
9000 1
10000 1
11000 2
12000 2
13000 2
14000 2
15000 2
16000 3
17000 3
18000 3
19000 3
20000 3
21000 4
22000 4
23000 4
24000 4
25000 4
26000 5
27000 5
28000 5
29000 5
30000 5
31000 6
32000 6
33000 6
34000 6
35000 6
36000 7
37000 7
38000 7
39000 7
40000 7
41000 7
42000 8
43000 8
44000 8
45000 8
46000 8
47000 9
48000 9
49000 9
50000 9
51000 9
52000 10
53000 10
54000 10
55000 10
56000 10
57000 11
58000 11
59000 11
60000 11
61000 11
62000 11
63000 11
64000 12
65000 12
66000 12
67000 12
68000 12
69000 13
70000 13
71000 13
72000 13
73000 13
74000 14
75000 14
76000 14
77000 14
78000 14
79000 15
80000 15
81000 15
82000 15
83000 15
84000 15
85000 16
86000 16
87000 16
88000 16
89000 16
90000 17
91000 17
92000 17
93000 17
94000 17
95000 18
96000 18
97000 18
98000 18
99000 18
100000 18
101000 19
102000 19
103000 19
104000 19
105000 19
106000 19
107000 19
108000 20
109000 20
110000 20
111000 20
112000 20
113000 20
114000 21
115000 21
116000 21
117000 21
118000 21
119000 22
120000 22
121000 22
122000 22
123000 22
124000 23
125000 23
126000 23
127000 23
128000 23
129000 24
130000 24
131000 24
132000 24
133000 25
134000 25
135000 25
136000 25
137000 25
138000 25
139000 25
140000 25
141000 26
142000 26
143000 26
144000 26
145000 26
146000 27
147000 27
148000 27
149000 27
150000 27
151000 28
152000 28
153000 28
154000 28
155000 28
156000 28
157000 29
158000 29
159000 29
160000 29
161000 29
162000 30
163000 30
164000 30
165000 30
166000 30
167000 30
168000 30
169000 30
170000 31
171000 31
172000 31
173000 31
174000 31
175000 32
176000 32
177000 32
178000 32
179000 32
180000 32
181000 33
182000 33
183000 33
184000 33
185000 34
186000 34
187000 34
188000 34
189000 34
190000 34
191000 35
192000 35
193000 35
194000 35
195000 35
196000 35
197000 36
198000 36
199000 36
200000 36
201000 36
202000 37
203000 37
204000 37
205000 37
206000 37
207000 38
208000 38
209000 38
210000 38
211000 38
212000 39
213000 39
214000 39
215000 39
216000 39
217000 40
218000 40
219000 40
220000 40
221000 40
222000 41
223000 41
224000 41
225000 41
226000 41
227000 42
228000 42
229000 42
230000 42
231000 42
232000 42
233000 43
234000 43
235000 43
236000 43
237000 43
238000 44
239000 44
240000 44
241000 44
242000 44
243000 44
244000 45
245000 45
246000 45
247000 45
248000 45
249000 46
250000 46
251000 46
252000 46
253000 46
254000 46
255000 47
256000 47
257000 47
258000 47
259000 47
260000 47
261000 48
262000 48
263000 48
264000 48
265000 48
266000 48
267000 49
268000 49
269000 49
270000 49
271000 49
272000 49
273000 50
274000 50
275000 50
276000 50
277000 50
278000 51
279000 51
280000 51
281000 51
282000 51
283000 51
284000 52
285000 52
286000 52
287000 52
288000 52
289000 53
290000 53
291000 53
292000 53
293000 53
294000 54
295000 54
296000 54
297000 54
298000 54
299000 54
300000 55
301000 55
302000 55
303000 55
304000 55
305000 55
306000 55
307000 56
308000 56
309000 56
310000 56
311000 56
312000 57
313000 57
314000 57
315000 57
316000 57
317000 58
318000 58
319000 58
320000 58
321000 58
322000 59
323000 59
324000 59
325000 59
326000 59
327000 59
328000 60
329000 60
330000 60
331000 60
332000 60
333000 60
334000 61
335000 61
336000 61
337000 61
338000 61
339000 62
340000 62
341000 62
342000 62
343000 62
344000 63
345000 63
346000 63
347000 63
348000 63
349000 64
350000 64
351000 64
352000 64
353000 64
354000 65
355000 65
356000 65
357000 65
358000 65
359000 66
360000 66
361000 66
362000 66
363000 66
364000 67
365000 67
366000 67
367000 67
368000 67
369000 67
370000 67
371000 68
372000 68
373000 68
374000 68
375000 68
376000 69
377000 69
378000 69
379000 69
380000 69
381000 69
382000 69
383000 70
384000 70
385000 70
386000 70
387000 70
388000 70
389000 71
390000 71
391000 71
392000 71
393000 71
394000 71
395000 72
396000 72
397000 72
398000 72
399000 72
400000 73
401000 73
402000 73
403000 73
404000 73
405000 73
406000 74
407000 74
408000 74
409000 74
410000 74
411000 75
412000 75
413000 75
414000 75
415000 75
416000 75
417000 76
418000 76
419000 76
420000 76
421000 76
422000 76
423000 76
424000 77
425000 77
426000 77
427000 77
428000 77
429000 78
430000 78
431000 78
432000 78
433000 78
434000 78
435000 79
436000 79
437000 79
438000 79
439000 79
440000 80
441000 80
442000 80
443000 80
444000 80
445000 81
446000 81
447000 81
448000 81
449000 81
450000 81
451000 82
452000 82
453000 82
454000 82
455000 82
456000 83
457000 83
458000 83
459000 83
460000 83
461000 84
462000 84
463000 84
464000 84
465000 84
466000 85
467000 85
468000 85
469000 85
470000 85
471000 86
472000 86
473000 86
474000 86
475000 86
476000 86
477000 87
478000 87
479000 87
480000 87
481000 87
482000 87
483000 88
484000 88
485000 88
486000 88
487000 88
488000 89
489000 89
490000 89
491000 89
492000 89
493000 90
494000 90
495000 90
496000 90
497000 90
498000 90
499000 91
500000 91
501000 91
502000 91
503000 91
504000 91
505000 92
506000 92
507000 92
508000 92
509000 92
510000 92
511000 93
512000 93
513000 93
514000 93
515000 93
516000 93
517000 93
518000 94
519000 94
520000 94
521000 94
522000 94
523000 95
524000 95
525000 95
526000 95
527000 95
528000 95
529000 96
530000 96
531000 96
532000 96
533000 96
534000 97
535000 97
536000 97
537000 97
538000 97
539000 98
540000 98
541000 98
542000 98
543000 98
544000 99
545000 99
546000 99
547000 99
548000 99
549000 99
550000 100
551000 100
552000 100
553000 100
554000 100
555000 101
556000 101
557000 101
558000 101
559000 101
560000 102
561000 102
562000 102
563000 102
564000 102
565000 102
566000 103
567000 103
568000 103
569000 103
570000 103
571000 104
572000 104
573000 104
574000 104
575000 104
576000 105
577000 105
578000 105
579000 105
580000 105
581000 105
582000 106
583000 106
584000 106
585000 106
586000 106
587000 107
588000 107
589000 107
590000 107
591000 107
592000 108
593000 108
594000 108
595000 108
596000 108
597000 108
598000 108
599000 108
600000 109
601000 109
602000 109
603000 109
604000 109
605000 109
606000 110
607000 110
608000 110
609000 110
610000 110
611000 110
612000 111
613000 111
614000 111
615000 111
616000 111
617000 111
618000 111
619000 111
620000 111
621000 112
622000 112
623000 112
624000 112
625000 112
626000 113
627000 113
628000 113
629000 113
630000 113
631000 114
632000 114
633000 114
634000 114
635000 114
636000 114
637000 114
638000 115
639000 115
640000 115
641000 115
642000 115
643000 115
644000 116
645000 116
646000 116
647000 116
648000 116
649000 116
650000 117
651000 117
652000 117
653000 117
654000 117
655000 118
656000 118
657000 118
658000 118
659000 118
660000 119
661000 119
662000 119
663000 119
664000 119
665000 119
666000 120
667000 120
668000 120
669000 120
670000 120
671000 120
672000 121
673000 121
674000 121
675000 121
676000 121
677000 122
678000 122
679000 122
680000 122
681000 122
682000 122
683000 123
684000 123
685000 123
686000 123
687000 123
688000 124
689000 124
690000 124
691000 124
692000 124
693000 124
694000 124
695000 125
696000 125
697000 125
698000 125
699000 125
700000 126
701000 126
702000 126
703000 126
704000 126
705000 127
706000 127
707000 127
708000 127
709000 127
710000 128
711000 128
712000 128
713000 128
714000 128
715000 129
716000 129
717000 129
718000 129
719000 129
720000 130
721000 130
722000 130
723000 130
724000 130
725000 131
726000 131
727000 131
728000 131
729000 131
730000 132
731000 132
732000 132
733000 132
734000 132
735000 133
736000 133
737000 133
738000 133
739000 133
740000 133
741000 134
742000 134
743000 134
744000 134
745000 134
746000 134
747000 135
748000 135
749000 135
750000 135
751000 135
752000 135
753000 136
754000 136
755000 136
756000 136
757000 136
758000 137
759000 137
760000 137
761000 137
762000 137
763000 137
764000 138
765000 138
766000 138
767000 138
768000 138
769000 138
770000 138
771000 139
772000 139
773000 139
774000 139
775000 139
776000 140
777000 140
778000 140
779000 140
780000 140
781000 141
782000 141
783000 141
784000 141
785000 141
786000 141
787000 142
788000 142
789000 142
790000 142
791000 142
792000 143
793000 143
794000 143
795000 143
796000 143
797000 144
798000 144
799000 144
800000 144
801000 144
802000 145
803000 145
804000 145
805000 145
806000 145
807000 146
808000 146
809000 146
810000 146
811000 146
812000 146
813000 147
814000 147
815000 147
816000 147
817000 147
818000 148
819000 148
820000 148
821000 148
822000 148
823000 148
824000 149
825000 149
826000 149
827000 149
828000 149
829000 150
830000 150
831000 150
832000 150
833000 150
834000 150
835000 151
836000 151
837000 151
838000 151
839000 151
840000 151
841000 152
842000 152
843000 152
844000 152
845000 152
846000 152
847000 153
848000 153
849000 153
850000 153
851000 153
852000 154
853000 154
854000 154
855000 154
856000 154
857000 154
858000 155
859000 155
860000 155
861000 155
862000 155
863000 155
864000 156
865000 156
866000 156
867000 156
868000 156
869000 156
870000 157
871000 157
872000 157
873000 157
874000 157
875000 158
876000 158
877000 158
878000 158
879000 158
880000 159
881000 159
882000 159
883000 159
884000 159
885000 159
886000 159
887000 160
888000 160
889000 160
890000 160
891000 160
892000 160
893000 161
894000 161
895000 161
896000 161
897000 161
898000 161
899000 162
900000 162
901000 162
902000 162
903000 162
904000 163
905000 163
906000 163
907000 163
908000 163
909000 163
910000 163
911000 163
912000 164
913000 164
914000 164
915000 164
916000 164
917000 165
918000 165
919000 165
920000 165
921000 165
922000 165
923000 166
924000 166
925000 166
926000 166
927000 166
928000 166
929000 167
930000 167
931000 167
932000 167
933000 167
934000 167
935000 168
936000 168
937000 168
938000 168
939000 168
940000 169
941000 169
942000 169
943000 169
944000 169
945000 170
946000 170
947000 170
948000 170
949000 170
950000 171
951000 171
952000 171
953000 171
954000 171
955000 172
956000 172
957000 172
958000 172
959000 172
960000 173
961000 173
962000 173
963000 173
964000 173
965000 173
966000 174
967000 174
968000 174
969000 174
970000 174
971000 174
972000 175
973000 175
974000 175
975000 175
976000 175
977000 176
978000 176
979000 176
980000 176
981000 176
982000 176
983000 177
984000 177
985000 177
986000 177
987000 177
988000 177
989000 177
990000 178
991000 178
992000 178
993000 178
994000 178
995000 179
996000 179
997000 179
998000 179
999000 179
1000000 179
1001000 180
1002000 180
1003000 180
1004000 180
1005000 180
1006000 181
1007000 181
1008000 181
1009000 181
1010000 181
1011000 182
1012000 182
1013000 182
1014000 182
1015000 182
1016000 183
1017000 183
1018000 183
1019000 183
1020000 183
1021000 183
1022000 184
1023000 184
1024000 184
1025000 184
1026000 184
1027000 184
1028000 185
1029000 185
1030000 185
1031000 185
1032000 185
1033000 186
1034000 186
1035000 186
1036000 186
1037000 186
1038000 187
1039000 187
1040000 187
1041000 187
1042000 187
1043000 187
1044000 188
1045000 188
1046000 188
1047000 188
1048000 188
1049000 188
1050000 189
1051000 189
1052000 189
1053000 189
1054000 189
1055000 189
1056000 190
1057000 190
1058000 190
1059000 190
1060000 190
1061000 191
1062000 191
1063000 191
1064000 191
1065000 191
1066000 191
1067000 192
1068000 192
1069000 192
1070000 192
1071000 192
1072000 193
1073000 193
1074000 193
1075000 193
1076000 193
1077000 194
1078000 194
1079000 194
1080000 194
1081000 194
1082000 195
1083000 195
1084000 195
1085000 195
1086000 195
1087000 195
1088000 196
1089000 196
1090000 196
1091000 196
1092000 196
1093000 197
1094000 197
1095000 197
1096000 197
1097000 197
1098000 198
1099000 198
1100000 198
1101000 198
1102000 199
1103000 199
1104000 199
1105000 199
1106000 199
1107000 200
1108000 200
1109000 200
1110000 200
1111000 200
1112000 200
1113000 201
1114000 201
1115000 201
1116000 201
1117000 201
1118000 201
1119000 202
1120000 202
1121000 202
1122000 202
1123000 202
1124000 203
1125000 203
1126000 203
1127000 203
1128000 203
1129000 203
1130000 204
1131000 204
1132000 204
1133000 204
1134000 204
1135000 204
1136000 205
1137000 205
1138000 205
1139000 205
1140000 205
1141000 206
1142000 206
1143000 206
1144000 206
1145000 206
1146000 206
1147000 207
1148000 207
1149000 207
1150000 207
1151000 207
1152000 208
1153000 208
1154000 208
1155000 208
1156000 208
1157000 208
1158000 209
1159000 209
1160000 209
1161000 209
1162000 209
1163000 210
1164000 210
1165000 210
1166000 210
1167000 210
1168000 211
1169000 211
1170000 211
1171000 211
1172000 211
1173000 212
1174000 212
1175000 212
1176000 212
1177000 212
1178000 213
1179000 213
1180000 213
1181000 213
1182000 213
1183000 214
1184000 214
1185000 214
1186000 214
1187000 214
1188000 215
1189000 215
1190000 215
1191000 215
1192000 215
1193000 216
1194000 216
1195000 216
1196000 216
1197000 216
1198000 217
1199000 217
1200000 217
1201000 217
1202000 217
1203000 218
1204000 218
1205000 218
1206000 218
1207000 218
1208000 219
1209000 219
1210000 219
1211000 219
1212000 219
1213000 220
1214000 220
1215000 220
1216000 220
1217000 220
1218000 220
1219000 221
1220000 221
1221000 221
1222000 221
1223000 221
1224000 222
1225000 222
1226000 222
1227000 222
1228000 222
1229000 223
1230000 223
1231000 223
1232000 223
1233000 223
1234000 224
1235000 224
1236000 224
1237000 224
1238000 224
1239000 225
1240000 225
1241000 225
1242000 225
1243000 225
1244000 226
1245000 226
1246000 226
1247000 226
1248000 226
1249000 227
1250000 227
1251000 227
1252000 227
1253000 227
1254000 228
1255000 228
1256000 228
1257000 228
1258000 228
1259000 228
1260000 229
1261000 229
1262000 229
1263000 229
1264000 229
1265000 230
1266000 230
1267000 230
1268000 230
1269000 230
1270000 231
1271000 231
1272000 231
1273000 231
1274000 231
1275000 231
1276000 232
1277000 232
1278000 232
1279000 232
1280000 232
1281000 233
1282000 233
1283000 233
1284000 233
1285000 233
1286000 233
1287000 233
1288000 234
1289000 234
1290000 234
1291000 234
1292000 234
1293000 234
1294000 234
1295000 235
1296000 235
1297000 235
1298000 235
1299000 235
1300000 236
1301000 236
1302000 236
1303000 236
1304000 236
1305000 236
1306000 237
1307000 237
1308000 237
1309000 237
1310000 237
1311000 237
1312000 238
1313000 238
1314000 238
1315000 238
1316000 238
1317000 239
1318000 239
1319000 239
1320000 239
1321000 239
1322000 239
1323000 239
1324000 240
1325000 240
1326000 240
1327000 240
1328000 240
1329000 241
1330000 241
1331000 241
1332000 241
1333000 241
1334000 242
1335000 242
1336000 242
1337000 242
1338000 242
1339000 243
1340000 243
1341000 243
1342000 243
1343000 243
1344000 244
1345000 244
1346000 244
1347000 244
1348000 244
1349000 245
1350000 245
1351000 245
1352000 245
1353000 245
1354000 246
1355000 246
1356000 246
1357000 246
1358000 246
1359000 246
1360000 247
1361000 247
1362000 247
1363000 247
1364000 247
1365000 247
1366000 248
1367000 248
1368000 248
1369000 248
1370000 248
1371000 249
1372000 249
1373000 249
1374000 249
1375000 249
1376000 249
1377000 250
1378000 250
1379000 250
1380000 250
1381000 250
1382000 251
1383000 251
1384000 251
1385000 251
1386000 251
1387000 251
1388000 252
1389000 252
1390000 252
1391000 252
1392000 252
1393000 252
1394000 252
1395000 253
1396000 253
1397000 253
1398000 253
1399000 253
1400000 254
1401000 254
1402000 254
1403000 254
1404000 254
1405000 255
1406000 255
1407000 255
1408000 255
1409000 255
1410000 256
1411000 256
1412000 256
1413000 256
1414000 256
1415000 256
1416000 257
1417000 257
1418000 257
1419000 257
1420000 257
1421000 257
1422000 258
1423000 258
1424000 258
1425000 258
1426000 258
1427000 259
1428000 259
1429000 259
1430000 259
1431000 259
1432000 260
1433000 260
1434000 260
1435000 260
1436000 260
1437000 261
1438000 261
1439000 261
1440000 261
1441000 261
1442000 262
1443000 262
1444000 262
1445000 262
1446000 262
1447000 262
1448000 263
1449000 263
1450000 263
1451000 263
1452000 263
1453000 264
1454000 264
1455000 264
1456000 264
1457000 264
1458000 265
1459000 265
1460000 265
1461000 265
1462000 265
1463000 265
1464000 266
1465000 266
1466000 266
1467000 266
1468000 266
1469000 267
1470000 267
1471000 267
1472000 267
1473000 267
1474000 268
1475000 268
1476000 268
1477000 268
1478000 268
1479000 268
1480000 269
1481000 269
1482000 269
1483000 269
1484000 269
1485000 269
1486000 270
1487000 270
1488000 270
1489000 270
1490000 270
1491000 270
1492000 271
1493000 271
1494000 271
1495000 271
1496000 271
1497000 271
1498000 272
1499000 272
1500000 272
1501000 272
1502000 272
1503000 272
1504000 273
1505000 273
1506000 273
1507000 273
1508000 273
1509000 274
1510000 274
1511000 274
1512000 274
1513000 274
1514000 275
1515000 275
1516000 275
1517000 275
1518000 275
1519000 276
1520000 276
1521000 276
1522000 276
1523000 276
1524000 277
1525000 277
1526000 277
1527000 277
1528000 277
1529000 277
1530000 278
1531000 278
1532000 278
1533000 278
1534000 278
1535000 279
1536000 279
1537000 279
1538000 279
1539000 279
1540000 279
1541000 280
1542000 280
1543000 280
1544000 280
1545000 280
1546000 280
1547000 281
1548000 281
1549000 281
1550000 281
1551000 281
1552000 282
1553000 282
1554000 282
1555000 282
1556000 282
1557000 282
1558000 283
1559000 283
1560000 283
1561000 283
1562000 283
1563000 283
1564000 284
1565000 284
1566000 284
1567000 284
1568000 284
1569000 284
1570000 285
1571000 285
1572000 285
1573000 285
1574000 285
1575000 285
1576000 286
1577000 286
1578000 286
1579000 286
1580000 286
1581000 286
1582000 287
1583000 287
1584000 287
1585000 287
1586000 287
1587000 287
1588000 288
1589000 288
1590000 288
1591000 288
1592000 288
1593000 288
1594000 289
1595000 289
1596000 289
1597000 289
1598000 289
1599000 289
1600000 290
1601000 290
1602000 290
1603000 290
1604000 290
1605000 291
1606000 291
1607000 291
1608000 291
1609000 291
1610000 291
1611000 292
1612000 292
1613000 292
1614000 292
1615000 292
1616000 293
1617000 293
1618000 293
1619000 293
1620000 293
1621000 294
1622000 294
1623000 294
1624000 294
1625000 294
1626000 295
1627000 295
1628000 295
1629000 295
1630000 295
1631000 295
1632000 295
1633000 296
1634000 296
1635000 296
1636000 296
1637000 296
1638000 296
1639000 296
1640000 297
1641000 297
1642000 297
1643000 297
1644000 297
1645000 298
1646000 298
1647000 298
1648000 298
1649000 298
1650000 299
1651000 299
1652000 299
1653000 299
1654000 299
1655000 299
1656000 299
1657000 300
1658000 300
1659000 300
1660000 300
1661000 300
1662000 301
1663000 301
1664000 301
1665000 301
1666000 301
1667000 302
1668000 302
1669000 302
1670000 302
1671000 302
1672000 303
1673000 303
1674000 303
1675000 303
1676000 303
1677000 303
1678000 304
1679000 304
1680000 304
1681000 304
1682000 304
1683000 305
1684000 305
1685000 305
1686000 305
1687000 305
1688000 305
1689000 306
1690000 306
1691000 306
1692000 306
1693000 306
1694000 306
1695000 306
1696000 307
1697000 307
1698000 307
1699000 307
1700000 307
1701000 307
1702000 308
1703000 308
1704000 308
1705000 308
1706000 308
1707000 308
1708000 309
1709000 309
1710000 309
1711000 309
1712000 309
1713000 309
1714000 310
1715000 310
1716000 310
1717000 310
1718000 310
1719000 311
1720000 311
1721000 311
1722000 311
1723000 311
1724000 312
1725000 312
1726000 312
1727000 312
1728000 312
1729000 313
1730000 313
1731000 313
1732000 313
1733000 313
1734000 313
1735000 314
1736000 314
1737000 314
1738000 314
1739000 314
1740000 314
1741000 315
1742000 315
1743000 315
1744000 315
1745000 315
1746000 315
1747000 315
1748000 316
1749000 316
1750000 316
1751000 316
1752000 316
1753000 317
1754000 317
1755000 317
1756000 317
1757000 317
1758000 318
1759000 318
1760000 318
1761000 318
1762000 318
1763000 319
1764000 319
1765000 319
1766000 319
1767000 319
1768000 320
1769000 320
1770000 320
1771000 320
1772000 321
1773000 321
1774000 321
1775000 321
1776000 321
1777000 322
1778000 322
1779000 322
1780000 322
1781000 322
1782000 323
1783000 323
1784000 323
1785000 323
1786000 323
1787000 323
1788000 324
1789000 324
1790000 324
1791000 324
1792000 324
1793000 325
1794000 325
1795000 325
1796000 325
1797000 325
1798000 326
1799000 326
1800000 326
1801000 326
1802000 326
1803000 326
1804000 327
1805000 327
1806000 327
1807000 327
1808000 327
1809000 328
1810000 328
1811000 328
1812000 328
1813000 328
1814000 329
1815000 329
1816000 329
1817000 329
1818000 329
1819000 330
1820000 330
1821000 330
1822000 330
1823000 330
1824000 331
1825000 331
1826000 331
1827000 331
1828000 331
1829000 332
1830000 332
1831000 332
1832000 332
1833000 332
1834000 332
1835000 333
1836000 333
1837000 333
1838000 333
1839000 333
1840000 333
1841000 334
1842000 334
1843000 334
1844000 334
1845000 334
1846000 335
1847000 335
1848000 335
1849000 335
1850000 335
1851000 335
1852000 336
1853000 336
1854000 336
1855000 336
1856000 336
1857000 337
1858000 337
1859000 337
1860000 337
1861000 337
1862000 337
1863000 337
1864000 338
1865000 338
1866000 338
1867000 338
1868000 338
1869000 339
1870000 339
1871000 339
1872000 339
1873000 339
1874000 339
1875000 340
1876000 340
1877000 340
1878000 340
1879000 340
1880000 341
1881000 341
1882000 341
1883000 341
1884000 341
1885000 342
1886000 342
1887000 342
1888000 342
1889000 342
1890000 342
1891000 343
1892000 343
1893000 343
1894000 343
1895000 343
1896000 344
1897000 344
1898000 344
1899000 344
1900000 344
1901000 344
1902000 345
1903000 345
1904000 345
1905000 345
1906000 345
1907000 346
1908000 346
1909000 346
1910000 346
1911000 346
1912000 347
1913000 347
1914000 347
1915000 347
1916000 347
1917000 348
1918000 348
1919000 348
1920000 348
1921000 348
1922000 349
1923000 349
1924000 349
1925000 349
1926000 349
1927000 349
1928000 350
1929000 350
1930000 350
1931000 350
1932000 350
1933000 350
1934000 351
1935000 351
1936000 351
1937000 351
1938000 351
1939000 351
1940000 352
1941000 352
1942000 352
1943000 352
1944000 352
1945000 352
1946000 353
1947000 353
1948000 353
1949000 353
1950000 353
1951000 354
1952000 354
1953000 354
1954000 354
1955000 354
1956000 355
1957000 355
1958000 355
1959000 355
1960000 355
1961000 355
1962000 356
1963000 356
1964000 356
1965000 356
1966000 357
1967000 357
1968000 357
1969000 357
1970000 357
1971000 357
1972000 358
1973000 358
1974000 358
1975000 358
1976000 358
1977000 359
1978000 359
1979000 359
1980000 359
1981000 359
1982000 359
1983000 359
1984000 360
1985000 360
1986000 360
1987000 360
1988000 360
1989000 360
1990000 361
1991000 361
1992000 361
1993000 361
1994000 361
1995000 362
1996000 362
1997000 362
1998000 362
1999000 362
2000000 363
2001000 363
2002000 363
2003000 363
2004000 363
2005000 364
2006000 364
2007000 364
2008000 364
2009000 364
2010000 365
2011000 365
2012000 365
2013000 365
2014000 365
2015000 365
2016000 366
2017000 366
2018000 366
2019000 366
2020000 366
2021000 367
2022000 367
2023000 367
2024000 367
2025000 367
2026000 367
2027000 368
2028000 368
2029000 368
2030000 368
2031000 368
2032000 369
2033000 369
2034000 369
2035000 369
2036000 369
2037000 370
2038000 370
2039000 370
2040000 370
2041000 370
2042000 371
2043000 371
2044000 371
2045000 371
2046000 371
2047000 371
2048000 372
2049000 372
2050000 372
2051000 372
2052000 372
2053000 373
2054000 373
2055000 373
2056000 373
2057000 373
2058000 374
2059000 374
2060000 374
2061000 374
2062000 374
2063000 375
2064000 375
2065000 375
2066000 375
2067000 375
2068000 376
2069000 376
2070000 376
2071000 376
2072000 376
2073000 377
2074000 377
2075000 377
2076000 377
2077000 377
2078000 378
2079000 378
2080000 378
2081000 378
2082000 378
2083000 379
2084000 379
2085000 379
2086000 379
2087000 379
2088000 379
2089000 380
2090000 380
2091000 380
2092000 380
2093000 380
2094000 380
2095000 381
2096000 381
2097000 381
2098000 381
2099000 381
2100000 381
2101000 382
2102000 382
2103000 382
2104000 382
2105000 382
2106000 382
2107000 383
2108000 383
2109000 383
2110000 383
2111000 383
2112000 383
2113000 384
2114000 384
2115000 384
2116000 384
2117000 384
2118000 385
2119000 385
2120000 385
2121000 385
2122000 385
2123000 386
2124000 386
2125000 386
2126000 386
2127000 386
2128000 387
2129000 387
2130000 387
2131000 387
2132000 387
2133000 387
2134000 387
2135000 388
2136000 388
2137000 388
2138000 388
2139000 388
2140000 388
2141000 389
2142000 389
2143000 389
2144000 389
2145000 389
2146000 390
2147000 390
2148000 390
2149000 390
2150000 390
2151000 391
2152000 391
2153000 391
2154000 391
2155000 391
2156000 392
2157000 392
2158000 392
2159000 392
2160000 392
2161000 392
2162000 392
2163000 393
2164000 393
2165000 393
2166000 393
2167000 393
2168000 394
2169000 394
2170000 394
2171000 394
2172000 394
2173000 395
2174000 395
2175000 395
2176000 395
2177000 395
2178000 395
2179000 395
2180000 396
2181000 396
2182000 396
2183000 396
2184000 396
2185000 397
2186000 397
2187000 397
2188000 397
2189000 397
2190000 398
2191000 398
2192000 398
2193000 398
2194000 398
2195000 399
2196000 399
2197000 399
2198000 399
2199000 399
2200000 399
2201000 399
2202000 400
2203000 400
2204000 400
2205000 400
2206000 400
2207000 401
2208000 401
2209000 401
2210000 401
2211000 401
2212000 401
2213000 402
2214000 402
2215000 402
2216000 402
2217000 402
2218000 402
2219000 403
2220000 403
2221000 403
2222000 403
2223000 403
2224000 403
2225000 403
2226000 404
2227000 404
2228000 404
2229000 404
2230000 404
2231000 404
2232000 405
2233000 405
2234000 405
2235000 405
2236000 405
2237000 405
2238000 406
2239000 406
2240000 406
2241000 406
2242000 406
2243000 407
2244000 407
2245000 407
2246000 407
2247000 407
2248000 407
2249000 408
2250000 408
2251000 408
2252000 408
2253000 408
2254000 409
2255000 409
2256000 409
2257000 409
2258000 409
2259000 409
2260000 409
2261000 410
2262000 410
2263000 410
2264000 410
2265000 410
2266000 411
2267000 411
2268000 411
2269000 411
2270000 411
2271000 412
2272000 412
2273000 412
2274000 412
2275000 412
2276000 413
2277000 413
2278000 413
2279000 413
2280000 413
2281000 413
2282000 414
2283000 414
2284000 414
2285000 414
2286000 414
2287000 414
2288000 415
2289000 415
2290000 415
2291000 415
2292000 415
2293000 416
2294000 416
2295000 416
2296000 416
2297000 416
2298000 416
2299000 417
2300000 417
2301000 417
2302000 417
2303000 417
2304000 418
2305000 418
2306000 418
2307000 418
2308000 418
2309000 419
2310000 419
2311000 419
2312000 419
2313000 419
2314000 419
2315000 420
2316000 420
2317000 420
2318000 420
2319000 420
2320000 421
2321000 421
2322000 421
2323000 421
2324000 421
2325000 422
2326000 422
2327000 422
2328000 422
2329000 422
2330000 423
2331000 423
2332000 423
2333000 423
2334000 423
2335000 424
2336000 424
2337000 424
2338000 424
2339000 424
2340000 425
2341000 425
2342000 425
2343000 425
2344000 425
2345000 426
2346000 426
2347000 426
2348000 426
2349000 426
2350000 426
2351000 427
2352000 427
2353000 427
2354000 427
2355000 427
2356000 427
2357000 428
2358000 428
2359000 428
2360000 428
2361000 428
2362000 428
2363000 429
2364000 429
2365000 429
2366000 429
2367000 429
2368000 430
2369000 430
2370000 430
2371000 430
2372000 430
2373000 430
2374000 430
2375000 431
2376000 431
2377000 431
2378000 431
2379000 431
2380000 432
2381000 432
2382000 432
2383000 432
2384000 432
2385000 433
2386000 433
2387000 433
2388000 433
2389000 433
2390000 434
2391000 434
2392000 434
2393000 434
2394000 435
2395000 435
2396000 435
2397000 435
2398000 435
2399000 435
2400000 436
2401000 436
2402000 436
2403000 436
2404000 436
2405000 436
2406000 436
2407000 437
2408000 437
2409000 437
2410000 437
2411000 437
2412000 438
2413000 438
2414000 438
2415000 438
2416000 438
2417000 439
2418000 439
2419000 439
2420000 439
2421000 439
2422000 439
2423000 440
2424000 440
2425000 440
2426000 440
2427000 440
2428000 441
2429000 441
2430000 441
2431000 441
2432000 441
2433000 442
2434000 442
2435000 442
2436000 442
2437000 442
2438000 443
2439000 443
2440000 443
2441000 443
2442000 443
2443000 443
2444000 444
2445000 444
2446000 444
2447000 444
2448000 444
2449000 444
2450000 445
2451000 445
2452000 445
2453000 445
2454000 445
2455000 446
2456000 446
2457000 446
2458000 446
2459000 446
2460000 447
2461000 447
2462000 447
2463000 447
2464000 447
2465000 447
2466000 448
2467000 448
2468000 448
2469000 448
2470000 448
2471000 449
2472000 449
2473000 449
2474000 449
2475000 449
2476000 450
2477000 450
2478000 450
2479000 450
2480000 450
2481000 451
2482000 451
2483000 451
2484000 451
2485000 451
2486000 451
2487000 452
2488000 452
2489000 452
2490000 452
2491000 452
2492000 453
2493000 453
2494000 453
2495000 453
2496000 453
2497000 453
2498000 454
2499000 454
2500000 454
2501000 454
2502000 454
2503000 454
2504000 455
2505000 455
2506000 455
2507000 455
2508000 455
2509000 456
2510000 456
2511000 456
2512000 456
2513000 456
2514000 456
2515000 457
2516000 457
2517000 457
2518000 457
2519000 457
2520000 458
2521000 458
2522000 458
2523000 458
2524000 458
2525000 459
2526000 459
2527000 459
2528000 459
2529000 459
2530000 459
2531000 460
2532000 460
2533000 460
2534000 460
2535000 460
2536000 461
2537000 461
2538000 461
2539000 461
2540000 461
2541000 461
2542000 462
2543000 462
2544000 462
2545000 462
2546000 462
2547000 463
2548000 463
2549000 463
2550000 463
2551000 463
2552000 464
2553000 464
2554000 464
2555000 464
2556000 464
2557000 465
2558000 465
2559000 465
2560000 465
2561000 465
2562000 466
2563000 466
2564000 466
2565000 466
2566000 466
2567000 466
2568000 467
2569000 467
2570000 467
2571000 467
2572000 467
2573000 468
2574000 468
2575000 468
2576000 468
2577000 468
2578000 469
2579000 469
2580000 469
2581000 469
2582000 469
2583000 470
2584000 470
2585000 470
2586000 470
2587000 470
2588000 471
2589000 471
2590000 471
2591000 471
2592000 471
2593000 471
2594000 472
2595000 472
2596000 472
2597000 472
2598000 472
2599000 472
2600000 473
2601000 473
2602000 473
2603000 473
2604000 473
2605000 474
2606000 474
2607000 474
2608000 474
2609000 474
2610000 475
2611000 475
2612000 475
2613000 475
2614000 475
2615000 476
2616000 476
2617000 476
2618000 476
2619000 476
2620000 476
2621000 476
2622000 477
2623000 477
2624000 477
2625000 477
2626000 477
2627000 478
2628000 478
2629000 478
2630000 478
2631000 478
2632000 478
2633000 479
2634000 479
2635000 479
2636000 479
2637000 479
2638000 479
2639000 480
2640000 480
2641000 480
2642000 480
2643000 480
2644000 480
2645000 481
2646000 481
2647000 481
2648000 481
2649000 481
2650000 481
2651000 482
2652000 482
2653000 482
2654000 482
2655000 482
2656000 483
2657000 483
2658000 483
2659000 483
2660000 483
2661000 483
2662000 483
2663000 484
2664000 484
2665000 484
2666000 484
2667000 484
2668000 484
2669000 485
2670000 485
2671000 485
2672000 485
2673000 485
2674000 486
2675000 486
2676000 486
2677000 486
2678000 486
2679000 486
2680000 487
2681000 487
2682000 487
2683000 487
2684000 487
2685000 487
2686000 487
2687000 488
2688000 488
2689000 488
2690000 488
2691000 488
2692000 488
2693000 488
2694000 488
2695000 489
2696000 489
2697000 489
2698000 489
2699000 489
2700000 490
2701000 490
2702000 490
2703000 490
2704000 490
2705000 490
2706000 491
2707000 491
2708000 491
2709000 491
2710000 491
2711000 492
2712000 492
2713000 492
2714000 492
2715000 492
2716000 492
2717000 493
2718000 493
2719000 493
2720000 493
2721000 493
2722000 494
2723000 494
2724000 494
2725000 494
2726000 494
2727000 494
2728000 495
2729000 495
2730000 495
2731000 495
2732000 495
2733000 496
2734000 496
2735000 496
2736000 496
2737000 496
2738000 497
2739000 497
2740000 497
2741000 497
2742000 497
2743000 498
2744000 498
2745000 498
2746000 498
2747000 498
2748000 498
2749000 499
2750000 499
2751000 499
2752000 499
2753000 499
2754000 499
2755000 500
2756000 500
2757000 500
2758000 500
2759000 500
2760000 501
2761000 501
2762000 501
2763000 501
2764000 501
2765000 501
2766000 501
2767000 502
2768000 502
2769000 502
2770000 502
2771000 502
2772000 503
2773000 503
2774000 503
2775000 503
2776000 503
2777000 503
2778000 504
2779000 504
2780000 504
2781000 504
2782000 504
2783000 504
2784000 505
2785000 505
2786000 505
2787000 505
2788000 506
2789000 506
2790000 506
2791000 506
2792000 506
2793000 506
2794000 507
2795000 507
2796000 507
2797000 507
2798000 507
2799000 507
2800000 507
2801000 507
2802000 508
2803000 508
2804000 508
2805000 508
2806000 508
2807000 508
2808000 508
2809000 508
2810000 509
2811000 509
2812000 509
2813000 509
2814000 510
2815000 510
2816000 510
2817000 510
2818000 510
2819000 510
2820000 511
2821000 511
2822000 511
2823000 511
2824000 511
2825000 512
2826000 512
2827000 512
2828000 512
2829000 512
2830000 512
2831000 513
2832000 513
2833000 513
2834000 513
2835000 513
2836000 513
2837000 514
2838000 514
2839000 514
2840000 514
2841000 514
2842000 514
2843000 515
2844000 515
2845000 515
2846000 515
2847000 515
2848000 516
2849000 516
2850000 516
2851000 516
2852000 516
2853000 517
2854000 517
2855000 517
2856000 517
2857000 517
2858000 517
2859000 517
2860000 518
2861000 518
2862000 518
2863000 518
2864000 518
2865000 518
2866000 519
2867000 519
2868000 519
2869000 519
2870000 519
2871000 520
2872000 520
2873000 520
2874000 520
2875000 520
2876000 520
2877000 521
2878000 521
2879000 521
2880000 521
2881000 521
2882000 522
2883000 522
2884000 522
2885000 522
2886000 522
2887000 522
2888000 523
2889000 523
2890000 523
2891000 523
2892000 523
2893000 524
2894000 524
2895000 524
2896000 524
2897000 524
2898000 524
2899000 525
2900000 525
2901000 525
2902000 525
2903000 525
2904000 526
2905000 526
2906000 526
2907000 526
2908000 526
2909000 526
2910000 526
2911000 526
2912000 526
2913000 527
2914000 527
2915000 527
2916000 527
2917000 527
2918000 528
2919000 528
2920000 528
2921000 528
2922000 528
2923000 528
2924000 528
2925000 529
2926000 529
2927000 529
2928000 529
2929000 529
2930000 530
2931000 530
2932000 530
2933000 530
2934000 530
2935000 530
2936000 531
2937000 531
2938000 531
2939000 531
2940000 531
2941000 532
2942000 532
2943000 532
2944000 532
2945000 532
2946000 533
2947000 533
2948000 533
2949000 533
2950000 533
2951000 533
2952000 533
2953000 534
2954000 534
2955000 534
2956000 534
2957000 535
2958000 535
2959000 535
2960000 535
2961000 535
2962000 536
2963000 536
2964000 536
2965000 536
2966000 536
2967000 536
2968000 537
2969000 537
2970000 537
2971000 537
2972000 537
2973000 538
2974000 538
2975000 538
2976000 538
2977000 538
2978000 539
2979000 539
2980000 539
2981000 539
2982000 539
2983000 540
2984000 540
2985000 540
2986000 540
2987000 540
2988000 541
2989000 541
2990000 541
2991000 541
2992000 541
2993000 542
2994000 542
2995000 542
2996000 542
2997000 542
2998000 542
2999000 543
3000000 543
3001000 543
3002000 543
3003000 543
3004000 544
3005000 544
3006000 544
3007000 544
3008000 544
3009000 545
3010000 545
3011000 545
3012000 545
3013000 545
3014000 545
3015000 546
3016000 546
3017000 546
3018000 546
3019000 546
3020000 547
3021000 547
3022000 547
3023000 547
3024000 547
3025000 548
3026000 548
3027000 548
3028000 548
3029000 548
3030000 548
3031000 549
3032000 549
3033000 549
3034000 549
3035000 549
3036000 550
3037000 550
3038000 550
3039000 550
3040000 550
3041000 551
3042000 551
3043000 551
3044000 551
3045000 551
3046000 552
3047000 552
3048000 552
3049000 552
3050000 552
3051000 552
3052000 553
3053000 553
3054000 553
3055000 553
3056000 553
3057000 554
3058000 554
3059000 554
3060000 554
3061000 554
3062000 554
3063000 555
3064000 555
3065000 555
3066000 555
3067000 555
3068000 556
3069000 556
3070000 556
3071000 556
3072000 556
3073000 556
3074000 557
3075000 557
3076000 557
3077000 557
3078000 557
3079000 558
3080000 558
3081000 558
3082000 558
3083000 558
3084000 559
3085000 559
3086000 559
3087000 559
3088000 559
3089000 559
3090000 560
3091000 560
3092000 560
3093000 560
3094000 560
3095000 560
3096000 560
3097000 561
3098000 561
3099000 561
3100000 561
3101000 561
3102000 561
3103000 562
3104000 562
3105000 562
3106000 562
3107000 562
3108000 563
3109000 563
3110000 563
3111000 563
3112000 563
3113000 564
3114000 564
3115000 564
3116000 564
3117000 564
3118000 565
3119000 565
3120000 565
3121000 565
3122000 565
3123000 566
3124000 566
3125000 566
3126000 566
3127000 566
3128000 566
3129000 567
3130000 567
3131000 567
3132000 567
3133000 567
3134000 568
3135000 568
3136000 568
3137000 568
3138000 568
3139000 568
3140000 569
3141000 569
3142000 569
3143000 569
3144000 569
3145000 569
3146000 570
3147000 570
3148000 570
3149000 570
3150000 570
3151000 571
3152000 571
3153000 571
3154000 571
3155000 571
3156000 571
3157000 572
3158000 572
3159000 572
3160000 572
3161000 572
3162000 573
3163000 573
3164000 573
3165000 573
3166000 574
3167000 574
3168000 574
3169000 574
3170000 574
3171000 575
3172000 575
3173000 575
3174000 575
3175000 575
3176000 575
3177000 576
3178000 576
3179000 576
3180000 576
3181000 576
3182000 577
3183000 577
3184000 577
3185000 577
3186000 577
3187000 577
3188000 577
3189000 578
3190000 578
3191000 578
3192000 578
3193000 578
3194000 578
3195000 579
3196000 579
3197000 579
3198000 579
3199000 579
3200000 580
3201000 580
3202000 580
3203000 580
3204000 580
3205000 580
3206000 581
3207000 581
3208000 581
3209000 581
3210000 581
3211000 582
3212000 582
3213000 582
3214000 582
3215000 582
3216000 583
3217000 583
3218000 583
3219000 583
3220000 583
3221000 584
3222000 584
3223000 584
3224000 584
3225000 584
3226000 584
3227000 585
3228000 585
3229000 585
3230000 585
3231000 585
3232000 586
3233000 586
3234000 586
3235000 586
3236000 586
3237000 586
3238000 587
3239000 587
3240000 587
3241000 587
3242000 587
3243000 588
3244000 588
3245000 588
3246000 588
3247000 588
3248000 588
3249000 588
3250000 589
3251000 589
3252000 589
3253000 589
3254000 589
3255000 589
3256000 590
3257000 590
3258000 590
3259000 590
3260000 590
3261000 591
3262000 591
3263000 591
3264000 591
3265000 591
3266000 592
3267000 592
3268000 592
3269000 592
3270000 592
3271000 592
3272000 592
3273000 593
3274000 593
3275000 593
3276000 593
3277000 593
3278000 593
3279000 594
3280000 594
3281000 594
3282000 594
3283000 594
3284000 594
3285000 595
3286000 595
3287000 595
3288000 595
3289000 595
3290000 596
3291000 596
3292000 596
3293000 596
3294000 596
3295000 597
3296000 597
3297000 597
3298000 597
3299000 597
3300000 598
3301000 598
3302000 598
3303000 598
3304000 598
3305000 599
3306000 599
3307000 599
3308000 599
3309000 599
3310000 599
3311000 600
3312000 600
3313000 600
3314000 600
3315000 600
3316000 601
3317000 601
3318000 601
3319000 601
3320000 601
3321000 601
3322000 601
3323000 602
3324000 602
3325000 602
3326000 602
3327000 602
3328000 602
3329000 602
3330000 603
3331000 603
3332000 603
3333000 603
3334000 603
3335000 604
3336000 604
3337000 604
3338000 604
3339000 604
3340000 604
3341000 605
3342000 605
3343000 605
3344000 605
3345000 605
3346000 605
3347000 606
3348000 606
3349000 606
3350000 606
3351000 606
3352000 607
3353000 607
3354000 607
3355000 607
3356000 607
3357000 608
3358000 608
3359000 608
3360000 608
3361000 608
3362000 609
3363000 609
3364000 609
3365000 609
3366000 609
3367000 609
3368000 610
3369000 610
3370000 610
3371000 610
3372000 610
3373000 610
3374000 611
3375000 611
3376000 611
3377000 611
3378000 611
3379000 612
3380000 612
3381000 612
3382000 612
3383000 612
3384000 613
3385000 613
3386000 613
3387000 613
3388000 613
3389000 614
3390000 614
3391000 614
3392000 614
3393000 614
3394000 614
3395000 614
3396000 615
3397000 615
3398000 615
3399000 615
3400000 615
3401000 616
3402000 616
3403000 616
3404000 616
3405000 616
3406000 617
3407000 617
3408000 617
3409000 617
3410000 617
3411000 617
3412000 618
3413000 618
3414000 618
3415000 618
3416000 618
3417000 619
3418000 619
3419000 619
3420000 619
3421000 619
3422000 619
3423000 620
3424000 620
3425000 620
3426000 620
3427000 620
3428000 621
3429000 621
3430000 621
3431000 621
3432000 621
3433000 622
3434000 622
3435000 622
3436000 622
3437000 622
3438000 622
3439000 622
3440000 623
3441000 623
3442000 623
3443000 623
3444000 623
3445000 623
3446000 624
3447000 624
3448000 624
3449000 624
3450000 624
3451000 624
3452000 625
3453000 625
3454000 625
3455000 625
3456000 625
3457000 626
3458000 626
3459000 626
3460000 626
3461000 626
3462000 626
3463000 627
3464000 627
3465000 627
3466000 627
3467000 627
3468000 628
3469000 628
3470000 628
3471000 628
3472000 628
3473000 628
3474000 629
3475000 629
3476000 629
3477000 629
3478000 629
3479000 630
3480000 630
3481000 630
3482000 630
3483000 630
3484000 631
3485000 631
3486000 631
3487000 631
3488000 631
3489000 631
3490000 632
3491000 632
3492000 632
3493000 632
3494000 632
3495000 632
3496000 633
3497000 633
3498000 633
3499000 633
3500000 633
3501000 633
3502000 634
3503000 634
3504000 634
3505000 634
3506000 634
3507000 634
3508000 635
3509000 635
3510000 635
3511000 635
3512000 635
3513000 635
3514000 636
3515000 636
3516000 636
3517000 636
3518000 636
3519000 636
3520000 636
3521000 637
3522000 637
3523000 637
3524000 637
3525000 637
3526000 637
3527000 638
3528000 638
3529000 638
3530000 638
3531000 638
3532000 638
3533000 639
3534000 639
3535000 639
3536000 639
3537000 639
3538000 639
3539000 640
3540000 640
3541000 640
3542000 640
3543000 640
3544000 641
3545000 641
3546000 641
3547000 641
3548000 641
3549000 642
3550000 642
3551000 642
3552000 642
3553000 642
3554000 643
3555000 643
3556000 643
3557000 643
3558000 643
3559000 643
3560000 644
3561000 644
3562000 644
3563000 644
3564000 644
3565000 645
3566000 645
3567000 645
3568000 645
3569000 645
3570000 645
3571000 645
3572000 646
3573000 646
3574000 646
3575000 646
3576000 646
3577000 646
3578000 647
3579000 647
3580000 647
3581000 647
3582000 647
3583000 647
3584000 648
3585000 648
3586000 648
3587000 648
3588000 648
3589000 649
3590000 649
3591000 649
3592000 649
3593000 649
3594000 649
3595000 650
3596000 650
3597000 650
3598000 650
3599000 650
3600000 650
3601000 651
3602000 651
3603000 651
3604000 651
3605000 651
3606000 652
3607000 652
3608000 652
3609000 652
3610000 652
3611000 652
3612000 653
3613000 653
3614000 653
3615000 653
3616000 653
3617000 653
3618000 653
3619000 654
3620000 654
3621000 654
3622000 654
3623000 654
3624000 655
3625000 655
3626000 655
3627000 655
3628000 655
3629000 656
3630000 656
3631000 656
3632000 656
3633000 657
3634000 657
3635000 657
3636000 657
3637000 657
3638000 658
3639000 658
3640000 658
3641000 658
3642000 658
3643000 658
3644000 659
3645000 659
3646000 659
3647000 659
3648000 659
3649000 659
3650000 659
3651000 659
3652000 660
3653000 660
3654000 660
3655000 660
3656000 660
3657000 661
3658000 661
3659000 661
3660000 661
3661000 661
3662000 661
3663000 662
3664000 662
3665000 662
3666000 662
3667000 662
3668000 663
3669000 663
3670000 663
3671000 663
3672000 663
3673000 663
3674000 664
3675000 664
3676000 664
3677000 664
3678000 664
3679000 665
3680000 665
3681000 665
3682000 665
3683000 665
3684000 665
3685000 666
3686000 666
3687000 666
3688000 666
3689000 666
3690000 667
3691000 667
3692000 667
3693000 667
3694000 667
3695000 668
3696000 668
3697000 668
3698000 668
3699000 668
3700000 669
3701000 669
3702000 669
3703000 669
3704000 669
3705000 670
3706000 670
3707000 670
3708000 670
3709000 670
3710000 670
3711000 671
3712000 671
3713000 671
3714000 671
3715000 671
3716000 672
3717000 672
3718000 672
3719000 672
3720000 672
3721000 672
3722000 673
3723000 673
3724000 673
3725000 673
3726000 673
3727000 673
3728000 674
3729000 674
3730000 674
3731000 674
3732000 674
3733000 675
3734000 675
3735000 675
3736000 675
3737000 675
3738000 675
3739000 676
3740000 676
3741000 676
3742000 676
3743000 676
3744000 677
3745000 677
3746000 677
3747000 677
3748000 677
3749000 678
3750000 678
3751000 678
3752000 678
3753000 678
3754000 678
3755000 679
3756000 679
3757000 679
3758000 679
3759000 679
3760000 680
3761000 680
3762000 680
3763000 680
3764000 680
3765000 681
3766000 681
3767000 681
3768000 681
3769000 681
3770000 681
3771000 682
3772000 682
3773000 682
3774000 682
3775000 682
3776000 683
3777000 683
3778000 683
3779000 683
3780000 683
3781000 684
3782000 684
3783000 684
3784000 684
3785000 684
3786000 685
3787000 685
3788000 685
3789000 685
3790000 685
3791000 686
3792000 686
3793000 686
3794000 686
3795000 686
3796000 686
3797000 687
3798000 687
3799000 687
3800000 687
3801000 687
3802000 688
3803000 688
3804000 688
3805000 688
3806000 688
3807000 689
3808000 689
3809000 689
3810000 689
3811000 689
3812000 690
3813000 690
3814000 690
3815000 690
3816000 690
3817000 691
3818000 691
3819000 691
3820000 691
3821000 691
3822000 692
3823000 692
3824000 692
3825000 692
3826000 692
3827000 693
3828000 693
3829000 693
3830000 693
3831000 693
3832000 694
3833000 694
3834000 694
3835000 694
3836000 695
3837000 695
3838000 695
3839000 695
3840000 695
3841000 696
3842000 696
3843000 696
3844000 696
3845000 696
3846000 697
3847000 697
3848000 697
3849000 697
3850000 697
3851000 698
3852000 698
3853000 698
3854000 698
3855000 698
3856000 699
3857000 699
3858000 699
3859000 699
3860000 699
3861000 699
3862000 700
3863000 700
3864000 700
3865000 700
3866000 700
3867000 701
3868000 701
3869000 701
3870000 701
3871000 701
3872000 702
3873000 702
3874000 702
3875000 702
3876000 702
3877000 703
3878000 703
3879000 703
3880000 703
3881000 703
3882000 704
3883000 704
3884000 704
3885000 704
3886000 704
3887000 704
3888000 705
3889000 705
3890000 705
3891000 705
3892000 705
3893000 706
3894000 706
3895000 706
3896000 706
3897000 706
3898000 706
3899000 707
3900000 707
3901000 707
3902000 707
3903000 707
3904000 707
3905000 708
3906000 708
3907000 708
3908000 708
3909000 708
3910000 708
3911000 709
3912000 709
3913000 709
3914000 709
3915000 709
3916000 709
3917000 710
3918000 710
3919000 710
3920000 710
3921000 710
3922000 710
3923000 711
3924000 711
3925000 711
3926000 711
3927000 711
3928000 711
3929000 712
3930000 712
3931000 712
3932000 712
3933000 712
3934000 712
3935000 713
3936000 713
3937000 713
3938000 713
3939000 713
3940000 713
3941000 714
3942000 714
3943000 714
3944000 714
3945000 714
3946000 714
3947000 715
3948000 715
3949000 715
3950000 715
3951000 715
3952000 715
3953000 716
3954000 716
3955000 716
3956000 716
3957000 716
3958000 717
3959000 717
3960000 717
3961000 717
3962000 717
3963000 717
3964000 718
3965000 718
3966000 718
3967000 718
3968000 718
3969000 718
3970000 718
3971000 719
3972000 719
3973000 719
3974000 719
3975000 719
3976000 720
3977000 720
3978000 720
3979000 720
3980000 720
3981000 720
3982000 721
3983000 721
3984000 721
3985000 721
3986000 721
3987000 722
3988000 722
3989000 722
3990000 722
3991000 722
3992000 722
3993000 723
3994000 723
3995000 723
3996000 723
3997000 723
3998000 723
3999000 724
4000000 724
4001000 724
4002000 724
4003000 724
4004000 725
4005000 725
4006000 725
4007000 725
4008000 725
4009000 725
4010000 725
4011000 726
4012000 726
4013000 726
4014000 726
4015000 726
4016000 727
4017000 727
4018000 727
4019000 727
4020000 727
4021000 728
4022000 728
4023000 728
4024000 728
4025000 728
4026000 729
4027000 729
4028000 729
4029000 729
4030000 729
4031000 730
4032000 730
4033000 730
4034000 730
4035000 730
4036000 730
4037000 731
4038000 731
4039000 731
4040000 731
4041000 731
4042000 732
4043000 732
4044000 732
4045000 732
4046000 732
4047000 733
4048000 733
4049000 733
4050000 733
4051000 733
4052000 733
4053000 733
4054000 734
4055000 734
4056000 734
4057000 734
4058000 734
4059000 735
4060000 735
4061000 735
4062000 735
4063000 735
4064000 736
4065000 736
4066000 736
4067000 736
4068000 736
4069000 737
4070000 737
4071000 737
4072000 737
4073000 737
4074000 738
4075000 738
4076000 738
4077000 738
4078000 738
4079000 739
4080000 739
4081000 739
4082000 739
4083000 739
4084000 739
4085000 740
4086000 740
4087000 740
4088000 740
4089000 740
4090000 741
4091000 741
4092000 741
4093000 741
4094000 741
4095000 742
4096000 742
4097000 742
4098000 742
4099000 742
4100000 743
4101000 743
4102000 743
4103000 743
4104000 743
4105000 744
4106000 744
4107000 744
4108000 744
4109000 744
4110000 744
4111000 745
4112000 745
4113000 745
4114000 745
4115000 745
4116000 745
4117000 745
4118000 746
4119000 746
4120000 746
4121000 746
4122000 746
4123000 747
4124000 747
4125000 747
4126000 747
4127000 747
4128000 747
4129000 748
4130000 748
4131000 748
4132000 748
4133000 748
4134000 748
4135000 748
4136000 749
4137000 749
4138000 749
4139000 749
4140000 749
4141000 749
4142000 750
4143000 750
4144000 750
4145000 750
4146000 750
4147000 750
4148000 751
4149000 751
4150000 751
4151000 751
4152000 751
4153000 752
4154000 752
4155000 752
4156000 752
4157000 752
4158000 753
4159000 753
4160000 753
4161000 753
4162000 753
4163000 753
4164000 754
4165000 754
4166000 754
4167000 754
4168000 755
4169000 755
4170000 755
4171000 755
4172000 755
4173000 756
4174000 756
4175000 756
4176000 756
4177000 756
4178000 757
4179000 757
4180000 757
4181000 757
4182000 757
4183000 757
4184000 758
4185000 758
4186000 758
4187000 758
4188000 758
4189000 759
4190000 759
4191000 759
4192000 759
4193000 759
4194000 759
4195000 760
4196000 760
4197000 760
4198000 760
4199000 760
4200000 761
4201000 761
4202000 761
4203000 761
4204000 761
4205000 761
4206000 761
4207000 762
4208000 762
4209000 762
4210000 762
4211000 762
4212000 763
4213000 763
4214000 763
4215000 763
4216000 763
4217000 764
4218000 764
4219000 764
4220000 764
4221000 764
4222000 765
4223000 765
4224000 765
4225000 765
4226000 765
4227000 766
4228000 766
4229000 766
4230000 766
4231000 766
4232000 767
4233000 767
4234000 767
4235000 767
4236000 767
4237000 768
4238000 768
4239000 768
4240000 768
4241000 768
4242000 769
4243000 769
4244000 769
4245000 769
4246000 769
4247000 770
4248000 770
4249000 770
4250000 770
4251000 770
4252000 771
4253000 771
4254000 771
4255000 771
4256000 771
4257000 772
4258000 772
4259000 772
4260000 772
4261000 772
4262000 773
4263000 773
4264000 773
4265000 773
4266000 773
4267000 774
4268000 774
4269000 774
4270000 774
4271000 774
4272000 774
4273000 775
4274000 775
4275000 775
4276000 775
4277000 775
4278000 775
4279000 776
4280000 776
4281000 776
4282000 776
4283000 776
4284000 777
4285000 777
4286000 777
4287000 777
4288000 777
4289000 778
4290000 778
4291000 778
4292000 778
4293000 778
4294000 779
4295000 779
4296000 779
4297000 779
4298000 779
4299000 779
4300000 780
4301000 780
4302000 780
4303000 780
4304000 780
4305000 780
4306000 781
4307000 781
4308000 781
4309000 781
4310000 781
4311000 782
4312000 782
4313000 782
4314000 782
4315000 782
4316000 783
4317000 783
4318000 783
4319000 783
4320000 783
4321000 784
4322000 784
4323000 784
4324000 784
4325000 784
4326000 784
4327000 785
4328000 785
4329000 785
4330000 785
4331000 785
4332000 785
4333000 785
4334000 786
4335000 786
4336000 786
4337000 786
4338000 786
4339000 786
4340000 787
4341000 787
4342000 787
4343000 787
4344000 787
4345000 788
4346000 788
4347000 788
4348000 788
4349000 788
4350000 789
4351000 789
4352000 789
4353000 789
4354000 789
4355000 789
4356000 790
4357000 790
4358000 790
4359000 790
4360000 790
4361000 790
4362000 791
4363000 791
4364000 791
4365000 791
4366000 791
4367000 792
4368000 792
4369000 792
4370000 792
4371000 792
4372000 792
4373000 793
4374000 793
4375000 793
4376000 793
4377000 793
4378000 794
4379000 794
4380000 794
4381000 794
4382000 794
4383000 795
4384000 795
4385000 795
4386000 795
4387000 795
4388000 796
4389000 796
4390000 796
4391000 796
4392000 796
4393000 797
4394000 797
4395000 797
4396000 797
4397000 797
4398000 798
4399000 798
4400000 798
4401000 798
4402000 798
4403000 798
4404000 799
4405000 799
4406000 799
4407000 799
4408000 799
4409000 799
4410000 800
4411000 800
4412000 800
4413000 800
4414000 800
4415000 801
4416000 801
4417000 801
4418000 801
4419000 801
4420000 802
4421000 802
4422000 802
4423000 802
4424000 802
4425000 802
4426000 803
4427000 803
4428000 803
4429000 803
4430000 803
4431000 804
4432000 804
4433000 804
4434000 804
4435000 804
4436000 804
4437000 805
4438000 805
4439000 805
4440000 805
4441000 805
4442000 806
4443000 806
4444000 806
4445000 806
4446000 806
4447000 807
4448000 807
4449000 807
4450000 807
4451000 807
4452000 808
4453000 808
4454000 808
4455000 808
4456000 808
4457000 809
4458000 809
4459000 809
4460000 809
4461000 809
4462000 809
4463000 810
4464000 810
4465000 810
4466000 810
4467000 811
4468000 811
4469000 811
4470000 811
4471000 811
4472000 812
4473000 812
4474000 812
4475000 812
4476000 812
4477000 812
4478000 813
4479000 813
4480000 813
4481000 813
4482000 813
4483000 814
4484000 814
4485000 814
4486000 814
4487000 814
4488000 815
4489000 815
4490000 815
4491000 815
4492000 815
4493000 816
4494000 816
4495000 816
4496000 816
4497000 816
4498000 817
4499000 817
4500000 817
4501000 817
4502000 817
4503000 817
4504000 817
4505000 817
4506000 817
4507000 817
4508000 817
4509000 817
4510000 817
4511000 817
4512000 817
4513000 817
4514000 817
4515000 817
4516000 817
4517000 817
4518000 817
4519000 817
4520000 817
4521000 817
4522000 817
4523000 817
4524000 817
4525000 817
4526000 817
4527000 817
4528000 817
4529000 817
4530000 817
4531000 817
4532000 817
4533000 817
4534000 817
4535000 817
4536000 817
4537000 817
4538000 817
4539000 817
4540000 817
4541000 817
4542000 817
4543000 817
4544000 817
4545000 817
4546000 817
4547000 817
4548000 817
4549000 817
4550000 817
4551000 817
4552000 817
4553000 817
4554000 817
4555000 817
4556000 817
4557000 817
4558000 817
4559000 817
4560000 817
4561000 817
4562000 817
4563000 817
4564000 817
4565000 817
4566000 817
4567000 817
4568000 817
4569000 817
4570000 817
4571000 817
4572000 817
4573000 817
4574000 817
4575000 817
4576000 817
4577000 817
4578000 817
4579000 817
4580000 817
4581000 817
4582000 817
4583000 817
4584000 817
4585000 817
4586000 817
4587000 817
4588000 817
4589000 817
4590000 817
4591000 817
4592000 817
4593000 817
4594000 817
4595000 817
4596000 817
4597000 817
4598000 817
4599000 817
4600000 817
4601000 817
4602000 817
4603000 817
4604000 817
4605000 817
4606000 817
4607000 817
4608000 817
4609000 817
4610000 817
4611000 817
4612000 817
4613000 817
4614000 817
4615000 817
4616000 817
4617000 817
4618000 817
4619000 817
4620000 817
4621000 817
4622000 817
4623000 817
4624000 817
4625000 817
4626000 817
4627000 817
4628000 817
4629000 817
4630000 817
4631000 817
4632000 817
4633000 817
4634000 817
4635000 817
4636000 817
4637000 817
4638000 817
4639000 817
4640000 817
4641000 817
4642000 817
4643000 817
4644000 817
4645000 817
4646000 817
4647000 817
4648000 817
4649000 817
4650000 817
4651000 817
4652000 817
4653000 817
4654000 818
4655000 818
4656000 818
4657000 818
4658000 818
4659000 819
4660000 819
4661000 819
4662000 819
4663000 819
4664000 819
4665000 820
4666000 820
4667000 820
4668000 820
4669000 820
4670000 821
4671000 821
4672000 821
4673000 821
4674000 821
4675000 821
4676000 822
4677000 822
4678000 822
4679000 822
4680000 822
4681000 822
4682000 823
4683000 823
4684000 823
4685000 823
4686000 823
4687000 824
4688000 824
4689000 824
4690000 824
4691000 824
4692000 825
4693000 825
4694000 825
4695000 825
4696000 825
4697000 825
4698000 826
4699000 826
4700000 826
4701000 826
4702000 826
4703000 827
4704000 827
4705000 827
4706000 827
4707000 827
4708000 827
4709000 827
4710000 828
4711000 828
4712000 828
4713000 828
4714000 828
4715000 828
4716000 829
4717000 829
4718000 829
4719000 829
4720000 829
4721000 830
4722000 830
4723000 830
4724000 830
4725000 830
4726000 830
4727000 831
4728000 831
4729000 831
4730000 831
4731000 831
4732000 831
4733000 832
4734000 832
4735000 832
4736000 832
4737000 832
4738000 833
4739000 833
4740000 833
4741000 833
4742000 833
4743000 833
4744000 833
4745000 834
4746000 834
4747000 834
4748000 834
4749000 834
4750000 835
4751000 835
4752000 835
4753000 835
4754000 835
4755000 835
4756000 836
4757000 836
4758000 836
4759000 836
4760000 836
4761000 836
4762000 837
4763000 837
4764000 837
4765000 837
4766000 837
4767000 838
4768000 838
4769000 838
4770000 838
4771000 838
4772000 839
4773000 839
4774000 839
4775000 839
4776000 839
4777000 840
4778000 840
4779000 840
4780000 840
4781000 840
4782000 840
4783000 841
4784000 841
4785000 841
4786000 841
4787000 841
4788000 842
4789000 842
4790000 842
4791000 842
4792000 842
4793000 842
4794000 843
4795000 843
4796000 843
4797000 843
4798000 843
4799000 843
4800000 843
4801000 844
4802000 844
4803000 844
4804000 844
4805000 844
4806000 844
4807000 845
4808000 845
4809000 845
4810000 845
4811000 845
4812000 845
4813000 845
4814000 846
4815000 846
4816000 846
4817000 846
4818000 846
4819000 847
4820000 847
4821000 847
4822000 847
4823000 847
4824000 848
4825000 848
4826000 848
4827000 848
4828000 848
4829000 849
4830000 849
4831000 849
4832000 849
4833000 849
4834000 850
4835000 850
4836000 850
4837000 850
4838000 851
4839000 851
4840000 851
4841000 851
4842000 851
4843000 851
4844000 852
4845000 852
4846000 852
4847000 852
4848000 852
4849000 852
4850000 852
4851000 853
4852000 853
4853000 853
4854000 853
4855000 853
4856000 854
4857000 854
4858000 854
4859000 854
4860000 854
4861000 854
4862000 855
4863000 855
4864000 855
4865000 855
4866000 855
4867000 855
4868000 856
4869000 856
4870000 856
4871000 856
4872000 856
4873000 857
4874000 857
4875000 857
4876000 857
4877000 857
4878000 858
4879000 858
4880000 858
4881000 858
4882000 858
4883000 858
4884000 858
4885000 858
4886000 858
4887000 858
4888000 859
4889000 859
4890000 859
4891000 859
4892000 859
4893000 860
4894000 860
4895000 860
4896000 860
4897000 860
4898000 861
4899000 861
4900000 861
4901000 861
4902000 861
4903000 862
4904000 862
4905000 862
4906000 862
4907000 862
4908000 862
4909000 863
4910000 863
4911000 863
4912000 863
4913000 863
4914000 864
4915000 864
4916000 864
4917000 864
4918000 864
4919000 864
4920000 865
4921000 865
4922000 865
4923000 865
4924000 865
4925000 865
4926000 866
4927000 866
4928000 866
4929000 866
4930000 866
4931000 867
4932000 867
4933000 867
4934000 867
4935000 867
4936000 867
4937000 868
4938000 868
4939000 868
4940000 868
4941000 868
4942000 868
4943000 869
4944000 869
4945000 869
4946000 869
4947000 869
4948000 870
4949000 870
4950000 870
4951000 870
4952000 870
4953000 870
4954000 871
4955000 871
4956000 871
4957000 871
4958000 871
4959000 871
4960000 872
4961000 872
4962000 872
4963000 872
4964000 872
4965000 872
4966000 873
4967000 873
4968000 873
4969000 873
4970000 873
4971000 874
4972000 874
4973000 874
4974000 874
4975000 874
4976000 874
4977000 875
4978000 875
4979000 875
4980000 875
4981000 875
4982000 875
4983000 876
4984000 876
4985000 876
4986000 876
4987000 876
4988000 876
4989000 877
4990000 877
4991000 877
4992000 877
4993000 877
4994000 878
4995000 878
4996000 878
4997000 878
4998000 878
4999000 878
5000000 879
