0 0
1000 0
2000 0
3000 0
4000 0
5000 0
6000 0
7000 0
8000 0
9000 0
10000 0
11000 0
12000 0
13000 0
14000 0
15000 0
16000 0
17000 0
18000 0
19000 0
20000 1
21000 1
22000 1
23000 1
24000 1
25000 1
26000 1
27000 1
28000 1
29000 1
30000 1
31000 1
32000 1
33000 1
34000 1
35000 1
36000 2
37000 2
38000 2
39000 2
40000 2
41000 2
42000 2
43000 2
44000 2
45000 2
46000 2
47000 2
48000 2
49000 2
50000 2
51000 2
52000 2
53000 2
54000 2
55000 2
56000 2
57000 3
58000 3
59000 3
60000 3
61000 3
62000 3
63000 3
64000 3
65000 3
66000 3
67000 3
68000 3
69000 3
70000 3
71000 3
72000 3
73000 3
74000 3
75000 3
76000 4
77000 4
78000 4
79000 4
80000 4
81000 4
82000 4
83000 4
84000 4
85000 4
86000 4
87000 4
88000 4
89000 4
90000 4
91000 4
92000 4
93000 4
94000 4
95000 4
96000 4
97000 4
98000 4
99000 4
100000 4
101000 4
102000 4
103000 4
104000 4
105000 4
106000 5
107000 5
108000 5
109000 5
110000 5
111000 5
112000 5
113000 5
114000 5
115000 5
116000 5
117000 5
118000 5
119000 5
120000 5
121000 5
122000 5
123000 5
124000 5
125000 5
126000 5
127000 5
128000 5
129000 6
130000 6
131000 6
132000 6
133000 6
134000 6
135000 6
136000 6
137000 6
138000 6
139000 6
140000 6
141000 6
142000 6
143000 6
144000 6
145000 6
146000 6
147000 6
148000 6
149000 6
150000 6
151000 6
152000 6
153000 6
154000 6
155000 7
156000 7
157000 7
158000 7
159000 7
160000 7
161000 7
162000 7
163000 7
164000 7
165000 7
166000 7
167000 7
168000 8
169000 8
170000 8
171000 8
172000 8
173000 8
174000 8
175000 8
176000 8
177000 9
178000 9
179000 9
180000 9
181000 9
182000 9
183000 9
184000 9
185000 9
186000 9
187000 9
188000 9
189000 9
190000 9
191000 9
192000 9
193000 10
194000 10
195000 10
196000 10
197000 10
198000 10
199000 10
200000 10
201000 10
202000 10
203000 10
204000 10
205000 10
206000 10
207000 10
208000 10
209000 10
210000 10
211000 10
212000 10
213000 10
214000 10
215000 10
216000 10
217000 10
218000 10
219000 10
220000 10
221000 10
222000 10
223000 10
224000 10
225000 10
226000 10
227000 11
228000 11
229000 11
230000 11
231000 11
232000 11
233000 11
234000 11
235000 11
236000 11
237000 11
238000 11
239000 11
240000 11
241000 11
242000 11
243000 11
244000 11
245000 11
246000 11
247000 11
248000 11
249000 11
250000 11
251000 11
252000 11
253000 11
254000 11
255000 11
256000 11
257000 11
258000 11
259000 11
260000 11
261000 11
262000 11
263000 11
264000 11
265000 11
266000 11
267000 11
268000 11
269000 11
270000 11
271000 11
272000 11
273000 11
274000 11
275000 11
276000 11
277000 11
278000 11
279000 11
280000 11
281000 11
282000 11
283000 11
284000 11
285000 11
286000 11
287000 11
288000 11
289000 11
290000 12
291000 12
292000 12
293000 12
294000 12
295000 12
296000 12
297000 12
298000 12
299000 12
300000 12
301000 12
302000 12
303000 12
304000 12
305000 13
306000 13
307000 13
308000 13
309000 13
310000 13
311000 13
312000 13
313000 13
314000 14
315000 14
316000 14
317000 14
318000 14
319000 14
320000 14
321000 14
322000 14
323000 14
324000 14
325000 14
326000 14
327000 14
328000 14
329000 14
330000 14
331000 15
332000 15
333000 15
334000 15
335000 15
336000 15
337000 15
338000 15
339000 15
340000 15
341000 15
342000 15
343000 15
344000 15
345000 15
346000 15
347000 15
348000 15
349000 15
350000 15
351000 15
352000 15
353000 15
354000 15
355000 15
356000 15
357000 15
358000 16
359000 16
360000 16
361000 16
362000 16
363000 16
364000 16
365000 16
366000 16
367000 16
368000 16
369000 16
370000 16
371000 16
372000 16
373000 16
374000 16
375000 16
376000 16
377000 16
378000 16
379000 16
380000 16
381000 16
382000 17
383000 17
384000 17
385000 17
386000 17
387000 17
388000 17
389000 17
390000 17
391000 17
392000 17
393000 17
394000 17
395000 17
396000 17
397000 17
398000 17
399000 17
400000 17
401000 18
402000 18
403000 18
404000 18
405000 18
406000 18
407000 18
408000 18
409000 18
410000 18
411000 19
412000 19
413000 19
414000 19
415000 19
416000 19
417000 19
418000 19
419000 19
420000 19
421000 19
422000 19
423000 20
424000 20
425000 20
426000 20
427000 20
428000 20
429000 20
430000 20
431000 20
432000 20
433000 20
434000 20
435000 20
436000 20
437000 20
438000 20
439000 20
440000 20
441000 21
442000 21
443000 21
444000 21
445000 21
446000 21
447000 21
448000 21
449000 21
450000 21
451000 21
452000 21
453000 21
454000 21
455000 21
456000 21
457000 22
458000 22
459000 22
460000 22
461000 22
462000 22
463000 22
464000 22
465000 22
466000 22
467000 23
468000 23
469000 23
470000 23
471000 23
472000 23
473000 23
474000 23
475000 23
476000 23
477000 23
478000 23
479000 23
480000 23
481000 23
482000 23
483000 23
484000 23
485000 23
486000 23
487000 24
488000 24
489000 24
490000 24
491000 24
492000 24
493000 24
494000 24
495000 24
496000 24
497000 24
498000 24
499000 24
500000 24
501000 25
502000 25
503000 25
504000 25
505000 25
506000 25
507000 25
508000 25
509000 25
510000 25
511000 25
512000 26
513000 26
514000 26
515000 26
516000 26
517000 26
518000 26
519000 26
520000 26
521000 26
522000 26
523000 27
524000 27
525000 27
526000 27
527000 27
528000 27
529000 27
530000 27
531000 27
532000 27
533000 27
534000 27
535000 27
536000 27
537000 27
538000 27
539000 28
540000 28
541000 28
542000 28
543000 28
544000 28
545000 28
546000 28
547000 28
548000 28
549000 28
550000 28
551000 28
552000 28
553000 28
554000 28
555000 28
556000 28
557000 28
558000 28
559000 28
560000 29
561000 29
562000 29
563000 29
564000 29
565000 29
566000 29
567000 29
568000 29
569000 29
570000 29
571000 29
572000 29
573000 29
574000 29
575000 29
576000 29
577000 29
578000 29
579000 29
580000 29
581000 30
582000 30
583000 30
584000 30
585000 30
586000 30
587000 30
588000 30
589000 30
590000 30
591000 30
592000 30
593000 31
594000 31
595000 31
596000 31
597000 31
598000 31
599000 31
600000 31
601000 31
602000 31
603000 31
604000 31
605000 31
606000 31
607000 31
608000 31
609000 31
610000 31
611000 31
612000 31
613000 31
614000 31
615000 31
616000 31
617000 31
618000 31
619000 32
620000 32
621000 32
622000 32
623000 32
624000 32
625000 32
626000 32
627000 32
628000 32
629000 32
630000 32
631000 33
632000 33
633000 33
634000 33
635000 33
636000 33
637000 33
638000 33
639000 33
640000 34
641000 34
642000 34
643000 34
644000 34
645000 34
646000 34
647000 34
648000 34
649000 34
650000 34
651000 34
652000 35
653000 35
654000 35
655000 35
656000 35
657000 35
658000 35
659000 35
660000 35
661000 35
662000 35
663000 35
664000 35
665000 35
666000 35
667000 35
668000 35
669000 35
670000 35
671000 35
672000 35
673000 35
674000 35
675000 35
676000 35
677000 35
678000 36
679000 36
680000 36
681000 36
682000 36
683000 36
684000 36
685000 36
686000 36
687000 36
688000 36
689000 36
690000 36
691000 36
692000 36
693000 37
694000 37
695000 37
696000 37
697000 37
698000 37
699000 37
700000 37
701000 37
702000 37
703000 37
704000 37
705000 38
706000 38
707000 38
708000 38
709000 38
710000 38
711000 38
712000 38
713000 38
714000 38
715000 38
716000 39
717000 39
718000 39
719000 39
720000 39
721000 39
722000 39
723000 39
724000 39
725000 39
726000 39
727000 39
728000 40
729000 40
730000 40
731000 40
732000 40
733000 40
734000 40
735000 40
736000 40
737000 40
738000 40
739000 40
740000 40
741000 40
742000 41
743000 41
744000 41
745000 41
746000 41
747000 41
748000 41
749000 41
750000 41
751000 41
752000 41
753000 41
754000 41
755000 42
756000 42
757000 42
758000 42
759000 42
760000 42
761000 42
762000 42
763000 42
764000 42
765000 42
766000 42
767000 42
768000 42
769000 42
770000 42
771000 42
772000 42
773000 42
774000 42
775000 42
776000 42
777000 42
778000 42
779000 42
780000 42
781000 42
782000 42
783000 42
784000 42
785000 42
786000 42
787000 42
788000 42
789000 42
790000 42
791000 42
792000 42
793000 42
794000 42
795000 42
796000 42
797000 42
798000 42
799000 42
800000 42
801000 42
802000 42
803000 42
804000 42
805000 42
806000 42
807000 42
808000 42
809000 42
810000 42
811000 42
812000 42
813000 42
814000 42
815000 43
816000 43
817000 43
818000 43
819000 43
820000 43
821000 43
822000 43
823000 43
824000 43
825000 43
826000 43
827000 44
828000 44
829000 44
830000 44
831000 44
832000 44
833000 44
834000 44
835000 44
836000 44
837000 44
838000 44
839000 44
840000 44
841000 44
842000 44
843000 44
844000 44
845000 44
846000 44
847000 44
848000 44
849000 44
850000 44
851000 44
852000 44
853000 44
854000 44
855000 44
856000 44
857000 44
858000 44
859000 44
860000 44
861000 44
862000 44
863000 44
864000 44
865000 44
866000 44
867000 44
868000 44
869000 44
870000 44
871000 44
872000 44
873000 44
874000 44
875000 44
876000 44
877000 44
878000 44
879000 44
880000 44
881000 44
882000 44
883000 44
884000 44
885000 44
886000 44
887000 44
888000 44
889000 44
890000 44
891000 44
892000 45
893000 45
894000 45
895000 45
896000 45
897000 45
898000 45
899000 45
900000 45
901000 45
902000 45
903000 45
904000 45
905000 45
906000 45
907000 45
908000 45
909000 45
910000 45
911000 45
912000 45
913000 45
914000 45
915000 45
916000 45
917000 45
918000 45
919000 45
920000 45
921000 45
922000 45
923000 45
924000 45
925000 45
926000 45
927000 45
928000 45
929000 45
930000 45
931000 45
932000 45
933000 46
934000 46
935000 46
936000 46
937000 46
938000 46
939000 46
940000 46
941000 46
942000 46
943000 46
944000 46
945000 46
946000 46
947000 46
948000 46
949000 46
950000 46
951000 46
952000 46
953000 46
954000 46
955000 46
956000 46
957000 46
958000 46
959000 46
960000 46
961000 46
962000 46
963000 46
964000 46
965000 46
966000 46
967000 46
968000 46
969000 46
970000 46
971000 46
972000 46
973000 46
974000 46
975000 46
976000 46
977000 46
978000 46
979000 46
980000 46
981000 46
982000 46
983000 46
984000 46
985000 46
986000 46
987000 46
988000 46
989000 46
990000 46
991000 46
992000 46
993000 46
994000 46
995000 46
996000 46
997000 46
998000 46
999000 46
1000000 46
1001000 46
1002000 46
1003000 46
1004000 46
1005000 46
1006000 46
1007000 46
1008000 46
1009000 46
1010000 46
1011000 46
1012000 46
1013000 46
1014000 46
1015000 46
1016000 46
1017000 46
1018000 46
1019000 46
1020000 46
1021000 46
1022000 46
1023000 46
1024000 46
1025000 46
1026000 46
1027000 46
1028000 46
1029000 46
1030000 46
1031000 46
1032000 46
1033000 46
1034000 46
1035000 46
1036000 46
1037000 46
1038000 46
1039000 46
1040000 46
1041000 46
1042000 46
1043000 46
1044000 46
1045000 46
1046000 46
1047000 46
1048000 46
1049000 46
1050000 46
1051000 46
1052000 46
1053000 46
1054000 46
1055000 46
1056000 46
1057000 46
1058000 46
1059000 46
1060000 46
1061000 46
1062000 46
1063000 46
1064000 46
1065000 46
1066000 46
1067000 46
1068000 46
1069000 46
1070000 46
1071000 46
1072000 46
1073000 46
1074000 46
1075000 46
1076000 46
1077000 46
1078000 46
1079000 46
1080000 46
1081000 46
1082000 46
1083000 46
1084000 46
1085000 46
1086000 46
1087000 46
1088000 46
1089000 46
1090000 46
1091000 46
1092000 46
1093000 46
1094000 46
1095000 46
1096000 46
1097000 46
1098000 46
1099000 46
1100000 47
1101000 47
1102000 47
1103000 47
1104000 47
1105000 47
1106000 47
1107000 47
1108000 47
1109000 47
1110000 47
1111000 47
1112000 47
1113000 47
1114000 47
1115000 47
1116000 47
1117000 47
1118000 47
1119000 47
1120000 47
1121000 47
1122000 47
1123000 47
1124000 47
1125000 47
1126000 47
1127000 47
1128000 47
1129000 47
1130000 47
1131000 47
1132000 47
1133000 47
1134000 47
1135000 47
1136000 47
1137000 47
1138000 47
1139000 47
1140000 47
1141000 47
1142000 47
1143000 47
1144000 47
1145000 47
1146000 47
1147000 47
1148000 47
1149000 47
1150000 47
1151000 47
1152000 47
1153000 47
1154000 47
1155000 47
1156000 47
1157000 47
1158000 47
1159000 48
1160000 48
1161000 48
1162000 48
1163000 48
1164000 48
1165000 48
1166000 48
1167000 48
1168000 48
1169000 48
1170000 48
1171000 48
1172000 48
1173000 48
1174000 49
1175000 49
1176000 49
1177000 49
1178000 49
1179000 49
1180000 49
1181000 49
1182000 49
1183000 49
1184000 49
1185000 49
1186000 50
1187000 50
1188000 50
1189000 50
1190000 50
1191000 50
1192000 50
1193000 50
1194000 50
1195000 50
1196000 50
1197000 50
1198000 50
1199000 50
1200000 50
1201000 50
1202000 50
1203000 50
1204000 50
1205000 50
1206000 50
1207000 50
1208000 50
1209000 50
1210000 50
1211000 50
1212000 50
1213000 50
1214000 50
1215000 50
1216000 50
1217000 50
1218000 50
1219000 50
1220000 50
1221000 50
1222000 50
1223000 50
1224000 50
1225000 50
1226000 50
1227000 50
1228000 50
1229000 50
1230000 50
1231000 50
1232000 50
1233000 50
1234000 50
1235000 50
1236000 50
1237000 50
1238000 50
1239000 50
1240000 50
1241000 50
1242000 50
1243000 50
1244000 50
1245000 50
1246000 50
1247000 50
1248000 50
1249000 50
1250000 50
1251000 50
1252000 50
1253000 50
1254000 50
1255000 50
1256000 50
1257000 50
1258000 50
1259000 50
1260000 50
1261000 50
1262000 50
1263000 50
1264000 50
1265000 50
1266000 50
1267000 50
1268000 50
1269000 51
1270000 51
1271000 51
1272000 51
1273000 51
1274000 51
1275000 51
1276000 51
1277000 51
1278000 51
1279000 52
1280000 52
1281000 52
1282000 52
1283000 52
1284000 52
1285000 52
1286000 52
1287000 53
1288000 53
1289000 53
1290000 53
1291000 53
1292000 53
1293000 53
1294000 53
1295000 53
1296000 53
1297000 53
1298000 53
1299000 53
1300000 53
1301000 54
1302000 54
1303000 54
1304000 54
1305000 54
1306000 54
1307000 54
1308000 54
1309000 54
1310000 54
1311000 54
1312000 54
1313000 55
1314000 55
1315000 55
1316000 55
1317000 55
1318000 55
1319000 55
1320000 55
1321000 55
1322000 55
1323000 55
1324000 55
1325000 55
1326000 55
1327000 55
1328000 55
1329000 55
1330000 55
1331000 55
1332000 55
1333000 55
1334000 55
1335000 55
1336000 55
1337000 55
1338000 55
1339000 55
1340000 55
1341000 55
1342000 55
1343000 55
1344000 55
1345000 55
1346000 55
1347000 55
1348000 55
1349000 55
1350000 55
1351000 55
1352000 55
1353000 55
1354000 55
1355000 55
1356000 55
1357000 55
1358000 55
1359000 55
1360000 55
1361000 55
1362000 55
1363000 55
1364000 55
1365000 55
1366000 55
1367000 55
1368000 55
1369000 55
1370000 55
1371000 55
1372000 55
1373000 56
1374000 56
1375000 56
1376000 56
1377000 56
1378000 56
1379000 56
1380000 56
1381000 56
1382000 56
1383000 56
1384000 56
1385000 56
1386000 56
1387000 56
1388000 56
1389000 56
1390000 56
1391000 56
1392000 56
1393000 56
1394000 56
1395000 56
1396000 56
1397000 56
1398000 56
1399000 56
1400000 56
1401000 56
1402000 56
1403000 56
1404000 56
1405000 56
1406000 56
1407000 56
1408000 56
1409000 56
1410000 56
1411000 56
1412000 56
1413000 56
1414000 56
1415000 56
1416000 56
1417000 56
1418000 56
1419000 56
1420000 56
1421000 56
1422000 56
1423000 56
1424000 56
1425000 56
1426000 56
1427000 56
1428000 56
1429000 56
1430000 56
1431000 56
1432000 56
1433000 56
1434000 56
1435000 56
1436000 56
1437000 56
1438000 56
1439000 56
1440000 56
1441000 56
1442000 56
1443000 56
1444000 56
1445000 57
1446000 57
1447000 57
1448000 57
1449000 57
1450000 57
1451000 57
1452000 57
1453000 57
1454000 57
1455000 57
1456000 57
1457000 57
1458000 57
1459000 57
1460000 57
1461000 57
1462000 57
1463000 57
1464000 57
1465000 57
1466000 57
1467000 57
1468000 57
1469000 57
1470000 57
1471000 57
1472000 57
1473000 57
1474000 57
1475000 57
1476000 57
1477000 58
1478000 58
1479000 58
1480000 58
1481000 58
1482000 58
1483000 58
1484000 58
1485000 58
1486000 58
1487000 58
1488000 58
1489000 58
1490000 58
1491000 58
1492000 58
1493000 58
1494000 58
1495000 58
1496000 58
1497000 58
1498000 58
1499000 58
1500000 58
1501000 58
1502000 58
1503000 58
1504000 58
1505000 58
1506000 58
1507000 58
1508000 58
1509000 59
1510000 59
1511000 59
1512000 59
1513000 59
1514000 59
1515000 59
1516000 59
1517000 59
1518000 59
1519000 59
1520000 59
1521000 59
1522000 60
1523000 60
1524000 60
1525000 60
1526000 60
1527000 60
1528000 60
1529000 60
1530000 60
1531000 60
1532000 60
1533000 60
1534000 60
1535000 60
1536000 60
1537000 60
1538000 60
1539000 60
1540000 60
1541000 60
1542000 60
1543000 60
1544000 60
1545000 60
1546000 60
1547000 60
1548000 60
1549000 60
1550000 60
1551000 60
1552000 60
1553000 60
1554000 60
1555000 60
1556000 60
1557000 60
1558000 60
1559000 60
1560000 60
1561000 60
1562000 60
1563000 60
1564000 60
1565000 60
1566000 60
1567000 60
1568000 60
1569000 60
1570000 60
1571000 60
1572000 60
1573000 60
1574000 60
1575000 60
1576000 60
1577000 60
1578000 60
1579000 60
1580000 60
1581000 60
1582000 60
1583000 61
1584000 61
1585000 61
1586000 61
1587000 61
1588000 61
1589000 61
1590000 61
1591000 61
1592000 61
1593000 61
1594000 61
1595000 61
1596000 61
1597000 61
1598000 61
1599000 61
1600000 61
1601000 62
1602000 62
1603000 62
1604000 62
1605000 62
1606000 62
1607000 62
1608000 62
1609000 62
1610000 62
1611000 62
1612000 62
1613000 62
1614000 62
1615000 62
1616000 62
1617000 62
1618000 63
1619000 63
1620000 63
1621000 63
1622000 63
1623000 63
1624000 63
1625000 63
1626000 63
1627000 63
1628000 63
1629000 63
1630000 63
1631000 63
1632000 63
1633000 63
1634000 63
1635000 63
1636000 63
1637000 63
1638000 63
1639000 63
1640000 63
1641000 63
1642000 63
1643000 63
1644000 63
1645000 63
1646000 63
1647000 63
1648000 63
1649000 63
1650000 63
1651000 63
1652000 63
1653000 63
1654000 63
1655000 63
1656000 63
1657000 63
1658000 63
1659000 63
1660000 63
1661000 63
1662000 63
1663000 63
1664000 63
1665000 63
1666000 63
1667000 63
1668000 63
1669000 63
1670000 63
1671000 63
1672000 63
1673000 63
1674000 63
1675000 63
1676000 63
1677000 63
1678000 63
1679000 63
1680000 63
1681000 63
1682000 63
1683000 63
1684000 63
1685000 63
1686000 63
1687000 63
1688000 63
1689000 63
1690000 63
1691000 63
1692000 63
1693000 63
1694000 63
1695000 63
1696000 63
1697000 63
1698000 63
1699000 63
1700000 63
1701000 63
1702000 63
1703000 63
1704000 63
1705000 63
1706000 63
1707000 63
1708000 63
1709000 63
1710000 63
1711000 63
1712000 63
1713000 63
1714000 63
1715000 63
1716000 63
1717000 63
1718000 63
1719000 63
1720000 63
1721000 63
1722000 63
1723000 63
1724000 63
1725000 63
1726000 63
1727000 63
1728000 63
1729000 63
1730000 63
1731000 63
1732000 63
1733000 63
1734000 63
1735000 63
1736000 63
1737000 63
1738000 63
1739000 63
1740000 63
1741000 63
1742000 63
1743000 63
1744000 63
1745000 63
1746000 63
1747000 63
1748000 63
1749000 63
1750000 63
1751000 63
1752000 63
1753000 63
1754000 63
1755000 63
1756000 63
1757000 63
1758000 63
1759000 63
1760000 63
1761000 63
1762000 63
1763000 63
1764000 63
1765000 63
1766000 63
1767000 63
1768000 63
1769000 63
1770000 63
1771000 63
1772000 63
1773000 63
1774000 63
1775000 63
1776000 63
1777000 64
1778000 64
1779000 64
1780000 64
1781000 64
1782000 64
1783000 64
1784000 64
1785000 64
1786000 64
1787000 64
1788000 64
1789000 64
1790000 64
1791000 64
1792000 64
1793000 64
1794000 65
1795000 65
1796000 65
1797000 65
1798000 65
1799000 65
1800000 65
1801000 65
1802000 65
1803000 65
1804000 65
1805000 66
1806000 66
1807000 66
1808000 66
1809000 66
1810000 66
1811000 66
1812000 66
1813000 66
1814000 66
1815000 66
1816000 66
1817000 67
1818000 67
1819000 67
1820000 67
1821000 67
1822000 67
1823000 67
1824000 67
1825000 67
1826000 67
1827000 67
1828000 67
1829000 67
1830000 67
1831000 67
1832000 67
1833000 67
1834000 67
1835000 67
1836000 67
1837000 67
1838000 67
1839000 67
1840000 67
1841000 67
1842000 67
1843000 67
1844000 67
1845000 67
1846000 67
1847000 67
1848000 67
1849000 67
1850000 67
1851000 67
1852000 67
1853000 67
1854000 67
1855000 67
1856000 67
1857000 67
1858000 67
1859000 67
1860000 67
1861000 67
1862000 67
1863000 67
1864000 67
1865000 67
1866000 67
1867000 67
1868000 67
1869000 67
1870000 67
1871000 67
1872000 67
1873000 67
1874000 67
1875000 67
1876000 67
1877000 67
1878000 67
1879000 67
1880000 67
1881000 67
1882000 67
1883000 67
1884000 68
1885000 68
1886000 68
1887000 68
1888000 68
1889000 68
1890000 68
1891000 68
1892000 68
1893000 68
1894000 68
1895000 68
1896000 68
1897000 68
1898000 68
1899000 68
1900000 68
1901000 68
1902000 68
1903000 68
1904000 68
1905000 68
1906000 68
1907000 68
1908000 68
1909000 68
1910000 68
1911000 68
1912000 68
1913000 68
1914000 68
1915000 68
1916000 68
1917000 68
1918000 68
1919000 68
1920000 68
1921000 68
1922000 68
1923000 68
1924000 68
1925000 68
1926000 68
1927000 68
1928000 68
1929000 68
1930000 69
1931000 69
1932000 69
1933000 69
1934000 69
1935000 69
1936000 69
1937000 69
1938000 69
1939000 69
1940000 69
1941000 69
1942000 69
1943000 70
1944000 70
1945000 70
1946000 70
1947000 70
1948000 70
1949000 70
1950000 70
1951000 70
1952000 70
1953000 70
1954000 70
1955000 70
1956000 70
1957000 70
1958000 70
1959000 70
1960000 70
1961000 70
1962000 70
1963000 70
1964000 70
1965000 70
1966000 70
1967000 71
1968000 71
1969000 71
1970000 71
1971000 71
1972000 71
1973000 71
1974000 71
1975000 71
1976000 71
1977000 71
1978000 71
1979000 71
1980000 71
1981000 71
1982000 71
1983000 71
1984000 71
1985000 71
1986000 71
1987000 71
1988000 71
1989000 71
1990000 71
1991000 71
1992000 71
1993000 71
1994000 71
1995000 71
1996000 71
1997000 71
1998000 71
1999000 71
2000000 71
2001000 71
2002000 71
2003000 71
2004000 71
2005000 71
2006000 71
2007000 71
2008000 71
2009000 71
2010000 71
2011000 71
2012000 71
2013000 71
2014000 71
2015000 71
2016000 71
2017000 71
2018000 71
2019000 71
2020000 71
2021000 71
2022000 71
2023000 71
2024000 71
2025000 71
2026000 71
2027000 71
2028000 71
2029000 71
2030000 71
2031000 71
2032000 71
2033000 71
2034000 71
2035000 71
2036000 71
2037000 71
2038000 71
2039000 71
2040000 71
2041000 71
2042000 71
2043000 71
2044000 71
2045000 71
2046000 71
2047000 71
2048000 71
2049000 71
2050000 71
2051000 71
2052000 71
2053000 71
2054000 71
2055000 71
2056000 71
2057000 71
2058000 71
2059000 71
2060000 71
2061000 71
2062000 71
2063000 71
2064000 71
2065000 71
2066000 71
2067000 71
2068000 71
2069000 71
2070000 71
2071000 71
2072000 71
2073000 71
2074000 71
2075000 71
2076000 71
2077000 71
2078000 71
2079000 71
2080000 71
2081000 71
2082000 71
2083000 71
2084000 71
2085000 71
2086000 71
2087000 71
2088000 71
2089000 71
2090000 71
2091000 71
2092000 71
2093000 71
2094000 71
2095000 71
2096000 71
2097000 71
2098000 71
2099000 71
2100000 71
2101000 71
2102000 71
2103000 71
2104000 71
2105000 71
2106000 71
2107000 71
2108000 71
2109000 71
2110000 71
2111000 71
2112000 71
2113000 71
2114000 71
2115000 71
2116000 71
2117000 71
2118000 71
2119000 71
2120000 71
2121000 71
2122000 71
2123000 71
2124000 71
2125000 71
2126000 71
2127000 71
2128000 71
2129000 71
2130000 71
2131000 71
2132000 71
2133000 71
2134000 71
2135000 71
2136000 71
2137000 71
2138000 71
2139000 71
2140000 71
2141000 71
2142000 71
2143000 71
2144000 71
2145000 71
2146000 71
2147000 71
2148000 71
2149000 71
2150000 71
2151000 71
2152000 71
2153000 71
2154000 71
2155000 71
2156000 71
2157000 71
2158000 71
2159000 71
2160000 71
2161000 71
2162000 71
2163000 71
2164000 71
2165000 71
2166000 71
2167000 71
2168000 71
2169000 71
2170000 71
2171000 71
2172000 71
2173000 71
2174000 71
2175000 71
2176000 71
2177000 71
2178000 71
2179000 71
2180000 71
2181000 71
2182000 71
2183000 71
2184000 71
2185000 71
2186000 71
2187000 72
2188000 72
2189000 72
2190000 72
2191000 72
2192000 72
2193000 72
2194000 72
2195000 72
2196000 72
2197000 72
2198000 72
2199000 72
2200000 72
2201000 72
2202000 72
2203000 72
2204000 72
2205000 72
2206000 72
2207000 72
2208000 72
2209000 72
2210000 72
2211000 72
2212000 72
2213000 72
2214000 72
2215000 72
2216000 72
2217000 72
2218000 72
2219000 72
2220000 72
2221000 72
2222000 72
2223000 72
2224000 72
2225000 72
2226000 72
2227000 72
2228000 72
2229000 72
2230000 72
2231000 72
2232000 72
2233000 72
2234000 72
2235000 72
2236000 72
2237000 72
2238000 72
2239000 72
2240000 72
2241000 72
2242000 72
2243000 72
2244000 72
2245000 72
2246000 72
2247000 72
2248000 72
2249000 72
2250000 72
2251000 72
2252000 72
2253000 72
2254000 72
2255000 72
2256000 72
2257000 72
2258000 72
2259000 72
2260000 72
2261000 72
2262000 72
2263000 72
2264000 72
2265000 72
2266000 72
2267000 72
2268000 72
2269000 72
2270000 72
2271000 72
2272000 72
2273000 72
2274000 72
2275000 72
2276000 72
2277000 72
2278000 72
2279000 72
2280000 72
2281000 72
2282000 72
2283000 72
2284000 72
2285000 72
2286000 72
2287000 72
2288000 72
2289000 72
2290000 72
2291000 72
2292000 72
2293000 72
2294000 72
2295000 72
2296000 72
2297000 72
2298000 72
2299000 72
2300000 72
2301000 72
2302000 72
2303000 72
2304000 72
2305000 72
2306000 72
2307000 72
2308000 72
2309000 72
2310000 72
2311000 72
2312000 72
2313000 72
2314000 72
2315000 72
2316000 72
2317000 72
2318000 72
2319000 72
2320000 72
2321000 72
2322000 72
2323000 72
2324000 72
2325000 72
2326000 72
2327000 72
2328000 72
2329000 72
2330000 72
2331000 72
2332000 72
2333000 72
2334000 72
2335000 72
2336000 72
2337000 72
2338000 72
2339000 72
2340000 72
2341000 72
2342000 72
2343000 72
2344000 72
2345000 72
2346000 72
2347000 72
2348000 72
2349000 72
2350000 72
2351000 72
2352000 72
2353000 72
2354000 72
2355000 72
2356000 72
2357000 72
2358000 72
2359000 72
2360000 72
2361000 72
2362000 72
2363000 72
2364000 72
2365000 72
2366000 72
2367000 72
2368000 72
2369000 72
2370000 72
2371000 72
2372000 72
2373000 72
2374000 72
2375000 72
2376000 72
2377000 72
2378000 72
2379000 72
2380000 72
2381000 72
2382000 72
2383000 72
2384000 72
2385000 72
2386000 72
2387000 72
2388000 72
2389000 72
2390000 72
2391000 72
2392000 72
2393000 72
2394000 72
2395000 72
2396000 72
2397000 72
2398000 72
2399000 72
2400000 72
2401000 72
2402000 72
2403000 72
2404000 72
2405000 72
2406000 72
2407000 72
2408000 72
2409000 72
2410000 72
2411000 72
2412000 72
2413000 72
2414000 72
2415000 72
2416000 72
2417000 72
2418000 72
2419000 72
2420000 72
2421000 72
2422000 72
2423000 72
2424000 72
2425000 72
2426000 72
2427000 72
2428000 72
2429000 72
2430000 72
2431000 72
2432000 72
2433000 72
2434000 72
2435000 72
2436000 72
2437000 72
2438000 72
2439000 72
2440000 72
2441000 72
2442000 72
2443000 72
2444000 72
2445000 72
2446000 72
2447000 72
2448000 72
2449000 72
2450000 72
2451000 72
2452000 72
2453000 72
2454000 72
2455000 72
2456000 72
2457000 72
2458000 72
2459000 72
2460000 72
2461000 72
2462000 72
2463000 72
2464000 72
2465000 72
2466000 72
2467000 72
2468000 72
2469000 72
2470000 72
2471000 72
2472000 72
2473000 72
2474000 72
2475000 72
2476000 72
2477000 72
2478000 72
2479000 72
2480000 72
2481000 72
2482000 72
2483000 72
2484000 72
2485000 72
2486000 73
2487000 73
2488000 73
2489000 73
2490000 73
2491000 73
2492000 73
2493000 73
2494000 73
2495000 73
2496000 73
2497000 73
2498000 73
2499000 73
2500000 73
2501000 73
2502000 73
2503000 73
2504000 73
2505000 73
2506000 73
2507000 73
2508000 73
2509000 73
2510000 73
2511000 73
2512000 73
2513000 73
2514000 73
2515000 73
2516000 73
2517000 73
2518000 73
2519000 73
2520000 73
2521000 73
2522000 73
2523000 73
2524000 73
2525000 73
2526000 73
2527000 73
2528000 73
2529000 73
2530000 73
2531000 73
2532000 73
2533000 73
2534000 73
2535000 73
2536000 73
2537000 73
2538000 73
2539000 73
2540000 73
2541000 73
2542000 73
2543000 73
2544000 73
2545000 73
2546000 73
2547000 73
2548000 73
2549000 73
2550000 73
2551000 73
2552000 73
2553000 73
2554000 73
2555000 73
2556000 73
2557000 73
2558000 73
2559000 73
2560000 73
2561000 73
2562000 73
2563000 73
2564000 73
2565000 73
2566000 73
2567000 73
2568000 73
2569000 73
2570000 73
2571000 73
2572000 73
2573000 73
2574000 73
2575000 73
2576000 73
2577000 73
2578000 73
2579000 73
2580000 73
2581000 73
2582000 73
2583000 73
2584000 73
2585000 73
2586000 73
2587000 73
2588000 73
2589000 73
2590000 73
2591000 73
2592000 73
2593000 73
2594000 73
2595000 73
2596000 73
2597000 73
2598000 73
2599000 73
2600000 73
2601000 73
2602000 73
2603000 73
2604000 73
2605000 73
2606000 73
2607000 73
2608000 73
2609000 73
2610000 73
2611000 73
2612000 73
2613000 73
2614000 73
2615000 73
2616000 73
2617000 73
2618000 73
2619000 73
2620000 73
2621000 73
2622000 73
2623000 73
2624000 73
2625000 73
2626000 73
2627000 73
2628000 73
2629000 73
2630000 73
2631000 73
2632000 73
2633000 73
2634000 73
2635000 73
2636000 73
2637000 73
2638000 73
2639000 73
2640000 73
2641000 73
2642000 73
2643000 73
2644000 73
2645000 73
2646000 73
2647000 73
2648000 73
2649000 73
2650000 73
2651000 73
2652000 73
2653000 73
2654000 74
2655000 74
2656000 74
2657000 74
2658000 74
2659000 74
2660000 74
2661000 74
2662000 74
2663000 74
2664000 74
2665000 74
2666000 74
2667000 74
2668000 74
2669000 74
2670000 74
2671000 74
2672000 74
2673000 74
2674000 74
2675000 74
2676000 74
2677000 74
2678000 74
2679000 74
2680000 74
2681000 74
2682000 74
2683000 74
2684000 74
2685000 74
2686000 74
2687000 74
2688000 74
2689000 74
2690000 74
2691000 74
2692000 74
2693000 74
2694000 74
2695000 74
2696000 74
2697000 74
2698000 74
2699000 74
2700000 74
2701000 74
2702000 74
2703000 74
2704000 74
2705000 74
2706000 74
2707000 74
2708000 74
2709000 74
2710000 74
2711000 74
2712000 74
2713000 74
2714000 74
2715000 74
2716000 74
2717000 74
2718000 74
2719000 74
2720000 74
2721000 74
2722000 74
2723000 74
2724000 74
2725000 74
2726000 74
2727000 74
2728000 74
2729000 74
2730000 74
2731000 74
2732000 74
2733000 74
2734000 74
2735000 74
2736000 74
2737000 74
2738000 74
2739000 74
2740000 74
2741000 74
2742000 74
2743000 74
2744000 74
2745000 74
2746000 74
2747000 74
2748000 74
2749000 74
2750000 74
2751000 74
2752000 74
2753000 74
2754000 74
2755000 74
2756000 74
2757000 74
2758000 74
2759000 74
2760000 74
2761000 74
2762000 74
2763000 74
2764000 75
2765000 75
2766000 75
2767000 75
2768000 75
2769000 75
2770000 75
2771000 75
2772000 75
2773000 75
2774000 75
2775000 75
2776000 75
2777000 75
2778000 75
2779000 75
2780000 75
2781000 75
2782000 75
2783000 75
2784000 75
2785000 75
2786000 75
2787000 75
2788000 75
2789000 75
2790000 75
2791000 75
2792000 75
2793000 75
2794000 75
2795000 75
2796000 75
2797000 75
2798000 75
2799000 75
2800000 75
2801000 75
2802000 75
2803000 75
2804000 75
2805000 75
2806000 75
2807000 75
2808000 75
2809000 75
2810000 75
2811000 75
2812000 75
2813000 75
2814000 75
2815000 75
2816000 75
2817000 75
2818000 75
2819000 75
2820000 75
2821000 75
2822000 75
2823000 75
2824000 75
2825000 75
2826000 75
2827000 75
2828000 75
2829000 75
2830000 75
2831000 75
2832000 75
2833000 75
2834000 75
2835000 75
2836000 75
2837000 75
2838000 75
2839000 75
2840000 75
2841000 75
2842000 75
2843000 75
2844000 75
2845000 75
2846000 75
2847000 75
2848000 75
2849000 75
2850000 75
2851000 75
2852000 75
2853000 75
2854000 75
2855000 75
2856000 75
2857000 75
2858000 75
2859000 75
2860000 75
2861000 75
2862000 75
2863000 75
2864000 75
2865000 75
2866000 75
2867000 75
2868000 75
2869000 75
2870000 75
2871000 75
2872000 75
2873000 75
2874000 75
2875000 75
2876000 75
2877000 75
2878000 75
2879000 75
2880000 75
2881000 75
2882000 75
2883000 75
2884000 75
2885000 75
2886000 75
2887000 75
2888000 75
2889000 75
2890000 75
2891000 75
2892000 75
2893000 75
2894000 75
2895000 75
2896000 75
2897000 75
2898000 75
2899000 75
2900000 75
2901000 75
2902000 75
2903000 75
2904000 75
2905000 75
2906000 75
2907000 75
2908000 75
2909000 75
2910000 75
2911000 75
2912000 75
2913000 75
2914000 75
2915000 75
2916000 75
2917000 75
2918000 75
2919000 75
2920000 75
2921000 75
2922000 75
2923000 75
2924000 75
2925000 75
2926000 75
2927000 75
2928000 75
2929000 75
2930000 75
2931000 75
2932000 75
2933000 75
2934000 75
2935000 75
2936000 75
2937000 75
2938000 75
2939000 75
2940000 75
2941000 75
2942000 75
2943000 75
2944000 75
2945000 75
2946000 75
2947000 75
2948000 75
2949000 75
2950000 75
2951000 75
2952000 75
2953000 75
2954000 75
2955000 75
2956000 75
2957000 75
2958000 75
2959000 75
2960000 75
2961000 75
2962000 75
2963000 75
2964000 75
2965000 75
2966000 75
2967000 75
2968000 75
2969000 75
2970000 75
2971000 75
2972000 75
2973000 75
2974000 75
2975000 75
2976000 75
2977000 75
2978000 75
2979000 75
2980000 75
2981000 75
2982000 75
2983000 75
2984000 75
2985000 75
2986000 75
2987000 75
2988000 75
2989000 75
2990000 75
2991000 75
2992000 75
2993000 75
2994000 75
2995000 75
2996000 75
2997000 75
2998000 75
2999000 76
3000000 76
3001000 76
3002000 76
3003000 76
3004000 76
3005000 76
3006000 76
3007000 76
3008000 76
3009000 76
3010000 76
3011000 76
3012000 76
3013000 76
3014000 76
3015000 76
3016000 76
3017000 76
3018000 76
3019000 76
3020000 76
3021000 76
3022000 76
3023000 76
3024000 76
3025000 76
3026000 76
3027000 76
3028000 76
3029000 76
3030000 76
3031000 76
3032000 76
3033000 76
3034000 76
3035000 76
3036000 76
3037000 76
3038000 76
3039000 76
3040000 76
3041000 76
3042000 76
3043000 76
3044000 76
3045000 76
3046000 76
3047000 76
3048000 76
3049000 76
3050000 76
3051000 76
3052000 76
3053000 76
3054000 76
3055000 76
3056000 76
3057000 76
3058000 76
3059000 76
3060000 76
3061000 76
3062000 76
3063000 76
3064000 76
3065000 76
3066000 76
3067000 76
3068000 76
3069000 76
3070000 76
3071000 76
3072000 76
3073000 76
3074000 76
3075000 76
3076000 76
3077000 76
3078000 76
3079000 76
3080000 76
3081000 76
3082000 76
3083000 76
3084000 76
3085000 76
3086000 76
3087000 76
3088000 76
3089000 76
3090000 76
3091000 76
3092000 76
3093000 76
3094000 76
3095000 76
3096000 76
3097000 76
3098000 76
3099000 76
3100000 76
3101000 76
3102000 76
3103000 76
3104000 76
3105000 76
3106000 76
3107000 76
3108000 76
3109000 76
3110000 76
3111000 76
3112000 76
3113000 76
3114000 76
3115000 76
3116000 76
3117000 76
3118000 76
3119000 76
3120000 76
3121000 76
3122000 76
3123000 76
3124000 76
3125000 76
3126000 76
3127000 76
3128000 76
3129000 76
3130000 76
3131000 76
3132000 76
3133000 76
3134000 76
3135000 76
3136000 76
3137000 76
3138000 76
3139000 76
3140000 76
3141000 76
3142000 76
3143000 76
3144000 76
3145000 76
3146000 76
3147000 76
3148000 76
3149000 76
3150000 76
3151000 76
3152000 76
3153000 76
3154000 76
3155000 76
3156000 76
3157000 76
3158000 76
3159000 76
3160000 76
3161000 76
3162000 76
3163000 76
3164000 76
3165000 76
3166000 76
3167000 76
3168000 76
3169000 76
3170000 76
3171000 76
3172000 76
3173000 76
3174000 76
3175000 76
3176000 76
3177000 76
3178000 76
3179000 76
3180000 76
3181000 76
3182000 76
3183000 76
3184000 76
3185000 76
3186000 76
3187000 76
3188000 76
3189000 76
3190000 76
3191000 76
3192000 76
3193000 76
3194000 76
3195000 76
3196000 76
3197000 76
3198000 76
3199000 76
3200000 76
3201000 76
3202000 76
3203000 76
3204000 76
3205000 76
3206000 76
3207000 76
3208000 76
3209000 76
3210000 76
3211000 76
3212000 76
3213000 76
3214000 76
3215000 76
3216000 76
3217000 76
3218000 77
3219000 77
3220000 77
3221000 77
3222000 77
3223000 77
3224000 77
3225000 77
3226000 77
3227000 77
3228000 77
3229000 77
3230000 77
3231000 77
3232000 77
3233000 77
3234000 77
3235000 77
3236000 77
3237000 77
3238000 77
3239000 77
3240000 77
3241000 77
3242000 77
3243000 77
3244000 77
3245000 77
3246000 77
3247000 77
3248000 77
3249000 77
3250000 77
3251000 77
3252000 77
3253000 77
3254000 77
3255000 77
3256000 77
3257000 77
3258000 77
3259000 77
3260000 77
3261000 77
3262000 77
3263000 77
3264000 77
3265000 77
3266000 77
3267000 77
3268000 77
3269000 77
3270000 77
3271000 77
3272000 77
3273000 77
3274000 77
3275000 77
3276000 77
3277000 77
3278000 77
3279000 77
3280000 77
3281000 77
3282000 77
3283000 77
3284000 77
3285000 77
3286000 77
3287000 77
3288000 77
3289000 77
3290000 77
3291000 77
3292000 77
3293000 77
3294000 77
3295000 77
3296000 77
3297000 77
3298000 77
3299000 77
3300000 77
3301000 77
3302000 77
3303000 77
3304000 77
3305000 77
3306000 77
3307000 77
3308000 77
3309000 77
3310000 77
3311000 77
3312000 77
3313000 77
3314000 77
3315000 77
3316000 77
3317000 77
3318000 77
3319000 77
3320000 77
3321000 77
3322000 77
3323000 77
3324000 77
3325000 77
3326000 77
3327000 77
3328000 77
3329000 77
3330000 77
3331000 77
3332000 77
3333000 77
3334000 77
3335000 77
3336000 77
3337000 77
3338000 77
3339000 77
3340000 77
3341000 77
3342000 77
3343000 77
3344000 77
3345000 77
3346000 77
3347000 77
3348000 77
3349000 77
3350000 77
3351000 77
3352000 77
3353000 77
3354000 77
3355000 77
3356000 77
3357000 77
3358000 77
3359000 77
3360000 77
3361000 77
3362000 77
3363000 77
3364000 77
3365000 77
3366000 77
3367000 77
3368000 77
3369000 77
3370000 77
3371000 77
3372000 77
3373000 77
3374000 77
3375000 77
3376000 77
3377000 77
3378000 77
3379000 77
3380000 77
3381000 77
3382000 77
3383000 77
3384000 77
3385000 77
3386000 77
3387000 77
3388000 77
3389000 77
3390000 77
3391000 77
3392000 77
3393000 77
3394000 77
3395000 77
3396000 77
3397000 77
3398000 77
3399000 77
3400000 77
3401000 77
3402000 77
3403000 77
3404000 77
3405000 77
3406000 77
3407000 77
3408000 77
3409000 77
3410000 77
3411000 77
3412000 77
3413000 77
3414000 77
3415000 77
3416000 77
3417000 77
3418000 77
3419000 77
3420000 77
3421000 77
3422000 77
3423000 77
3424000 77
3425000 77
3426000 77
3427000 77
3428000 77
3429000 77
3430000 77
3431000 77
3432000 77
3433000 77
3434000 77
3435000 77
3436000 77
3437000 77
3438000 77
3439000 77
3440000 77
3441000 77
3442000 77
3443000 77
3444000 77
3445000 77
3446000 77
3447000 77
3448000 77
3449000 77
3450000 77
3451000 77
3452000 77
3453000 77
3454000 77
3455000 77
3456000 77
3457000 77
3458000 77
3459000 77
3460000 77
3461000 77
3462000 77
3463000 77
3464000 77
3465000 77
3466000 77
3467000 77
3468000 77
3469000 77
3470000 77
3471000 77
3472000 77
3473000 77
3474000 77
3475000 77
3476000 77
3477000 77
3478000 77
3479000 77
3480000 77
3481000 77
3482000 77
3483000 77
3484000 77
3485000 77
3486000 77
3487000 77
3488000 77
3489000 77
3490000 77
3491000 77
3492000 77
3493000 77
3494000 77
3495000 77
3496000 77
3497000 77
3498000 77
3499000 77
3500000 77
3501000 77
3502000 77
3503000 77
3504000 77
3505000 77
3506000 77
3507000 77
3508000 77
3509000 77
3510000 77
3511000 77
3512000 77
3513000 77
3514000 77
3515000 77
3516000 77
3517000 77
3518000 77
3519000 77
3520000 77
3521000 77
3522000 77
3523000 77
3524000 77
3525000 77
3526000 77
3527000 77
3528000 77
3529000 77
3530000 77
3531000 77
3532000 77
3533000 77
3534000 77
3535000 77
3536000 77
3537000 77
3538000 77
3539000 77
3540000 77
3541000 77
3542000 77
3543000 77
3544000 77
3545000 77
3546000 77
3547000 77
3548000 77
3549000 77
3550000 77
3551000 77
3552000 77
3553000 77
3554000 77
3555000 77
3556000 77
3557000 77
3558000 77
3559000 77
3560000 77
3561000 77
3562000 77
3563000 77
3564000 77
3565000 77
3566000 77
3567000 77
3568000 77
3569000 77
3570000 77
3571000 77
3572000 77
3573000 77
3574000 77
3575000 77
3576000 77
3577000 77
3578000 77
3579000 77
3580000 77
3581000 77
3582000 77
3583000 77
3584000 77
3585000 77
3586000 77
3587000 77
3588000 77
3589000 77
3590000 77
3591000 77
3592000 77
3593000 77
3594000 77
3595000 77
3596000 77
3597000 77
3598000 77
3599000 77
3600000 77
3601000 77
3602000 77
3603000 77
3604000 77
3605000 77
3606000 77
3607000 77
3608000 77
3609000 77
3610000 77
3611000 77
3612000 77
3613000 77
3614000 77
3615000 77
3616000 77
3617000 77
3618000 77
3619000 77
3620000 77
3621000 77
3622000 77
3623000 77
3624000 77
3625000 77
3626000 77
3627000 77
3628000 77
3629000 77
3630000 77
3631000 77
3632000 77
3633000 77
3634000 77
3635000 77
3636000 77
3637000 77
3638000 77
3639000 77
3640000 77
3641000 77
3642000 77
3643000 77
3644000 77
3645000 77
3646000 77
3647000 77
3648000 77
3649000 77
3650000 77
3651000 77
3652000 77
3653000 77
3654000 77
3655000 77
3656000 77
3657000 77
3658000 77
3659000 77
3660000 77
3661000 77
3662000 77
3663000 77
3664000 77
3665000 77
3666000 77
3667000 77
3668000 77
3669000 77
3670000 77
3671000 77
3672000 77
3673000 77
3674000 77
3675000 77
3676000 77
3677000 77
3678000 77
3679000 77
3680000 77
3681000 77
3682000 77
3683000 77
3684000 77
3685000 77
3686000 77
3687000 77
3688000 77
3689000 77
3690000 77
3691000 77
3692000 77
3693000 77
3694000 77
3695000 77
3696000 77
3697000 77
3698000 77
3699000 77
3700000 77
3701000 77
3702000 77
3703000 77
3704000 77
3705000 77
3706000 77
3707000 77
3708000 77
3709000 77
3710000 77
3711000 77
3712000 77
3713000 77
3714000 77
3715000 77
3716000 77
3717000 77
3718000 77
3719000 77
3720000 77
3721000 77
3722000 77
3723000 77
3724000 77
3725000 77
3726000 77
3727000 77
3728000 77
3729000 77
3730000 77
3731000 77
3732000 77
3733000 77
3734000 77
3735000 77
3736000 77
3737000 77
3738000 77
3739000 77
3740000 77
3741000 77
3742000 77
3743000 77
3744000 77
3745000 77
3746000 77
3747000 77
3748000 77
3749000 77
3750000 77
3751000 77
3752000 77
3753000 77
3754000 77
3755000 77
3756000 77
3757000 77
3758000 77
3759000 77
3760000 77
3761000 77
3762000 77
3763000 77
3764000 77
3765000 77
3766000 77
3767000 77
3768000 77
3769000 77
3770000 77
3771000 77
3772000 77
3773000 77
3774000 77
3775000 77
3776000 77
3777000 77
3778000 77
3779000 77
3780000 77
3781000 77
3782000 77
3783000 77
3784000 77
3785000 77
3786000 77
3787000 77
3788000 77
3789000 77
3790000 77
3791000 77
3792000 77
3793000 77
3794000 77
3795000 77
3796000 77
3797000 77
3798000 77
3799000 77
3800000 77
3801000 77
3802000 77
3803000 77
3804000 77
3805000 77
3806000 77
3807000 77
3808000 77
3809000 77
3810000 77
3811000 77
3812000 77
3813000 77
3814000 77
3815000 77
3816000 77
3817000 77
3818000 77
3819000 77
3820000 77
3821000 77
3822000 77
3823000 77
3824000 77
3825000 77
3826000 77
3827000 77
3828000 77
3829000 77
3830000 77
3831000 77
3832000 77
3833000 77
3834000 77
3835000 77
3836000 77
3837000 77
3838000 77
3839000 77
3840000 77
3841000 77
3842000 77
3843000 77
3844000 77
3845000 77
3846000 77
3847000 77
3848000 77
3849000 77
3850000 77
3851000 77
3852000 77
3853000 77
3854000 77
3855000 77
3856000 77
3857000 77
3858000 77
3859000 77
3860000 77
3861000 77
3862000 77
3863000 77
3864000 77
3865000 77
3866000 77
3867000 77
3868000 77
3869000 77
3870000 77
3871000 77
3872000 77
3873000 77
3874000 77
3875000 77
3876000 77
3877000 77
3878000 77
3879000 77
3880000 77
3881000 77
3882000 77
3883000 77
3884000 77
3885000 77
3886000 77
3887000 77
3888000 77
3889000 77
3890000 77
3891000 77
3892000 77
3893000 77
3894000 77
3895000 77
3896000 77
3897000 77
3898000 77
3899000 77
3900000 77
3901000 77
3902000 77
3903000 77
3904000 77
3905000 77
3906000 77
3907000 77
3908000 77
3909000 77
3910000 77
3911000 77
3912000 77
3913000 77
3914000 77
3915000 77
3916000 77
3917000 77
3918000 77
3919000 77
3920000 77
3921000 77
3922000 77
3923000 77
3924000 77
3925000 77
3926000 77
3927000 77
3928000 77
3929000 77
3930000 77
3931000 77
3932000 77
3933000 77
3934000 77
3935000 77
3936000 77
3937000 77
3938000 77
3939000 77
3940000 77
3941000 77
3942000 77
3943000 77
3944000 77
3945000 77
3946000 77
3947000 77
3948000 77
3949000 77
3950000 77
3951000 77
3952000 77
3953000 77
3954000 77
3955000 77
3956000 77
3957000 77
3958000 77
3959000 77
3960000 77
3961000 77
3962000 77
3963000 77
3964000 77
3965000 77
3966000 77
3967000 77
3968000 77
3969000 77
3970000 77
3971000 77
3972000 77
3973000 77
3974000 77
3975000 77
3976000 77
3977000 77
3978000 77
3979000 77
3980000 77
3981000 77
3982000 77
3983000 77
3984000 77
3985000 77
3986000 77
3987000 77
3988000 77
3989000 77
3990000 77
3991000 77
3992000 77
3993000 77
3994000 77
3995000 77
3996000 77
3997000 77
3998000 77
3999000 77
4000000 77
4001000 77
4002000 77
4003000 77
4004000 77
4005000 77
4006000 77
4007000 77
4008000 77
4009000 77
4010000 77
4011000 77
4012000 77
4013000 77
4014000 77
4015000 77
4016000 77
4017000 77
4018000 77
4019000 77
4020000 77
4021000 77
4022000 77
4023000 77
4024000 77
4025000 77
4026000 77
4027000 77
4028000 77
4029000 77
4030000 77
4031000 77
4032000 77
4033000 77
4034000 77
4035000 77
4036000 77
4037000 77
4038000 77
4039000 77
4040000 77
4041000 77
4042000 77
4043000 77
4044000 77
4045000 77
4046000 77
4047000 77
4048000 77
4049000 77
4050000 77
4051000 77
4052000 77
4053000 77
4054000 77
4055000 77
4056000 77
4057000 77
4058000 77
4059000 77
4060000 77
4061000 77
4062000 77
4063000 77
4064000 77
4065000 77
4066000 77
4067000 77
4068000 77
4069000 77
4070000 77
4071000 77
4072000 77
4073000 77
4074000 77
4075000 77
4076000 77
4077000 77
4078000 77
4079000 77
4080000 77
4081000 77
4082000 77
4083000 77
4084000 77
4085000 77
4086000 77
4087000 77
4088000 77
4089000 77
4090000 77
4091000 77
4092000 77
4093000 77
4094000 77
4095000 77
4096000 77
4097000 77
4098000 77
4099000 77
4100000 77
4101000 77
4102000 77
4103000 77
4104000 77
4105000 77
4106000 77
4107000 77
4108000 77
4109000 77
4110000 77
4111000 77
4112000 77
4113000 77
4114000 77
4115000 77
4116000 77
4117000 77
4118000 77
4119000 77
4120000 77
4121000 77
4122000 77
4123000 77
4124000 77
4125000 77
4126000 77
4127000 77
4128000 77
4129000 77
4130000 77
4131000 77
4132000 77
4133000 77
4134000 77
4135000 77
4136000 77
4137000 77
4138000 77
4139000 77
4140000 77
4141000 77
4142000 77
4143000 77
4144000 77
4145000 77
4146000 77
4147000 77
4148000 77
4149000 77
4150000 77
4151000 77
4152000 77
4153000 77
4154000 77
4155000 77
4156000 77
4157000 77
4158000 77
4159000 77
4160000 77
4161000 77
4162000 77
4163000 77
4164000 77
4165000 77
4166000 77
4167000 77
4168000 77
4169000 77
4170000 77
4171000 77
4172000 77
4173000 77
4174000 77
4175000 77
4176000 77
4177000 77
4178000 77
4179000 77
4180000 77
4181000 77
4182000 77
4183000 77
4184000 77
4185000 77
4186000 77
4187000 77
4188000 77
4189000 77
4190000 77
4191000 77
4192000 77
4193000 77
4194000 77
4195000 77
4196000 77
4197000 78
4198000 78
4199000 78
4200000 78
4201000 78
4202000 78
4203000 78
4204000 78
4205000 78
4206000 78
4207000 78
4208000 78
4209000 78
4210000 78
4211000 78
4212000 78
4213000 78
4214000 78
4215000 78
4216000 78
4217000 78
4218000 79
4219000 79
4220000 79
4221000 79
4222000 79
4223000 79
4224000 79
4225000 79
4226000 79
4227000 79
4228000 79
4229000 79
4230000 79
4231000 79
4232000 79
4233000 80
4234000 80
4235000 80
4236000 80
4237000 80
4238000 80
4239000 80
4240000 80
4241000 80
4242000 80
4243000 80
4244000 80
4245000 80
4246000 80
4247000 80
4248000 80
4249000 80
4250000 80
4251000 80
4252000 80
4253000 80
4254000 80
4255000 80
4256000 80
4257000 80
4258000 80
4259000 80
4260000 80
4261000 80
4262000 80
4263000 80
4264000 80
4265000 80
4266000 80
4267000 81
4268000 81
4269000 81
4270000 81
4271000 81
4272000 81
4273000 81
4274000 81
4275000 81
4276000 81
4277000 81
4278000 81
4279000 81
4280000 81
4281000 81
4282000 81
4283000 81
4284000 81
4285000 81
4286000 81
4287000 81
4288000 81
4289000 81
4290000 81
4291000 81
4292000 81
4293000 81
4294000 81
4295000 81
4296000 81
4297000 81
4298000 81
4299000 81
4300000 82
4301000 82
4302000 82
4303000 82
4304000 82
4305000 82
4306000 82
4307000 82
4308000 82
4309000 82
4310000 82
4311000 82
4312000 82
4313000 82
4314000 82
4315000 82
4316000 83
4317000 83
4318000 83
4319000 83
4320000 83
4321000 83
4322000 83
4323000 83
4324000 83
4325000 83
4326000 83
4327000 83
4328000 83
4329000 84
4330000 84
4331000 84
4332000 84
4333000 84
4334000 84
4335000 84
4336000 84
4337000 84
4338000 84
4339000 84
4340000 84
4341000 84
4342000 84
4343000 84
4344000 84
4345000 84
4346000 84
4347000 84
4348000 84
4349000 85
4350000 85
4351000 85
4352000 85
4353000 85
4354000 85
4355000 85
4356000 85
4357000 85
4358000 85
4359000 85
4360000 85
4361000 85
4362000 85
4363000 85
4364000 85
4365000 85
4366000 85
4367000 85
4368000 85
4369000 85
4370000 85
4371000 85
4372000 86
4373000 86
4374000 86
4375000 86
4376000 86
4377000 86
4378000 86
4379000 86
4380000 86
4381000 86
4382000 86
4383000 86
4384000 86
4385000 86
4386000 86
4387000 86
4388000 86
4389000 86
4390000 86
4391000 86
4392000 86
4393000 87
4394000 87
4395000 87
4396000 87
4397000 87
4398000 87
4399000 87
4400000 87
4401000 87
4402000 87
4403000 87
4404000 87
4405000 87
4406000 87
4407000 87
4408000 88
4409000 88
4410000 88
4411000 88
4412000 88
4413000 88
4414000 88
4415000 88
4416000 88
4417000 88
4418000 88
4419000 88
4420000 88
4421000 88
4422000 88
4423000 88
4424000 89
4425000 89
4426000 89
4427000 89
4428000 89
4429000 89
4430000 89
4431000 89
4432000 89
4433000 89
4434000 89
4435000 89
4436000 89
4437000 89
4438000 89
4439000 89
4440000 89
4441000 89
4442000 89
4443000 89
4444000 89
4445000 89
4446000 89
4447000 89
4448000 90
4449000 90
4450000 90
4451000 90
4452000 90
4453000 90
4454000 90
4455000 90
4456000 90
4457000 90
4458000 90
4459000 90
4460000 90
4461000 90
4462000 90
4463000 90
4464000 91
4465000 91
4466000 91
4467000 91
4468000 91
4469000 91
4470000 91
4471000 91
4472000 91
4473000 91
4474000 91
4475000 91
4476000 91
4477000 91
4478000 91
4479000 91
4480000 91
4481000 92
4482000 92
4483000 92
4484000 92
4485000 92
4486000 92
4487000 92
4488000 92
4489000 92
4490000 92
4491000 92
4492000 92
4493000 92
4494000 93
4495000 93
4496000 93
4497000 93
4498000 93
4499000 93
4500000 93
4501000 93
4502000 93
4503000 93
4504000 93
4505000 93
4506000 93
4507000 94
4508000 94
4509000 94
4510000 94
4511000 94
4512000 94
4513000 94
4514000 94
4515000 94
4516000 94
4517000 94
4518000 94
4519000 94
4520000 94
4521000 94
4522000 94
4523000 94
4524000 94
4525000 94
4526000 94
4527000 94
4528000 94
4529000 94
4530000 95
4531000 95
4532000 95
4533000 95
4534000 95
4535000 95
4536000 95
4537000 95
4538000 95
4539000 95
4540000 95
4541000 95
4542000 95
4543000 95
4544000 95
4545000 95
4546000 95
4547000 95
4548000 96
4549000 96
4550000 96
4551000 96
4552000 96
4553000 96
4554000 96
4555000 96
4556000 96
4557000 96
4558000 96
4559000 96
4560000 96
4561000 96
4562000 96
4563000 96
4564000 96
4565000 97
4566000 97
4567000 97
4568000 97
4569000 97
4570000 97
4571000 97
4572000 97
4573000 97
4574000 97
4575000 97
4576000 97
4577000 97
4578000 97
4579000 97
4580000 97
4581000 97
4582000 97
4583000 98
4584000 98
4585000 98
4586000 98
4587000 98
4588000 98
4589000 98
4590000 98
4591000 98
4592000 98
4593000 98
4594000 98
4595000 98
4596000 98
4597000 98
4598000 98
4599000 98
4600000 98
4601000 98
4602000 98
4603000 98
4604000 98
4605000 98
4606000 98
4607000 98
4608000 98
4609000 98
4610000 98
4611000 99
4612000 99
4613000 99
4614000 99
4615000 99
4616000 99
4617000 99
4618000 99
4619000 99
4620000 99
4621000 99
4622000 99
4623000 99
4624000 99
4625000 99
4626000 99
4627000 99
4628000 100
4629000 100
4630000 100
4631000 100
4632000 100
4633000 100
4634000 100
4635000 100
4636000 100
4637000 100
4638000 100
4639000 100
4640000 100
4641000 100
4642000 100
4643000 100
4644000 101
4645000 101
4646000 101
4647000 101
4648000 101
4649000 101
4650000 101
4651000 101
4652000 101
4653000 101
4654000 101
4655000 101
4656000 101
4657000 101
4658000 101
4659000 101
4660000 101
4661000 101
4662000 101
4663000 101
4664000 101
4665000 101
4666000 102
4667000 102
4668000 102
4669000 102
4670000 102
4671000 102
4672000 102
4673000 102
4674000 102
4675000 102
4676000 102
4677000 102
4678000 102
4679000 102
4680000 103
4681000 103
4682000 103
4683000 103
4684000 103
4685000 103
4686000 103
4687000 103
4688000 103
4689000 103
4690000 103
4691000 103
4692000 103
4693000 103
4694000 104
4695000 104
4696000 104
4697000 104
4698000 104
4699000 104
4700000 104
4701000 104
4702000 104
4703000 104
4704000 105
4705000 105
4706000 105
4707000 105
4708000 105
4709000 105
4710000 105
4711000 105
4712000 105
4713000 105
4714000 105
4715000 105
4716000 105
4717000 106
4718000 106
4719000 106
4720000 106
4721000 106
4722000 106
4723000 106
4724000 106
4725000 106
4726000 106
4727000 106
4728000 107
4729000 107
4730000 107
4731000 107
4732000 107
4733000 107
4734000 107
4735000 107
4736000 107
4737000 107
4738000 107
4739000 107
4740000 107
4741000 107
4742000 108
4743000 108
4744000 108
4745000 108
4746000 108
4747000 108
4748000 108
4749000 108
4750000 108
4751000 108
4752000 108
4753000 109
4754000 109
4755000 109
4756000 109
4757000 109
4758000 109
4759000 109
4760000 109
4761000 109
4762000 109
4763000 109
4764000 109
4765000 110
4766000 110
4767000 110
4768000 110
4769000 110
4770000 110
4771000 110
4772000 110
4773000 110
4774000 110
4775000 110
4776000 111
4777000 111
4778000 111
4779000 111
4780000 111
4781000 111
4782000 111
4783000 111
4784000 111
4785000 111
4786000 112
4787000 112
4788000 112
4789000 112
4790000 112
4791000 112
4792000 112
4793000 112
4794000 112
4795000 112
4796000 112
4797000 112
4798000 112
4799000 113
4800000 113
4801000 113
4802000 113
4803000 113
4804000 113
4805000 113
4806000 113
4807000 113
4808000 113
4809000 113
4810000 114
4811000 114
4812000 114
4813000 114
4814000 114
4815000 114
4816000 114
4817000 114
4818000 114
4819000 114
4820000 114
4821000 115
4822000 115
4823000 115
4824000 115
4825000 115
4826000 115
4827000 115
4828000 115
4829000 115
4830000 115
4831000 116
4832000 116
4833000 116
4834000 116
4835000 116
4836000 116
4837000 116
4838000 116
4839000 116
4840000 116
4841000 116
4842000 116
4843000 116
4844000 116
4845000 116
4846000 116
4847000 117
4848000 117
4849000 117
4850000 117
4851000 117
4852000 117
4853000 117
4854000 117
4855000 117
4856000 117
4857000 117
4858000 117
4859000 117
4860000 117
4861000 117
4862000 118
4863000 118
4864000 118
4865000 118
4866000 118
4867000 118
4868000 118
4869000 118
4870000 118
4871000 118
4872000 119
4873000 119
4874000 119
4875000 119
4876000 119
4877000 119
4878000 119
4879000 119
4880000 119
4881000 119
4882000 119
4883000 119
4884000 119
4885000 120
4886000 120
4887000 120
4888000 120
4889000 120
4890000 120
4891000 120
4892000 120
4893000 120
4894000 120
4895000 120
4896000 120
4897000 120
4898000 120
4899000 120
4900000 120
4901000 120
4902000 120
4903000 120
4904000 121
4905000 121
4906000 121
4907000 121
4908000 121
4909000 121
4910000 121
4911000 121
4912000 121
4913000 122
4914000 122
4915000 122
4916000 122
4917000 122
4918000 122
4919000 122
4920000 122
4921000 122
4922000 122
4923000 122
4924000 122
4925000 122
4926000 123
4927000 123
4928000 123
4929000 123
4930000 123
4931000 123
4932000 123
4933000 123
4934000 123
4935000 123
4936000 123
4937000 124
4938000 124
4939000 124
4940000 124
4941000 124
4942000 124
4943000 124
4944000 124
4945000 124
4946000 125
4947000 125
4948000 125
4949000 125
4950000 125
4951000 125
4952000 125
4953000 125
4954000 125
4955000 125
4956000 125
4957000 125
4958000 125
4959000 125
4960000 126
4961000 126
4962000 126
4963000 126
4964000 126
4965000 126
4966000 126
4967000 126
4968000 126
4969000 126
4970000 126
4971000 126
4972000 127
4973000 127
4974000 127
4975000 127
4976000 127
4977000 127
4978000 127
4979000 127
4980000 127
4981000 128
4982000 128
4983000 128
4984000 128
4985000 128
4986000 128
4987000 128
4988000 128
4989000 128
4990000 128
4991000 128
4992000 128
4993000 129
4994000 129
4995000 129
4996000 129
4997000 129
4998000 129
4999000 129
5000000 129
