0 0
1000 0
2000 0
3000 0
4000 0
5000 0
6000 0
7000 0
8000 1
9000 1
10000 1
11000 1
12000 1
13000 1
14000 1
15000 1
16000 1
17000 1
18000 2
19000 2
20000 2
21000 2
22000 2
23000 2
24000 2
25000 2
26000 2
27000 2
28000 3
29000 3
30000 3
31000 3
32000 3
33000 3
34000 4
35000 4
36000 4
37000 4
38000 4
39000 4
40000 4
41000 4
42000 4
43000 4
44000 4
45000 4
46000 4
47000 4
48000 4
49000 4
50000 4
51000 4
52000 4
53000 4
54000 4
55000 4
56000 4
57000 4
58000 4
59000 4
60000 4
61000 4
62000 4
63000 4
64000 4
65000 4
66000 4
67000 4
68000 4
69000 4
70000 4
71000 4
72000 4
73000 4
74000 4
75000 4
76000 4
77000 4
78000 4
79000 4
80000 4
81000 4
82000 4
83000 4
84000 4
85000 4
86000 4
87000 4
88000 4
89000 4
90000 4
91000 4
92000 4
93000 4
94000 4
95000 4
96000 4
97000 4
98000 4
99000 4
100000 4
101000 4
102000 4
103000 4
104000 4
105000 4
106000 4
107000 4
108000 4
109000 4
110000 4
111000 4
112000 4
113000 4
114000 4
115000 4
116000 4
117000 4
118000 4
119000 4
120000 4
121000 4
122000 4
123000 4
124000 4
125000 4
126000 4
127000 4
128000 4
129000 4
130000 4
131000 4
132000 4
133000 4
134000 4
135000 4
136000 4
137000 4
138000 4
139000 4
140000 4
141000 4
142000 5
143000 5
144000 5
145000 5
146000 5
147000 5
148000 5
149000 6
150000 6
151000 6
152000 6
153000 6
154000 6
155000 6
156000 6
157000 7
158000 7
159000 7
160000 7
161000 7
162000 7
163000 7
164000 8
165000 8
166000 8
167000 8
168000 8
169000 8
170000 8
171000 8
172000 8
173000 9
174000 9
175000 9
176000 9
177000 9
178000 9
179000 9
180000 10
181000 10
182000 10
183000 10
184000 10
185000 10
186000 10
187000 11
188000 11
189000 11
190000 11
191000 11
192000 11
193000 11
194000 11
195000 11
196000 11
197000 12
198000 12
199000 12
200000 12
201000 12
202000 12
203000 12
204000 12
205000 12
206000 12
207000 13
208000 13
209000 13
210000 13
211000 13
212000 13
213000 14
214000 14
215000 14
216000 14
217000 14
218000 14
219000 14
220000 14
221000 14
222000 15
223000 15
224000 15
225000 15
226000 15
227000 15
228000 16
229000 16
230000 16
231000 16
232000 16
233000 16
234000 16
235000 17
236000 17
237000 17
238000 17
239000 17
240000 17
241000 17
242000 18
243000 18
244000 18
245000 18
246000 18
247000 18
248000 18
249000 18
250000 19
251000 19
252000 19
253000 19
254000 19
255000 19
256000 19
257000 19
258000 19
259000 19
260000 20
261000 20
262000 20
263000 20
264000 20
265000 20
266000 20
267000 20
268000 21
269000 21
270000 21
271000 21
272000 21
273000 21
274000 21
275000 22
276000 22
277000 22
278000 22
279000 22
280000 22
281000 22
282000 22
283000 22
284000 23
285000 23
286000 23
287000 23
288000 23
289000 23
290000 23
291000 23
292000 24
293000 24
294000 24
295000 24
296000 24
297000 24
298000 24
299000 24
300000 24
301000 24
302000 24
303000 24
304000 24
305000 24
306000 24
307000 24
308000 24
309000 24
310000 24
311000 24
312000 24
313000 24
314000 24
315000 24
316000 24
317000 24
318000 24
319000 24
320000 24
321000 24
322000 24
323000 24
324000 24
325000 24
326000 24
327000 24
328000 24
329000 24
330000 24
331000 24
332000 24
333000 24
334000 24
335000 24
336000 24
337000 24
338000 24
339000 24
340000 24
341000 24
342000 24
343000 24
344000 24
345000 24
346000 24
347000 24
348000 24
349000 24
350000 24
351000 24
352000 24
353000 24
354000 24
355000 24
356000 24
357000 24
358000 24
359000 24
360000 24
361000 24
362000 24
363000 24
364000 24
365000 24
366000 24
367000 24
368000 24
369000 24
370000 24
371000 24
372000 24
373000 24
374000 24
375000 24
376000 24
377000 24
378000 24
379000 24
380000 24
381000 24
382000 24
383000 24
384000 24
385000 24
386000 24
387000 24
388000 24
389000 24
390000 24
391000 24
392000 24
393000 24
394000 24
395000 24
396000 24
397000 24
398000 24
399000 24
400000 24
401000 24
402000 24
403000 24
404000 24
405000 24
406000 24
407000 24
408000 24
409000 24
410000 24
411000 24
412000 24
413000 24
414000 24
415000 24
416000 24
417000 24
418000 24
419000 24
420000 24
421000 24
422000 24
423000 24
424000 24
425000 24
426000 24
427000 24
428000 24
429000 24
430000 24
431000 24
432000 24
433000 24
434000 24
435000 24
436000 24
437000 24
438000 24
439000 24
440000 24
441000 24
442000 24
443000 24
444000 24
445000 24
446000 24
447000 24
448000 24
449000 24
450000 24
451000 24
452000 24
453000 24
454000 24
455000 24
456000 24
457000 24
458000 24
459000 24
460000 24
461000 24
462000 24
463000 24
464000 24
465000 24
466000 24
467000 24
468000 24
469000 24
470000 24
471000 24
472000 24
473000 24
474000 24
475000 24
476000 24
477000 24
478000 24
479000 24
480000 24
481000 24
482000 24
483000 24
484000 24
485000 24
486000 24
487000 24
488000 24
489000 24
490000 24
491000 24
492000 24
493000 24
494000 24
495000 24
496000 24
497000 24
498000 24
499000 24
500000 24
501000 25
502000 25
503000 25
504000 25
505000 25
506000 25
507000 25
508000 25
509000 25
510000 25
511000 25
512000 25
513000 25
514000 25
515000 25
516000 25
517000 25
518000 25
519000 25
520000 25
521000 25
522000 25
523000 25
524000 25
525000 25
526000 25
527000 25
528000 25
529000 25
530000 25
531000 25
532000 25
533000 25
534000 25
535000 25
536000 25
537000 25
538000 25
539000 25
540000 25
541000 25
542000 25
543000 25
544000 25
545000 25
546000 25
547000 25
548000 25
549000 25
550000 25
551000 25
552000 25
553000 25
554000 25
555000 25
556000 25
557000 25
558000 25
559000 25
560000 25
561000 25
562000 25
563000 25
564000 25
565000 25
566000 25
567000 25
568000 25
569000 25
570000 25
571000 25
572000 25
573000 25
574000 25
575000 25
576000 25
577000 25
578000 25
579000 25
580000 25
581000 25
582000 25
583000 25
584000 25
585000 25
586000 25
587000 25
588000 25
589000 25
590000 25
591000 25
592000 25
593000 25
594000 25
595000 25
596000 25
597000 25
598000 25
599000 25
600000 25
601000 25
602000 25
603000 25
604000 25
605000 25
606000 25
607000 25
608000 25
609000 25
610000 25
611000 25
612000 25
613000 25
614000 25
615000 25
616000 25
617000 25
618000 25
619000 25
620000 25
621000 25
622000 25
623000 25
624000 25
625000 25
626000 25
627000 25
628000 25
629000 25
630000 25
631000 25
632000 25
633000 25
634000 25
635000 25
636000 25
637000 25
638000 25
639000 25
640000 25
641000 25
642000 25
643000 25
644000 25
645000 25
646000 25
647000 25
648000 25
649000 25
650000 25
651000 25
652000 25
653000 25
654000 25
655000 25
656000 25
657000 25
658000 25
659000 25
660000 25
661000 25
662000 25
663000 25
664000 25
665000 25
666000 25
667000 25
668000 25
669000 25
670000 25
671000 25
672000 25
673000 25
674000 25
675000 25
676000 25
677000 25
678000 25
679000 25
680000 25
681000 25
682000 25
683000 25
684000 25
685000 25
686000 25
687000 25
688000 25
689000 25
690000 25
691000 25
692000 25
693000 25
694000 25
695000 25
696000 25
697000 25
698000 25
699000 25
700000 25
701000 25
702000 25
703000 25
704000 25
705000 25
706000 25
707000 25
708000 26
709000 26
710000 26
711000 26
712000 26
713000 26
714000 27
715000 27
716000 27
717000 27
718000 27
719000 27
720000 27
721000 27
722000 27
723000 27
724000 27
725000 27
726000 27
727000 27
728000 27
729000 27
730000 27
731000 27
732000 27
733000 27
734000 27
735000 27
736000 27
737000 27
738000 27
739000 27
740000 27
741000 27
742000 27
743000 27
744000 27
745000 27
746000 27
747000 27
748000 27
749000 27
750000 27
751000 27
752000 27
753000 27
754000 27
755000 27
756000 27
757000 27
758000 27
759000 27
760000 27
761000 27
762000 27
763000 27
764000 27
765000 27
766000 27
767000 27
768000 27
769000 27
770000 27
771000 28
772000 28
773000 28
774000 28
775000 28
776000 28
777000 28
778000 28
779000 29
780000 29
781000 29
782000 29
783000 29
784000 29
785000 29
786000 30
787000 30
788000 30
789000 30
790000 30
791000 30
792000 30
793000 30
794000 31
795000 31
796000 31
797000 31
798000 31
799000 31
800000 31
801000 31
802000 31
803000 31
804000 32
805000 32
806000 32
807000 32
808000 32
809000 32
810000 32
811000 32
812000 32
813000 32
814000 32
815000 33
816000 33
817000 33
818000 33
819000 33
820000 33
821000 33
822000 33
823000 34
824000 34
825000 34
826000 34
827000 34
828000 34
829000 34
830000 35
831000 35
832000 35
833000 35
834000 35
835000 35
836000 35
837000 36
838000 36
839000 36
840000 36
841000 36
842000 36
843000 36
844000 37
845000 37
846000 37
847000 37
848000 37
849000 37
850000 37
851000 37
852000 38
853000 38
854000 38
855000 38
856000 38
857000 38
858000 38
859000 39
860000 39
861000 39
862000 39
863000 39
864000 39
865000 40
866000 40
867000 40
868000 40
869000 40
870000 40
871000 40
872000 41
873000 41
874000 41
875000 41
876000 41
877000 41
878000 41
879000 41
880000 41
881000 41
882000 41
883000 41
884000 41
885000 41
886000 42
887000 42
888000 42
889000 42
890000 42
891000 42
892000 42
893000 42
894000 43
895000 43
896000 43
897000 43
898000 43
899000 43
900000 43
901000 43
902000 43
903000 44
904000 44
905000 44
906000 44
907000 44
908000 44
909000 44
910000 44
911000 45
912000 45
913000 45
914000 45
915000 45
916000 45
917000 45
918000 45
919000 45
920000 45
921000 45
922000 45
923000 45
924000 46
925000 46
926000 46
927000 46
928000 46
929000 46
930000 46
931000 47
932000 47
933000 47
934000 47
935000 47
936000 47
937000 47
938000 47
939000 48
940000 48
941000 48
942000 48
943000 48
944000 48
945000 48
946000 48
947000 49
948000 49
949000 49
950000 49
951000 49
952000 49
953000 49
954000 49
955000 49
956000 49
957000 49
958000 49
959000 49
960000 49
961000 49
962000 49
963000 49
964000 49
965000 49
966000 49
967000 49
968000 49
969000 49
970000 49
971000 49
972000 49
973000 49
974000 49
975000 49
976000 49
977000 49
978000 49
979000 49
980000 49
981000 49
982000 49
983000 49
984000 49
985000 49
986000 49
987000 49
988000 49
989000 49
990000 49
991000 49
992000 49
993000 49
994000 49
995000 49
996000 49
997000 49
998000 49
999000 49
1000000 49
1001000 49
1002000 49
1003000 49
1004000 50
1005000 50
1006000 50
1007000 50
1008000 50
1009000 50
1010000 50
1011000 51
1012000 51
1013000 51
1014000 51
1015000 51
1016000 51
1017000 51
1018000 52
1019000 52
1020000 52
1021000 52
1022000 52
1023000 52
1024000 52
1025000 52
1026000 52
1027000 52
1028000 52
1029000 52
1030000 52
1031000 52
1032000 53
1033000 53
1034000 53
1035000 53
1036000 53
1037000 53
1038000 53
1039000 54
1040000 54
1041000 54
1042000 54
1043000 54
1044000 54
1045000 54
1046000 54
1047000 54
1048000 54
1049000 54
1050000 54
1051000 54
1052000 54
1053000 54
1054000 54
1055000 54
1056000 54
1057000 54
1058000 54
1059000 54
1060000 54
1061000 54
1062000 54
1063000 54
1064000 54
1065000 54
1066000 54
1067000 54
1068000 54
1069000 54
1070000 54
1071000 54
1072000 54
1073000 54
1074000 54
1075000 54
1076000 54
1077000 54
1078000 54
1079000 54
1080000 54
1081000 54
1082000 54
1083000 54
1084000 54
1085000 54
1086000 54
1087000 54
1088000 54
1089000 54
1090000 54
1091000 54
1092000 54
1093000 54
1094000 54
1095000 54
1096000 54
1097000 54
1098000 54
1099000 54
1100000 54
1101000 54
1102000 54
1103000 54
1104000 55
1105000 55
1106000 55
1107000 55
1108000 55
1109000 55
1110000 55
1111000 56
1112000 56
1113000 56
1114000 56
1115000 56
1116000 56
1117000 56
1118000 56
1119000 56
1120000 57
1121000 57
1122000 57
1123000 57
1124000 57
1125000 57
1126000 57
1127000 57
1128000 57
1129000 57
1130000 58
1131000 58
1132000 58
1133000 58
1134000 58
1135000 58
1136000 58
1137000 58
1138000 58
1139000 59
1140000 59
1141000 59
1142000 59
1143000 59
1144000 59
1145000 59
1146000 59
1147000 60
1148000 60
1149000 60
1150000 60
1151000 60
1152000 60
1153000 60
1154000 60
1155000 60
1156000 61
1157000 61
1158000 61
1159000 61
1160000 61
1161000 61
1162000 62
1163000 62
1164000 62
1165000 62
1166000 62
1167000 62
1168000 62
1169000 62
1170000 62
1171000 62
1172000 62
1173000 62
1174000 62
1175000 62
1176000 62
1177000 62
1178000 62
1179000 62
1180000 62
1181000 62
1182000 62
1183000 62
1184000 62
1185000 62
1186000 62
1187000 62
1188000 62
1189000 62
1190000 62
1191000 62
1192000 62
1193000 62
1194000 62
1195000 62
1196000 62
1197000 62
1198000 62
1199000 62
1200000 62
1201000 62
1202000 62
1203000 62
1204000 62
1205000 62
1206000 62
1207000 62
1208000 62
1209000 62
1210000 62
1211000 62
1212000 62
1213000 62
1214000 62
1215000 62
1216000 62
1217000 62
1218000 62
1219000 62
1220000 63
1221000 63
1222000 63
1223000 63
1224000 63
1225000 63
1226000 63
1227000 63
1228000 63
1229000 63
1230000 64
1231000 64
1232000 64
1233000 64
1234000 64
1235000 64
1236000 64
1237000 64
1238000 65
1239000 65
1240000 65
1241000 65
1242000 65
1243000 65
1244000 65
1245000 65
1246000 66
1247000 66
1248000 66
1249000 66
1250000 66
1251000 66
1252000 66
1253000 66
1254000 67
1255000 67
1256000 67
1257000 67
1258000 67
1259000 67
1260000 67
1261000 68
1262000 68
1263000 68
1264000 68
1265000 68
1266000 68
1267000 68
1268000 68
1269000 68
1270000 68
1271000 68
1272000 68
1273000 68
1274000 68
1275000 68
1276000 68
1277000 68
1278000 68
1279000 68
1280000 68
1281000 68
1282000 68
1283000 68
1284000 68
1285000 68
1286000 68
1287000 68
1288000 68
1289000 68
1290000 68
1291000 68
1292000 68
1293000 68
1294000 68
1295000 68
1296000 68
1297000 68
1298000 68
1299000 68
1300000 68
1301000 68
1302000 68
1303000 68
1304000 68
1305000 68
1306000 68
1307000 68
1308000 68
1309000 68
1310000 68
1311000 68
1312000 68
1313000 68
1314000 68
1315000 68
1316000 68
1317000 68
1318000 69
1319000 69
1320000 69
1321000 69
1322000 69
1323000 69
1324000 69
1325000 70
1326000 70
1327000 70
1328000 70
1329000 70
1330000 70
1331000 70
1332000 70
1333000 70
1334000 70
1335000 70
1336000 70
1337000 70
1338000 70
1339000 70
1340000 70
1341000 70
1342000 70
1343000 70
1344000 70
1345000 70
1346000 70
1347000 70
1348000 70
1349000 70
1350000 70
1351000 70
1352000 70
1353000 70
1354000 70
1355000 70
1356000 70
1357000 70
1358000 70
1359000 70
1360000 70
1361000 70
1362000 70
1363000 70
1364000 70
1365000 70
1366000 70
1367000 70
1368000 70
1369000 70
1370000 70
1371000 70
1372000 70
1373000 70
1374000 70
1375000 70
1376000 70
1377000 70
1378000 70
1379000 70
1380000 70
1381000 70
1382000 70
1383000 70
1384000 70
1385000 70
1386000 70
1387000 70
1388000 70
1389000 70
1390000 70
1391000 70
1392000 70
1393000 70
1394000 70
1395000 70
1396000 70
1397000 70
1398000 70
1399000 70
1400000 70
1401000 70
1402000 70
1403000 70
1404000 70
1405000 70
1406000 70
1407000 70
1408000 70
1409000 70
1410000 70
1411000 70
1412000 70
1413000 70
1414000 70
1415000 70
1416000 70
1417000 70
1418000 70
1419000 70
1420000 70
1421000 70
1422000 70
1423000 70
1424000 70
1425000 70
1426000 70
1427000 70
1428000 70
1429000 70
1430000 70
1431000 70
1432000 71
1433000 71
1434000 71
1435000 71
1436000 71
1437000 71
1438000 71
1439000 71
1440000 71
1441000 71
1442000 71
1443000 71
1444000 71
1445000 71
1446000 71
1447000 71
1448000 71
1449000 71
1450000 71
1451000 72
1452000 72
1453000 72
1454000 72
1455000 72
1456000 72
1457000 72
1458000 72
1459000 73
1460000 73
1461000 73
1462000 73
1463000 73
1464000 73
1465000 73
1466000 73
1467000 74
1468000 74
1469000 74
1470000 74
1471000 74
1472000 74
1473000 75
1474000 75
1475000 75
1476000 75
1477000 75
1478000 75
1479000 75
1480000 76
1481000 76
1482000 76
1483000 76
1484000 76
1485000 76
1486000 76
1487000 76
1488000 76
1489000 76
1490000 76
1491000 76
1492000 76
1493000 76
1494000 76
1495000 76
1496000 76
1497000 76
1498000 76
1499000 76
1500000 76
1501000 76
1502000 76
1503000 76
1504000 76
1505000 76
1506000 76
1507000 76
1508000 76
1509000 76
1510000 76
1511000 76
1512000 76
1513000 76
1514000 76
1515000 76
1516000 76
1517000 76
1518000 76
1519000 76
1520000 76
1521000 76
1522000 76
1523000 76
1524000 76
1525000 76
1526000 76
1527000 76
1528000 76
1529000 76
1530000 76
1531000 76
1532000 76
1533000 76
1534000 76
1535000 76
1536000 76
1537000 76
1538000 76
1539000 76
1540000 76
1541000 76
1542000 76
1543000 76
1544000 76
1545000 76
1546000 76
1547000 76
1548000 76
1549000 76
1550000 76
1551000 76
1552000 76
1553000 76
1554000 76
1555000 76
1556000 76
1557000 76
1558000 76
1559000 76
1560000 76
1561000 76
1562000 76
1563000 76
1564000 76
1565000 76
1566000 76
1567000 76
1568000 76
1569000 76
1570000 76
1571000 76
1572000 76
1573000 76
1574000 76
1575000 76
1576000 76
1577000 76
1578000 76
1579000 76
1580000 76
1581000 76
1582000 76
1583000 76
1584000 76
1585000 76
1586000 76
1587000 76
1588000 77
1589000 77
1590000 77
1591000 77
1592000 77
1593000 77
1594000 77
1595000 77
1596000 78
1597000 78
1598000 78
1599000 78
1600000 78
1601000 78
1602000 78
1603000 78
1604000 78
1605000 79
1606000 79
1607000 79
1608000 79
1609000 79
1610000 79
1611000 79
1612000 79
1613000 80
1614000 80
1615000 80
1616000 80
1617000 80
1618000 80
1619000 80
1620000 81
1621000 81
1622000 81
1623000 81
1624000 81
1625000 81
1626000 81
1627000 82
1628000 82
1629000 82
1630000 82
1631000 82
1632000 82
1633000 82
1634000 82
1635000 82
1636000 82
1637000 82
1638000 82
1639000 82
1640000 82
1641000 83
1642000 83
1643000 83
1644000 83
1645000 83
1646000 83
1647000 83
1648000 83
1649000 84
1650000 84
1651000 84
1652000 84
1653000 84
1654000 84
1655000 84
1656000 84
1657000 84
1658000 84
1659000 84
1660000 84
1661000 84
1662000 84
1663000 84
1664000 84
1665000 84
1666000 84
1667000 84
1668000 84
1669000 84
1670000 84
1671000 84
1672000 84
1673000 84
1674000 84
1675000 84
1676000 84
1677000 84
1678000 84
1679000 84
1680000 84
1681000 84
1682000 84
1683000 84
1684000 84
1685000 84
1686000 84
1687000 84
1688000 84
1689000 84
1690000 84
1691000 84
1692000 84
1693000 84
1694000 84
1695000 84
1696000 84
1697000 84
1698000 84
1699000 84
1700000 84
1701000 84
1702000 84
1703000 84
1704000 84
1705000 84
1706000 85
1707000 85
1708000 85
1709000 85
1710000 85
1711000 85
1712000 85
1713000 85
1714000 85
1715000 86
1716000 86
1717000 86
1718000 86
1719000 86
1720000 86
1721000 86
1722000 86
1723000 86
1724000 86
1725000 86
1726000 86
1727000 86
1728000 86
1729000 86
1730000 86
1731000 86
1732000 86
1733000 86
1734000 86
1735000 86
1736000 86
1737000 86
1738000 86
1739000 86
1740000 86
1741000 86
1742000 86
1743000 86
1744000 86
1745000 86
1746000 86
1747000 86
1748000 86
1749000 86
1750000 86
1751000 86
1752000 86
1753000 86
1754000 86
1755000 86
1756000 86
1757000 86
1758000 86
1759000 86
1760000 86
1761000 86
1762000 86
1763000 86
1764000 86
1765000 86
1766000 86
1767000 86
1768000 86
1769000 86
1770000 86
1771000 86
1772000 87
1773000 87
1774000 87
1775000 87
1776000 87
1777000 87
1778000 87
1779000 88
1780000 88
1781000 88
1782000 88
1783000 88
1784000 88
1785000 88
1786000 89
1787000 89
1788000 89
1789000 89
1790000 89
1791000 89
1792000 89
1793000 89
1794000 90
1795000 90
1796000 90
1797000 90
1798000 90
1799000 90
1800000 90
1801000 91
1802000 91
1803000 91
1804000 91
1805000 91
1806000 91
1807000 91
1808000 91
1809000 92
1810000 92
1811000 92
1812000 92
1813000 92
1814000 92
1815000 92
1816000 92
1817000 92
1818000 92
1819000 92
1820000 92
1821000 92
1822000 92
1823000 92
1824000 92
1825000 92
1826000 92
1827000 92
1828000 92
1829000 92
1830000 92
1831000 92
1832000 92
1833000 92
1834000 92
1835000 92
1836000 92
1837000 92
1838000 92
1839000 92
1840000 92
1841000 92
1842000 92
1843000 92
1844000 92
1845000 92
1846000 92
1847000 92
1848000 92
1849000 92
1850000 92
1851000 92
1852000 92
1853000 92
1854000 92
1855000 92
1856000 92
1857000 92
1858000 92
1859000 92
1860000 92
1861000 92
1862000 92
1863000 92
1864000 92
1865000 92
1866000 93
1867000 93
1868000 93
1869000 93
1870000 93
1871000 93
1872000 94
1873000 94
1874000 94
1875000 94
1876000 94
1877000 94
1878000 94
1879000 94
1880000 94
1881000 94
1882000 95
1883000 95
1884000 95
1885000 95
1886000 95
1887000 95
1888000 95
1889000 95
1890000 96
1891000 96
1892000 96
1893000 96
1894000 96
1895000 96
1896000 96
1897000 97
1898000 97
1899000 97
1900000 97
1901000 97
1902000 97
1903000 97
1904000 98
1905000 98
1906000 98
1907000 98
1908000 98
1909000 98
1910000 98
1911000 98
1912000 98
1913000 99
1914000 99
1915000 99
1916000 99
1917000 99
1918000 99
1919000 99
1920000 99
1921000 99
1922000 100
1923000 100
1924000 100
1925000 100
1926000 100
1927000 100
1928000 100
1929000 100
1930000 100
1931000 101
1932000 101
1933000 101
1934000 101
1935000 101
1936000 101
1937000 101
1938000 101
1939000 101
1940000 102
1941000 102
1942000 102
1943000 102
1944000 102
1945000 102
1946000 102
1947000 102
1948000 103
1949000 103
1950000 103
1951000 103
1952000 103
1953000 103
1954000 103
1955000 104
1956000 104
1957000 104
1958000 104
1959000 104
1960000 104
1961000 104
1962000 104
1963000 104
1964000 104
1965000 104
1966000 104
1967000 105
1968000 105
1969000 105
1970000 105
1971000 105
1972000 105
1973000 106
1974000 106
1975000 106
1976000 106
1977000 106
1978000 106
1979000 106
1980000 107
1981000 107
1982000 107
1983000 107
1984000 107
1985000 107
1986000 107
1987000 107
1988000 107
1989000 108
1990000 108
1991000 108
1992000 108
1993000 108
1994000 108
1995000 108
1996000 109
1997000 109
1998000 109
1999000 109
2000000 109
2001000 109
2002000 109
2003000 110
2004000 110
2005000 110
2006000 110
2007000 110
2008000 110
2009000 110
2010000 111
2011000 111
2012000 111
2013000 111
2014000 111
2015000 111
2016000 111
2017000 111
2018000 112
2019000 112
2020000 112
2021000 112
2022000 112
2023000 112
2024000 112
2025000 112
2026000 112
2027000 112
2028000 112
2029000 113
2030000 113
2031000 113
2032000 113
2033000 113
2034000 113
2035000 113
2036000 113
2037000 114
2038000 114
2039000 114
2040000 114
2041000 114
2042000 114
2043000 114
2044000 114
2045000 115
2046000 115
2047000 115
2048000 115
2049000 115
2050000 115
2051000 115
2052000 116
2053000 116
2054000 116
2055000 116
2056000 116
2057000 116
2058000 116
2059000 116
2060000 117
2061000 117
2062000 117
2063000 117
2064000 117
2065000 117
2066000 117
2067000 117
2068000 117
2069000 117
2070000 117
2071000 117
2072000 117
2073000 117
2074000 117
2075000 117
2076000 117
2077000 117
2078000 117
2079000 117
2080000 117
2081000 117
2082000 117
2083000 117
2084000 117
2085000 117
2086000 117
2087000 117
2088000 117
2089000 117
2090000 117
2091000 117
2092000 117
2093000 117
2094000 117
2095000 117
2096000 117
2097000 117
2098000 117
2099000 117
2100000 117
2101000 117
2102000 117
2103000 117
2104000 117
2105000 117
2106000 117
2107000 117
2108000 117
2109000 117
2110000 117
2111000 117
2112000 117
2113000 117
2114000 117
2115000 117
2116000 117
2117000 117
2118000 117
2119000 117
2120000 117
2121000 118
2122000 118
2123000 118
2124000 118
2125000 118
2126000 118
2127000 118
2128000 119
2129000 119
2130000 119
2131000 119
2132000 119
2133000 119
2134000 120
2135000 120
2136000 120
2137000 120
2138000 120
2139000 120
2140000 120
2141000 120
2142000 120
2143000 121
2144000 121
2145000 121
2146000 121
2147000 121
2148000 121
2149000 121
2150000 121
2151000 121
2152000 122
2153000 122
2154000 122
2155000 122
2156000 122
2157000 122
2158000 122
2159000 122
2160000 122
2161000 123
2162000 123
2163000 123
2164000 123
2165000 123
2166000 123
2167000 123
2168000 123
2169000 123
2170000 123
2171000 123
2172000 123
2173000 123
2174000 123
2175000 123
2176000 123
2177000 123
2178000 123
2179000 123
2180000 123
2181000 123
2182000 123
2183000 123
2184000 123
2185000 123
2186000 123
2187000 123
2188000 123
2189000 123
2190000 123
2191000 123
2192000 123
2193000 123
2194000 123
2195000 123
2196000 123
2197000 123
2198000 123
2199000 123
2200000 123
2201000 123
2202000 123
2203000 123
2204000 123
2205000 123
2206000 123
2207000 123
2208000 123
2209000 123
2210000 123
2211000 123
2212000 123
2213000 123
2214000 123
2215000 123
2216000 123
2217000 123
2218000 123
2219000 124
2220000 124
2221000 124
2222000 124
2223000 124
2224000 124
2225000 125
2226000 125
2227000 125
2228000 125
2229000 125
2230000 125
2231000 125
2232000 125
2233000 125
2234000 125
2235000 125
2236000 125
2237000 125
2238000 126
2239000 126
2240000 126
2241000 126
2242000 126
2243000 126
2244000 127
2245000 127
2246000 127
2247000 127
2248000 127
2249000 127
2250000 127
2251000 128
2252000 128
2253000 128
2254000 128
2255000 128
2256000 128
2257000 128
2258000 128
2259000 128
2260000 129
2261000 129
2262000 129
2263000 129
2264000 129
2265000 129
2266000 129
2267000 129
2268000 129
2269000 129
2270000 129
2271000 129
2272000 129
2273000 129
2274000 129
2275000 129
2276000 129
2277000 129
2278000 129
2279000 129
2280000 129
2281000 129
2282000 129
2283000 129
2284000 129
2285000 129
2286000 129
2287000 129
2288000 129
2289000 129
2290000 129
2291000 129
2292000 129
2293000 129
2294000 129
2295000 129
2296000 129
2297000 129
2298000 129
2299000 129
2300000 129
2301000 129
2302000 129
2303000 129
2304000 129
2305000 129
2306000 129
2307000 129
2308000 129
2309000 129
2310000 129
2311000 129
2312000 129
2313000 129
2314000 129
2315000 129
2316000 130
2317000 130
2318000 130
2319000 130
2320000 130
2321000 130
2322000 130
2323000 130
2324000 130
2325000 130
2326000 130
2327000 130
2328000 130
2329000 130
2330000 130
2331000 130
2332000 130
2333000 130
2334000 130
2335000 130
2336000 130
2337000 130
2338000 130
2339000 130
2340000 130
2341000 130
2342000 130
2343000 130
2344000 130
2345000 130
2346000 130
2347000 130
2348000 130
2349000 130
2350000 130
2351000 130
2352000 130
2353000 130
2354000 130
2355000 130
2356000 130
2357000 130
2358000 130
2359000 130
2360000 130
2361000 130
2362000 130
2363000 130
2364000 130
2365000 130
2366000 130
2367000 130
2368000 130
2369000 130
2370000 130
2371000 130
2372000 130
2373000 130
2374000 130
2375000 130
2376000 130
2377000 130
2378000 130
2379000 130
2380000 130
2381000 130
2382000 130
2383000 130
2384000 130
2385000 130
2386000 130
2387000 130
2388000 130
2389000 130
2390000 130
2391000 130
2392000 130
2393000 130
2394000 130
2395000 130
2396000 130
2397000 130
2398000 130
2399000 130
2400000 130
2401000 130
2402000 130
2403000 130
2404000 130
2405000 130
2406000 130
2407000 130
2408000 130
2409000 130
2410000 130
2411000 130
2412000 130
2413000 130
2414000 130
2415000 130
2416000 130
2417000 130
2418000 130
2419000 130
2420000 130
2421000 130
2422000 130
2423000 130
2424000 130
2425000 130
2426000 130
2427000 130
2428000 130
2429000 130
2430000 130
2431000 130
2432000 130
2433000 130
2434000 130
2435000 130
2436000 130
2437000 130
2438000 130
2439000 130
2440000 130
2441000 130
2442000 130
2443000 130
2444000 130
2445000 130
2446000 130
2447000 130
2448000 130
2449000 130
2450000 130
2451000 130
2452000 130
2453000 130
2454000 130
2455000 130
2456000 130
2457000 130
2458000 130
2459000 130
2460000 130
2461000 130
2462000 130
2463000 130
2464000 130
2465000 130
2466000 130
2467000 130
2468000 130
2469000 130
2470000 130
2471000 130
2472000 130
2473000 130
2474000 131
2475000 131
2476000 131
2477000 131
2478000 131
2479000 131
2480000 131
2481000 131
2482000 131
2483000 131
2484000 132
2485000 132
2486000 132
2487000 132
2488000 132
2489000 132
2490000 132
2491000 132
2492000 133
2493000 133
2494000 133
2495000 133
2496000 133
2497000 133
2498000 133
2499000 133
2500000 133
2501000 134
2502000 134
2503000 134
2504000 134
2505000 134
2506000 134
2507000 134
2508000 134
2509000 134
2510000 134
2511000 134
2512000 134
2513000 134
2514000 134
2515000 134
2516000 134
2517000 134
2518000 134
2519000 134
2520000 134
2521000 134
2522000 134
2523000 134
2524000 134
2525000 134
2526000 134
2527000 134
2528000 134
2529000 134
2530000 134
2531000 134
2532000 134
2533000 134
2534000 134
2535000 134
2536000 134
2537000 134
2538000 134
2539000 134
2540000 134
2541000 134
2542000 134
2543000 134
2544000 134
2545000 134
2546000 134
2547000 134
2548000 134
2549000 134
2550000 134
2551000 134
2552000 134
2553000 134
2554000 134
2555000 134
2556000 134
2557000 134
2558000 135
2559000 135
2560000 135
2561000 135
2562000 135
2563000 135
2564000 135
2565000 135
2566000 135
2567000 135
2568000 135
2569000 135
2570000 135
2571000 135
2572000 135
2573000 135
2574000 135
2575000 135
2576000 135
2577000 135
2578000 135
2579000 135
2580000 135
2581000 135
2582000 135
2583000 135
2584000 135
2585000 135
2586000 135
2587000 135
2588000 135
2589000 135
2590000 135
2591000 135
2592000 135
2593000 135
2594000 135
2595000 135
2596000 135
2597000 135
2598000 135
2599000 135
2600000 135
2601000 135
2602000 135
2603000 135
2604000 135
2605000 135
2606000 135
2607000 135
2608000 135
2609000 135
2610000 135
2611000 135
2612000 135
2613000 135
2614000 136
2615000 136
2616000 136
2617000 136
2618000 136
2619000 136
2620000 136
2621000 137
2622000 137
2623000 137
2624000 137
2625000 137
2626000 137
2627000 137
2628000 138
2629000 138
2630000 138
2631000 138
2632000 138
2633000 138
2634000 138
2635000 138
2636000 139
2637000 139
2638000 139
2639000 139
2640000 139
2641000 139
2642000 139
2643000 139
2644000 139
2645000 139
2646000 139
2647000 139
2648000 139
2649000 139
2650000 139
2651000 139
2652000 139
2653000 139
2654000 139
2655000 139
2656000 139
2657000 139
2658000 139
2659000 139
2660000 139
2661000 139
2662000 139
2663000 139
2664000 139
2665000 139
2666000 139
2667000 139
2668000 139
2669000 139
2670000 139
2671000 139
2672000 139
2673000 139
2674000 139
2675000 139
2676000 139
2677000 139
2678000 139
2679000 139
2680000 139
2681000 139
2682000 139
2683000 139
2684000 139
2685000 139
2686000 139
2687000 139
2688000 139
2689000 139
2690000 139
2691000 139
2692000 139
2693000 140
2694000 140
2695000 140
2696000 140
2697000 140
2698000 140
2699000 140
2700000 141
2701000 141
2702000 141
2703000 141
2704000 141
2705000 141
2706000 141
2707000 141
2708000 141
2709000 141
2710000 141
2711000 141
2712000 141
2713000 141
2714000 141
2715000 141
2716000 141
2717000 141
2718000 141
2719000 141
2720000 141
2721000 141
2722000 141
2723000 141
2724000 141
2725000 141
2726000 141
2727000 141
2728000 141
2729000 141
2730000 141
2731000 141
2732000 141
2733000 141
2734000 141
2735000 141
2736000 141
2737000 141
2738000 141
2739000 141
2740000 141
2741000 141
2742000 141
2743000 141
2744000 141
2745000 141
2746000 141
2747000 141
2748000 141
2749000 141
2750000 141
2751000 141
2752000 141
2753000 141
2754000 141
2755000 141
2756000 141
2757000 141
2758000 141
2759000 141
2760000 141
2761000 141
2762000 141
2763000 141
2764000 141
2765000 141
2766000 141
2767000 141
2768000 141
2769000 141
2770000 141
2771000 141
2772000 141
2773000 141
2774000 141
2775000 141
2776000 141
2777000 141
2778000 141
2779000 141
2780000 141
2781000 141
2782000 141
2783000 141
2784000 141
2785000 141
2786000 141
2787000 141
2788000 141
2789000 141
2790000 141
2791000 141
2792000 141
2793000 141
2794000 141
2795000 141
2796000 141
2797000 141
2798000 141
2799000 141
2800000 141
2801000 141
2802000 141
2803000 141
2804000 141
2805000 141
2806000 141
2807000 142
2808000 142
2809000 142
2810000 142
2811000 142
2812000 142
2813000 143
2814000 143
2815000 143
2816000 143
2817000 143
2818000 143
2819000 143
2820000 143
2821000 143
2822000 144
2823000 144
2824000 144
2825000 144
2826000 144
2827000 144
2828000 144
2829000 145
2830000 145
2831000 145
2832000 145
2833000 145
2834000 145
2835000 145
2836000 145
2837000 145
2838000 145
2839000 145
2840000 146
2841000 146
2842000 146
2843000 146
2844000 146
2845000 146
2846000 146
2847000 146
2848000 146
2849000 146
2850000 146
2851000 146
2852000 146
2853000 146
2854000 146
2855000 146
2856000 146
2857000 146
2858000 146
2859000 146
2860000 146
2861000 146
2862000 146
2863000 146
2864000 146
2865000 146
2866000 146
2867000 146
2868000 146
2869000 146
2870000 146
2871000 146
2872000 146
2873000 146
2874000 146
2875000 146
2876000 146
2877000 146
2878000 146
2879000 146
2880000 146
2881000 146
2882000 146
2883000 146
2884000 146
2885000 146
2886000 146
2887000 146
2888000 146
2889000 146
2890000 146
2891000 146
2892000 146
2893000 146
2894000 146
2895000 146
2896000 147
2897000 147
2898000 147
2899000 147
2900000 147
2901000 147
2902000 147
2903000 148
2904000 148
2905000 148
2906000 148
2907000 148
2908000 148
2909000 148
2910000 149
2911000 149
2912000 149
2913000 149
2914000 149
2915000 149
2916000 149
2917000 150
2918000 150
2919000 150
2920000 150
2921000 150
2922000 150
2923000 150
2924000 151
2925000 151
2926000 151
2927000 151
2928000 151
2929000 151
2930000 151
2931000 152
2932000 152
2933000 152
2934000 152
2935000 152
2936000 152
2937000 152
2938000 152
2939000 152
2940000 152
2941000 152
2942000 152
2943000 152
2944000 152
2945000 152
2946000 152
2947000 152
2948000 152
2949000 152
2950000 152
2951000 152
2952000 152
2953000 152
2954000 152
2955000 152
2956000 152
2957000 152
2958000 152
2959000 152
2960000 152
2961000 152
2962000 152
2963000 152
2964000 152
2965000 152
2966000 152
2967000 152
2968000 152
2969000 152
2970000 152
2971000 152
2972000 152
2973000 152
2974000 152
2975000 152
2976000 152
2977000 152
2978000 152
2979000 152
2980000 152
2981000 152
2982000 152
2983000 152
2984000 152
2985000 152
2986000 152
2987000 152
2988000 153
2989000 153
2990000 153
2991000 153
2992000 153
2993000 153
2994000 153
2995000 153
2996000 153
2997000 153
2998000 153
2999000 153
3000000 153
3001000 153
3002000 153
3003000 153
3004000 153
3005000 153
3006000 153
3007000 153
3008000 153
3009000 153
3010000 153
3011000 153
3012000 153
3013000 153
3014000 153
3015000 153
3016000 153
3017000 153
3018000 153
3019000 153
3020000 153
3021000 153
3022000 153
3023000 153
3024000 153
3025000 153
3026000 153
3027000 153
3028000 153
3029000 153
3030000 153
3031000 153
3032000 153
3033000 153
3034000 153
3035000 153
3036000 153
3037000 153
3038000 153
3039000 153
3040000 153
3041000 153
3042000 153
3043000 153
3044000 153
3045000 153
3046000 153
3047000 153
3048000 154
3049000 154
3050000 154
3051000 154
3052000 154
3053000 154
3054000 154
3055000 155
3056000 155
3057000 155
3058000 155
3059000 155
3060000 155
3061000 155
3062000 155
3063000 156
3064000 156
3065000 156
3066000 156
3067000 156
3068000 156
3069000 156
3070000 156
3071000 156
3072000 156
3073000 156
3074000 156
3075000 156
3076000 156
3077000 156
3078000 156
3079000 156
3080000 156
3081000 156
3082000 156
3083000 156
3084000 156
3085000 156
3086000 156
3087000 156
3088000 156
3089000 156
3090000 156
3091000 156
3092000 156
3093000 156
3094000 156
3095000 156
3096000 156
3097000 156
3098000 156
3099000 156
3100000 156
3101000 156
3102000 156
3103000 156
3104000 156
3105000 156
3106000 156
3107000 156
3108000 156
3109000 156
3110000 156
3111000 156
3112000 156
3113000 156
3114000 156
3115000 156
3116000 156
3117000 156
3118000 156
3119000 156
3120000 156
3121000 157
3122000 157
3123000 157
3124000 157
3125000 157
3126000 157
3127000 157
3128000 158
3129000 158
3130000 158
3131000 158
3132000 158
3133000 158
3134000 158
3135000 159
3136000 159
3137000 159
3138000 159
3139000 159
3140000 159
3141000 159
3142000 159
3143000 160
3144000 160
3145000 160
3146000 160
3147000 160
3148000 160
3149000 160
3150000 160
3151000 160
3152000 161
3153000 161
3154000 161
3155000 161
3156000 161
3157000 161
3158000 161
3159000 162
3160000 162
3161000 162
3162000 162
3163000 162
3164000 162
3165000 162
3166000 162
3167000 162
3168000 163
3169000 163
3170000 163
3171000 163
3172000 163
3173000 163
3174000 163
3175000 163
3176000 163
3177000 163
3178000 163
3179000 163
3180000 163
3181000 163
3182000 163
3183000 163
3184000 163
3185000 163
3186000 163
3187000 163
3188000 163
3189000 163
3190000 163
3191000 163
3192000 163
3193000 163
3194000 163
3195000 163
3196000 163
3197000 163
3198000 163
3199000 163
3200000 163
3201000 163
3202000 163
3203000 163
3204000 163
3205000 163
3206000 163
3207000 163
3208000 163
3209000 163
3210000 163
3211000 163
3212000 163
3213000 163
3214000 163
3215000 163
3216000 163
3217000 163
3218000 163
3219000 163
3220000 163
3221000 163
3222000 163
3223000 163
3224000 163
3225000 164
3226000 164
3227000 164
3228000 164
3229000 164
3230000 164
3231000 164
3232000 164
3233000 165
3234000 165
3235000 165
3236000 165
3237000 165
3238000 165
3239000 165
3240000 165
3241000 166
3242000 166
3243000 166
3244000 166
3245000 166
3246000 166
3247000 166
3248000 167
3249000 167
3250000 167
3251000 167
3252000 167
3253000 167
3254000 167
3255000 167
3256000 168
3257000 168
3258000 168
3259000 168
3260000 168
3261000 168
3262000 169
3263000 169
3264000 169
3265000 169
3266000 169
3267000 169
3268000 169
3269000 170
3270000 170
3271000 170
3272000 170
3273000 170
3274000 170
3275000 170
3276000 170
3277000 170
3278000 170
3279000 170
3280000 170
3281000 170
3282000 170
3283000 170
3284000 170
3285000 170
3286000 170
3287000 170
3288000 170
3289000 170
3290000 170
3291000 170
3292000 170
3293000 170
3294000 170
3295000 170
3296000 170
3297000 170
3298000 170
3299000 170
3300000 170
3301000 170
3302000 170
3303000 170
3304000 170
3305000 170
3306000 170
3307000 170
3308000 170
3309000 170
3310000 170
3311000 170
3312000 170
3313000 170
3314000 170
3315000 170
3316000 170
3317000 170
3318000 170
3319000 170
3320000 170
3321000 170
3322000 170
3323000 170
3324000 170
3325000 170
3326000 170
3327000 171
3328000 171
3329000 171
3330000 171
3331000 171
3332000 171
3333000 171
3334000 172
3335000 172
3336000 172
3337000 172
3338000 172
3339000 172
3340000 173
3341000 173
3342000 173
3343000 173
3344000 173
3345000 173
3346000 173
3347000 173
3348000 173
3349000 173
3350000 173
3351000 173
3352000 173
3353000 173
3354000 173
3355000 173
3356000 173
3357000 173
3358000 173
3359000 173
3360000 173
3361000 173
3362000 173
3363000 173
3364000 173
3365000 173
3366000 173
3367000 173
3368000 173
3369000 173
3370000 173
3371000 173
3372000 173
3373000 173
3374000 173
3375000 173
3376000 173
3377000 173
3378000 173
3379000 173
3380000 173
3381000 173
3382000 173
3383000 173
3384000 173
3385000 173
3386000 173
3387000 173
3388000 173
3389000 173
3390000 173
3391000 173
3392000 173
3393000 173
3394000 173
3395000 173
3396000 173
3397000 173
3398000 173
3399000 173
3400000 173
3401000 173
3402000 173
3403000 173
3404000 173
3405000 173
3406000 173
3407000 173
3408000 173
3409000 173
3410000 173
3411000 173
3412000 173
3413000 173
3414000 173
3415000 173
3416000 173
3417000 173
3418000 173
3419000 174
3420000 174
3421000 174
3422000 174
3423000 174
3424000 174
3425000 174
3426000 175
3427000 175
3428000 175
3429000 175
3430000 175
3431000 175
3432000 175
3433000 176
3434000 176
3435000 176
3436000 176
3437000 176
3438000 176
3439000 176
3440000 176
3441000 176
3442000 176
3443000 177
3444000 177
3445000 177
3446000 177
3447000 177
3448000 177
3449000 177
3450000 177
3451000 177
3452000 177
3453000 177
3454000 177
3455000 177
3456000 177
3457000 177
3458000 177
3459000 177
3460000 177
3461000 177
3462000 177
3463000 177
3464000 177
3465000 177
3466000 177
3467000 177
3468000 177
3469000 177
3470000 177
3471000 177
3472000 177
3473000 177
3474000 177
3475000 177
3476000 177
3477000 177
3478000 177
3479000 177
3480000 177
3481000 177
3482000 177
3483000 177
3484000 177
3485000 177
3486000 177
3487000 177
3488000 177
3489000 177
3490000 177
3491000 177
3492000 177
3493000 177
3494000 177
3495000 177
3496000 177
3497000 177
3498000 177
3499000 177
3500000 177
3501000 177
3502000 177
3503000 177
3504000 177
3505000 177
3506000 177
3507000 177
3508000 177
3509000 177
3510000 177
3511000 177
3512000 177
3513000 177
3514000 177
3515000 177
3516000 177
3517000 177
3518000 177
3519000 177
3520000 177
3521000 177
3522000 177
3523000 177
3524000 177
3525000 177
3526000 177
3527000 177
3528000 177
3529000 177
3530000 177
3531000 177
3532000 177
3533000 177
3534000 177
3535000 177
3536000 177
3537000 177
3538000 177
3539000 177
3540000 177
3541000 177
3542000 177
3543000 177
3544000 177
3545000 177
3546000 177
3547000 177
3548000 177
3549000 177
3550000 177
3551000 177
3552000 177
3553000 177
3554000 177
3555000 177
3556000 177
3557000 177
3558000 178
3559000 178
3560000 178
3561000 178
3562000 178
3563000 178
3564000 178
3565000 178
3566000 178
3567000 178
3568000 178
3569000 178
3570000 178
3571000 178
3572000 178
3573000 178
3574000 178
3575000 178
3576000 178
3577000 178
3578000 178
3579000 178
3580000 178
3581000 178
3582000 178
3583000 178
3584000 178
3585000 178
3586000 178
3587000 178
3588000 178
3589000 178
3590000 178
3591000 178
3592000 178
3593000 178
3594000 178
3595000 178
3596000 178
3597000 178
3598000 178
3599000 178
3600000 178
3601000 178
3602000 178
3603000 178
3604000 178
3605000 178
3606000 178
3607000 178
3608000 178
3609000 178
3610000 178
3611000 178
3612000 178
3613000 178
3614000 178
3615000 178
3616000 179
3617000 179
3618000 179
3619000 179
3620000 179
3621000 179
3622000 179
3623000 179
3624000 180
3625000 180
3626000 180
3627000 180
3628000 180
3629000 180
3630000 180
3631000 180
3632000 181
3633000 181
3634000 181
3635000 181
3636000 181
3637000 181
3638000 182
3639000 182
3640000 182
3641000 182
3642000 182
3643000 182
3644000 182
3645000 182
3646000 182
3647000 182
3648000 183
3649000 183
3650000 183
3651000 183
3652000 183
3653000 183
3654000 183
3655000 183
3656000 183
3657000 183
3658000 183
3659000 183
3660000 183
3661000 183
3662000 183
3663000 183
3664000 183
3665000 183
3666000 183
3667000 183
3668000 183
3669000 183
3670000 183
3671000 183
3672000 183
3673000 183
3674000 183
3675000 183
3676000 183
3677000 183
3678000 183
3679000 183
3680000 183
3681000 183
3682000 183
3683000 183
3684000 183
3685000 183
3686000 183
3687000 183
3688000 183
3689000 183
3690000 183
3691000 183
3692000 183
3693000 183
3694000 183
3695000 183
3696000 183
3697000 183
3698000 183
3699000 183
3700000 183
3701000 183
3702000 183
3703000 183
3704000 183
3705000 184
3706000 184
3707000 184
3708000 184
3709000 184
3710000 184
3711000 184
3712000 184
3713000 184
3714000 185
3715000 185
3716000 185
3717000 185
3718000 185
3719000 185
3720000 185
3721000 185
3722000 186
3723000 186
3724000 186
3725000 186
3726000 186
3727000 186
3728000 186
3729000 187
3730000 187
3731000 187
3732000 187
3733000 187
3734000 187
3735000 188
3736000 188
3737000 188
3738000 188
3739000 188
3740000 188
3741000 188
3742000 189
3743000 189
3744000 189
3745000 189
3746000 189
3747000 189
3748000 189
3749000 189
3750000 189
3751000 190
3752000 190
3753000 190
3754000 190
3755000 190
3756000 190
3757000 190
3758000 191
3759000 191
3760000 191
3761000 191
3762000 191
3763000 191
3764000 191
3765000 192
3766000 192
3767000 192
3768000 192
3769000 192
3770000 192
3771000 192
3772000 192
3773000 192
3774000 192
3775000 192
3776000 192
3777000 192
3778000 192
3779000 192
3780000 192
3781000 192
3782000 192
3783000 192
3784000 192
3785000 192
3786000 192
3787000 192
3788000 192
3789000 192
3790000 192
3791000 192
3792000 192
3793000 192
3794000 192
3795000 192
3796000 192
3797000 192
3798000 192
3799000 192
3800000 192
3801000 192
3802000 192
3803000 192
3804000 192
3805000 192
3806000 192
3807000 192
3808000 192
3809000 192
3810000 192
3811000 192
3812000 192
3813000 192
3814000 192
3815000 192
3816000 192
3817000 192
3818000 192
3819000 192
3820000 192
3821000 192
3822000 192
3823000 192
3824000 192
3825000 192
3826000 192
3827000 192
3828000 192
3829000 192
3830000 192
3831000 192
3832000 192
3833000 192
3834000 192
3835000 192
3836000 192
3837000 192
3838000 192
3839000 192
3840000 192
3841000 192
3842000 192
3843000 192
3844000 192
3845000 192
3846000 192
3847000 192
3848000 192
3849000 192
3850000 192
3851000 192
3852000 192
3853000 192
3854000 192
3855000 192
3856000 192
3857000 192
3858000 192
3859000 192
3860000 192
3861000 192
3862000 192
3863000 192
3864000 192
3865000 192
3866000 192
3867000 192
3868000 192
3869000 192
3870000 192
3871000 192
3872000 192
3873000 193
3874000 193
3875000 193
3876000 193
3877000 193
3878000 193
3879000 193
3880000 194
3881000 194
3882000 194
3883000 194
3884000 194
3885000 194
3886000 194
3887000 194
3888000 194
3889000 194
3890000 194
3891000 194
3892000 194
3893000 194
3894000 194
3895000 194
3896000 194
3897000 194
3898000 194
3899000 194
3900000 194
3901000 194
3902000 194
3903000 194
3904000 194
3905000 194
3906000 194
3907000 194
3908000 194
3909000 194
3910000 194
3911000 194
3912000 194
3913000 194
3914000 194
3915000 194
3916000 194
3917000 194
3918000 194
3919000 194
3920000 194
3921000 194
3922000 194
3923000 194
3924000 194
3925000 194
3926000 194
3927000 194
3928000 194
3929000 194
3930000 194
3931000 194
3932000 194
3933000 194
3934000 194
3935000 194
3936000 194
3937000 195
3938000 195
3939000 195
3940000 195
3941000 195
3942000 195
3943000 195
3944000 195
3945000 196
3946000 196
3947000 196
3948000 196
3949000 196
3950000 196
3951000 196
3952000 197
3953000 197
3954000 197
3955000 197
3956000 197
3957000 197
3958000 197
3959000 197
3960000 198
3961000 198
3962000 198
3963000 198
3964000 198
3965000 198
3966000 198
3967000 198
3968000 199
3969000 199
3970000 199
3971000 199
3972000 199
3973000 199
3974000 200
3975000 200
3976000 200
3977000 200
3978000 200
3979000 200
3980000 200
3981000 200
3982000 200
3983000 200
3984000 200
3985000 200
3986000 200
3987000 200
3988000 200
3989000 200
3990000 200
3991000 200
3992000 200
3993000 200
3994000 200
3995000 200
3996000 200
3997000 200
3998000 200
3999000 200
4000000 200
4001000 200
4002000 200
4003000 200
4004000 200
4005000 200
4006000 200
4007000 200
4008000 200
4009000 200
4010000 200
4011000 200
4012000 200
4013000 200
4014000 200
4015000 200
4016000 200
4017000 200
4018000 200
4019000 200
4020000 200
4021000 200
4022000 200
4023000 200
4024000 200
4025000 200
4026000 200
4027000 200
4028000 200
4029000 200
4030000 200
4031000 200
4032000 200
4033000 200
4034000 200
4035000 200
4036000 200
4037000 200
4038000 200
4039000 200
4040000 200
4041000 200
4042000 200
4043000 200
4044000 200
4045000 200
4046000 200
4047000 200
4048000 200
4049000 200
4050000 200
4051000 200
4052000 200
4053000 200
4054000 200
4055000 200
4056000 200
4057000 200
4058000 200
4059000 200
4060000 200
4061000 200
4062000 200
4063000 200
4064000 200
4065000 200
4066000 200
4067000 200
4068000 200
4069000 200
4070000 200
4071000 200
4072000 200
4073000 200
4074000 200
4075000 200
4076000 200
4077000 200
4078000 200
4079000 200
4080000 200
4081000 201
4082000 201
4083000 201
4084000 201
4085000 201
4086000 201
4087000 202
4088000 202
4089000 202
4090000 202
4091000 202
4092000 202
4093000 202
4094000 202
4095000 203
4096000 203
4097000 203
4098000 203
4099000 203
4100000 203
4101000 203
4102000 203
4103000 203
4104000 203
4105000 204
4106000 204
4107000 204
4108000 204
4109000 204
4110000 204
4111000 204
4112000 204
4113000 204
4114000 204
4115000 204
4116000 204
4117000 204
4118000 204
4119000 204
4120000 204
4121000 204
4122000 204
4123000 204
4124000 204
4125000 204
4126000 204
4127000 204
4128000 204
4129000 204
4130000 204
4131000 204
4132000 204
4133000 204
4134000 204
4135000 204
4136000 204
4137000 204
4138000 204
4139000 204
4140000 204
4141000 204
4142000 204
4143000 204
4144000 204
4145000 204
4146000 204
4147000 204
4148000 204
4149000 204
4150000 204
4151000 204
4152000 204
4153000 204
4154000 204
4155000 204
4156000 204
4157000 204
4158000 204
4159000 204
4160000 204
4161000 204
4162000 204
4163000 205
4164000 205
4165000 205
4166000 205
4167000 205
4168000 205
4169000 205
4170000 205
4171000 205
4172000 205
4173000 205
4174000 205
4175000 205
4176000 205
4177000 205
4178000 205
4179000 205
4180000 205
4181000 205
4182000 205
4183000 205
4184000 205
4185000 205
4186000 205
4187000 205
4188000 205
4189000 205
4190000 205
4191000 205
4192000 205
4193000 205
4194000 205
4195000 205
4196000 205
4197000 205
4198000 205
4199000 205
4200000 205
4201000 205
4202000 205
4203000 205
4204000 205
4205000 205
4206000 205
4207000 205
4208000 205
4209000 205
4210000 205
4211000 205
4212000 205
4213000 205
4214000 205
4215000 205
4216000 205
4217000 205
4218000 205
4219000 205
4220000 206
4221000 206
4222000 206
4223000 206
4224000 206
4225000 206
4226000 206
4227000 206
4228000 207
4229000 207
4230000 207
4231000 207
4232000 207
4233000 207
4234000 207
4235000 207
4236000 207
4237000 208
4238000 208
4239000 208
4240000 208
4241000 208
4242000 208
4243000 208
4244000 208
4245000 208
4246000 208
4247000 208
4248000 209
4249000 209
4250000 209
4251000 209
4252000 209
4253000 209
4254000 209
4255000 209
4256000 209
4257000 209
4258000 209
4259000 209
4260000 209
4261000 209
4262000 209
4263000 209
4264000 209
4265000 209
4266000 209
4267000 209
4268000 209
4269000 209
4270000 209
4271000 209
4272000 209
4273000 209
4274000 209
4275000 209
4276000 209
4277000 209
4278000 209
4279000 209
4280000 209
4281000 209
4282000 209
4283000 209
4284000 209
4285000 209
4286000 209
4287000 209
4288000 209
4289000 209
4290000 209
4291000 209
4292000 209
4293000 209
4294000 209
4295000 209
4296000 209
4297000 209
4298000 209
4299000 209
4300000 209
4301000 209
4302000 209
4303000 209
4304000 209
4305000 209
4306000 209
4307000 209
4308000 210
4309000 210
4310000 210
4311000 210
4312000 210
4313000 210
4314000 210
4315000 210
4316000 210
4317000 210
4318000 210
4319000 210
4320000 210
4321000 210
4322000 210
4323000 210
4324000 210
4325000 210
4326000 210
4327000 210
4328000 210
4329000 210
4330000 210
4331000 210
4332000 210
4333000 210
4334000 210
4335000 210
4336000 210
4337000 210
4338000 210
4339000 210
4340000 210
4341000 210
4342000 210
4343000 210
4344000 210
4345000 210
4346000 210
4347000 210
4348000 210
4349000 210
4350000 210
4351000 210
4352000 210
4353000 210
4354000 210
4355000 210
4356000 210
4357000 210
4358000 210
4359000 210
4360000 210
4361000 210
4362000 210
4363000 210
4364000 210
4365000 210
4366000 210
4367000 210
4368000 210
4369000 210
4370000 210
4371000 210
4372000 210
4373000 210
4374000 210
4375000 210
4376000 210
4377000 210
4378000 210
4379000 210
4380000 210
4381000 210
4382000 210
4383000 210
4384000 210
4385000 210
4386000 210
4387000 210
4388000 210
4389000 210
4390000 210
4391000 210
4392000 210
4393000 210
4394000 210
4395000 210
4396000 210
4397000 210
4398000 210
4399000 210
4400000 210
4401000 210
4402000 210
4403000 210
4404000 210
4405000 210
4406000 210
4407000 210
4408000 210
4409000 210
4410000 210
4411000 210
4412000 210
4413000 210
4414000 210
4415000 210
4416000 211
4417000 211
4418000 211
4419000 211
4420000 211
4421000 211
4422000 211
4423000 211
4424000 211
4425000 211
4426000 212
4427000 212
4428000 212
4429000 212
4430000 212
4431000 212
4432000 212
4433000 213
4434000 213
4435000 213
4436000 213
4437000 213
4438000 213
4439000 213
4440000 213
4441000 214
4442000 214
4443000 214
4444000 214
4445000 214
4446000 214
4447000 214
4448000 215
4449000 215
4450000 215
4451000 215
4452000 215
4453000 215
4454000 215
4455000 215
4456000 216
4457000 216
4458000 216
4459000 216
4460000 216
4461000 216
4462000 216
4463000 216
4464000 217
4465000 217
4466000 217
4467000 217
4468000 217
4469000 217
4470000 217
4471000 218
4472000 218
4473000 218
4474000 218
4475000 218
4476000 218
4477000 218
4478000 218
4479000 219
4480000 219
4481000 219
4482000 219
4483000 219
4484000 219
4485000 219
4486000 219
4487000 219
4488000 220
4489000 220
4490000 220
4491000 220
4492000 220
4493000 220
4494000 220
4495000 220
4496000 221
4497000 221
4498000 221
4499000 221
4500000 221
4501000 221
4502000 221
4503000 222
4504000 222
4505000 222
4506000 222
4507000 222
4508000 222
4509000 222
4510000 223
4511000 223
4512000 223
4513000 223
4514000 223
4515000 223
4516000 223
4517000 223
4518000 223
4519000 223
4520000 223
4521000 223
4522000 223
4523000 223
4524000 223
4525000 223
4526000 223
4527000 223
4528000 223
4529000 223
4530000 223
4531000 223
4532000 223
4533000 223
4534000 223
4535000 223
4536000 223
4537000 223
4538000 223
4539000 223
4540000 223
4541000 223
4542000 223
4543000 223
4544000 223
4545000 223
4546000 223
4547000 223
4548000 224
4549000 224
4550000 224
4551000 224
4552000 224
4553000 224
4554000 224
4555000 224
4556000 224
4557000 224
4558000 224
4559000 224
4560000 224
4561000 224
4562000 224
4563000 224
4564000 224
4565000 224
4566000 224
4567000 224
4568000 224
4569000 224
4570000 224
4571000 224
4572000 224
4573000 224
4574000 224
4575000 224
4576000 224
4577000 224
4578000 224
4579000 224
4580000 224
4581000 224
4582000 224
4583000 224
4584000 224
4585000 224
4586000 224
4587000 224
4588000 224
4589000 224
4590000 224
4591000 224
4592000 224
4593000 224
4594000 224
4595000 224
4596000 224
4597000 224
4598000 224
4599000 224
4600000 224
4601000 224
4602000 224
4603000 224
4604000 224
4605000 224
4606000 225
4607000 225
4608000 225
4609000 225
4610000 225
4611000 225
4612000 225
4613000 225
4614000 225
4615000 226
4616000 226
4617000 226
4618000 226
4619000 226
4620000 226
4621000 226
4622000 226
4623000 226
4624000 226
4625000 226
4626000 226
4627000 226
4628000 226
4629000 226
4630000 226
4631000 226
4632000 226
4633000 226
4634000 226
4635000 226
4636000 226
4637000 226
4638000 226
4639000 226
4640000 226
4641000 226
4642000 226
4643000 226
4644000 226
4645000 226
4646000 226
4647000 226
4648000 226
4649000 226
4650000 226
4651000 226
4652000 226
4653000 226
4654000 226
4655000 226
4656000 226
4657000 226
4658000 226
4659000 226
4660000 226
4661000 226
4662000 226
4663000 226
4664000 226
4665000 226
4666000 226
4667000 226
4668000 226
4669000 226
4670000 226
4671000 226
4672000 226
4673000 226
4674000 226
4675000 226
4676000 226
4677000 226
4678000 226
4679000 226
4680000 226
4681000 226
4682000 226
4683000 226
4684000 226
4685000 226
4686000 226
4687000 226
4688000 226
4689000 226
4690000 227
4691000 227
4692000 227
4693000 227
4694000 227
4695000 227
4696000 227
4697000 227
4698000 227
4699000 227
4700000 227
4701000 227
4702000 227
4703000 227
4704000 227
4705000 227
4706000 227
4707000 227
4708000 227
4709000 227
4710000 227
4711000 227
4712000 228
4713000 228
4714000 228
4715000 228
4716000 228
4717000 228
4718000 229
4719000 229
4720000 229
4721000 229
4722000 229
4723000 229
4724000 229
4725000 229
4726000 229
4727000 229
4728000 229
4729000 229
4730000 229
4731000 229
4732000 229
4733000 229
4734000 229
4735000 229
4736000 229
4737000 229
4738000 229
4739000 229
4740000 229
4741000 229
4742000 229
4743000 229
4744000 229
4745000 229
4746000 229
4747000 229
4748000 229
4749000 229
4750000 229
4751000 229
4752000 229
4753000 229
4754000 229
4755000 229
4756000 229
4757000 229
4758000 229
4759000 229
4760000 229
4761000 229
4762000 229
4763000 229
4764000 229
4765000 229
4766000 229
4767000 229
4768000 229
4769000 229
4770000 229
4771000 229
4772000 229
4773000 229
4774000 229
4775000 229
4776000 230
4777000 230
4778000 230
4779000 230
4780000 230
4781000 230
4782000 230
4783000 230
4784000 230
4785000 230
4786000 230
4787000 230
4788000 231
4789000 231
4790000 231
4791000 231
4792000 231
4793000 231
4794000 231
4795000 232
4796000 232
4797000 232
4798000 232
4799000 232
4800000 232
4801000 232
4802000 233
4803000 233
4804000 233
4805000 233
4806000 233
4807000 233
4808000 233
4809000 233
4810000 233
4811000 234
4812000 234
4813000 234
4814000 234
4815000 234
4816000 234
4817000 234
4818000 234
4819000 235
4820000 235
4821000 235
4822000 235
4823000 235
4824000 235
4825000 235
4826000 236
4827000 236
4828000 236
4829000 236
4830000 236
4831000 236
4832000 236
4833000 236
4834000 236
4835000 236
4836000 236
4837000 236
4838000 236
4839000 236
4840000 236
4841000 236
4842000 236
4843000 236
4844000 236
4845000 236
4846000 236
4847000 236
4848000 236
4849000 236
4850000 236
4851000 236
4852000 236
4853000 236
4854000 236
4855000 236
4856000 236
4857000 236
4858000 236
4859000 236
4860000 236
4861000 236
4862000 236
4863000 236
4864000 236
4865000 236
4866000 236
4867000 236
4868000 236
4869000 236
4870000 236
4871000 236
4872000 236
4873000 236
4874000 236
4875000 236
4876000 236
4877000 236
4878000 236
4879000 236
4880000 236
4881000 236
4882000 237
4883000 237
4884000 237
4885000 237
4886000 237
4887000 237
4888000 237
4889000 237
4890000 237
4891000 237
4892000 238
4893000 238
4894000 238
4895000 238
4896000 238
4897000 238
4898000 238
4899000 238
4900000 239
4901000 239
4902000 239
4903000 239
4904000 239
4905000 239
4906000 239
4907000 239
4908000 240
4909000 240
4910000 240
4911000 240
4912000 240
4913000 240
4914000 240
4915000 240
4916000 240
4917000 241
4918000 241
4919000 241
4920000 241
4921000 241
4922000 241
4923000 241
4924000 241
4925000 242
4926000 242
4927000 242
4928000 242
4929000 242
4930000 242
4931000 242
4932000 242
4933000 242
4934000 242
4935000 242
4936000 242
4937000 242
4938000 242
4939000 242
4940000 242
4941000 242
4942000 242
4943000 242
4944000 242
4945000 242
4946000 242
4947000 242
4948000 242
4949000 242
4950000 242
4951000 242
4952000 242
4953000 242
4954000 242
4955000 242
4956000 242
4957000 242
4958000 242
4959000 242
4960000 242
4961000 242
4962000 242
4963000 242
4964000 242
4965000 242
4966000 242
4967000 242
4968000 242
4969000 242
4970000 242
4971000 242
4972000 242
4973000 242
4974000 242
4975000 242
4976000 242
4977000 242
4978000 242
4979000 242
4980000 242
4981000 242
4982000 242
4983000 242
4984000 242
4985000 242
4986000 242
4987000 242
4988000 242
4989000 242
4990000 242
4991000 242
4992000 242
4993000 242
4994000 242
4995000 242
4996000 242
4997000 242
4998000 242
4999000 242
5000000 242
