0 0
1000 0
2000 0
3000 0
4000 0
5000 0
6000 0
7000 0
8000 0
9000 0
10000 0
11000 0
12000 0
13000 0
14000 0
15000 0
16000 0
17000 0
18000 0
19000 0
20000 0
21000 0
22000 0
23000 0
24000 0
25000 0
26000 0
27000 0
28000 0
29000 0
30000 0
31000 0
32000 0
33000 0
34000 0
35000 0
36000 0
37000 0
38000 0
39000 0
40000 0
41000 0
42000 0
43000 0
44000 0
45000 0
46000 0
47000 0
48000 0
49000 0
50000 0
51000 0
52000 0
53000 0
54000 0
55000 0
56000 0
57000 0
58000 0
59000 0
60000 0
61000 0
62000 0
63000 0
64000 0
65000 0
66000 0
67000 0
68000 0
69000 0
70000 0
71000 0
72000 0
73000 0
74000 0
75000 0
76000 0
77000 0
78000 0
79000 0
80000 0
81000 0
82000 0
83000 0
84000 0
85000 0
86000 0
87000 0
88000 0
89000 0
90000 0
91000 0
92000 0
93000 0
94000 0
95000 0
96000 0
97000 0
98000 0
99000 0
100000 0
101000 0
102000 0
103000 0
104000 0
105000 0
106000 0
107000 0
108000 0
109000 0
110000 0
111000 0
112000 0
113000 0
114000 0
115000 0
116000 0
117000 0
118000 0
119000 0
120000 0
121000 0
122000 0
123000 0
124000 0
125000 0
126000 0
127000 0
128000 0
129000 0
130000 0
131000 0
132000 0
133000 0
134000 0
135000 0
136000 0
137000 0
138000 0
139000 0
140000 0
141000 0
142000 0
143000 0
144000 0
145000 0
146000 0
147000 0
148000 0
149000 0
150000 0
151000 0
152000 0
153000 0
154000 0
155000 0
156000 0
157000 0
158000 0
159000 0
160000 0
161000 0
162000 0
163000 0
164000 0
165000 0
166000 0
167000 0
168000 0
169000 0
170000 0
171000 0
172000 0
173000 0
174000 0
175000 0
176000 0
177000 0
178000 0
179000 0
180000 0
181000 0
182000 0
183000 0
184000 0
185000 0
186000 0
187000 0
188000 0
189000 0
190000 0
191000 0
192000 0
193000 0
194000 0
195000 0
196000 0
197000 0
198000 0
199000 0
200000 0
201000 0
202000 0
203000 0
204000 0
205000 0
206000 0
207000 0
208000 0
209000 0
210000 0
211000 0
212000 0
213000 0
214000 0
215000 0
216000 0
217000 0
218000 0
219000 0
220000 0
221000 1
222000 1
223000 1
224000 1
225000 1
226000 1
227000 1
228000 1
229000 1
230000 1
231000 1
232000 1
233000 1
234000 1
235000 1
236000 1
237000 1
238000 1
239000 1
240000 1
241000 1
242000 1
243000 1
244000 1
245000 1
246000 1
247000 1
248000 1
249000 1
250000 1
251000 1
252000 1
253000 1
254000 1
255000 1
256000 1
257000 1
258000 1
259000 1
260000 1
261000 1
262000 1
263000 1
264000 1
265000 1
266000 1
267000 1
268000 1
269000 1
270000 1
271000 1
272000 1
273000 1
274000 1
275000 1
276000 1
277000 1
278000 1
279000 1
280000 1
281000 1
282000 1
283000 1
284000 1
285000 1
286000 1
287000 1
288000 1
289000 1
290000 1
291000 1
292000 1
293000 1
294000 1
295000 1
296000 1
297000 1
298000 1
299000 1
300000 1
301000 1
302000 1
303000 1
304000 1
305000 1
306000 1
307000 1
308000 1
309000 1
310000 1
311000 1
312000 1
313000 1
314000 1
315000 1
316000 1
317000 1
318000 1
319000 1
320000 1
321000 1
322000 1
323000 1
324000 1
325000 1
326000 1
327000 1
328000 1
329000 1
330000 1
331000 1
332000 1
333000 1
334000 1
335000 1
336000 1
337000 1
338000 1
339000 1
340000 1
341000 1
342000 1
343000 1
344000 1
345000 1
346000 1
347000 1
348000 1
349000 1
350000 1
351000 1
352000 1
353000 1
354000 1
355000 1
356000 1
357000 1
358000 1
359000 1
360000 1
361000 1
362000 1
363000 1
364000 1
365000 1
366000 1
367000 1
368000 1
369000 1
370000 1
371000 1
372000 1
373000 1
374000 1
375000 1
376000 1
377000 1
378000 1
379000 1
380000 1
381000 1
382000 1
383000 1
384000 1
385000 1
386000 1
387000 1
388000 1
389000 1
390000 1
391000 1
392000 1
393000 1
394000 1
395000 1
396000 1
397000 1
398000 1
399000 1
400000 1
401000 1
402000 1
403000 1
404000 1
405000 1
406000 1
407000 1
408000 1
409000 1
410000 1
411000 1
412000 1
413000 1
414000 1
415000 1
416000 1
417000 1
418000 1
419000 1
420000 1
421000 1
422000 1
423000 1
424000 1
425000 1
426000 1
427000 1
428000 1
429000 1
430000 1
431000 1
432000 1
433000 1
434000 1
435000 1
436000 1
437000 1
438000 1
439000 1
440000 1
441000 1
442000 1
443000 1
444000 1
445000 1
446000 1
447000 1
448000 1
449000 1
450000 1
451000 1
452000 1
453000 1
454000 1
455000 1
456000 1
457000 1
458000 1
459000 1
460000 1
461000 1
462000 1
463000 1
464000 1
465000 1
466000 1
467000 1
468000 1
469000 1
470000 1
471000 1
472000 1
473000 1
474000 1
475000 1
476000 1
477000 1
478000 1
479000 1
480000 1
481000 1
482000 1
483000 1
484000 1
485000 1
486000 1
487000 1
488000 1
489000 1
490000 1
491000 1
492000 1
493000 1
494000 1
495000 1
496000 1
497000 1
498000 1
499000 1
500000 1
501000 1
502000 1
503000 1
504000 1
505000 1
506000 1
507000 1
508000 1
509000 1
510000 1
511000 1
512000 1
513000 1
514000 1
515000 1
516000 1
517000 1
518000 1
519000 1
520000 1
521000 1
522000 1
523000 1
524000 1
525000 1
526000 1
527000 1
528000 1
529000 1
530000 1
531000 1
532000 1
533000 1
534000 1
535000 1
536000 1
537000 1
538000 1
539000 1
540000 1
541000 1
542000 1
543000 1
544000 1
545000 1
546000 1
547000 1
548000 1
549000 1
550000 1
551000 1
552000 1
553000 1
554000 1
555000 1
556000 1
557000 1
558000 1
559000 1
560000 1
561000 1
562000 1
563000 1
564000 1
565000 1
566000 1
567000 1
568000 1
569000 1
570000 1
571000 1
572000 1
573000 1
574000 1
575000 1
576000 1
577000 1
578000 1
579000 1
580000 1
581000 1
582000 1
583000 1
584000 1
585000 1
586000 1
587000 1
588000 1
589000 1
590000 1
591000 1
592000 1
593000 1
594000 1
595000 1
596000 1
597000 1
598000 1
599000 1
600000 1
601000 1
602000 1
603000 1
604000 1
605000 1
606000 1
607000 1
608000 1
609000 1
610000 1
611000 1
612000 1
613000 1
614000 1
615000 1
616000 1
617000 1
618000 1
619000 1
620000 1
621000 1
622000 1
623000 1
624000 1
625000 1
626000 1
627000 1
628000 1
629000 1
630000 1
631000 1
632000 1
633000 1
634000 1
635000 1
636000 1
637000 1
638000 1
639000 1
640000 1
641000 1
642000 1
643000 1
644000 1
645000 1
646000 1
647000 1
648000 1
649000 1
650000 1
651000 1
652000 1
653000 1
654000 1
655000 1
656000 1
657000 1
658000 1
659000 1
660000 1
661000 1
662000 1
663000 1
664000 1
665000 1
666000 1
667000 1
668000 1
669000 1
670000 1
671000 1
672000 1
673000 1
674000 1
675000 1
676000 1
677000 1
678000 1
679000 1
680000 1
681000 1
682000 1
683000 1
684000 1
685000 1
686000 1
687000 1
688000 1
689000 1
690000 1
691000 1
692000 1
693000 2
694000 2
695000 2
696000 2
697000 2
698000 2
699000 2
700000 2
701000 2
702000 2
703000 2
704000 2
705000 2
706000 2
707000 2
708000 2
709000 2
710000 2
711000 2
712000 2
713000 2
714000 2
715000 2
716000 2
717000 2
718000 2
719000 2
720000 2
721000 2
722000 2
723000 2
724000 2
725000 2
726000 2
727000 2
728000 2
729000 2
730000 2
731000 2
732000 2
733000 2
734000 2
735000 2
736000 2
737000 2
738000 2
739000 2
740000 2
741000 2
742000 2
743000 2
744000 2
745000 2
746000 2
747000 2
748000 2
749000 2
750000 2
751000 2
752000 2
753000 2
754000 2
755000 2
756000 2
757000 2
758000 2
759000 2
760000 2
761000 2
762000 2
763000 2
764000 2
765000 2
766000 2
767000 2
768000 2
769000 2
770000 2
771000 2
772000 2
773000 2
774000 2
775000 2
776000 2
777000 2
778000 2
779000 2
780000 2
781000 2
782000 2
783000 2
784000 2
785000 2
786000 2
787000 2
788000 2
789000 2
790000 2
791000 2
792000 2
793000 2
794000 2
795000 2
796000 2
797000 2
798000 2
799000 2
800000 2
801000 2
802000 2
803000 2
804000 2
805000 2
806000 2
807000 2
808000 2
809000 2
810000 2
811000 2
812000 2
813000 2
814000 2
815000 2
816000 2
817000 2
818000 2
819000 2
820000 2
821000 2
822000 2
823000 2
824000 2
825000 2
826000 2
827000 2
828000 2
829000 2
830000 2
831000 2
832000 2
833000 2
834000 2
835000 2
836000 2
837000 2
838000 2
839000 2
840000 2
841000 2
842000 2
843000 2
844000 2
845000 2
846000 2
847000 2
848000 2
849000 2
850000 2
851000 2
852000 2
853000 2
854000 2
855000 2
856000 2
857000 2
858000 2
859000 2
860000 2
861000 2
862000 2
863000 2
864000 2
865000 2
866000 2
867000 2
868000 2
869000 2
870000 2
871000 2
872000 2
873000 2
874000 2
875000 2
876000 2
877000 2
878000 2
879000 2
880000 2
881000 2
882000 2
883000 2
884000 2
885000 2
886000 2
887000 2
888000 2
889000 2
890000 2
891000 2
892000 2
893000 2
894000 2
895000 2
896000 2
897000 2
898000 2
899000 2
900000 2
901000 2
902000 2
903000 2
904000 2
905000 2
906000 2
907000 2
908000 2
909000 2
910000 2
911000 2
912000 2
913000 2
914000 2
915000 2
916000 2
917000 2
918000 2
919000 2
920000 2
921000 2
922000 2
923000 2
924000 2
925000 2
926000 2
927000 2
928000 2
929000 2
930000 2
931000 2
932000 2
933000 2
934000 2
935000 2
936000 2
937000 2
938000 2
939000 2
940000 2
941000 2
942000 2
943000 2
944000 2
945000 2
946000 2
947000 2
948000 2
949000 2
950000 2
951000 2
952000 2
953000 2
954000 2
955000 2
956000 2
957000 2
958000 2
959000 2
960000 2
961000 2
962000 2
963000 2
964000 2
965000 2
966000 2
967000 2
968000 2
969000 2
970000 2
971000 2
972000 2
973000 2
974000 2
975000 2
976000 2
977000 2
978000 2
979000 2
980000 2
981000 2
982000 2
983000 2
984000 2
985000 2
986000 2
987000 2
988000 2
989000 2
990000 2
991000 2
992000 2
993000 2
994000 2
995000 2
996000 2
997000 2
998000 2
999000 2
1000000 2
1001000 2
1002000 2
1003000 2
1004000 2
1005000 2
1006000 2
1007000 2
1008000 2
1009000 2
1010000 2
1011000 2
1012000 2
1013000 2
1014000 2
1015000 2
1016000 2
1017000 2
1018000 2
1019000 2
1020000 2
1021000 2
1022000 2
1023000 2
1024000 2
1025000 2
1026000 2
1027000 2
1028000 2
1029000 2
1030000 2
1031000 2
1032000 2
1033000 2
1034000 2
1035000 2
1036000 2
1037000 2
1038000 2
1039000 2
1040000 2
1041000 2
1042000 2
1043000 2
1044000 2
1045000 2
1046000 2
1047000 2
1048000 2
1049000 2
1050000 2
1051000 2
1052000 2
1053000 2
1054000 2
1055000 2
1056000 2
1057000 2
1058000 2
1059000 2
1060000 2
1061000 2
1062000 2
1063000 2
1064000 2
1065000 2
1066000 2
1067000 2
1068000 2
1069000 2
1070000 2
1071000 2
1072000 2
1073000 2
1074000 2
1075000 2
1076000 2
1077000 2
1078000 2
1079000 2
1080000 2
1081000 2
1082000 2
1083000 2
1084000 2
1085000 2
1086000 2
1087000 2
1088000 2
1089000 2
1090000 2
1091000 2
1092000 2
1093000 2
1094000 2
1095000 2
1096000 2
1097000 2
1098000 2
1099000 2
1100000 2
1101000 2
1102000 2
1103000 2
1104000 2
1105000 2
1106000 2
1107000 2
1108000 2
1109000 2
1110000 2
1111000 2
1112000 2
1113000 2
1114000 2
1115000 2
1116000 2
1117000 2
1118000 2
1119000 2
1120000 2
1121000 2
1122000 2
1123000 2
1124000 2
1125000 2
1126000 2
1127000 2
1128000 2
1129000 2
1130000 2
1131000 2
1132000 2
1133000 2
1134000 2
1135000 2
1136000 2
1137000 2
1138000 2
1139000 2
1140000 2
1141000 2
1142000 2
1143000 2
1144000 2
1145000 2
1146000 2
1147000 2
1148000 2
1149000 2
1150000 2
1151000 2
1152000 2
1153000 2
1154000 2
1155000 2
1156000 2
1157000 2
1158000 2
1159000 2
1160000 2
1161000 2
1162000 2
1163000 2
1164000 2
1165000 2
1166000 2
1167000 2
1168000 2
1169000 2
1170000 2
1171000 2
1172000 2
1173000 2
1174000 2
1175000 2
1176000 2
1177000 2
1178000 2
1179000 2
1180000 2
1181000 2
1182000 2
1183000 2
1184000 2
1185000 2
1186000 2
1187000 2
1188000 2
1189000 2
1190000 2
1191000 2
1192000 2
1193000 2
1194000 2
1195000 2
1196000 2
1197000 2
1198000 2
1199000 2
1200000 2
1201000 2
1202000 2
1203000 2
1204000 2
1205000 2
1206000 2
1207000 2
1208000 2
1209000 2
1210000 2
1211000 2
1212000 2
1213000 2
1214000 2
1215000 2
1216000 2
1217000 2
1218000 2
1219000 2
1220000 2
1221000 2
1222000 2
1223000 2
1224000 2
1225000 2
1226000 2
1227000 2
1228000 2
1229000 2
1230000 2
1231000 2
1232000 2
1233000 2
1234000 2
1235000 2
1236000 2
1237000 2
1238000 2
1239000 2
1240000 2
1241000 2
1242000 2
1243000 2
1244000 2
1245000 2
1246000 2
1247000 2
1248000 2
1249000 2
1250000 2
1251000 2
1252000 2
1253000 2
1254000 2
1255000 2
1256000 2
1257000 3
1258000 3
1259000 3
1260000 3
1261000 3
1262000 3
1263000 3
1264000 3
1265000 3
1266000 3
1267000 3
1268000 3
1269000 3
1270000 3
1271000 3
1272000 3
1273000 3
1274000 3
1275000 3
1276000 3
1277000 3
1278000 3
1279000 3
1280000 3
1281000 3
1282000 3
1283000 3
1284000 3
1285000 3
1286000 3
1287000 3
1288000 3
1289000 3
1290000 3
1291000 3
1292000 3
1293000 3
1294000 3
1295000 3
1296000 3
1297000 3
1298000 3
1299000 3
1300000 3
1301000 3
1302000 3
1303000 3
1304000 3
1305000 3
1306000 3
1307000 3
1308000 3
1309000 3
1310000 3
1311000 3
1312000 3
1313000 3
1314000 3
1315000 3
1316000 3
1317000 3
1318000 3
1319000 3
1320000 3
1321000 3
1322000 3
1323000 3
1324000 3
1325000 3
1326000 3
1327000 3
1328000 3
1329000 3
1330000 3
1331000 3
1332000 3
1333000 3
1334000 3
1335000 3
1336000 3
1337000 3
1338000 3
1339000 3
1340000 3
1341000 3
1342000 3
1343000 3
1344000 3
1345000 3
1346000 3
1347000 3
1348000 3
1349000 3
1350000 3
1351000 3
1352000 3
1353000 3
1354000 3
1355000 3
1356000 3
1357000 3
1358000 3
1359000 3
1360000 3
1361000 3
1362000 3
1363000 3
1364000 3
1365000 3
1366000 3
1367000 3
1368000 3
1369000 3
1370000 3
1371000 3
1372000 3
1373000 3
1374000 3
1375000 3
1376000 3
1377000 3
1378000 3
1379000 3
1380000 3
1381000 3
1382000 3
1383000 3
1384000 3
1385000 3
1386000 3
1387000 3
1388000 3
1389000 3
1390000 3
1391000 3
1392000 3
1393000 3
1394000 3
1395000 3
1396000 3
1397000 3
1398000 3
1399000 3
1400000 3
1401000 3
1402000 3
1403000 3
1404000 3
1405000 3
1406000 3
1407000 3
1408000 3
1409000 3
1410000 3
1411000 3
1412000 3
1413000 3
1414000 3
1415000 3
1416000 3
1417000 3
1418000 3
1419000 3
1420000 3
1421000 3
1422000 3
1423000 3
1424000 3
1425000 3
1426000 3
1427000 3
1428000 3
1429000 3
1430000 3
1431000 3
1432000 3
1433000 3
1434000 3
1435000 3
1436000 3
1437000 3
1438000 3
1439000 3
1440000 3
1441000 3
1442000 3
1443000 3
1444000 3
1445000 3
1446000 3
1447000 3
1448000 3
1449000 3
1450000 3
1451000 3
1452000 3
1453000 3
1454000 3
1455000 3
1456000 3
1457000 3
1458000 3
1459000 3
1460000 3
1461000 3
1462000 3
1463000 3
1464000 3
1465000 3
1466000 3
1467000 3
1468000 3
1469000 3
1470000 3
1471000 3
1472000 3
1473000 3
1474000 3
1475000 3
1476000 3
1477000 3
1478000 3
1479000 3
1480000 3
1481000 3
1482000 3
1483000 3
1484000 3
1485000 3
1486000 3
1487000 3
1488000 3
1489000 3
1490000 3
1491000 3
1492000 3
1493000 3
1494000 3
1495000 3
1496000 3
1497000 3
1498000 3
1499000 3
1500000 3
1501000 3
1502000 3
1503000 3
1504000 3
1505000 3
1506000 3
1507000 3
1508000 3
1509000 3
1510000 3
1511000 3
1512000 3
1513000 3
1514000 3
1515000 3
1516000 3
1517000 3
1518000 3
1519000 3
1520000 3
1521000 3
1522000 3
1523000 3
1524000 3
1525000 3
1526000 3
1527000 3
1528000 3
1529000 3
1530000 3
1531000 3
1532000 3
1533000 3
1534000 3
1535000 3
1536000 3
1537000 3
1538000 3
1539000 3
1540000 3
1541000 3
1542000 3
1543000 3
1544000 3
1545000 3
1546000 3
1547000 3
1548000 3
1549000 3
1550000 3
1551000 3
1552000 3
1553000 3
1554000 3
1555000 3
1556000 3
1557000 3
1558000 3
1559000 3
1560000 3
1561000 3
1562000 3
1563000 3
1564000 3
1565000 3
1566000 3
1567000 3
1568000 3
1569000 3
1570000 3
1571000 3
1572000 3
1573000 3
1574000 3
1575000 3
1576000 3
1577000 3
1578000 3
1579000 3
1580000 3
1581000 3
1582000 3
1583000 3
1584000 3
1585000 3
1586000 3
1587000 3
1588000 3
1589000 3
1590000 3
1591000 3
1592000 3
1593000 3
1594000 3
1595000 3
1596000 3
1597000 3
1598000 3
1599000 3
1600000 3
1601000 3
1602000 3
1603000 3
1604000 3
1605000 3
1606000 3
1607000 3
1608000 3
1609000 3
1610000 3
1611000 3
1612000 3
1613000 3
1614000 3
1615000 3
1616000 3
1617000 3
1618000 3
1619000 3
1620000 3
1621000 3
1622000 3
1623000 3
1624000 3
1625000 3
1626000 3
1627000 3
1628000 3
1629000 3
1630000 3
1631000 3
1632000 3
1633000 3
1634000 3
1635000 3
1636000 3
1637000 3
1638000 3
1639000 3
1640000 3
1641000 3
1642000 3
1643000 3
1644000 3
1645000 3
1646000 3
1647000 3
1648000 3
1649000 3
1650000 3
1651000 3
1652000 3
1653000 3
1654000 3
1655000 3
1656000 3
1657000 3
1658000 3
1659000 3
1660000 3
1661000 3
1662000 3
1663000 3
1664000 3
1665000 3
1666000 3
1667000 3
1668000 3
1669000 3
1670000 3
1671000 3
1672000 3
1673000 3
1674000 3
1675000 3
1676000 3
1677000 3
1678000 3
1679000 3
1680000 3
1681000 3
1682000 3
1683000 3
1684000 3
1685000 3
1686000 3
1687000 3
1688000 3
1689000 3
1690000 3
1691000 3
1692000 3
1693000 3
1694000 3
1695000 3
1696000 3
1697000 3
1698000 3
1699000 3
1700000 3
1701000 3
1702000 3
1703000 3
1704000 3
1705000 3
1706000 3
1707000 3
1708000 3
1709000 3
1710000 3
1711000 3
1712000 3
1713000 3
1714000 3
1715000 3
1716000 3
1717000 3
1718000 3
1719000 3
1720000 3
1721000 3
1722000 3
1723000 3
1724000 3
1725000 3
1726000 3
1727000 3
1728000 3
1729000 3
1730000 3
1731000 3
1732000 3
1733000 3
1734000 3
1735000 3
1736000 3
1737000 3
1738000 3
1739000 3
1740000 3
1741000 3
1742000 3
1743000 3
1744000 3
1745000 3
1746000 3
1747000 3
1748000 3
1749000 3
1750000 3
1751000 3
1752000 3
1753000 3
1754000 3
1755000 3
1756000 3
1757000 3
1758000 3
1759000 3
1760000 3
1761000 3
1762000 3
1763000 3
1764000 3
1765000 3
1766000 3
1767000 3
1768000 3
1769000 3
1770000 3
1771000 3
1772000 3
1773000 3
1774000 3
1775000 3
1776000 3
1777000 3
1778000 3
1779000 3
1780000 3
1781000 3
1782000 3
1783000 3
1784000 3
1785000 3
1786000 3
1787000 3
1788000 3
1789000 3
1790000 3
1791000 3
1792000 3
1793000 3
1794000 3
1795000 3
1796000 3
1797000 3
1798000 3
1799000 3
1800000 3
1801000 3
1802000 3
1803000 3
1804000 3
1805000 3
1806000 3
1807000 3
1808000 3
1809000 3
1810000 3
1811000 3
1812000 3
1813000 3
1814000 3
1815000 3
1816000 3
1817000 3
1818000 3
1819000 3
1820000 3
1821000 3
1822000 3
1823000 3
1824000 3
1825000 3
1826000 3
1827000 3
1828000 3
1829000 3
1830000 3
1831000 3
1832000 3
1833000 3
1834000 3
1835000 3
1836000 3
1837000 3
1838000 3
1839000 3
1840000 3
1841000 3
1842000 3
1843000 3
1844000 3
1845000 3
1846000 3
1847000 3
1848000 3
1849000 3
1850000 3
1851000 3
1852000 3
1853000 3
1854000 3
1855000 3
1856000 3
1857000 3
1858000 3
1859000 3
1860000 3
1861000 3
1862000 3
1863000 3
1864000 3
1865000 3
1866000 3
1867000 3
1868000 3
1869000 3
1870000 3
1871000 3
1872000 3
1873000 3
1874000 3
1875000 3
1876000 3
1877000 3
1878000 3
1879000 3
1880000 3
1881000 3
1882000 3
1883000 3
1884000 3
1885000 3
1886000 3
1887000 3
1888000 3
1889000 3
1890000 3
1891000 3
1892000 3
1893000 3
1894000 3
1895000 3
1896000 3
1897000 3
1898000 3
1899000 3
1900000 3
1901000 3
1902000 3
1903000 3
1904000 3
1905000 3
1906000 3
1907000 3
1908000 3
1909000 3
1910000 3
1911000 3
1912000 3
1913000 3
1914000 3
1915000 3
1916000 3
1917000 3
1918000 3
1919000 3
1920000 3
1921000 3
1922000 3
1923000 3
1924000 3
1925000 3
1926000 3
1927000 3
1928000 3
1929000 3
1930000 3
1931000 3
1932000 3
1933000 3
1934000 3
1935000 3
1936000 3
1937000 3
1938000 3
1939000 3
1940000 3
1941000 3
1942000 3
1943000 3
1944000 3
1945000 3
1946000 3
1947000 3
1948000 3
1949000 3
1950000 3
1951000 3
1952000 3
1953000 3
1954000 3
1955000 3
1956000 3
1957000 3
1958000 3
1959000 3
1960000 3
1961000 3
1962000 3
1963000 3
1964000 3
1965000 3
1966000 3
1967000 3
1968000 3
1969000 3
1970000 3
1971000 3
1972000 3
1973000 3
1974000 3
1975000 3
1976000 3
1977000 3
1978000 3
1979000 3
1980000 3
1981000 3
1982000 3
1983000 3
1984000 3
1985000 3
1986000 3
1987000 3
1988000 3
1989000 3
1990000 3
1991000 3
1992000 3
1993000 3
1994000 3
1995000 3
1996000 3
1997000 3
1998000 3
1999000 3
2000000 3
2001000 3
2002000 3
2003000 3
2004000 3
2005000 3
2006000 3
2007000 3
2008000 3
2009000 3
2010000 3
2011000 3
2012000 3
2013000 3
2014000 3
2015000 3
2016000 3
2017000 3
2018000 3
2019000 3
2020000 3
2021000 3
2022000 3
2023000 3
2024000 3
2025000 3
2026000 3
2027000 3
2028000 3
2029000 3
2030000 3
2031000 3
2032000 3
2033000 3
2034000 3
2035000 3
2036000 3
2037000 3
2038000 3
2039000 3
2040000 3
2041000 3
2042000 3
2043000 3
2044000 3
2045000 3
2046000 3
2047000 3
2048000 3
2049000 3
2050000 3
2051000 3
2052000 3
2053000 3
2054000 3
2055000 3
2056000 3
2057000 3
2058000 3
2059000 3
2060000 3
2061000 3
2062000 3
2063000 3
2064000 3
2065000 3
2066000 3
2067000 3
2068000 3
2069000 3
2070000 3
2071000 3
2072000 3
2073000 3
2074000 3
2075000 3
2076000 3
2077000 3
2078000 3
2079000 3
2080000 3
2081000 3
2082000 3
2083000 3
2084000 3
2085000 3
2086000 3
2087000 3
2088000 3
2089000 3
2090000 3
2091000 3
2092000 3
2093000 3
2094000 3
2095000 3
2096000 3
2097000 3
2098000 3
2099000 3
2100000 3
2101000 3
2102000 3
2103000 3
2104000 3
2105000 3
2106000 3
2107000 3
2108000 3
2109000 3
2110000 3
2111000 3
2112000 3
2113000 3
2114000 3
2115000 3
2116000 3
2117000 3
2118000 3
2119000 3
2120000 3
2121000 3
2122000 3
2123000 3
2124000 3
2125000 3
2126000 3
2127000 3
2128000 3
2129000 3
2130000 3
2131000 3
2132000 3
2133000 3
2134000 3
2135000 3
2136000 3
2137000 3
2138000 3
2139000 3
2140000 3
2141000 3
2142000 3
2143000 3
2144000 3
2145000 3
2146000 3
2147000 3
2148000 3
2149000 3
2150000 3
2151000 3
2152000 3
2153000 3
2154000 3
2155000 3
2156000 3
2157000 3
2158000 3
2159000 3
2160000 3
2161000 3
2162000 3
2163000 3
2164000 3
2165000 3
2166000 3
2167000 3
2168000 3
2169000 3
2170000 3
2171000 3
2172000 3
2173000 3
2174000 3
2175000 3
2176000 3
2177000 3
2178000 3
2179000 3
2180000 3
2181000 3
2182000 3
2183000 3
2184000 3
2185000 3
2186000 3
2187000 3
2188000 3
2189000 3
2190000 3
2191000 3
2192000 3
2193000 3
2194000 3
2195000 3
2196000 3
2197000 3
2198000 3
2199000 3
2200000 3
2201000 3
2202000 3
2203000 3
2204000 3
2205000 3
2206000 3
2207000 3
2208000 3
2209000 3
2210000 3
2211000 3
2212000 3
2213000 3
2214000 3
2215000 3
2216000 3
2217000 3
2218000 3
2219000 3
2220000 3
2221000 3
2222000 3
2223000 4
2224000 4
2225000 4
2226000 4
2227000 4
2228000 4
2229000 4
2230000 4
2231000 4
2232000 4
2233000 4
2234000 4
2235000 4
2236000 4
2237000 4
2238000 4
2239000 4
2240000 4
2241000 4
2242000 4
2243000 4
2244000 4
2245000 4
2246000 4
2247000 4
2248000 4
2249000 4
2250000 4
2251000 4
2252000 4
2253000 4
2254000 4
2255000 4
2256000 4
2257000 4
2258000 4
2259000 4
2260000 4
2261000 4
2262000 4
2263000 4
2264000 4
2265000 4
2266000 4
2267000 4
2268000 4
2269000 4
2270000 4
2271000 4
2272000 4
2273000 4
2274000 4
2275000 4
2276000 4
2277000 4
2278000 4
2279000 4
2280000 4
2281000 4
2282000 4
2283000 4
2284000 4
2285000 4
2286000 4
2287000 4
2288000 4
2289000 4
2290000 5
2291000 5
2292000 5
2293000 5
2294000 5
2295000 5
2296000 5
2297000 5
2298000 5
2299000 5
2300000 5
2301000 5
2302000 5
2303000 5
2304000 5
2305000 5
2306000 5
2307000 5
2308000 5
2309000 5
2310000 5
2311000 5
2312000 5
2313000 5
2314000 5
2315000 5
2316000 5
2317000 5
2318000 5
2319000 5
2320000 5
2321000 5
2322000 5
2323000 5
2324000 5
2325000 5
2326000 5
2327000 5
2328000 5
2329000 5
2330000 5
2331000 5
2332000 5
2333000 5
2334000 5
2335000 5
2336000 5
2337000 5
2338000 5
2339000 5
2340000 5
2341000 5
2342000 5
2343000 5
2344000 5
2345000 5
2346000 5
2347000 5
2348000 5
2349000 5
2350000 5
2351000 5
2352000 5
2353000 5
2354000 5
2355000 5
2356000 5
2357000 5
2358000 5
2359000 5
2360000 5
2361000 5
2362000 5
2363000 5
2364000 5
2365000 5
2366000 5
2367000 5
2368000 5
2369000 5
2370000 5
2371000 5
2372000 5
2373000 5
2374000 5
2375000 5
2376000 5
2377000 5
2378000 5
2379000 5
2380000 5
2381000 5
2382000 5
2383000 5
2384000 5
2385000 5
2386000 5
2387000 5
2388000 5
2389000 5
2390000 5
2391000 5
2392000 5
2393000 5
2394000 5
2395000 5
2396000 5
2397000 5
2398000 5
2399000 5
2400000 5
2401000 5
2402000 5
2403000 5
2404000 5
2405000 5
2406000 5
2407000 5
2408000 5
2409000 5
2410000 5
2411000 5
2412000 5
2413000 5
2414000 5
2415000 5
2416000 5
2417000 5
2418000 5
2419000 5
2420000 5
2421000 5
2422000 5
2423000 5
2424000 5
2425000 5
2426000 5
2427000 5
2428000 5
2429000 5
2430000 5
2431000 5
2432000 5
2433000 5
2434000 5
2435000 5
2436000 5
2437000 5
2438000 5
2439000 5
2440000 5
2441000 5
2442000 5
2443000 5
2444000 5
2445000 5
2446000 5
2447000 5
2448000 5
2449000 5
2450000 5
2451000 5
2452000 5
2453000 5
2454000 5
2455000 5
2456000 5
2457000 5
2458000 5
2459000 5
2460000 5
2461000 5
2462000 5
2463000 5
2464000 5
2465000 5
2466000 5
2467000 5
2468000 5
2469000 5
2470000 5
2471000 5
2472000 5
2473000 5
2474000 5
2475000 5
2476000 5
2477000 5
2478000 5
2479000 5
2480000 5
2481000 5
2482000 5
2483000 5
2484000 5
2485000 5
2486000 5
2487000 5
2488000 5
2489000 5
2490000 5
2491000 5
2492000 5
2493000 5
2494000 5
2495000 5
2496000 5
2497000 5
2498000 5
2499000 5
2500000 5
2501000 5
2502000 5
2503000 5
2504000 5
2505000 5
2506000 5
2507000 5
2508000 5
2509000 5
2510000 5
2511000 5
2512000 5
2513000 5
2514000 5
2515000 5
2516000 5
2517000 5
2518000 5
2519000 5
2520000 5
2521000 5
2522000 5
2523000 5
2524000 5
2525000 5
2526000 5
2527000 5
2528000 5
2529000 5
2530000 5
2531000 5
2532000 5
2533000 5
2534000 5
2535000 5
2536000 5
2537000 5
2538000 5
2539000 5
2540000 5
2541000 5
2542000 5
2543000 5
2544000 5
2545000 5
2546000 5
2547000 5
2548000 5
2549000 5
2550000 5
2551000 5
2552000 5
2553000 5
2554000 5
2555000 5
2556000 5
2557000 5
2558000 5
2559000 5
2560000 5
2561000 5
2562000 5
2563000 5
2564000 5
2565000 5
2566000 5
2567000 5
2568000 5
2569000 5
2570000 5
2571000 5
2572000 5
2573000 5
2574000 5
2575000 5
2576000 5
2577000 5
2578000 5
2579000 5
2580000 5
2581000 5
2582000 5
2583000 5
2584000 5
2585000 5
2586000 5
2587000 5
2588000 5
2589000 5
2590000 5
2591000 5
2592000 5
2593000 5
2594000 5
2595000 5
2596000 5
2597000 5
2598000 5
2599000 5
2600000 5
2601000 5
2602000 5
2603000 5
2604000 5
2605000 5
2606000 5
2607000 5
2608000 5
2609000 5
2610000 5
2611000 5
2612000 5
2613000 5
2614000 5
2615000 5
2616000 5
2617000 5
2618000 5
2619000 5
2620000 5
2621000 5
2622000 5
2623000 5
2624000 5
2625000 5
2626000 5
2627000 5
2628000 5
2629000 5
2630000 5
2631000 5
2632000 5
2633000 5
2634000 5
2635000 5
2636000 5
2637000 5
2638000 5
2639000 5
2640000 5
2641000 5
2642000 5
2643000 5
2644000 5
2645000 5
2646000 5
2647000 5
2648000 5
2649000 5
2650000 5
2651000 5
2652000 5
2653000 5
2654000 5
2655000 5
2656000 5
2657000 5
2658000 5
2659000 5
2660000 5
2661000 5
2662000 5
2663000 5
2664000 5
2665000 5
2666000 5
2667000 5
2668000 5
2669000 5
2670000 5
2671000 5
2672000 5
2673000 5
2674000 5
2675000 5
2676000 5
2677000 5
2678000 5
2679000 5
2680000 5
2681000 5
2682000 5
2683000 5
2684000 5
2685000 5
2686000 5
2687000 5
2688000 5
2689000 5
2690000 5
2691000 5
2692000 5
2693000 5
2694000 5
2695000 5
2696000 5
2697000 5
2698000 5
2699000 5
2700000 5
2701000 5
2702000 5
2703000 5
2704000 5
2705000 5
2706000 5
2707000 5
2708000 5
2709000 5
2710000 5
2711000 5
2712000 5
2713000 5
2714000 5
2715000 5
2716000 5
2717000 5
2718000 5
2719000 5
2720000 5
2721000 5
2722000 5
2723000 5
2724000 5
2725000 5
2726000 5
2727000 5
2728000 5
2729000 5
2730000 5
2731000 5
2732000 5
2733000 5
2734000 5
2735000 5
2736000 5
2737000 5
2738000 5
2739000 5
2740000 5
2741000 5
2742000 5
2743000 5
2744000 5
2745000 5
2746000 5
2747000 5
2748000 5
2749000 5
2750000 5
2751000 5
2752000 5
2753000 5
2754000 5
2755000 5
2756000 5
2757000 5
2758000 5
2759000 5
2760000 5
2761000 5
2762000 5
2763000 5
2764000 5
2765000 5
2766000 5
2767000 5
2768000 5
2769000 5
2770000 5
2771000 5
2772000 5
2773000 5
2774000 5
2775000 5
2776000 5
2777000 5
2778000 5
2779000 5
2780000 5
2781000 5
2782000 5
2783000 5
2784000 5
2785000 5
2786000 5
2787000 5
2788000 5
2789000 5
2790000 5
2791000 5
2792000 5
2793000 5
2794000 5
2795000 5
2796000 5
2797000 5
2798000 5
2799000 5
2800000 5
2801000 5
2802000 5
2803000 5
2804000 5
2805000 5
2806000 5
2807000 5
2808000 5
2809000 5
2810000 5
2811000 5
2812000 5
2813000 5
2814000 5
2815000 5
2816000 5
2817000 5
2818000 5
2819000 5
2820000 5
2821000 5
2822000 5
2823000 5
2824000 5
2825000 5
2826000 5
2827000 5
2828000 5
2829000 5
2830000 5
2831000 5
2832000 5
2833000 5
2834000 5
2835000 5
2836000 5
2837000 5
2838000 5
2839000 5
2840000 5
2841000 5
2842000 5
2843000 5
2844000 5
2845000 5
2846000 5
2847000 5
2848000 5
2849000 5
2850000 5
2851000 5
2852000 5
2853000 5
2854000 5
2855000 5
2856000 5
2857000 5
2858000 5
2859000 5
2860000 5
2861000 5
2862000 5
2863000 5
2864000 5
2865000 5
2866000 5
2867000 5
2868000 5
2869000 5
2870000 5
2871000 5
2872000 5
2873000 5
2874000 5
2875000 5
2876000 5
2877000 5
2878000 5
2879000 5
2880000 5
2881000 5
2882000 5
2883000 5
2884000 5
2885000 5
2886000 5
2887000 5
2888000 5
2889000 5
2890000 5
2891000 5
2892000 5
2893000 5
2894000 5
2895000 5
2896000 5
2897000 5
2898000 5
2899000 5
2900000 5
2901000 5
2902000 5
2903000 5
2904000 5
2905000 5
2906000 5
2907000 5
2908000 5
2909000 5
2910000 5
2911000 5
2912000 5
2913000 5
2914000 5
2915000 5
2916000 5
2917000 5
2918000 5
2919000 5
2920000 5
2921000 5
2922000 5
2923000 5
2924000 5
2925000 5
2926000 5
2927000 5
2928000 5
2929000 5
2930000 5
2931000 5
2932000 5
2933000 5
2934000 5
2935000 5
2936000 5
2937000 5
2938000 5
2939000 5
2940000 5
2941000 5
2942000 5
2943000 5
2944000 5
2945000 5
2946000 5
2947000 5
2948000 5
2949000 5
2950000 5
2951000 5
2952000 5
2953000 5
2954000 5
2955000 5
2956000 5
2957000 5
2958000 5
2959000 5
2960000 5
2961000 5
2962000 5
2963000 5
2964000 5
2965000 5
2966000 5
2967000 5
2968000 5
2969000 5
2970000 5
2971000 5
2972000 5
2973000 5
2974000 5
2975000 5
2976000 5
2977000 5
2978000 5
2979000 5
2980000 5
2981000 5
2982000 5
2983000 5
2984000 5
2985000 5
2986000 5
2987000 5
2988000 5
2989000 5
2990000 5
2991000 5
2992000 5
2993000 5
2994000 5
2995000 5
2996000 5
2997000 5
2998000 5
2999000 5
3000000 5
3001000 5
3002000 5
3003000 5
3004000 5
3005000 5
3006000 5
3007000 5
3008000 5
3009000 5
3010000 5
3011000 5
3012000 5
3013000 5
3014000 5
3015000 5
3016000 5
3017000 5
3018000 5
3019000 5
3020000 5
3021000 5
3022000 5
3023000 5
3024000 5
3025000 5
3026000 5
3027000 5
3028000 5
3029000 5
3030000 5
3031000 5
3032000 5
3033000 5
3034000 5
3035000 5
3036000 5
3037000 5
3038000 5
3039000 5
3040000 5
3041000 5
3042000 5
3043000 5
3044000 5
3045000 5
3046000 5
3047000 5
3048000 5
3049000 5
3050000 5
3051000 5
3052000 5
3053000 5
3054000 5
3055000 5
3056000 5
3057000 5
3058000 5
3059000 5
3060000 5
3061000 5
3062000 5
3063000 5
3064000 5
3065000 5
3066000 5
3067000 5
3068000 5
3069000 5
3070000 5
3071000 5
3072000 5
3073000 5
3074000 5
3075000 5
3076000 5
3077000 5
3078000 5
3079000 5
3080000 5
3081000 5
3082000 5
3083000 5
3084000 5
3085000 5
3086000 5
3087000 5
3088000 5
3089000 5
3090000 5
3091000 5
3092000 5
3093000 5
3094000 5
3095000 5
3096000 5
3097000 5
3098000 5
3099000 5
3100000 5
3101000 5
3102000 5
3103000 5
3104000 5
3105000 5
3106000 5
3107000 5
3108000 5
3109000 5
3110000 5
3111000 5
3112000 5
3113000 5
3114000 5
3115000 5
3116000 5
3117000 5
3118000 5
3119000 5
3120000 5
3121000 5
3122000 5
3123000 5
3124000 5
3125000 5
3126000 5
3127000 5
3128000 5
3129000 5
3130000 5
3131000 5
3132000 5
3133000 5
3134000 5
3135000 5
3136000 5
3137000 5
3138000 5
3139000 5
3140000 5
3141000 5
3142000 5
3143000 5
3144000 5
3145000 5
3146000 5
3147000 5
3148000 5
3149000 5
3150000 5
3151000 5
3152000 5
3153000 5
3154000 5
3155000 5
3156000 5
3157000 5
3158000 5
3159000 5
3160000 5
3161000 5
3162000 5
3163000 5
3164000 5
3165000 5
3166000 5
3167000 5
3168000 5
3169000 5
3170000 5
3171000 5
3172000 5
3173000 5
3174000 5
3175000 5
3176000 5
3177000 5
3178000 5
3179000 5
3180000 5
3181000 5
3182000 5
3183000 5
3184000 5
3185000 5
3186000 5
3187000 5
3188000 5
3189000 5
3190000 5
3191000 5
3192000 5
3193000 5
3194000 5
3195000 5
3196000 5
3197000 5
3198000 5
3199000 5
3200000 5
3201000 5
3202000 5
3203000 5
3204000 5
3205000 5
3206000 5
3207000 5
3208000 5
3209000 5
3210000 5
3211000 5
3212000 5
3213000 5
3214000 5
3215000 5
3216000 5
3217000 5
3218000 5
3219000 5
3220000 5
3221000 5
3222000 5
3223000 5
3224000 5
3225000 5
3226000 5
3227000 5
3228000 5
3229000 5
3230000 5
3231000 5
3232000 5
3233000 5
3234000 5
3235000 5
3236000 5
3237000 5
3238000 5
3239000 5
3240000 5
3241000 5
3242000 5
3243000 5
3244000 5
3245000 5
3246000 5
3247000 5
3248000 5
3249000 5
3250000 5
3251000 5
3252000 5
3253000 5
3254000 5
3255000 5
3256000 5
3257000 5
3258000 5
3259000 5
3260000 5
3261000 5
3262000 5
3263000 5
3264000 5
3265000 5
3266000 5
3267000 5
3268000 5
3269000 5
3270000 5
3271000 5
3272000 5
3273000 5
3274000 5
3275000 5
3276000 5
3277000 5
3278000 5
3279000 5
3280000 5
3281000 5
3282000 5
3283000 5
3284000 5
3285000 5
3286000 5
3287000 5
3288000 5
3289000 5
3290000 5
3291000 5
3292000 5
3293000 5
3294000 5
3295000 5
3296000 5
3297000 5
3298000 5
3299000 5
3300000 5
3301000 5
3302000 5
3303000 5
3304000 5
3305000 5
3306000 5
3307000 5
3308000 5
3309000 5
3310000 5
3311000 5
3312000 5
3313000 5
3314000 5
3315000 5
3316000 5
3317000 5
3318000 5
3319000 5
3320000 5
3321000 5
3322000 5
3323000 5
3324000 5
3325000 5
3326000 5
3327000 5
3328000 5
3329000 5
3330000 5
3331000 5
3332000 5
3333000 5
3334000 5
3335000 5
3336000 5
3337000 5
3338000 5
3339000 5
3340000 5
3341000 5
3342000 5
3343000 5
3344000 5
3345000 5
3346000 5
3347000 5
3348000 5
3349000 5
3350000 5
3351000 5
3352000 5
3353000 5
3354000 5
3355000 5
3356000 5
3357000 5
3358000 5
3359000 5
3360000 5
3361000 5
3362000 5
3363000 5
3364000 5
3365000 5
3366000 5
3367000 5
3368000 5
3369000 5
3370000 5
3371000 5
3372000 5
3373000 5
3374000 5
3375000 5
3376000 5
3377000 5
3378000 5
3379000 5
3380000 5
3381000 5
3382000 5
3383000 5
3384000 5
3385000 5
3386000 5
3387000 5
3388000 5
3389000 5
3390000 5
3391000 5
3392000 5
3393000 5
3394000 5
3395000 5
3396000 5
3397000 5
3398000 5
3399000 5
3400000 5
3401000 5
3402000 5
3403000 5
3404000 5
3405000 5
3406000 5
3407000 5
3408000 6
3409000 6
3410000 6
3411000 6
3412000 6
3413000 6
3414000 6
3415000 6
3416000 6
3417000 6
3418000 6
3419000 6
3420000 6
3421000 6
3422000 6
3423000 6
3424000 6
3425000 6
3426000 6
3427000 6
3428000 6
3429000 6
3430000 6
3431000 6
3432000 6
3433000 6
3434000 6
3435000 6
3436000 6
3437000 6
3438000 6
3439000 6
3440000 6
3441000 6
3442000 6
3443000 6
3444000 6
3445000 6
3446000 6
3447000 6
3448000 6
3449000 6
3450000 6
3451000 6
3452000 6
3453000 6
3454000 6
3455000 6
3456000 6
3457000 6
3458000 6
3459000 6
3460000 6
3461000 6
3462000 6
3463000 6
3464000 6
3465000 6
3466000 6
3467000 6
3468000 6
3469000 6
3470000 6
3471000 6
3472000 6
3473000 6
3474000 6
3475000 6
3476000 6
3477000 6
3478000 6
3479000 6
3480000 6
3481000 6
3482000 6
3483000 6
3484000 6
3485000 6
3486000 6
3487000 6
3488000 6
3489000 6
3490000 6
3491000 6
3492000 6
3493000 6
3494000 6
3495000 6
3496000 6
3497000 6
3498000 6
3499000 6
3500000 6
3501000 6
3502000 6
3503000 6
3504000 6
3505000 6
3506000 6
3507000 6
3508000 6
3509000 6
3510000 6
3511000 6
3512000 6
3513000 6
3514000 6
3515000 6
3516000 6
3517000 6
3518000 6
3519000 6
3520000 6
3521000 6
3522000 6
3523000 6
3524000 6
3525000 6
3526000 6
3527000 6
3528000 6
3529000 6
3530000 6
3531000 6
3532000 6
3533000 6
3534000 6
3535000 6
3536000 6
3537000 6
3538000 6
3539000 6
3540000 6
3541000 6
3542000 6
3543000 6
3544000 6
3545000 6
3546000 6
3547000 6
3548000 6
3549000 6
3550000 6
3551000 6
3552000 6
3553000 6
3554000 6
3555000 6
3556000 6
3557000 6
3558000 6
3559000 6
3560000 6
3561000 6
3562000 6
3563000 6
3564000 6
3565000 6
3566000 6
3567000 6
3568000 6
3569000 6
3570000 6
3571000 6
3572000 6
3573000 6
3574000 6
3575000 6
3576000 6
3577000 6
3578000 6
3579000 6
3580000 6
3581000 6
3582000 6
3583000 6
3584000 6
3585000 6
3586000 6
3587000 6
3588000 6
3589000 6
3590000 6
3591000 6
3592000 6
3593000 6
3594000 6
3595000 6
3596000 6
3597000 6
3598000 6
3599000 6
3600000 6
3601000 6
3602000 6
3603000 6
3604000 6
3605000 6
3606000 6
3607000 6
3608000 6
3609000 6
3610000 6
3611000 6
3612000 6
3613000 6
3614000 6
3615000 6
3616000 6
3617000 6
3618000 6
3619000 6
3620000 6
3621000 6
3622000 6
3623000 6
3624000 6
3625000 6
3626000 6
3627000 6
3628000 6
3629000 6
3630000 6
3631000 6
3632000 6
3633000 6
3634000 6
3635000 6
3636000 6
3637000 6
3638000 6
3639000 6
3640000 6
3641000 6
3642000 6
3643000 6
3644000 6
3645000 6
3646000 6
3647000 6
3648000 6
3649000 6
3650000 6
3651000 6
3652000 6
3653000 6
3654000 6
3655000 6
3656000 6
3657000 6
3658000 6
3659000 6
3660000 6
3661000 6
3662000 6
3663000 6
3664000 6
3665000 6
3666000 6
3667000 6
3668000 6
3669000 6
3670000 6
3671000 6
3672000 6
3673000 6
3674000 6
3675000 6
3676000 6
3677000 6
3678000 6
3679000 6
3680000 6
3681000 6
3682000 6
3683000 6
3684000 6
3685000 6
3686000 6
3687000 6
3688000 6
3689000 6
3690000 6
3691000 6
3692000 6
3693000 6
3694000 6
3695000 6
3696000 6
3697000 6
3698000 6
3699000 6
3700000 6
3701000 6
3702000 6
3703000 6
3704000 6
3705000 6
3706000 6
3707000 6
3708000 6
3709000 6
3710000 6
3711000 6
3712000 6
3713000 6
3714000 6
3715000 6
3716000 6
3717000 6
3718000 6
3719000 6
3720000 6
3721000 6
3722000 6
3723000 6
3724000 6
3725000 6
3726000 6
3727000 6
3728000 6
3729000 6
3730000 6
3731000 6
3732000 6
3733000 6
3734000 6
3735000 6
3736000 6
3737000 6
3738000 6
3739000 6
3740000 6
3741000 6
3742000 6
3743000 6
3744000 6
3745000 6
3746000 6
3747000 6
3748000 6
3749000 6
3750000 6
3751000 6
3752000 6
3753000 6
3754000 6
3755000 6
3756000 6
3757000 6
3758000 6
3759000 6
3760000 6
3761000 6
3762000 6
3763000 6
3764000 6
3765000 6
3766000 6
3767000 6
3768000 6
3769000 6
3770000 6
3771000 6
3772000 6
3773000 6
3774000 6
3775000 6
3776000 6
3777000 6
3778000 6
3779000 6
3780000 6
3781000 6
3782000 6
3783000 6
3784000 6
3785000 6
3786000 6
3787000 6
3788000 6
3789000 6
3790000 6
3791000 6
3792000 6
3793000 6
3794000 6
3795000 6
3796000 6
3797000 6
3798000 6
3799000 6
3800000 6
3801000 6
3802000 6
3803000 6
3804000 6
3805000 6
3806000 6
3807000 6
3808000 6
3809000 6
3810000 6
3811000 6
3812000 6
3813000 6
3814000 6
3815000 6
3816000 6
3817000 6
3818000 6
3819000 6
3820000 6
3821000 6
3822000 6
3823000 6
3824000 6
3825000 6
3826000 6
3827000 6
3828000 6
3829000 6
3830000 6
3831000 6
3832000 6
3833000 6
3834000 6
3835000 6
3836000 6
3837000 6
3838000 6
3839000 6
3840000 6
3841000 6
3842000 6
3843000 6
3844000 6
3845000 6
3846000 6
3847000 6
3848000 6
3849000 6
3850000 6
3851000 6
3852000 6
3853000 6
3854000 6
3855000 6
3856000 6
3857000 6
3858000 6
3859000 6
3860000 6
3861000 6
3862000 6
3863000 6
3864000 6
3865000 6
3866000 6
3867000 6
3868000 6
3869000 6
3870000 6
3871000 6
3872000 6
3873000 6
3874000 6
3875000 6
3876000 6
3877000 6
3878000 6
3879000 6
3880000 6
3881000 6
3882000 6
3883000 6
3884000 6
3885000 6
3886000 6
3887000 6
3888000 6
3889000 6
3890000 6
3891000 6
3892000 6
3893000 6
3894000 7
3895000 7
3896000 7
3897000 7
3898000 7
3899000 7
3900000 7
3901000 7
3902000 7
3903000 7
3904000 7
3905000 7
3906000 7
3907000 7
3908000 7
3909000 7
3910000 8
3911000 8
3912000 8
3913000 8
3914000 8
3915000 8
3916000 8
3917000 8
3918000 8
3919000 8
3920000 8
3921000 8
3922000 8
3923000 8
3924000 8
3925000 8
3926000 8
3927000 8
3928000 8
3929000 8
3930000 8
3931000 8
3932000 8
3933000 8
3934000 8
3935000 8
3936000 8
3937000 8
3938000 8
3939000 8
3940000 8
3941000 8
3942000 8
3943000 8
3944000 8
3945000 8
3946000 8
3947000 8
3948000 8
3949000 8
3950000 8
3951000 8
3952000 8
3953000 8
3954000 8
3955000 8
3956000 8
3957000 8
3958000 8
3959000 8
3960000 8
3961000 8
3962000 8
3963000 8
3964000 8
3965000 8
3966000 8
3967000 8
3968000 8
3969000 8
3970000 8
3971000 8
3972000 8
3973000 8
3974000 8
3975000 8
3976000 8
3977000 8
3978000 8
3979000 8
3980000 8
3981000 8
3982000 8
3983000 8
3984000 8
3985000 8
3986000 8
3987000 8
3988000 8
3989000 8
3990000 8
3991000 8
3992000 8
3993000 8
3994000 8
3995000 8
3996000 8
3997000 8
3998000 8
3999000 8
4000000 8
4001000 8
4002000 8
4003000 8
4004000 8
4005000 8
4006000 8
4007000 8
4008000 8
4009000 8
4010000 8
4011000 8
4012000 8
4013000 8
4014000 8
4015000 8
4016000 8
4017000 8
4018000 8
4019000 8
4020000 8
4021000 8
4022000 8
4023000 8
4024000 8
4025000 8
4026000 8
4027000 8
4028000 8
4029000 8
4030000 8
4031000 8
4032000 8
4033000 8
4034000 8
4035000 8
4036000 8
4037000 8
4038000 8
4039000 8
4040000 8
4041000 8
4042000 8
4043000 8
4044000 8
4045000 8
4046000 8
4047000 8
4048000 8
4049000 8
4050000 8
4051000 8
4052000 8
4053000 8
4054000 8
4055000 8
4056000 8
4057000 8
4058000 8
4059000 8
4060000 8
4061000 8
4062000 8
4063000 8
4064000 8
4065000 8
4066000 8
4067000 8
4068000 8
4069000 8
4070000 8
4071000 8
4072000 8
4073000 8
4074000 8
4075000 8
4076000 8
4077000 8
4078000 8
4079000 8
4080000 8
4081000 8
4082000 8
4083000 8
4084000 8
4085000 8
4086000 8
4087000 8
4088000 8
4089000 8
4090000 8
4091000 8
4092000 8
4093000 8
4094000 8
4095000 8
4096000 8
4097000 8
4098000 8
4099000 8
4100000 8
4101000 8
4102000 8
4103000 8
4104000 8
4105000 8
4106000 8
4107000 8
4108000 8
4109000 8
4110000 8
4111000 8
4112000 8
4113000 8
4114000 8
4115000 8
4116000 8
4117000 8
4118000 8
4119000 8
4120000 8
4121000 8
4122000 8
4123000 8
4124000 8
4125000 8
4126000 8
4127000 8
4128000 8
4129000 8
4130000 8
4131000 8
4132000 8
4133000 8
4134000 8
4135000 8
4136000 8
4137000 8
4138000 8
4139000 8
4140000 8
4141000 8
4142000 8
4143000 8
4144000 8
4145000 8
4146000 8
4147000 8
4148000 8
4149000 8
4150000 8
4151000 8
4152000 8
4153000 8
4154000 8
4155000 8
4156000 8
4157000 8
4158000 8
4159000 8
4160000 8
4161000 8
4162000 8
4163000 8
4164000 8
4165000 8
4166000 8
4167000 8
4168000 8
4169000 8
4170000 8
4171000 8
4172000 8
4173000 8
4174000 8
4175000 8
4176000 8
4177000 8
4178000 8
4179000 8
4180000 8
4181000 8
4182000 8
4183000 8
4184000 8
4185000 8
4186000 8
4187000 8
4188000 8
4189000 8
4190000 8
4191000 8
4192000 8
4193000 8
4194000 8
4195000 8
4196000 8
4197000 8
4198000 8
4199000 8
4200000 8
4201000 8
4202000 8
4203000 8
4204000 8
4205000 8
4206000 8
4207000 8
4208000 8
4209000 8
4210000 8
4211000 8
4212000 8
4213000 8
4214000 8
4215000 8
4216000 8
4217000 8
4218000 8
4219000 8
4220000 8
4221000 8
4222000 8
4223000 8
4224000 8
4225000 8
4226000 8
4227000 8
4228000 8
4229000 8
4230000 8
4231000 8
4232000 8
4233000 8
4234000 8
4235000 8
4236000 8
4237000 8
4238000 8
4239000 8
4240000 8
4241000 8
4242000 8
4243000 8
4244000 8
4245000 8
4246000 8
4247000 8
4248000 8
4249000 8
4250000 8
4251000 8
4252000 8
4253000 8
4254000 8
4255000 8
4256000 8
4257000 8
4258000 8
4259000 8
4260000 8
4261000 8
4262000 8
4263000 8
4264000 8
4265000 8
4266000 8
4267000 8
4268000 8
4269000 8
4270000 8
4271000 8
4272000 8
4273000 8
4274000 8
4275000 8
4276000 8
4277000 8
4278000 8
4279000 8
4280000 8
4281000 8
4282000 8
4283000 8
4284000 8
4285000 8
4286000 8
4287000 8
4288000 8
4289000 8
4290000 8
4291000 8
4292000 8
4293000 8
4294000 8
4295000 8
4296000 8
4297000 8
4298000 8
4299000 8
4300000 8
4301000 8
4302000 8
4303000 8
4304000 8
4305000 8
4306000 8
4307000 8
4308000 8
4309000 8
4310000 8
4311000 8
4312000 8
4313000 8
4314000 8
4315000 8
4316000 8
4317000 8
4318000 8
4319000 8
4320000 8
4321000 8
4322000 8
4323000 8
4324000 8
4325000 8
4326000 9
4327000 9
4328000 9
4329000 9
4330000 9
4331000 9
4332000 9
4333000 9
4334000 9
4335000 9
4336000 9
4337000 9
4338000 9
4339000 9
4340000 9
4341000 9
4342000 9
4343000 9
4344000 9
4345000 9
4346000 9
4347000 9
4348000 9
4349000 9
4350000 9
4351000 9
4352000 9
4353000 9
4354000 9
4355000 9
4356000 9
4357000 9
4358000 9
4359000 9
4360000 9
4361000 9
4362000 9
4363000 9
4364000 9
4365000 9
4366000 9
4367000 9
4368000 9
4369000 9
4370000 9
4371000 9
4372000 9
4373000 9
4374000 9
4375000 9
4376000 9
4377000 9
4378000 9
4379000 9
4380000 9
4381000 9
4382000 9
4383000 9
4384000 9
4385000 9
4386000 9
4387000 9
4388000 9
4389000 9
4390000 9
4391000 9
4392000 9
4393000 9
4394000 9
4395000 9
4396000 9
4397000 9
4398000 9
4399000 9
4400000 9
4401000 9
4402000 9
4403000 9
4404000 9
4405000 9
4406000 9
4407000 9
4408000 9
4409000 9
4410000 9
4411000 9
4412000 9
4413000 9
4414000 9
4415000 9
4416000 9
4417000 9
4418000 9
4419000 9
4420000 9
4421000 9
4422000 9
4423000 9
4424000 9
4425000 9
4426000 9
4427000 9
4428000 9
4429000 9
4430000 9
4431000 9
4432000 9
4433000 9
4434000 9
4435000 9
4436000 9
4437000 9
4438000 9
4439000 9
4440000 9
4441000 9
4442000 9
4443000 9
4444000 9
4445000 9
4446000 9
4447000 9
4448000 9
4449000 9
4450000 9
4451000 9
4452000 9
4453000 9
4454000 9
4455000 9
4456000 9
4457000 9
4458000 9
4459000 9
4460000 9
4461000 9
4462000 9
4463000 9
4464000 9
4465000 9
4466000 9
4467000 9
4468000 9
4469000 9
4470000 9
4471000 9
4472000 9
4473000 9
4474000 9
4475000 9
4476000 9
4477000 9
4478000 9
4479000 9
4480000 9
4481000 9
4482000 9
4483000 9
4484000 9
4485000 9
4486000 9
4487000 9
4488000 9
4489000 9
4490000 9
4491000 9
4492000 9
4493000 9
4494000 9
4495000 9
4496000 9
4497000 9
4498000 9
4499000 9
4500000 9
4501000 9
4502000 9
4503000 9
4504000 9
4505000 9
4506000 9
4507000 9
4508000 9
4509000 9
4510000 9
4511000 9
4512000 9
4513000 9
4514000 9
4515000 9
4516000 9
4517000 9
4518000 9
4519000 9
4520000 9
4521000 9
4522000 9
4523000 9
4524000 9
4525000 9
4526000 9
4527000 9
4528000 9
4529000 9
4530000 9
4531000 9
4532000 9
4533000 9
4534000 9
4535000 9
4536000 9
4537000 9
4538000 9
4539000 9
4540000 9
4541000 9
4542000 9
4543000 9
4544000 9
4545000 9
4546000 9
4547000 9
4548000 9
4549000 9
4550000 9
4551000 9
4552000 9
4553000 9
4554000 9
4555000 9
4556000 9
4557000 9
4558000 9
4559000 9
4560000 9
4561000 9
4562000 9
4563000 9
4564000 9
4565000 9
4566000 9
4567000 9
4568000 9
4569000 9
4570000 9
4571000 9
4572000 9
4573000 9
4574000 9
4575000 9
4576000 9
4577000 9
4578000 9
4579000 9
4580000 9
4581000 9
4582000 9
4583000 9
4584000 9
4585000 9
4586000 9
4587000 9
4588000 9
4589000 9
4590000 9
4591000 9
4592000 9
4593000 9
4594000 9
4595000 9
4596000 9
4597000 9
4598000 9
4599000 9
4600000 9
4601000 9
4602000 9
4603000 9
4604000 9
4605000 9
4606000 9
4607000 9
4608000 9
4609000 9
4610000 9
4611000 9
4612000 9
4613000 9
4614000 9
4615000 9
4616000 9
4617000 9
4618000 9
4619000 9
4620000 9
4621000 9
4622000 9
4623000 9
4624000 9
4625000 9
4626000 9
4627000 9
4628000 9
4629000 9
4630000 9
4631000 9
4632000 9
4633000 9
4634000 9
4635000 9
4636000 9
4637000 9
4638000 9
4639000 9
4640000 9
4641000 9
4642000 9
4643000 9
4644000 9
4645000 9
4646000 9
4647000 9
4648000 9
4649000 9
4650000 9
4651000 9
4652000 9
4653000 9
4654000 9
4655000 9
4656000 9
4657000 9
4658000 9
4659000 9
4660000 9
4661000 9
4662000 9
4663000 9
4664000 9
4665000 9
4666000 9
4667000 9
4668000 9
4669000 9
4670000 9
4671000 9
4672000 9
4673000 9
4674000 9
4675000 9
4676000 9
4677000 9
4678000 9
4679000 9
4680000 9
4681000 9
4682000 9
4683000 9
4684000 9
4685000 9
4686000 9
4687000 9
4688000 9
4689000 9
4690000 9
4691000 9
4692000 9
4693000 9
4694000 9
4695000 9
4696000 9
4697000 9
4698000 9
4699000 9
4700000 9
4701000 9
4702000 9
4703000 9
4704000 9
4705000 9
4706000 9
4707000 9
4708000 9
4709000 9
4710000 9
4711000 9
4712000 9
4713000 9
4714000 9
4715000 9
4716000 9
4717000 9
4718000 9
4719000 9
4720000 9
4721000 9
4722000 9
4723000 9
4724000 9
4725000 9
4726000 9
4727000 9
4728000 9
4729000 9
4730000 9
4731000 9
4732000 9
4733000 9
4734000 9
4735000 9
4736000 9
4737000 9
4738000 9
4739000 9
4740000 9
4741000 9
4742000 9
4743000 9
4744000 9
4745000 9
4746000 9
4747000 9
4748000 9
4749000 9
4750000 9
4751000 9
4752000 9
4753000 9
4754000 9
4755000 9
4756000 9
4757000 9
4758000 9
4759000 9
4760000 9
4761000 9
4762000 9
4763000 9
4764000 9
4765000 9
4766000 9
4767000 9
4768000 9
4769000 9
4770000 9
4771000 9
4772000 9
4773000 9
4774000 9
4775000 9
4776000 9
4777000 9
4778000 9
4779000 9
4780000 9
4781000 9
4782000 9
4783000 9
4784000 9
4785000 9
4786000 9
4787000 9
4788000 9
4789000 9
4790000 9
4791000 9
4792000 9
4793000 9
4794000 9
4795000 9
4796000 9
4797000 9
4798000 9
4799000 9
4800000 9
4801000 9
4802000 9
4803000 9
4804000 9
4805000 9
4806000 9
4807000 9
4808000 9
4809000 9
4810000 9
4811000 9
4812000 9
4813000 9
4814000 9
4815000 9
4816000 9
4817000 9
4818000 9
4819000 9
4820000 9
4821000 9
4822000 9
4823000 9
4824000 9
4825000 9
4826000 9
4827000 9
4828000 9
4829000 9
4830000 9
4831000 9
4832000 9
4833000 9
4834000 9
4835000 9
4836000 9
4837000 9
4838000 9
4839000 9
4840000 9
4841000 9
4842000 9
4843000 9
4844000 9
4845000 9
4846000 9
4847000 9
4848000 9
4849000 9
4850000 9
4851000 9
4852000 9
4853000 9
4854000 9
4855000 9
4856000 9
4857000 9
4858000 9
4859000 9
4860000 9
4861000 9
4862000 9
4863000 9
4864000 9
4865000 9
4866000 9
4867000 9
4868000 9
4869000 9
4870000 9
4871000 9
4872000 9
4873000 9
4874000 9
4875000 9
4876000 9
4877000 9
4878000 9
4879000 9
4880000 9
4881000 9
4882000 9
4883000 9
4884000 9
4885000 9
4886000 9
4887000 9
4888000 9
4889000 9
4890000 9
4891000 9
4892000 9
4893000 9
4894000 9
4895000 9
4896000 9
4897000 9
4898000 9
4899000 9
4900000 9
4901000 9
4902000 9
4903000 9
4904000 9
4905000 9
4906000 9
4907000 9
4908000 9
4909000 9
4910000 9
4911000 9
4912000 9
4913000 9
4914000 9
4915000 9
4916000 9
4917000 9
4918000 9
4919000 9
4920000 9
4921000 9
4922000 9
4923000 9
4924000 9
4925000 9
4926000 9
4927000 9
4928000 9
4929000 9
4930000 9
4931000 9
4932000 9
4933000 9
4934000 9
4935000 9
4936000 9
4937000 9
4938000 9
4939000 9
4940000 9
4941000 9
4942000 9
4943000 9
4944000 9
4945000 9
4946000 9
4947000 9
4948000 9
4949000 9
4950000 9
4951000 9
4952000 9
4953000 9
4954000 9
4955000 9
4956000 9
4957000 9
4958000 9
4959000 9
4960000 9
4961000 9
4962000 9
4963000 9
4964000 9
4965000 9
4966000 9
4967000 9
4968000 9
4969000 9
4970000 9
4971000 9
4972000 9
4973000 9
4974000 9
4975000 9
4976000 9
4977000 9
4978000 9
4979000 9
4980000 9
4981000 9
4982000 9
4983000 9
4984000 9
4985000 9
4986000 9
4987000 9
4988000 9
4989000 9
4990000 9
4991000 9
4992000 9
4993000 9
4994000 9
4995000 9
4996000 9
4997000 9
4998000 9
4999000 9
5000000 9
