0 0
1000 0
2000 0
3000 0
4000 0
5000 0
6000 0
7000 0
8000 0
9000 0
10000 0
11000 0
12000 0
13000 0
14000 0
15000 0
16000 0
17000 0
18000 0
19000 0
20000 0
21000 0
22000 0
23000 0
24000 0
25000 0
26000 0
27000 0
28000 0
29000 0
30000 0
31000 0
32000 0
33000 0
34000 0
35000 0
36000 0
37000 0
38000 0
39000 0
40000 0
41000 0
42000 0
43000 0
44000 0
45000 0
46000 0
47000 0
48000 0
49000 0
50000 0
51000 0
52000 0
53000 0
54000 0
55000 0
56000 0
57000 0
58000 0
59000 0
60000 1
61000 1
62000 1
63000 1
64000 1
65000 1
66000 1
67000 1
68000 1
69000 1
70000 1
71000 1
72000 1
73000 1
74000 1
75000 1
76000 1
77000 1
78000 1
79000 1
80000 1
81000 1
82000 1
83000 1
84000 1
85000 1
86000 1
87000 1
88000 1
89000 1
90000 1
91000 1
92000 1
93000 1
94000 1
95000 1
96000 1
97000 1
98000 1
99000 1
100000 1
101000 1
102000 1
103000 1
104000 1
105000 1
106000 1
107000 1
108000 1
109000 1
110000 1
111000 1
112000 1
113000 1
114000 1
115000 1
116000 1
117000 1
118000 1
119000 1
120000 1
121000 1
122000 1
123000 1
124000 1
125000 1
126000 1
127000 1
128000 1
129000 1
130000 1
131000 1
132000 1
133000 1
134000 1
135000 1
136000 1
137000 1
138000 1
139000 1
140000 1
141000 1
142000 1
143000 1
144000 1
145000 1
146000 1
147000 1
148000 1
149000 1
150000 1
151000 1
152000 1
153000 1
154000 1
155000 1
156000 1
157000 1
158000 1
159000 1
160000 1
161000 1
162000 1
163000 1
164000 1
165000 1
166000 1
167000 1
168000 1
169000 1
170000 1
171000 1
172000 1
173000 1
174000 1
175000 1
176000 1
177000 1
178000 1
179000 1
180000 1
181000 1
182000 1
183000 1
184000 1
185000 1
186000 1
187000 1
188000 1
189000 1
190000 1
191000 1
192000 1
193000 1
194000 1
195000 1
196000 1
197000 1
198000 1
199000 1
200000 1
201000 1
202000 1
203000 1
204000 1
205000 1
206000 1
207000 1
208000 1
209000 1
210000 1
211000 1
212000 1
213000 1
214000 1
215000 1
216000 1
217000 1
218000 1
219000 1
220000 1
221000 1
222000 1
223000 1
224000 1
225000 1
226000 1
227000 1
228000 2
229000 2
230000 2
231000 2
232000 2
233000 2
234000 2
235000 2
236000 2
237000 2
238000 3
239000 3
240000 3
241000 3
242000 3
243000 3
244000 3
245000 3
246000 3
247000 3
248000 3
249000 3
250000 3
251000 3
252000 3
253000 3
254000 3
255000 3
256000 3
257000 3
258000 3
259000 3
260000 3
261000 3
262000 3
263000 3
264000 3
265000 3
266000 3
267000 3
268000 3
269000 3
270000 3
271000 3
272000 3
273000 3
274000 3
275000 3
276000 3
277000 3
278000 3
279000 3
280000 3
281000 3
282000 3
283000 3
284000 3
285000 3
286000 3
287000 3
288000 3
289000 3
290000 3
291000 3
292000 3
293000 3
294000 3
295000 3
296000 3
297000 3
298000 3
299000 3
300000 3
301000 3
302000 3
303000 3
304000 3
305000 3
306000 3
307000 3
308000 3
309000 3
310000 3
311000 3
312000 3
313000 3
314000 3
315000 3
316000 3
317000 3
318000 3
319000 3
320000 3
321000 3
322000 3
323000 3
324000 3
325000 3
326000 3
327000 3
328000 3
329000 3
330000 3
331000 3
332000 3
333000 3
334000 3
335000 3
336000 3
337000 3
338000 3
339000 3
340000 3
341000 3
342000 3
343000 3
344000 3
345000 3
346000 3
347000 4
348000 4
349000 4
350000 4
351000 4
352000 4
353000 4
354000 4
355000 4
356000 4
357000 4
358000 4
359000 5
360000 5
361000 5
362000 5
363000 5
364000 5
365000 5
366000 5
367000 5
368000 5
369000 5
370000 5
371000 5
372000 5
373000 5
374000 5
375000 5
376000 5
377000 5
378000 5
379000 5
380000 5
381000 5
382000 5
383000 5
384000 5
385000 5
386000 5
387000 5
388000 5
389000 5
390000 5
391000 5
392000 5
393000 5
394000 5
395000 5
396000 5
397000 5
398000 5
399000 5
400000 5
401000 5
402000 5
403000 5
404000 5
405000 5
406000 5
407000 5
408000 5
409000 5
410000 5
411000 5
412000 5
413000 5
414000 5
415000 5
416000 5
417000 5
418000 5
419000 6
420000 6
421000 6
422000 6
423000 6
424000 6
425000 6
426000 6
427000 6
428000 6
429000 6
430000 6
431000 6
432000 6
433000 6
434000 6
435000 6
436000 6
437000 6
438000 6
439000 6
440000 6
441000 6
442000 6
443000 6
444000 6
445000 6
446000 6
447000 6
448000 6
449000 6
450000 6
451000 6
452000 6
453000 6
454000 6
455000 6
456000 6
457000 6
458000 6
459000 6
460000 6
461000 6
462000 6
463000 6
464000 6
465000 6
466000 6
467000 6
468000 6
469000 6
470000 6
471000 6
472000 6
473000 6
474000 6
475000 6
476000 6
477000 6
478000 6
479000 6
480000 6
481000 6
482000 6
483000 6
484000 6
485000 6
486000 6
487000 6
488000 6
489000 6
490000 6
491000 6
492000 6
493000 6
494000 6
495000 6
496000 6
497000 6
498000 6
499000 6
500000 6
501000 6
502000 6
503000 6
504000 6
505000 6
506000 6
507000 6
508000 6
509000 6
510000 6
511000 6
512000 6
513000 6
514000 6
515000 6
516000 6
517000 6
518000 6
519000 6
520000 6
521000 6
522000 6
523000 6
524000 6
525000 6
526000 6
527000 6
528000 6
529000 7
530000 7
531000 7
532000 7
533000 7
534000 7
535000 7
536000 7
537000 7
538000 7
539000 7
540000 7
541000 7
542000 7
543000 7
544000 7
545000 7
546000 7
547000 7
548000 7
549000 7
550000 7
551000 7
552000 7
553000 7
554000 7
555000 7
556000 7
557000 7
558000 7
559000 7
560000 7
561000 7
562000 7
563000 7
564000 7
565000 7
566000 7
567000 7
568000 7
569000 7
570000 7
571000 7
572000 7
573000 7
574000 7
575000 7
576000 7
577000 7
578000 7
579000 7
580000 7
581000 7
582000 7
583000 7
584000 7
585000 7
586000 7
587000 7
588000 7
589000 7
590000 7
591000 7
592000 7
593000 7
594000 7
595000 7
596000 7
597000 7
598000 7
599000 7
600000 7
601000 7
602000 7
603000 7
604000 7
605000 7
606000 7
607000 7
608000 7
609000 7
610000 7
611000 7
612000 7
613000 7
614000 7
615000 7
616000 7
617000 7
618000 7
619000 7
620000 7
621000 7
622000 7
623000 7
624000 7
625000 7
626000 7
627000 7
628000 7
629000 7
630000 7
631000 7
632000 7
633000 7
634000 7
635000 7
636000 7
637000 7
638000 7
639000 7
640000 7
641000 7
642000 7
643000 7
644000 7
645000 7
646000 7
647000 7
648000 7
649000 7
650000 7
651000 7
652000 7
653000 7
654000 7
655000 7
656000 7
657000 7
658000 7
659000 7
660000 7
661000 7
662000 7
663000 7
664000 7
665000 7
666000 7
667000 7
668000 7
669000 7
670000 7
671000 7
672000 7
673000 7
674000 7
675000 7
676000 7
677000 7
678000 7
679000 7
680000 7
681000 7
682000 7
683000 7
684000 7
685000 7
686000 7
687000 7
688000 7
689000 7
690000 7
691000 7
692000 7
693000 7
694000 7
695000 7
696000 7
697000 7
698000 7
699000 7
700000 7
701000 7
702000 7
703000 7
704000 7
705000 7
706000 7
707000 7
708000 7
709000 7
710000 7
711000 7
712000 7
713000 7
714000 7
715000 7
716000 7
717000 7
718000 7
719000 7
720000 7
721000 7
722000 7
723000 7
724000 7
725000 7
726000 7
727000 7
728000 7
729000 7
730000 7
731000 7
732000 7
733000 7
734000 7
735000 7
736000 7
737000 7
738000 7
739000 7
740000 7
741000 7
742000 7
743000 7
744000 7
745000 7
746000 7
747000 7
748000 7
749000 7
750000 7
751000 7
752000 7
753000 7
754000 7
755000 7
756000 7
757000 7
758000 7
759000 7
760000 7
761000 7
762000 7
763000 7
764000 7
765000 7
766000 7
767000 7
768000 7
769000 7
770000 7
771000 7
772000 7
773000 7
774000 7
775000 7
776000 7
777000 7
778000 7
779000 7
780000 7
781000 7
782000 7
783000 7
784000 7
785000 7
786000 7
787000 7
788000 8
789000 8
790000 8
791000 8
792000 8
793000 8
794000 8
795000 8
796000 8
797000 8
798000 8
799000 8
800000 8
801000 8
802000 8
803000 8
804000 8
805000 8
806000 8
807000 8
808000 8
809000 8
810000 8
811000 8
812000 8
813000 8
814000 8
815000 8
816000 8
817000 8
818000 8
819000 8
820000 8
821000 8
822000 8
823000 8
824000 8
825000 8
826000 8
827000 8
828000 8
829000 8
830000 8
831000 8
832000 8
833000 8
834000 8
835000 8
836000 8
837000 8
838000 8
839000 8
840000 8
841000 8
842000 8
843000 8
844000 8
845000 8
846000 8
847000 8
848000 8
849000 8
850000 8
851000 8
852000 8
853000 8
854000 8
855000 8
856000 8
857000 8
858000 8
859000 8
860000 8
861000 8
862000 8
863000 8
864000 8
865000 8
866000 8
867000 8
868000 8
869000 8
870000 8
871000 8
872000 8
873000 8
874000 8
875000 8
876000 8
877000 8
878000 8
879000 8
880000 8
881000 8
882000 8
883000 8
884000 8
885000 8
886000 8
887000 8
888000 8
889000 8
890000 8
891000 8
892000 8
893000 8
894000 8
895000 8
896000 8
897000 8
898000 8
899000 8
900000 8
901000 8
902000 9
903000 9
904000 9
905000 9
906000 9
907000 9
908000 9
909000 9
910000 9
911000 9
912000 9
913000 9
914000 9
915000 9
916000 9
917000 9
918000 9
919000 9
920000 9
921000 10
922000 10
923000 10
924000 10
925000 10
926000 10
927000 10
928000 10
929000 10
930000 10
931000 10
932000 10
933000 10
934000 10
935000 10
936000 10
937000 10
938000 10
939000 10
940000 10
941000 10
942000 10
943000 10
944000 10
945000 10
946000 10
947000 10
948000 10
949000 10
950000 10
951000 10
952000 10
953000 10
954000 10
955000 10
956000 10
957000 10
958000 10
959000 10
960000 10
961000 10
962000 10
963000 10
964000 10
965000 10
966000 10
967000 10
968000 10
969000 10
970000 10
971000 10
972000 10
973000 10
974000 10
975000 10
976000 10
977000 10
978000 10
979000 10
980000 10
981000 10
982000 10
983000 10
984000 10
985000 10
986000 10
987000 10
988000 10
989000 10
990000 10
991000 10
992000 10
993000 10
994000 10
995000 10
996000 10
997000 10
998000 10
999000 10
1000000 10
1001000 10
1002000 10
1003000 10
1004000 10
1005000 10
1006000 10
1007000 10
1008000 10
1009000 10
1010000 10
1011000 10
1012000 10
1013000 10
1014000 10
1015000 10
1016000 10
1017000 10
1018000 10
1019000 10
1020000 10
1021000 10
1022000 10
1023000 10
1024000 10
1025000 10
1026000 10
1027000 10
1028000 10
1029000 10
1030000 10
1031000 10
1032000 10
1033000 10
1034000 10
1035000 10
1036000 10
1037000 10
1038000 10
1039000 10
1040000 10
1041000 10
1042000 10
1043000 10
1044000 10
1045000 10
1046000 10
1047000 10
1048000 10
1049000 10
1050000 10
1051000 10
1052000 10
1053000 10
1054000 10
1055000 10
1056000 10
1057000 10
1058000 10
1059000 10
1060000 10
1061000 10
1062000 10
1063000 10
1064000 10
1065000 10
1066000 10
1067000 10
1068000 10
1069000 10
1070000 10
1071000 10
1072000 10
1073000 10
1074000 10
1075000 10
1076000 10
1077000 10
1078000 10
1079000 10
1080000 10
1081000 10
1082000 10
1083000 10
1084000 10
1085000 10
1086000 10
1087000 10
1088000 10
1089000 11
1090000 11
1091000 11
1092000 11
1093000 11
1094000 11
1095000 11
1096000 11
1097000 11
1098000 11
1099000 11
1100000 11
1101000 11
1102000 11
1103000 11
1104000 11
1105000 11
1106000 11
1107000 11
1108000 11
1109000 11
1110000 11
1111000 11
1112000 11
1113000 11
1114000 11
1115000 11
1116000 11
1117000 11
1118000 11
1119000 11
1120000 11
1121000 11
1122000 11
1123000 11
1124000 11
1125000 11
1126000 11
1127000 11
1128000 11
1129000 11
1130000 11
1131000 11
1132000 11
1133000 11
1134000 11
1135000 11
1136000 11
1137000 11
1138000 11
1139000 11
1140000 11
1141000 11
1142000 11
1143000 11
1144000 11
1145000 11
1146000 11
1147000 11
1148000 11
1149000 11
1150000 11
1151000 11
1152000 11
1153000 11
1154000 11
1155000 11
1156000 11
1157000 11
1158000 11
1159000 11
1160000 11
1161000 11
1162000 11
1163000 11
1164000 11
1165000 11
1166000 11
1167000 11
1168000 11
1169000 11
1170000 11
1171000 11
1172000 11
1173000 11
1174000 11
1175000 11
1176000 11
1177000 11
1178000 11
1179000 11
1180000 11
1181000 11
1182000 11
1183000 11
1184000 11
1185000 11
1186000 11
1187000 11
1188000 11
1189000 11
1190000 11
1191000 11
1192000 11
1193000 11
1194000 11
1195000 11
1196000 11
1197000 11
1198000 11
1199000 11
1200000 11
1201000 12
1202000 12
1203000 12
1204000 12
1205000 12
1206000 12
1207000 12
1208000 12
1209000 12
1210000 12
1211000 12
1212000 12
1213000 12
1214000 12
1215000 12
1216000 12
1217000 12
1218000 12
1219000 12
1220000 12
1221000 12
1222000 12
1223000 12
1224000 12
1225000 12
1226000 12
1227000 12
1228000 12
1229000 12
1230000 12
1231000 12
1232000 12
1233000 12
1234000 12
1235000 12
1236000 12
1237000 12
1238000 12
1239000 12
1240000 12
1241000 12
1242000 12
1243000 12
1244000 12
1245000 12
1246000 12
1247000 12
1248000 12
1249000 12
1250000 12
1251000 12
1252000 12
1253000 12
1254000 12
1255000 12
1256000 12
1257000 12
1258000 12
1259000 12
1260000 12
1261000 12
1262000 12
1263000 12
1264000 12
1265000 12
1266000 12
1267000 12
1268000 12
1269000 12
1270000 12
1271000 12
1272000 12
1273000 12
1274000 12
1275000 12
1276000 12
1277000 12
1278000 12
1279000 12
1280000 12
1281000 12
1282000 12
1283000 12
1284000 12
1285000 12
1286000 12
1287000 12
1288000 12
1289000 12
1290000 12
1291000 12
1292000 12
1293000 12
1294000 12
1295000 12
1296000 12
1297000 12
1298000 12
1299000 12
1300000 12
1301000 12
1302000 12
1303000 12
1304000 12
1305000 12
1306000 12
1307000 12
1308000 12
1309000 12
1310000 12
1311000 12
1312000 12
1313000 12
1314000 12
1315000 12
1316000 12
1317000 12
1318000 12
1319000 12
1320000 12
1321000 12
1322000 12
1323000 12
1324000 12
1325000 12
1326000 12
1327000 12
1328000 12
1329000 12
1330000 12
1331000 12
1332000 12
1333000 12
1334000 12
1335000 12
1336000 12
1337000 12
1338000 12
1339000 12
1340000 12
1341000 12
1342000 12
1343000 12
1344000 12
1345000 12
1346000 12
1347000 12
1348000 12
1349000 12
1350000 12
1351000 12
1352000 12
1353000 12
1354000 12
1355000 12
1356000 12
1357000 12
1358000 12
1359000 12
1360000 12
1361000 12
1362000 12
1363000 12
1364000 12
1365000 12
1366000 12
1367000 12
1368000 12
1369000 12
1370000 12
1371000 12
1372000 12
1373000 12
1374000 12
1375000 12
1376000 12
1377000 12
1378000 12
1379000 12
1380000 12
1381000 12
1382000 12
1383000 12
1384000 12
1385000 12
1386000 12
1387000 12
1388000 12
1389000 12
1390000 12
1391000 12
1392000 12
1393000 12
1394000 12
1395000 12
1396000 12
1397000 12
1398000 12
1399000 12
1400000 12
1401000 12
1402000 12
1403000 12
1404000 12
1405000 12
1406000 12
1407000 12
1408000 12
1409000 12
1410000 12
1411000 12
1412000 12
1413000 12
1414000 12
1415000 12
1416000 12
1417000 12
1418000 12
1419000 12
1420000 12
1421000 12
1422000 12
1423000 12
1424000 12
1425000 12
1426000 12
1427000 12
1428000 12
1429000 12
1430000 12
1431000 12
1432000 12
1433000 12
1434000 12
1435000 12
1436000 12
1437000 12
1438000 12
1439000 12
1440000 12
1441000 12
1442000 12
1443000 12
1444000 12
1445000 12
1446000 12
1447000 12
1448000 12
1449000 12
1450000 12
1451000 12
1452000 12
1453000 12
1454000 12
1455000 12
1456000 12
1457000 12
1458000 12
1459000 12
1460000 13
1461000 13
1462000 13
1463000 13
1464000 13
1465000 13
1466000 13
1467000 13
1468000 13
1469000 13
1470000 13
1471000 13
1472000 13
1473000 13
1474000 13
1475000 13
1476000 13
1477000 13
1478000 13
1479000 13
1480000 13
1481000 13
1482000 13
1483000 13
1484000 13
1485000 13
1486000 13
1487000 13
1488000 13
1489000 13
1490000 13
1491000 13
1492000 13
1493000 13
1494000 13
1495000 13
1496000 13
1497000 13
1498000 13
1499000 13
1500000 13
1501000 13
1502000 13
1503000 13
1504000 13
1505000 13
1506000 13
1507000 13
1508000 13
1509000 13
1510000 13
1511000 13
1512000 13
1513000 13
1514000 13
1515000 13
1516000 13
1517000 13
1518000 13
1519000 13
1520000 13
1521000 13
1522000 13
1523000 13
1524000 13
1525000 13
1526000 13
1527000 13
1528000 13
1529000 13
1530000 13
1531000 13
1532000 13
1533000 13
1534000 13
1535000 13
1536000 13
1537000 13
1538000 13
1539000 13
1540000 13
1541000 13
1542000 13
1543000 13
1544000 13
1545000 13
1546000 13
1547000 13
1548000 13
1549000 13
1550000 13
1551000 13
1552000 13
1553000 13
1554000 13
1555000 13
1556000 13
1557000 13
1558000 13
1559000 13
1560000 13
1561000 13
1562000 13
1563000 13
1564000 13
1565000 13
1566000 13
1567000 13
1568000 13
1569000 13
1570000 14
1571000 14
1572000 14
1573000 14
1574000 14
1575000 14
1576000 14
1577000 14
1578000 14
1579000 14
1580000 15
1581000 15
1582000 15
1583000 15
1584000 15
1585000 15
1586000 15
1587000 15
1588000 15
1589000 15
1590000 15
1591000 15
1592000 15
1593000 15
1594000 15
1595000 15
1596000 15
1597000 15
1598000 15
1599000 15
1600000 15
1601000 15
1602000 15
1603000 15
1604000 15
1605000 15
1606000 15
1607000 15
1608000 15
1609000 15
1610000 15
1611000 15
1612000 15
1613000 15
1614000 15
1615000 15
1616000 15
1617000 15
1618000 15
1619000 15
1620000 15
1621000 15
1622000 15
1623000 15
1624000 15
1625000 15
1626000 15
1627000 15
1628000 15
1629000 15
1630000 15
1631000 15
1632000 15
1633000 15
1634000 15
1635000 15
1636000 15
1637000 15
1638000 15
1639000 15
1640000 15
1641000 15
1642000 15
1643000 15
1644000 15
1645000 15
1646000 15
1647000 15
1648000 15
1649000 15
1650000 15
1651000 15
1652000 15
1653000 15
1654000 15
1655000 15
1656000 15
1657000 15
1658000 15
1659000 15
1660000 15
1661000 15
1662000 15
1663000 15
1664000 15
1665000 15
1666000 15
1667000 15
1668000 15
1669000 15
1670000 15
1671000 15
1672000 15
1673000 15
1674000 15
1675000 15
1676000 15
1677000 15
1678000 15
1679000 15
1680000 15
1681000 15
1682000 15
1683000 15
1684000 15
1685000 15
1686000 15
1687000 15
1688000 15
1689000 15
1690000 15
1691000 15
1692000 15
1693000 15
1694000 15
1695000 15
1696000 15
1697000 15
1698000 15
1699000 15
1700000 15
1701000 15
1702000 15
1703000 15
1704000 15
1705000 15
1706000 15
1707000 15
1708000 15
1709000 15
1710000 15
1711000 15
1712000 15
1713000 15
1714000 15
1715000 15
1716000 15
1717000 15
1718000 15
1719000 15
1720000 15
1721000 15
1722000 15
1723000 15
1724000 15
1725000 15
1726000 15
1727000 15
1728000 15
1729000 15
1730000 15
1731000 15
1732000 15
1733000 15
1734000 15
1735000 15
1736000 15
1737000 15
1738000 15
1739000 15
1740000 15
1741000 15
1742000 15
1743000 15
1744000 16
1745000 16
1746000 16
1747000 16
1748000 16
1749000 16
1750000 16
1751000 16
1752000 16
1753000 16
1754000 16
1755000 16
1756000 16
1757000 16
1758000 16
1759000 16
1760000 16
1761000 16
1762000 16
1763000 16
1764000 16
1765000 16
1766000 16
1767000 16
1768000 16
1769000 16
1770000 16
1771000 16
1772000 16
1773000 16
1774000 16
1775000 16
1776000 16
1777000 16
1778000 16
1779000 16
1780000 16
1781000 16
1782000 16
1783000 16
1784000 16
1785000 16
1786000 16
1787000 16
1788000 16
1789000 16
1790000 16
1791000 16
1792000 16
1793000 16
1794000 16
1795000 16
1796000 16
1797000 16
1798000 16
1799000 16
1800000 16
1801000 16
1802000 16
1803000 16
1804000 16
1805000 16
1806000 16
1807000 17
1808000 17
1809000 17
1810000 17
1811000 17
1812000 17
1813000 17
1814000 17
1815000 17
1816000 17
1817000 17
1818000 17
1819000 17
1820000 17
1821000 17
1822000 17
1823000 17
1824000 17
1825000 17
1826000 17
1827000 17
1828000 17
1829000 17
1830000 17
1831000 17
1832000 17
1833000 17
1834000 17
1835000 17
1836000 17
1837000 17
1838000 17
1839000 17
1840000 17
1841000 17
1842000 17
1843000 17
1844000 17
1845000 17
1846000 17
1847000 17
1848000 17
1849000 17
1850000 17
1851000 17
1852000 17
1853000 17
1854000 17
1855000 17
1856000 17
1857000 17
1858000 17
1859000 17
1860000 17
1861000 17
1862000 17
1863000 17
1864000 17
1865000 17
1866000 17
1867000 17
1868000 17
1869000 17
1870000 17
1871000 17
1872000 17
1873000 17
1874000 17
1875000 17
1876000 17
1877000 17
1878000 17
1879000 17
1880000 17
1881000 17
1882000 17
1883000 17
1884000 17
1885000 17
1886000 17
1887000 17
1888000 17
1889000 17
1890000 17
1891000 17
1892000 17
1893000 17
1894000 17
1895000 17
1896000 17
1897000 17
1898000 17
1899000 17
1900000 17
1901000 17
1902000 17
1903000 17
1904000 17
1905000 17
1906000 17
1907000 17
1908000 17
1909000 17
1910000 17
1911000 17
1912000 17
1913000 17
1914000 17
1915000 17
1916000 17
1917000 17
1918000 17
1919000 17
1920000 17
1921000 17
1922000 17
1923000 17
1924000 17
1925000 17
1926000 17
1927000 17
1928000 17
1929000 17
1930000 17
1931000 17
1932000 17
1933000 17
1934000 17
1935000 17
1936000 17
1937000 17
1938000 17
1939000 17
1940000 17
1941000 17
1942000 17
1943000 17
1944000 17
1945000 17
1946000 17
1947000 17
1948000 17
1949000 17
1950000 17
1951000 17
1952000 17
1953000 17
1954000 17
1955000 17
1956000 17
1957000 17
1958000 17
1959000 17
1960000 17
1961000 17
1962000 17
1963000 17
1964000 17
1965000 17
1966000 17
1967000 17
1968000 17
1969000 17
1970000 17
1971000 17
1972000 17
1973000 17
1974000 17
1975000 17
1976000 17
1977000 17
1978000 17
1979000 17
1980000 17
1981000 17
1982000 17
1983000 17
1984000 17
1985000 17
1986000 17
1987000 17
1988000 17
1989000 17
1990000 17
1991000 17
1992000 17
1993000 17
1994000 17
1995000 17
1996000 17
1997000 17
1998000 17
1999000 17
2000000 17
2001000 17
2002000 17
2003000 17
2004000 17
2005000 17
2006000 17
2007000 17
2008000 17
2009000 17
2010000 17
2011000 17
2012000 17
2013000 17
2014000 17
2015000 17
2016000 17
2017000 17
2018000 17
2019000 17
2020000 17
2021000 17
2022000 17
2023000 17
2024000 17
2025000 17
2026000 17
2027000 17
2028000 17
2029000 17
2030000 17
2031000 17
2032000 17
2033000 17
2034000 17
2035000 17
2036000 17
2037000 17
2038000 17
2039000 17
2040000 17
2041000 17
2042000 17
2043000 17
2044000 17
2045000 17
2046000 17
2047000 17
2048000 17
2049000 17
2050000 17
2051000 17
2052000 17
2053000 17
2054000 17
2055000 17
2056000 17
2057000 17
2058000 17
2059000 17
2060000 17
2061000 17
2062000 17
2063000 17
2064000 17
2065000 18
2066000 18
2067000 18
2068000 18
2069000 18
2070000 18
2071000 18
2072000 18
2073000 18
2074000 18
2075000 18
2076000 18
2077000 18
2078000 18
2079000 18
2080000 18
2081000 18
2082000 18
2083000 18
2084000 18
2085000 18
2086000 18
2087000 18
2088000 18
2089000 18
2090000 18
2091000 18
2092000 18
2093000 18
2094000 18
2095000 18
2096000 18
2097000 18
2098000 18
2099000 18
2100000 18
2101000 18
2102000 18
2103000 18
2104000 18
2105000 18
2106000 18
2107000 18
2108000 18
2109000 18
2110000 18
2111000 18
2112000 18
2113000 18
2114000 18
2115000 18
2116000 18
2117000 18
2118000 18
2119000 18
2120000 18
2121000 18
2122000 18
2123000 18
2124000 18
2125000 18
2126000 18
2127000 18
2128000 18
2129000 18
2130000 18
2131000 18
2132000 18
2133000 18
2134000 18
2135000 18
2136000 18
2137000 18
2138000 18
2139000 18
2140000 18
2141000 18
2142000 18
2143000 18
2144000 18
2145000 18
2146000 18
2147000 18
2148000 18
2149000 18
2150000 18
2151000 18
2152000 18
2153000 18
2154000 18
2155000 18
2156000 18
2157000 18
2158000 18
2159000 18
2160000 18
2161000 18
2162000 18
2163000 18
2164000 18
2165000 18
2166000 18
2167000 18
2168000 18
2169000 18
2170000 18
2171000 18
2172000 18
2173000 18
2174000 18
2175000 18
2176000 18
2177000 18
2178000 18
2179000 18
2180000 18
2181000 18
2182000 18
2183000 18
2184000 18
2185000 18
2186000 18
2187000 18
2188000 18
2189000 18
2190000 18
2191000 18
2192000 18
2193000 18
2194000 18
2195000 18
2196000 18
2197000 18
2198000 18
2199000 18
2200000 18
2201000 18
2202000 18
2203000 18
2204000 18
2205000 18
2206000 18
2207000 18
2208000 18
2209000 18
2210000 18
2211000 18
2212000 18
2213000 18
2214000 18
2215000 18
2216000 18
2217000 18
2218000 18
2219000 18
2220000 18
2221000 18
2222000 18
2223000 18
2224000 18
2225000 18
2226000 19
2227000 19
2228000 19
2229000 19
2230000 19
2231000 19
2232000 19
2233000 19
2234000 19
2235000 20
2236000 20
2237000 20
2238000 20
2239000 20
2240000 20
2241000 20
2242000 20
2243000 20
2244000 20
2245000 20
2246000 20
2247000 21
2248000 21
2249000 21
2250000 21
2251000 21
2252000 21
2253000 21
2254000 21
2255000 21
2256000 21
2257000 21
2258000 22
2259000 22
2260000 22
2261000 22
2262000 22
2263000 22
2264000 22
2265000 22
2266000 22
2267000 22
2268000 22
2269000 22
2270000 22
2271000 22
2272000 22
2273000 22
2274000 22
2275000 22
2276000 22
2277000 22
2278000 22
2279000 22
2280000 22
2281000 22
2282000 22
2283000 22
2284000 22
2285000 22
2286000 22
2287000 22
2288000 22
2289000 22
2290000 22
2291000 22
2292000 22
2293000 22
2294000 22
2295000 22
2296000 22
2297000 22
2298000 22
2299000 22
2300000 22
2301000 22
2302000 22
2303000 22
2304000 22
2305000 22
2306000 22
2307000 22
2308000 22
2309000 22
2310000 22
2311000 22
2312000 22
2313000 22
2314000 22
2315000 22
2316000 22
2317000 22
2318000 22
2319000 22
2320000 22
2321000 22
2322000 22
2323000 22
2324000 22
2325000 22
2326000 22
2327000 22
2328000 22
2329000 22
2330000 22
2331000 22
2332000 22
2333000 22
2334000 22
2335000 22
2336000 22
2337000 22
2338000 22
2339000 22
2340000 22
2341000 22
2342000 22
2343000 22
2344000 22
2345000 22
2346000 22
2347000 22
2348000 22
2349000 22
2350000 22
2351000 22
2352000 22
2353000 22
2354000 22
2355000 22
2356000 22
2357000 22
2358000 22
2359000 22
2360000 22
2361000 22
2362000 22
2363000 22
2364000 22
2365000 22
2366000 22
2367000 22
2368000 22
2369000 22
2370000 22
2371000 22
2372000 22
2373000 22
2374000 22
2375000 22
2376000 22
2377000 22
2378000 22
2379000 22
2380000 22
2381000 22
2382000 22
2383000 22
2384000 22
2385000 22
2386000 22
2387000 22
2388000 22
2389000 22
2390000 22
2391000 22
2392000 22
2393000 22
2394000 22
2395000 22
2396000 22
2397000 22
2398000 22
2399000 22
2400000 22
2401000 22
2402000 22
2403000 22
2404000 22
2405000 22
2406000 22
2407000 22
2408000 22
2409000 22
2410000 22
2411000 22
2412000 22
2413000 22
2414000 22
2415000 22
2416000 22
2417000 22
2418000 22
2419000 22
2420000 22
2421000 22
2422000 22
2423000 22
2424000 22
2425000 22
2426000 22
2427000 22
2428000 22
2429000 22
2430000 22
2431000 22
2432000 22
2433000 22
2434000 22
2435000 22
2436000 22
2437000 22
2438000 22
2439000 22
2440000 22
2441000 22
2442000 22
2443000 22
2444000 22
2445000 22
2446000 22
2447000 22
2448000 22
2449000 22
2450000 22
2451000 22
2452000 22
2453000 22
2454000 22
2455000 22
2456000 22
2457000 22
2458000 22
2459000 22
2460000 22
2461000 22
2462000 22
2463000 22
2464000 22
2465000 22
2466000 22
2467000 22
2468000 22
2469000 22
2470000 22
2471000 22
2472000 22
2473000 22
2474000 22
2475000 22
2476000 22
2477000 22
2478000 22
2479000 22
2480000 22
2481000 22
2482000 22
2483000 22
2484000 22
2485000 22
2486000 22
2487000 22
2488000 22
2489000 22
2490000 22
2491000 22
2492000 22
2493000 22
2494000 22
2495000 22
2496000 22
2497000 22
2498000 22
2499000 22
2500000 22
2501000 22
2502000 22
2503000 22
2504000 22
2505000 22
2506000 22
2507000 22
2508000 22
2509000 22
2510000 22
2511000 22
2512000 22
2513000 22
2514000 22
2515000 22
2516000 22
2517000 22
2518000 22
2519000 22
2520000 22
2521000 22
2522000 22
2523000 22
2524000 22
2525000 22
2526000 22
2527000 22
2528000 22
2529000 22
2530000 22
2531000 22
2532000 22
2533000 22
2534000 22
2535000 22
2536000 22
2537000 22
2538000 22
2539000 22
2540000 22
2541000 22
2542000 22
2543000 22
2544000 22
2545000 22
2546000 22
2547000 22
2548000 22
2549000 22
2550000 22
2551000 22
2552000 22
2553000 22
2554000 22
2555000 22
2556000 22
2557000 22
2558000 22
2559000 22
2560000 22
2561000 22
2562000 22
2563000 22
2564000 22
2565000 22
2566000 22
2567000 22
2568000 22
2569000 22
2570000 22
2571000 22
2572000 22
2573000 22
2574000 22
2575000 22
2576000 22
2577000 22
2578000 22
2579000 22
2580000 22
2581000 22
2582000 22
2583000 22
2584000 22
2585000 22
2586000 22
2587000 22
2588000 22
2589000 22
2590000 22
2591000 22
2592000 22
2593000 22
2594000 22
2595000 22
2596000 22
2597000 22
2598000 22
2599000 22
2600000 22
2601000 22
2602000 22
2603000 22
2604000 22
2605000 22
2606000 22
2607000 22
2608000 22
2609000 22
2610000 22
2611000 22
2612000 22
2613000 22
2614000 22
2615000 22
2616000 22
2617000 23
2618000 23
2619000 23
2620000 23
2621000 23
2622000 23
2623000 23
2624000 23
2625000 23
2626000 23
2627000 23
2628000 23
2629000 23
2630000 23
2631000 23
2632000 23
2633000 23
2634000 23
2635000 23
2636000 23
2637000 23
2638000 23
2639000 23
2640000 23
2641000 23
2642000 23
2643000 23
2644000 23
2645000 23
2646000 23
2647000 23
2648000 23
2649000 23
2650000 23
2651000 23
2652000 23
2653000 23
2654000 23
2655000 23
2656000 23
2657000 23
2658000 23
2659000 23
2660000 23
2661000 23
2662000 23
2663000 23
2664000 23
2665000 23
2666000 23
2667000 23
2668000 23
2669000 23
2670000 23
2671000 23
2672000 23
2673000 23
2674000 23
2675000 23
2676000 23
2677000 23
2678000 23
2679000 23
2680000 23
2681000 23
2682000 23
2683000 23
2684000 23
2685000 23
2686000 23
2687000 23
2688000 23
2689000 23
2690000 23
2691000 23
2692000 23
2693000 23
2694000 23
2695000 23
2696000 23
2697000 23
2698000 23
2699000 23
2700000 23
2701000 23
2702000 23
2703000 23
2704000 23
2705000 23
2706000 23
2707000 23
2708000 23
2709000 23
2710000 23
2711000 23
2712000 23
2713000 23
2714000 23
2715000 23
2716000 23
2717000 23
2718000 23
2719000 23
2720000 23
2721000 23
2722000 23
2723000 23
2724000 23
2725000 23
2726000 23
2727000 23
2728000 23
2729000 23
2730000 23
2731000 23
2732000 23
2733000 23
2734000 23
2735000 23
2736000 23
2737000 23
2738000 23
2739000 23
2740000 23
2741000 23
2742000 23
2743000 23
2744000 23
2745000 23
2746000 23
2747000 23
2748000 23
2749000 23
2750000 23
2751000 23
2752000 23
2753000 23
2754000 23
2755000 23
2756000 23
2757000 23
2758000 23
2759000 23
2760000 23
2761000 23
2762000 23
2763000 23
2764000 23
2765000 23
2766000 23
2767000 23
2768000 23
2769000 23
2770000 23
2771000 23
2772000 23
2773000 23
2774000 23
2775000 23
2776000 23
2777000 23
2778000 23
2779000 23
2780000 23
2781000 23
2782000 23
2783000 23
2784000 23
2785000 23
2786000 23
2787000 23
2788000 23
2789000 23
2790000 23
2791000 23
2792000 23
2793000 23
2794000 23
2795000 23
2796000 23
2797000 23
2798000 23
2799000 23
2800000 23
2801000 23
2802000 23
2803000 23
2804000 23
2805000 23
2806000 23
2807000 23
2808000 23
2809000 23
2810000 23
2811000 23
2812000 23
2813000 23
2814000 23
2815000 23
2816000 23
2817000 23
2818000 23
2819000 23
2820000 23
2821000 23
2822000 23
2823000 23
2824000 23
2825000 23
2826000 23
2827000 23
2828000 23
2829000 23
2830000 23
2831000 23
2832000 23
2833000 23
2834000 23
2835000 23
2836000 23
2837000 23
2838000 23
2839000 23
2840000 23
2841000 23
2842000 23
2843000 23
2844000 23
2845000 23
2846000 23
2847000 23
2848000 23
2849000 23
2850000 23
2851000 23
2852000 23
2853000 23
2854000 23
2855000 23
2856000 23
2857000 23
2858000 23
2859000 23
2860000 23
2861000 23
2862000 23
2863000 23
2864000 23
2865000 23
2866000 23
2867000 23
2868000 23
2869000 23
2870000 23
2871000 23
2872000 23
2873000 23
2874000 23
2875000 23
2876000 23
2877000 23
2878000 23
2879000 23
2880000 23
2881000 23
2882000 23
2883000 23
2884000 23
2885000 23
2886000 23
2887000 23
2888000 23
2889000 23
2890000 23
2891000 23
2892000 23
2893000 23
2894000 23
2895000 23
2896000 23
2897000 23
2898000 23
2899000 23
2900000 23
2901000 23
2902000 23
2903000 23
2904000 23
2905000 23
2906000 23
2907000 23
2908000 23
2909000 23
2910000 23
2911000 23
2912000 23
2913000 23
2914000 23
2915000 23
2916000 23
2917000 23
2918000 23
2919000 23
2920000 23
2921000 23
2922000 23
2923000 23
2924000 23
2925000 23
2926000 23
2927000 23
2928000 23
2929000 23
2930000 23
2931000 23
2932000 23
2933000 23
2934000 23
2935000 23
2936000 23
2937000 23
2938000 23
2939000 23
2940000 23
2941000 23
2942000 23
2943000 23
2944000 23
2945000 23
2946000 23
2947000 23
2948000 23
2949000 23
2950000 23
2951000 23
2952000 23
2953000 23
2954000 23
2955000 23
2956000 23
2957000 23
2958000 23
2959000 23
2960000 23
2961000 23
2962000 23
2963000 23
2964000 23
2965000 23
2966000 23
2967000 23
2968000 23
2969000 23
2970000 23
2971000 23
2972000 23
2973000 23
2974000 23
2975000 23
2976000 23
2977000 23
2978000 23
2979000 23
2980000 23
2981000 23
2982000 23
2983000 23
2984000 23
2985000 23
2986000 23
2987000 23
2988000 23
2989000 23
2990000 23
2991000 23
2992000 23
2993000 23
2994000 23
2995000 23
2996000 23
2997000 23
2998000 23
2999000 23
3000000 23
3001000 23
3002000 23
3003000 23
3004000 23
3005000 23
3006000 23
3007000 23
3008000 23
3009000 23
3010000 23
3011000 23
3012000 23
3013000 23
3014000 23
3015000 23
3016000 23
3017000 23
3018000 23
3019000 23
3020000 23
3021000 23
3022000 23
3023000 23
3024000 23
3025000 23
3026000 24
3027000 24
3028000 24
3029000 24
3030000 24
3031000 24
3032000 24
3033000 24
3034000 24
3035000 24
3036000 24
3037000 24
3038000 24
3039000 24
3040000 24
3041000 24
3042000 24
3043000 24
3044000 24
3045000 24
3046000 24
3047000 24
3048000 24
3049000 24
3050000 24
3051000 24
3052000 24
3053000 24
3054000 24
3055000 24
3056000 24
3057000 24
3058000 24
3059000 24
3060000 24
3061000 24
3062000 24
3063000 24
3064000 24
3065000 24
3066000 24
3067000 24
3068000 24
3069000 24
3070000 24
3071000 24
3072000 24
3073000 24
3074000 24
3075000 24
3076000 24
3077000 24
3078000 24
3079000 24
3080000 24
3081000 24
3082000 24
3083000 24
3084000 24
3085000 25
3086000 25
3087000 25
3088000 25
3089000 25
3090000 25
3091000 25
3092000 25
3093000 25
3094000 25
3095000 25
3096000 25
3097000 25
3098000 25
3099000 25
3100000 25
3101000 25
3102000 25
3103000 25
3104000 25
3105000 25
3106000 25
3107000 25
3108000 25
3109000 25
3110000 25
3111000 25
3112000 25
3113000 25
3114000 25
3115000 25
3116000 25
3117000 25
3118000 25
3119000 25
3120000 25
3121000 25
3122000 25
3123000 25
3124000 25
3125000 25
3126000 25
3127000 25
3128000 25
3129000 25
3130000 25
3131000 25
3132000 25
3133000 25
3134000 25
3135000 25
3136000 25
3137000 25
3138000 25
3139000 25
3140000 25
3141000 25
3142000 25
3143000 25
3144000 25
3145000 25
3146000 25
3147000 25
3148000 25
3149000 25
3150000 25
3151000 25
3152000 25
3153000 25
3154000 25
3155000 25
3156000 25
3157000 25
3158000 25
3159000 25
3160000 25
3161000 25
3162000 25
3163000 25
3164000 25
3165000 25
3166000 25
3167000 25
3168000 25
3169000 25
3170000 25
3171000 25
3172000 25
3173000 25
3174000 25
3175000 25
3176000 25
3177000 25
3178000 25
3179000 25
3180000 25
3181000 25
3182000 25
3183000 25
3184000 25
3185000 25
3186000 25
3187000 25
3188000 25
3189000 25
3190000 25
3191000 25
3192000 25
3193000 25
3194000 25
3195000 25
3196000 25
3197000 25
3198000 25
3199000 25
3200000 25
3201000 25
3202000 25
3203000 25
3204000 25
3205000 25
3206000 25
3207000 25
3208000 25
3209000 25
3210000 25
3211000 25
3212000 25
3213000 25
3214000 25
3215000 25
3216000 25
3217000 25
3218000 25
3219000 25
3220000 25
3221000 25
3222000 25
3223000 25
3224000 25
3225000 25
3226000 25
3227000 25
3228000 25
3229000 25
3230000 25
3231000 25
3232000 25
3233000 25
3234000 25
3235000 25
3236000 25
3237000 25
3238000 25
3239000 25
3240000 25
3241000 25
3242000 25
3243000 25
3244000 25
3245000 25
3246000 26
3247000 26
3248000 26
3249000 26
3250000 26
3251000 26
3252000 26
3253000 26
3254000 26
3255000 26
3256000 26
3257000 26
3258000 26
3259000 26
3260000 26
3261000 26
3262000 26
3263000 26
3264000 26
3265000 26
3266000 26
3267000 26
3268000 26
3269000 26
3270000 26
3271000 26
3272000 26
3273000 26
3274000 26
3275000 26
3276000 26
3277000 26
3278000 26
3279000 26
3280000 26
3281000 26
3282000 26
3283000 26
3284000 26
3285000 26
3286000 26
3287000 26
3288000 26
3289000 26
3290000 26
3291000 26
3292000 26
3293000 26
3294000 26
3295000 26
3296000 26
3297000 26
3298000 26
3299000 26
3300000 26
3301000 26
3302000 26
3303000 26
3304000 26
3305000 26
3306000 26
3307000 26
3308000 26
3309000 26
3310000 26
3311000 26
3312000 26
3313000 26
3314000 26
3315000 26
3316000 26
3317000 26
3318000 26
3319000 26
3320000 26
3321000 26
3322000 26
3323000 26
3324000 26
3325000 26
3326000 26
3327000 26
3328000 26
3329000 26
3330000 26
3331000 26
3332000 26
3333000 26
3334000 26
3335000 26
3336000 26
3337000 26
3338000 26
3339000 26
3340000 26
3341000 26
3342000 26
3343000 26
3344000 26
3345000 26
3346000 26
3347000 26
3348000 26
3349000 26
3350000 26
3351000 26
3352000 26
3353000 26
3354000 26
3355000 27
3356000 27
3357000 27
3358000 27
3359000 27
3360000 27
3361000 27
3362000 27
3363000 27
3364000 27
3365000 27
3366000 27
3367000 27
3368000 27
3369000 28
3370000 28
3371000 28
3372000 28
3373000 28
3374000 28
3375000 28
3376000 28
3377000 29
3378000 29
3379000 29
3380000 29
3381000 29
3382000 29
3383000 29
3384000 29
3385000 29
3386000 29
3387000 29
3388000 29
3389000 29
3390000 29
3391000 29
3392000 29
3393000 29
3394000 29
3395000 29
3396000 29
3397000 29
3398000 29
3399000 29
3400000 29
3401000 29
3402000 29
3403000 29
3404000 29
3405000 29
3406000 29
3407000 29
3408000 29
3409000 29
3410000 29
3411000 29
3412000 29
3413000 29
3414000 29
3415000 29
3416000 29
3417000 29
3418000 29
3419000 29
3420000 29
3421000 29
3422000 29
3423000 29
3424000 29
3425000 29
3426000 29
3427000 29
3428000 29
3429000 29
3430000 29
3431000 29
3432000 29
3433000 29
3434000 29
3435000 29
3436000 29
3437000 29
3438000 29
3439000 29
3440000 29
3441000 29
3442000 29
3443000 29
3444000 29
3445000 29
3446000 29
3447000 29
3448000 29
3449000 29
3450000 29
3451000 29
3452000 29
3453000 29
3454000 29
3455000 29
3456000 29
3457000 29
3458000 29
3459000 29
3460000 29
3461000 29
3462000 29
3463000 29
3464000 29
3465000 29
3466000 29
3467000 29
3468000 29
3469000 29
3470000 29
3471000 29
3472000 29
3473000 29
3474000 29
3475000 29
3476000 29
3477000 29
3478000 29
3479000 29
3480000 29
3481000 29
3482000 29
3483000 29
3484000 29
3485000 29
3486000 29
3487000 29
3488000 29
3489000 29
3490000 29
3491000 29
3492000 29
3493000 29
3494000 29
3495000 29
3496000 29
3497000 29
3498000 29
3499000 29
3500000 29
3501000 29
3502000 29
3503000 29
3504000 29
3505000 29
3506000 29
3507000 29
3508000 29
3509000 29
3510000 29
3511000 29
3512000 29
3513000 29
3514000 29
3515000 29
3516000 29
3517000 29
3518000 29
3519000 29
3520000 29
3521000 29
3522000 29
3523000 29
3524000 29
3525000 29
3526000 29
3527000 29
3528000 29
3529000 29
3530000 29
3531000 29
3532000 29
3533000 29
3534000 29
3535000 29
3536000 29
3537000 29
3538000 30
3539000 30
3540000 30
3541000 30
3542000 30
3543000 30
3544000 30
3545000 30
3546000 30
3547000 30
3548000 30
3549000 30
3550000 30
3551000 30
3552000 30
3553000 30
3554000 30
3555000 30
3556000 30
3557000 30
3558000 30
3559000 30
3560000 30
3561000 30
3562000 30
3563000 30
3564000 30
3565000 30
3566000 30
3567000 30
3568000 30
3569000 30
3570000 30
3571000 30
3572000 30
3573000 30
3574000 30
3575000 30
3576000 30
3577000 30
3578000 30
3579000 30
3580000 30
3581000 30
3582000 30
3583000 30
3584000 30
3585000 30
3586000 30
3587000 30
3588000 30
3589000 30
3590000 30
3591000 30
3592000 30
3593000 30
3594000 30
3595000 30
3596000 30
3597000 30
3598000 30
3599000 30
3600000 30
3601000 30
3602000 30
3603000 30
3604000 30
3605000 30
3606000 30
3607000 30
3608000 30
3609000 30
3610000 30
3611000 30
3612000 30
3613000 30
3614000 30
3615000 30
3616000 30
3617000 30
3618000 30
3619000 30
3620000 30
3621000 30
3622000 30
3623000 30
3624000 30
3625000 30
3626000 30
3627000 30
3628000 30
3629000 30
3630000 30
3631000 30
3632000 30
3633000 30
3634000 30
3635000 30
3636000 30
3637000 30
3638000 30
3639000 30
3640000 30
3641000 30
3642000 30
3643000 30
3644000 30
3645000 30
3646000 30
3647000 30
3648000 30
3649000 30
3650000 30
3651000 30
3652000 30
3653000 30
3654000 30
3655000 30
3656000 30
3657000 30
3658000 30
3659000 30
3660000 30
3661000 30
3662000 30
3663000 30
3664000 30
3665000 30
3666000 30
3667000 30
3668000 30
3669000 30
3670000 30
3671000 30
3672000 30
3673000 30
3674000 30
3675000 30
3676000 30
3677000 30
3678000 30
3679000 30
3680000 30
3681000 30
3682000 30
3683000 30
3684000 30
3685000 30
3686000 30
3687000 30
3688000 30
3689000 30
3690000 30
3691000 30
3692000 30
3693000 30
3694000 30
3695000 30
3696000 30
3697000 31
3698000 31
3699000 31
3700000 31
3701000 31
3702000 31
3703000 31
3704000 31
3705000 31
3706000 31
3707000 31
3708000 31
3709000 31
3710000 31
3711000 31
3712000 31
3713000 31
3714000 31
3715000 31
3716000 31
3717000 31
3718000 31
3719000 31
3720000 31
3721000 31
3722000 31
3723000 31
3724000 31
3725000 31
3726000 31
3727000 31
3728000 31
3729000 31
3730000 31
3731000 31
3732000 31
3733000 31
3734000 31
3735000 31
3736000 31
3737000 31
3738000 31
3739000 31
3740000 31
3741000 31
3742000 31
3743000 31
3744000 31
3745000 31
3746000 31
3747000 31
3748000 31
3749000 31
3750000 31
3751000 31
3752000 31
3753000 31
3754000 31
3755000 31
3756000 31
3757000 31
3758000 31
3759000 31
3760000 31
3761000 31
3762000 31
3763000 31
3764000 31
3765000 31
3766000 31
3767000 31
3768000 31
3769000 31
3770000 31
3771000 31
3772000 31
3773000 31
3774000 31
3775000 31
3776000 31
3777000 31
3778000 31
3779000 31
3780000 31
3781000 31
3782000 31
3783000 31
3784000 31
3785000 31
3786000 31
3787000 31
3788000 31
3789000 31
3790000 31
3791000 31
3792000 31
3793000 31
3794000 31
3795000 31
3796000 31
3797000 31
3798000 31
3799000 31
3800000 31
3801000 31
3802000 31
3803000 31
3804000 31
3805000 31
3806000 31
3807000 31
3808000 31
3809000 31
3810000 31
3811000 31
3812000 31
3813000 31
3814000 31
3815000 31
3816000 31
3817000 31
3818000 31
3819000 31
3820000 31
3821000 31
3822000 31
3823000 31
3824000 31
3825000 31
3826000 31
3827000 31
3828000 31
3829000 31
3830000 31
3831000 31
3832000 31
3833000 31
3834000 31
3835000 31
3836000 31
3837000 31
3838000 31
3839000 31
3840000 31
3841000 31
3842000 31
3843000 31
3844000 31
3845000 31
3846000 31
3847000 31
3848000 31
3849000 31
3850000 31
3851000 31
3852000 31
3853000 31
3854000 31
3855000 31
3856000 31
3857000 31
3858000 31
3859000 31
3860000 31
3861000 31
3862000 31
3863000 31
3864000 31
3865000 31
3866000 31
3867000 31
3868000 31
3869000 31
3870000 31
3871000 31
3872000 31
3873000 31
3874000 31
3875000 31
3876000 31
3877000 31
3878000 31
3879000 31
3880000 31
3881000 31
3882000 31
3883000 31
3884000 31
3885000 31
3886000 31
3887000 31
3888000 31
3889000 31
3890000 31
3891000 31
3892000 31
3893000 31
3894000 31
3895000 31
3896000 31
3897000 31
3898000 31
3899000 31
3900000 31
3901000 31
3902000 31
3903000 31
3904000 31
3905000 31
3906000 32
3907000 32
3908000 32
3909000 32
3910000 32
3911000 32
3912000 32
3913000 32
3914000 32
3915000 32
3916000 32
3917000 32
3918000 32
3919000 32
3920000 32
3921000 32
3922000 32
3923000 32
3924000 32
3925000 32
3926000 32
3927000 32
3928000 32
3929000 32
3930000 32
3931000 32
3932000 32
3933000 32
3934000 32
3935000 32
3936000 32
3937000 32
3938000 32
3939000 32
3940000 32
3941000 32
3942000 32
3943000 32
3944000 32
3945000 32
3946000 32
3947000 32
3948000 32
3949000 32
3950000 32
3951000 32
3952000 32
3953000 32
3954000 32
3955000 32
3956000 32
3957000 32
3958000 32
3959000 32
3960000 32
3961000 32
3962000 32
3963000 32
3964000 32
3965000 32
3966000 32
3967000 32
3968000 32
3969000 32
3970000 32
3971000 32
3972000 32
3973000 32
3974000 32
3975000 32
3976000 32
3977000 32
3978000 32
3979000 32
3980000 32
3981000 32
3982000 32
3983000 32
3984000 32
3985000 32
3986000 32
3987000 32
3988000 32
3989000 32
3990000 32
3991000 32
3992000 32
3993000 32
3994000 32
3995000 32
3996000 32
3997000 32
3998000 32
3999000 32
4000000 32
4001000 32
4002000 32
4003000 32
4004000 32
4005000 32
4006000 32
4007000 32
4008000 32
4009000 32
4010000 32
4011000 32
4012000 32
4013000 32
4014000 32
4015000 32
4016000 32
4017000 32
4018000 32
4019000 32
4020000 32
4021000 32
4022000 32
4023000 32
4024000 32
4025000 32
4026000 32
4027000 32
4028000 32
4029000 32
4030000 32
4031000 32
4032000 32
4033000 32
4034000 32
4035000 32
4036000 32
4037000 32
4038000 32
4039000 32
4040000 32
4041000 32
4042000 32
4043000 32
4044000 32
4045000 32
4046000 32
4047000 32
4048000 32
4049000 32
4050000 32
4051000 32
4052000 32
4053000 32
4054000 32
4055000 32
4056000 32
4057000 32
4058000 32
4059000 32
4060000 32
4061000 32
4062000 32
4063000 32
4064000 32
4065000 32
4066000 32
4067000 32
4068000 32
4069000 32
4070000 32
4071000 32
4072000 32
4073000 32
4074000 32
4075000 32
4076000 32
4077000 32
4078000 32
4079000 32
4080000 32
4081000 32
4082000 32
4083000 32
4084000 32
4085000 32
4086000 32
4087000 32
4088000 32
4089000 32
4090000 32
4091000 32
4092000 32
4093000 32
4094000 32
4095000 32
4096000 32
4097000 32
4098000 32
4099000 32
4100000 32
4101000 32
4102000 32
4103000 32
4104000 32
4105000 32
4106000 32
4107000 32
4108000 32
4109000 32
4110000 32
4111000 32
4112000 32
4113000 32
4114000 32
4115000 32
4116000 32
4117000 32
4118000 32
4119000 32
4120000 32
4121000 32
4122000 32
4123000 32
4124000 32
4125000 32
4126000 32
4127000 32
4128000 32
4129000 32
4130000 32
4131000 32
4132000 32
4133000 32
4134000 32
4135000 32
4136000 32
4137000 32
4138000 32
4139000 32
4140000 32
4141000 32
4142000 32
4143000 32
4144000 32
4145000 32
4146000 32
4147000 32
4148000 32
4149000 32
4150000 32
4151000 32
4152000 32
4153000 32
4154000 32
4155000 32
4156000 32
4157000 32
4158000 32
4159000 32
4160000 32
4161000 32
4162000 32
4163000 32
4164000 32
4165000 32
4166000 32
4167000 32
4168000 32
4169000 32
4170000 32
4171000 32
4172000 32
4173000 32
4174000 32
4175000 32
4176000 32
4177000 32
4178000 32
4179000 32
4180000 32
4181000 32
4182000 32
4183000 32
4184000 32
4185000 32
4186000 32
4187000 32
4188000 32
4189000 32
4190000 32
4191000 32
4192000 32
4193000 32
4194000 32
4195000 32
4196000 32
4197000 32
4198000 32
4199000 32
4200000 32
4201000 32
4202000 32
4203000 32
4204000 32
4205000 32
4206000 32
4207000 32
4208000 32
4209000 32
4210000 32
4211000 32
4212000 32
4213000 32
4214000 32
4215000 32
4216000 32
4217000 32
4218000 32
4219000 32
4220000 32
4221000 32
4222000 32
4223000 32
4224000 32
4225000 32
4226000 32
4227000 32
4228000 32
4229000 32
4230000 32
4231000 32
4232000 32
4233000 32
4234000 32
4235000 32
4236000 32
4237000 32
4238000 32
4239000 32
4240000 32
4241000 32
4242000 32
4243000 32
4244000 32
4245000 32
4246000 32
4247000 32
4248000 32
4249000 32
4250000 32
4251000 32
4252000 32
4253000 32
4254000 32
4255000 32
4256000 32
4257000 32
4258000 32
4259000 32
4260000 32
4261000 32
4262000 32
4263000 32
4264000 32
4265000 32
4266000 32
4267000 32
4268000 33
4269000 33
4270000 33
4271000 33
4272000 33
4273000 33
4274000 33
4275000 33
4276000 33
4277000 33
4278000 33
4279000 34
4280000 34
4281000 34
4282000 34
4283000 34
4284000 34
4285000 34
4286000 34
4287000 34
4288000 34
4289000 34
4290000 34
4291000 34
4292000 35
4293000 35
4294000 35
4295000 35
4296000 35
4297000 35
4298000 35
4299000 35
4300000 35
4301000 35
4302000 35
4303000 35
4304000 35
4305000 35
4306000 35
4307000 35
4308000 35
4309000 35
4310000 35
4311000 35
4312000 35
4313000 35
4314000 35
4315000 35
4316000 35
4317000 35
4318000 35
4319000 35
4320000 35
4321000 35
4322000 35
4323000 35
4324000 35
4325000 35
4326000 35
4327000 35
4328000 35
4329000 35
4330000 35
4331000 35
4332000 35
4333000 35
4334000 35
4335000 35
4336000 35
4337000 35
4338000 35
4339000 35
4340000 35
4341000 35
4342000 35
4343000 35
4344000 35
4345000 35
4346000 35
4347000 35
4348000 35
4349000 35
4350000 35
4351000 35
4352000 35
4353000 35
4354000 35
4355000 35
4356000 35
4357000 35
4358000 35
4359000 35
4360000 35
4361000 35
4362000 35
4363000 35
4364000 35
4365000 35
4366000 35
4367000 35
4368000 35
4369000 35
4370000 35
4371000 35
4372000 35
4373000 35
4374000 35
4375000 35
4376000 35
4377000 35
4378000 35
4379000 35
4380000 35
4381000 35
4382000 35
4383000 35
4384000 35
4385000 35
4386000 35
4387000 35
4388000 35
4389000 35
4390000 35
4391000 35
4392000 35
4393000 35
4394000 35
4395000 35
4396000 35
4397000 35
4398000 35
4399000 35
4400000 35
4401000 35
4402000 35
4403000 35
4404000 35
4405000 35
4406000 35
4407000 35
4408000 35
4409000 35
4410000 35
4411000 35
4412000 35
4413000 35
4414000 35
4415000 35
4416000 35
4417000 35
4418000 35
4419000 35
4420000 35
4421000 35
4422000 35
4423000 35
4424000 35
4425000 35
4426000 35
4427000 35
4428000 35
4429000 35
4430000 35
4431000 35
4432000 35
4433000 35
4434000 35
4435000 35
4436000 35
4437000 35
4438000 35
4439000 35
4440000 35
4441000 35
4442000 35
4443000 35
4444000 35
4445000 35
4446000 35
4447000 35
4448000 35
4449000 35
4450000 35
4451000 35
4452000 35
4453000 35
4454000 35
4455000 35
4456000 35
4457000 35
4458000 35
4459000 35
4460000 35
4461000 35
4462000 35
4463000 35
4464000 35
4465000 35
4466000 35
4467000 35
4468000 35
4469000 35
4470000 35
4471000 35
4472000 35
4473000 35
4474000 35
4475000 35
4476000 35
4477000 35
4478000 35
4479000 35
4480000 35
4481000 35
4482000 35
4483000 35
4484000 35
4485000 35
4486000 35
4487000 35
4488000 35
4489000 35
4490000 35
4491000 35
4492000 35
4493000 35
4494000 35
4495000 35
4496000 35
4497000 35
4498000 35
4499000 35
4500000 35
4501000 35
4502000 35
4503000 35
4504000 35
4505000 35
4506000 35
4507000 35
4508000 35
4509000 35
4510000 35
4511000 35
4512000 35
4513000 35
4514000 35
4515000 35
4516000 35
4517000 35
4518000 35
4519000 35
4520000 35
4521000 35
4522000 35
4523000 35
4524000 35
4525000 35
4526000 35
4527000 35
4528000 35
4529000 35
4530000 35
4531000 35
4532000 35
4533000 35
4534000 35
4535000 35
4536000 35
4537000 35
4538000 35
4539000 35
4540000 35
4541000 35
4542000 35
4543000 35
4544000 35
4545000 35
4546000 35
4547000 35
4548000 35
4549000 35
4550000 35
4551000 35
4552000 35
4553000 35
4554000 35
4555000 35
4556000 35
4557000 35
4558000 35
4559000 35
4560000 35
4561000 35
4562000 35
4563000 35
4564000 35
4565000 35
4566000 35
4567000 35
4568000 35
4569000 35
4570000 35
4571000 35
4572000 35
4573000 35
4574000 35
4575000 35
4576000 35
4577000 35
4578000 35
4579000 35
4580000 35
4581000 35
4582000 35
4583000 35
4584000 35
4585000 35
4586000 35
4587000 35
4588000 35
4589000 35
4590000 35
4591000 35
4592000 35
4593000 35
4594000 35
4595000 35
4596000 35
4597000 35
4598000 35
4599000 35
4600000 35
4601000 35
4602000 35
4603000 35
4604000 35
4605000 35
4606000 35
4607000 35
4608000 35
4609000 35
4610000 35
4611000 35
4612000 35
4613000 35
4614000 35
4615000 35
4616000 35
4617000 35
4618000 35
4619000 35
4620000 35
4621000 35
4622000 35
4623000 35
4624000 35
4625000 35
4626000 35
4627000 35
4628000 35
4629000 35
4630000 35
4631000 35
4632000 35
4633000 35
4634000 35
4635000 35
4636000 35
4637000 35
4638000 35
4639000 35
4640000 35
4641000 35
4642000 35
4643000 35
4644000 35
4645000 35
4646000 35
4647000 35
4648000 35
4649000 35
4650000 35
4651000 35
4652000 35
4653000 35
4654000 35
4655000 35
4656000 35
4657000 35
4658000 35
4659000 35
4660000 35
4661000 35
4662000 35
4663000 35
4664000 35
4665000 35
4666000 35
4667000 35
4668000 35
4669000 35
4670000 35
4671000 35
4672000 35
4673000 35
4674000 35
4675000 35
4676000 35
4677000 35
4678000 35
4679000 35
4680000 35
4681000 35
4682000 35
4683000 35
4684000 35
4685000 35
4686000 35
4687000 35
4688000 35
4689000 35
4690000 35
4691000 35
4692000 35
4693000 35
4694000 35
4695000 35
4696000 35
4697000 35
4698000 35
4699000 35
4700000 35
4701000 35
4702000 35
4703000 36
4704000 36
4705000 36
4706000 36
4707000 36
4708000 36
4709000 36
4710000 36
4711000 36
4712000 36
4713000 36
4714000 36
4715000 36
4716000 36
4717000 37
4718000 37
4719000 37
4720000 37
4721000 37
4722000 37
4723000 37
4724000 37
4725000 37
4726000 37
4727000 37
4728000 37
4729000 37
4730000 37
4731000 37
4732000 37
4733000 37
4734000 37
4735000 37
4736000 37
4737000 37
4738000 37
4739000 37
4740000 37
4741000 37
4742000 37
4743000 37
4744000 37
4745000 37
4746000 37
4747000 37
4748000 37
4749000 37
4750000 37
4751000 37
4752000 37
4753000 37
4754000 37
4755000 37
4756000 37
4757000 37
4758000 37
4759000 37
4760000 37
4761000 37
4762000 37
4763000 37
4764000 37
4765000 37
4766000 37
4767000 37
4768000 37
4769000 37
4770000 37
4771000 37
4772000 37
4773000 37
4774000 37
4775000 37
4776000 38
4777000 38
4778000 38
4779000 38
4780000 38
4781000 38
4782000 38
4783000 38
4784000 38
4785000 38
4786000 38
4787000 38
4788000 38
4789000 38
4790000 38
4791000 38
4792000 38
4793000 38
4794000 38
4795000 38
4796000 38
4797000 38
4798000 38
4799000 38
4800000 38
4801000 38
4802000 38
4803000 38
4804000 38
4805000 38
4806000 38
4807000 38
4808000 38
4809000 38
4810000 38
4811000 38
4812000 38
4813000 38
4814000 38
4815000 38
4816000 38
4817000 38
4818000 38
4819000 38
4820000 38
4821000 38
4822000 38
4823000 38
4824000 38
4825000 38
4826000 38
4827000 38
4828000 38
4829000 38
4830000 38
4831000 38
4832000 38
4833000 38
4834000 38
4835000 38
4836000 38
4837000 38
4838000 38
4839000 38
4840000 38
4841000 38
4842000 38
4843000 38
4844000 38
4845000 38
4846000 38
4847000 38
4848000 38
4849000 38
4850000 38
4851000 38
4852000 38
4853000 38
4854000 38
4855000 38
4856000 38
4857000 38
4858000 38
4859000 38
4860000 38
4861000 38
4862000 38
4863000 38
4864000 38
4865000 38
4866000 38
4867000 38
4868000 38
4869000 38
4870000 38
4871000 38
4872000 38
4873000 38
4874000 38
4875000 38
4876000 38
4877000 38
4878000 38
4879000 38
4880000 38
4881000 38
4882000 38
4883000 38
4884000 38
4885000 38
4886000 38
4887000 38
4888000 38
4889000 38
4890000 38
4891000 38
4892000 38
4893000 38
4894000 38
4895000 38
4896000 38
4897000 38
4898000 38
4899000 38
4900000 38
4901000 38
4902000 38
4903000 38
4904000 38
4905000 38
4906000 38
4907000 38
4908000 38
4909000 38
4910000 38
4911000 38
4912000 38
4913000 38
4914000 38
4915000 38
4916000 38
4917000 38
4918000 38
4919000 38
4920000 38
4921000 38
4922000 38
4923000 38
4924000 38
4925000 38
4926000 38
4927000 38
4928000 38
4929000 38
4930000 38
4931000 38
4932000 38
4933000 38
4934000 38
4935000 38
4936000 38
4937000 39
4938000 39
4939000 39
4940000 39
4941000 39
4942000 39
4943000 39
4944000 39
4945000 39
4946000 39
4947000 39
4948000 39
4949000 39
4950000 39
4951000 39
4952000 39
4953000 39
4954000 39
4955000 39
4956000 39
4957000 39
4958000 39
4959000 39
4960000 39
4961000 39
4962000 39
4963000 39
4964000 39
4965000 39
4966000 39
4967000 39
4968000 39
4969000 39
4970000 39
4971000 39
4972000 39
4973000 39
4974000 39
4975000 39
4976000 39
4977000 39
4978000 39
4979000 39
4980000 39
4981000 39
4982000 39
4983000 39
4984000 39
4985000 39
4986000 39
4987000 39
4988000 39
4989000 39
4990000 39
4991000 39
4992000 39
4993000 39
4994000 39
4995000 39
4996000 39
4997000 39
4998000 39
4999000 39
5000000 39
