0 0
1000 0
2000 0
3000 0
4000 0
5000 0
6000 0
7000 0
8000 0
9000 0
10000 0
11000 0
12000 0
13000 0
14000 0
15000 0
16000 0
17000 0
18000 0
19000 0
20000 0
21000 0
22000 0
23000 0
24000 0
25000 0
26000 0
27000 0
28000 0
29000 0
30000 0
31000 0
32000 0
33000 0
34000 0
35000 0
36000 0
37000 0
38000 0
39000 0
40000 0
41000 0
42000 0
43000 0
44000 0
45000 0
46000 0
47000 0
48000 0
49000 0
50000 0
51000 0
52000 0
53000 0
54000 0
55000 0
56000 0
57000 0
58000 0
59000 0
60000 0
61000 0
62000 0
63000 0
64000 0
65000 0
66000 0
67000 0
68000 0
69000 0
70000 0
71000 0
72000 0
73000 0
74000 0
75000 0
76000 0
77000 0
78000 0
79000 0
80000 0
81000 0
82000 0
83000 0
84000 0
85000 0
86000 0
87000 0
88000 0
89000 0
90000 0
91000 0
92000 0
93000 0
94000 0
95000 0
96000 0
97000 0
98000 0
99000 0
100000 0
101000 0
102000 0
103000 0
104000 0
105000 0
106000 0
107000 0
108000 0
109000 0
110000 0
111000 0
112000 0
113000 0
114000 0
115000 0
116000 0
117000 0
118000 0
119000 0
120000 0
121000 0
122000 0
123000 0
124000 0
125000 0
126000 0
127000 0
128000 0
129000 0
130000 0
131000 0
132000 0
133000 0
134000 0
135000 0
136000 0
137000 0
138000 0
139000 0
140000 0
141000 0
142000 0
143000 0
144000 0
145000 0
146000 0
147000 0
148000 0
149000 0
150000 0
151000 0
152000 0
153000 0
154000 0
155000 0
156000 0
157000 0
158000 0
159000 0
160000 0
161000 0
162000 0
163000 0
164000 0
165000 0
166000 0
167000 0
168000 0
169000 0
170000 0
171000 0
172000 0
173000 0
174000 0
175000 0
176000 0
177000 0
178000 0
179000 0
180000 0
181000 0
182000 0
183000 0
184000 0
185000 0
186000 0
187000 0
188000 0
189000 0
190000 0
191000 0
192000 0
193000 0
194000 0
195000 0
196000 0
197000 0
198000 0
199000 0
200000 0
201000 0
202000 0
203000 0
204000 0
205000 0
206000 0
207000 0
208000 0
209000 0
210000 0
211000 0
212000 0
213000 0
214000 0
215000 0
216000 0
217000 0
218000 0
219000 0
220000 0
221000 0
222000 0
223000 0
224000 0
225000 0
226000 0
227000 0
228000 0
229000 0
230000 0
231000 0
232000 0
233000 0
234000 0
235000 0
236000 0
237000 0
238000 0
239000 0
240000 0
241000 0
242000 0
243000 0
244000 0
245000 0
246000 0
247000 0
248000 0
249000 0
250000 0
251000 0
252000 0
253000 0
254000 0
255000 0
256000 0
257000 0
258000 0
259000 0
260000 0
261000 0
262000 0
263000 0
264000 0
265000 0
266000 0
267000 0
268000 0
269000 0
270000 0
271000 0
272000 0
273000 0
274000 0
275000 0
276000 0
277000 0
278000 0
279000 0
280000 0
281000 0
282000 0
283000 0
284000 0
285000 0
286000 0
287000 0
288000 0
289000 0
290000 0
291000 0
292000 0
293000 0
294000 0
295000 0
296000 0
297000 0
298000 0
299000 0
300000 0
301000 0
302000 0
303000 0
304000 0
305000 0
306000 0
307000 0
308000 0
309000 0
310000 0
311000 0
312000 0
313000 0
314000 0
315000 0
316000 0
317000 0
318000 0
319000 0
320000 0
321000 0
322000 0
323000 0
324000 0
325000 0
326000 0
327000 0
328000 0
329000 0
330000 0
331000 0
332000 0
333000 0
334000 0
335000 0
336000 0
337000 0
338000 0
339000 0
340000 0
341000 0
342000 0
343000 0
344000 0
345000 0
346000 0
347000 0
348000 0
349000 0
350000 0
351000 0
352000 0
353000 0
354000 0
355000 0
356000 0
357000 0
358000 0
359000 0
360000 0
361000 0
362000 0
363000 0
364000 0
365000 0
366000 0
367000 0
368000 0
369000 0
370000 0
371000 0
372000 0
373000 0
374000 0
375000 0
376000 0
377000 0
378000 0
379000 0
380000 0
381000 0
382000 0
383000 0
384000 0
385000 0
386000 0
387000 0
388000 0
389000 0
390000 0
391000 0
392000 0
393000 0
394000 0
395000 0
396000 0
397000 0
398000 0
399000 0
400000 0
401000 0
402000 0
403000 0
404000 0
405000 0
406000 0
407000 0
408000 0
409000 0
410000 0
411000 0
412000 0
413000 0
414000 0
415000 0
416000 0
417000 0
418000 0
419000 0
420000 0
421000 0
422000 0
423000 0
424000 0
425000 0
426000 0
427000 0
428000 0
429000 0
430000 0
431000 0
432000 0
433000 0
434000 0
435000 0
436000 0
437000 0
438000 0
439000 0
440000 0
441000 0
442000 0
443000 0
444000 0
445000 0
446000 0
447000 0
448000 0
449000 0
450000 0
451000 0
452000 0
453000 0
454000 0
455000 0
456000 0
457000 0
458000 0
459000 0
460000 1
461000 1
462000 1
463000 1
464000 1
465000 1
466000 1
467000 1
468000 1
469000 1
470000 1
471000 1
472000 1
473000 1
474000 1
475000 1
476000 1
477000 1
478000 1
479000 1
480000 1
481000 1
482000 1
483000 1
484000 1
485000 1
486000 1
487000 1
488000 1
489000 1
490000 1
491000 1
492000 1
493000 1
494000 1
495000 1
496000 1
497000 1
498000 1
499000 1
500000 1
501000 1
502000 1
503000 1
504000 1
505000 1
506000 1
507000 1
508000 1
509000 1
510000 1
511000 1
512000 1
513000 1
514000 1
515000 1
516000 1
517000 1
518000 1
519000 1
520000 1
521000 1
522000 1
523000 1
524000 1
525000 1
526000 1
527000 1
528000 1
529000 1
530000 1
531000 1
532000 1
533000 1
534000 1
535000 1
536000 1
537000 1
538000 1
539000 1
540000 1
541000 1
542000 1
543000 1
544000 1
545000 1
546000 1
547000 1
548000 1
549000 1
550000 1
551000 1
552000 1
553000 1
554000 1
555000 1
556000 1
557000 1
558000 1
559000 1
560000 1
561000 1
562000 1
563000 1
564000 1
565000 1
566000 1
567000 1
568000 1
569000 1
570000 1
571000 1
572000 1
573000 1
574000 1
575000 1
576000 1
577000 1
578000 1
579000 1
580000 1
581000 1
582000 1
583000 1
584000 1
585000 1
586000 1
587000 1
588000 1
589000 1
590000 1
591000 1
592000 1
593000 1
594000 1
595000 1
596000 1
597000 1
598000 1
599000 1
600000 1
601000 1
602000 1
603000 1
604000 1
605000 1
606000 1
607000 1
608000 1
609000 1
610000 1
611000 1
612000 1
613000 1
614000 1
615000 1
616000 1
617000 1
618000 1
619000 1
620000 1
621000 1
622000 1
623000 1
624000 1
625000 1
626000 1
627000 1
628000 1
629000 1
630000 1
631000 1
632000 1
633000 1
634000 1
635000 1
636000 1
637000 1
638000 1
639000 1
640000 1
641000 1
642000 1
643000 1
644000 1
645000 1
646000 1
647000 1
648000 1
649000 1
650000 1
651000 1
652000 1
653000 1
654000 1
655000 1
656000 1
657000 1
658000 1
659000 1
660000 1
661000 1
662000 1
663000 1
664000 1
665000 1
666000 1
667000 1
668000 1
669000 1
670000 1
671000 1
672000 1
673000 1
674000 1
675000 1
676000 1
677000 1
678000 1
679000 1
680000 1
681000 1
682000 1
683000 1
684000 1
685000 1
686000 1
687000 1
688000 1
689000 1
690000 1
691000 1
692000 1
693000 1
694000 1
695000 1
696000 1
697000 1
698000 1
699000 1
700000 1
701000 1
702000 1
703000 1
704000 1
705000 1
706000 1
707000 1
708000 1
709000 1
710000 1
711000 1
712000 1
713000 1
714000 1
715000 1
716000 1
717000 1
718000 1
719000 2
720000 2
721000 2
722000 2
723000 2
724000 2
725000 2
726000 2
727000 2
728000 2
729000 2
730000 2
731000 3
732000 3
733000 3
734000 3
735000 3
736000 3
737000 3
738000 3
739000 3
740000 3
741000 3
742000 3
743000 3
744000 3
745000 3
746000 3
747000 3
748000 3
749000 3
750000 3
751000 3
752000 3
753000 3
754000 3
755000 3
756000 3
757000 3
758000 3
759000 3
760000 3
761000 3
762000 3
763000 3
764000 3
765000 3
766000 3
767000 3
768000 3
769000 3
770000 3
771000 3
772000 3
773000 3
774000 3
775000 3
776000 3
777000 3
778000 3
779000 3
780000 3
781000 3
782000 3
783000 3
784000 3
785000 3
786000 3
787000 3
788000 3
789000 3
790000 3
791000 3
792000 3
793000 3
794000 3
795000 3
796000 3
797000 3
798000 3
799000 3
800000 3
801000 3
802000 3
803000 3
804000 4
805000 4
806000 4
807000 4
808000 4
809000 4
810000 4
811000 4
812000 4
813000 5
814000 5
815000 5
816000 5
817000 5
818000 5
819000 5
820000 5
821000 5
822000 5
823000 5
824000 5
825000 5
826000 5
827000 5
828000 5
829000 5
830000 5
831000 5
832000 5
833000 5
834000 5
835000 5
836000 5
837000 5
838000 5
839000 5
840000 5
841000 5
842000 5
843000 5
844000 5
845000 5
846000 5
847000 5
848000 5
849000 5
850000 5
851000 5
852000 5
853000 5
854000 5
855000 5
856000 5
857000 5
858000 5
859000 5
860000 5
861000 5
862000 5
863000 5
864000 5
865000 5
866000 5
867000 5
868000 5
869000 5
870000 5
871000 5
872000 5
873000 5
874000 5
875000 5
876000 5
877000 5
878000 5
879000 5
880000 5
881000 5
882000 5
883000 5
884000 5
885000 5
886000 5
887000 5
888000 5
889000 5
890000 5
891000 5
892000 5
893000 5
894000 5
895000 5
896000 5
897000 5
898000 5
899000 5
900000 5
901000 5
902000 5
903000 5
904000 5
905000 5
906000 5
907000 5
908000 5
909000 5
910000 5
911000 5
912000 5
913000 5
914000 5
915000 5
916000 5
917000 5
918000 5
919000 5
920000 5
921000 5
922000 5
923000 5
924000 5
925000 5
926000 5
927000 5
928000 5
929000 5
930000 5
931000 5
932000 5
933000 5
934000 5
935000 5
936000 5
937000 5
938000 5
939000 5
940000 5
941000 5
942000 5
943000 5
944000 5
945000 5
946000 5
947000 5
948000 5
949000 5
950000 5
951000 5
952000 5
953000 5
954000 5
955000 5
956000 5
957000 5
958000 5
959000 5
960000 5
961000 5
962000 5
963000 5
964000 5
965000 5
966000 5
967000 5
968000 5
969000 5
970000 5
971000 5
972000 5
973000 5
974000 5
975000 5
976000 5
977000 5
978000 5
979000 5
980000 5
981000 5
982000 5
983000 5
984000 5
985000 5
986000 5
987000 5
988000 5
989000 5
990000 5
991000 5
992000 5
993000 5
994000 5
995000 5
996000 5
997000 5
998000 5
999000 5
1000000 5
1001000 5
1002000 5
1003000 5
1004000 5
1005000 5
1006000 5
1007000 5
1008000 5
1009000 5
1010000 5
1011000 5
1012000 5
1013000 5
1014000 5
1015000 5
1016000 5
1017000 5
1018000 5
1019000 5
1020000 5
1021000 5
1022000 5
1023000 5
1024000 5
1025000 5
1026000 5
1027000 5
1028000 5
1029000 5
1030000 5
1031000 5
1032000 5
1033000 5
1034000 5
1035000 5
1036000 5
1037000 5
1038000 5
1039000 5
1040000 5
1041000 5
1042000 5
1043000 5
1044000 5
1045000 5
1046000 5
1047000 5
1048000 5
1049000 5
1050000 5
1051000 5
1052000 5
1053000 5
1054000 5
1055000 5
1056000 5
1057000 5
1058000 5
1059000 5
1060000 5
1061000 5
1062000 5
1063000 5
1064000 5
1065000 5
1066000 5
1067000 5
1068000 5
1069000 5
1070000 5
1071000 5
1072000 5
1073000 5
1074000 5
1075000 5
1076000 5
1077000 5
1078000 5
1079000 5
1080000 5
1081000 5
1082000 5
1083000 5
1084000 5
1085000 5
1086000 5
1087000 5
1088000 5
1089000 5
1090000 5
1091000 5
1092000 5
1093000 5
1094000 5
1095000 5
1096000 5
1097000 5
1098000 5
1099000 5
1100000 5
1101000 5
1102000 5
1103000 5
1104000 5
1105000 5
1106000 5
1107000 5
1108000 5
1109000 5
1110000 5
1111000 5
1112000 5
1113000 5
1114000 5
1115000 5
1116000 5
1117000 5
1118000 5
1119000 5
1120000 5
1121000 5
1122000 5
1123000 5
1124000 5
1125000 5
1126000 5
1127000 5
1128000 5
1129000 5
1130000 5
1131000 5
1132000 5
1133000 5
1134000 5
1135000 5
1136000 5
1137000 5
1138000 5
1139000 5
1140000 5
1141000 5
1142000 5
1143000 5
1144000 5
1145000 5
1146000 5
1147000 5
1148000 5
1149000 5
1150000 5
1151000 5
1152000 5
1153000 5
1154000 5
1155000 5
1156000 5
1157000 5
1158000 5
1159000 5
1160000 5
1161000 5
1162000 5
1163000 5
1164000 5
1165000 5
1166000 5
1167000 5
1168000 5
1169000 5
1170000 5
1171000 5
1172000 5
1173000 5
1174000 5
1175000 5
1176000 5
1177000 5
1178000 5
1179000 5
1180000 5
1181000 5
1182000 5
1183000 5
1184000 5
1185000 5
1186000 5
1187000 5
1188000 5
1189000 5
1190000 5
1191000 5
1192000 5
1193000 5
1194000 5
1195000 5
1196000 5
1197000 5
1198000 5
1199000 5
1200000 5
1201000 5
1202000 5
1203000 5
1204000 5
1205000 5
1206000 5
1207000 5
1208000 5
1209000 5
1210000 5
1211000 5
1212000 5
1213000 5
1214000 5
1215000 5
1216000 5
1217000 5
1218000 5
1219000 5
1220000 5
1221000 5
1222000 5
1223000 5
1224000 5
1225000 5
1226000 5
1227000 5
1228000 5
1229000 5
1230000 5
1231000 5
1232000 5
1233000 5
1234000 5
1235000 5
1236000 5
1237000 5
1238000 5
1239000 5
1240000 5
1241000 5
1242000 5
1243000 5
1244000 5
1245000 5
1246000 5
1247000 5
1248000 5
1249000 5
1250000 5
1251000 5
1252000 5
1253000 5
1254000 5
1255000 5
1256000 5
1257000 5
1258000 5
1259000 5
1260000 5
1261000 5
1262000 5
1263000 5
1264000 5
1265000 5
1266000 5
1267000 5
1268000 5
1269000 5
1270000 5
1271000 5
1272000 5
1273000 5
1274000 5
1275000 5
1276000 5
1277000 5
1278000 5
1279000 5
1280000 5
1281000 5
1282000 5
1283000 5
1284000 5
1285000 5
1286000 5
1287000 5
1288000 5
1289000 5
1290000 5
1291000 5
1292000 5
1293000 5
1294000 5
1295000 5
1296000 5
1297000 5
1298000 5
1299000 5
1300000 5
1301000 5
1302000 5
1303000 5
1304000 5
1305000 5
1306000 5
1307000 5
1308000 5
1309000 5
1310000 5
1311000 5
1312000 5
1313000 5
1314000 5
1315000 5
1316000 5
1317000 5
1318000 5
1319000 5
1320000 5
1321000 5
1322000 5
1323000 5
1324000 5
1325000 5
1326000 5
1327000 5
1328000 5
1329000 5
1330000 5
1331000 5
1332000 5
1333000 5
1334000 5
1335000 5
1336000 5
1337000 5
1338000 5
1339000 5
1340000 5
1341000 5
1342000 5
1343000 5
1344000 5
1345000 5
1346000 5
1347000 5
1348000 5
1349000 5
1350000 5
1351000 5
1352000 5
1353000 5
1354000 5
1355000 5
1356000 5
1357000 5
1358000 5
1359000 5
1360000 5
1361000 5
1362000 5
1363000 5
1364000 5
1365000 5
1366000 5
1367000 5
1368000 5
1369000 5
1370000 5
1371000 5
1372000 5
1373000 5
1374000 5
1375000 5
1376000 5
1377000 5
1378000 5
1379000 5
1380000 5
1381000 5
1382000 5
1383000 5
1384000 5
1385000 5
1386000 5
1387000 5
1388000 5
1389000 5
1390000 5
1391000 5
1392000 5
1393000 5
1394000 5
1395000 5
1396000 5
1397000 5
1398000 5
1399000 5
1400000 5
1401000 5
1402000 5
1403000 5
1404000 5
1405000 5
1406000 5
1407000 5
1408000 5
1409000 5
1410000 5
1411000 5
1412000 5
1413000 5
1414000 5
1415000 5
1416000 5
1417000 5
1418000 5
1419000 5
1420000 5
1421000 5
1422000 5
1423000 5
1424000 5
1425000 5
1426000 5
1427000 5
1428000 5
1429000 5
1430000 5
1431000 5
1432000 5
1433000 5
1434000 5
1435000 5
1436000 5
1437000 5
1438000 5
1439000 5
1440000 5
1441000 5
1442000 5
1443000 5
1444000 5
1445000 5
1446000 5
1447000 5
1448000 5
1449000 5
1450000 5
1451000 5
1452000 5
1453000 5
1454000 5
1455000 5
1456000 5
1457000 5
1458000 5
1459000 5
1460000 5
1461000 5
1462000 5
1463000 5
1464000 5
1465000 5
1466000 5
1467000 5
1468000 5
1469000 5
1470000 5
1471000 5
1472000 5
1473000 5
1474000 5
1475000 5
1476000 5
1477000 5
1478000 5
1479000 5
1480000 5
1481000 5
1482000 5
1483000 5
1484000 5
1485000 5
1486000 5
1487000 5
1488000 5
1489000 5
1490000 5
1491000 5
1492000 5
1493000 5
1494000 5
1495000 5
1496000 5
1497000 5
1498000 5
1499000 5
1500000 5
1501000 5
1502000 5
1503000 5
1504000 5
1505000 5
1506000 5
1507000 5
1508000 5
1509000 5
1510000 5
1511000 5
1512000 5
1513000 5
1514000 5
1515000 5
1516000 5
1517000 5
1518000 5
1519000 5
1520000 5
1521000 5
1522000 5
1523000 5
1524000 5
1525000 5
1526000 5
1527000 5
1528000 5
1529000 5
1530000 5
1531000 5
1532000 5
1533000 5
1534000 5
1535000 5
1536000 5
1537000 5
1538000 5
1539000 5
1540000 5
1541000 5
1542000 5
1543000 5
1544000 5
1545000 5
1546000 5
1547000 5
1548000 5
1549000 5
1550000 5
1551000 5
1552000 5
1553000 5
1554000 5
1555000 5
1556000 5
1557000 5
1558000 5
1559000 5
1560000 5
1561000 5
1562000 5
1563000 5
1564000 5
1565000 5
1566000 5
1567000 5
1568000 5
1569000 5
1570000 5
1571000 5
1572000 5
1573000 5
1574000 5
1575000 5
1576000 5
1577000 5
1578000 5
1579000 5
1580000 5
1581000 5
1582000 5
1583000 5
1584000 5
1585000 5
1586000 5
1587000 5
1588000 5
1589000 5
1590000 5
1591000 5
1592000 5
1593000 5
1594000 5
1595000 5
1596000 5
1597000 5
1598000 5
1599000 5
1600000 5
1601000 5
1602000 5
1603000 5
1604000 5
1605000 5
1606000 5
1607000 5
1608000 5
1609000 5
1610000 5
1611000 5
1612000 5
1613000 5
1614000 5
1615000 5
1616000 5
1617000 5
1618000 5
1619000 5
1620000 5
1621000 5
1622000 5
1623000 5
1624000 5
1625000 5
1626000 5
1627000 5
1628000 5
1629000 5
1630000 5
1631000 5
1632000 5
1633000 5
1634000 5
1635000 5
1636000 5
1637000 5
1638000 5
1639000 5
1640000 5
1641000 5
1642000 5
1643000 5
1644000 5
1645000 5
1646000 5
1647000 5
1648000 5
1649000 5
1650000 5
1651000 5
1652000 5
1653000 5
1654000 5
1655000 5
1656000 5
1657000 5
1658000 5
1659000 5
1660000 5
1661000 5
1662000 5
1663000 5
1664000 5
1665000 5
1666000 5
1667000 5
1668000 5
1669000 5
1670000 5
1671000 5
1672000 5
1673000 5
1674000 5
1675000 5
1676000 5
1677000 5
1678000 5
1679000 5
1680000 5
1681000 5
1682000 5
1683000 5
1684000 5
1685000 5
1686000 5
1687000 5
1688000 5
1689000 5
1690000 5
1691000 5
1692000 5
1693000 5
1694000 5
1695000 5
1696000 5
1697000 5
1698000 5
1699000 5
1700000 5
1701000 5
1702000 5
1703000 5
1704000 5
1705000 5
1706000 5
1707000 5
1708000 5
1709000 5
1710000 5
1711000 5
1712000 5
1713000 5
1714000 5
1715000 5
1716000 5
1717000 5
1718000 5
1719000 5
1720000 5
1721000 5
1722000 5
1723000 5
1724000 5
1725000 5
1726000 5
1727000 5
1728000 5
1729000 5
1730000 5
1731000 5
1732000 5
1733000 5
1734000 5
1735000 5
1736000 5
1737000 5
1738000 5
1739000 5
1740000 5
1741000 5
1742000 5
1743000 5
1744000 5
1745000 5
1746000 5
1747000 5
1748000 5
1749000 5
1750000 5
1751000 5
1752000 5
1753000 5
1754000 5
1755000 5
1756000 5
1757000 5
1758000 5
1759000 5
1760000 5
1761000 5
1762000 5
1763000 5
1764000 5
1765000 5
1766000 5
1767000 5
1768000 5
1769000 5
1770000 5
1771000 5
1772000 5
1773000 5
1774000 5
1775000 5
1776000 5
1777000 5
1778000 5
1779000 5
1780000 5
1781000 5
1782000 5
1783000 5
1784000 5
1785000 5
1786000 5
1787000 5
1788000 5
1789000 5
1790000 5
1791000 5
1792000 5
1793000 5
1794000 5
1795000 5
1796000 5
1797000 5
1798000 5
1799000 5
1800000 5
1801000 5
1802000 5
1803000 5
1804000 5
1805000 5
1806000 5
1807000 5
1808000 5
1809000 5
1810000 5
1811000 5
1812000 5
1813000 5
1814000 5
1815000 5
1816000 5
1817000 5
1818000 5
1819000 5
1820000 5
1821000 5
1822000 5
1823000 5
1824000 5
1825000 5
1826000 5
1827000 5
1828000 5
1829000 5
1830000 5
1831000 5
1832000 5
1833000 5
1834000 5
1835000 5
1836000 5
1837000 5
1838000 5
1839000 5
1840000 5
1841000 5
1842000 5
1843000 5
1844000 5
1845000 5
1846000 5
1847000 5
1848000 5
1849000 5
1850000 5
1851000 5
1852000 5
1853000 5
1854000 5
1855000 5
1856000 5
1857000 5
1858000 5
1859000 5
1860000 5
1861000 5
1862000 5
1863000 5
1864000 5
1865000 5
1866000 5
1867000 5
1868000 5
1869000 5
1870000 5
1871000 5
1872000 5
1873000 5
1874000 5
1875000 5
1876000 5
1877000 5
1878000 5
1879000 5
1880000 5
1881000 5
1882000 5
1883000 5
1884000 5
1885000 5
1886000 5
1887000 5
1888000 5
1889000 5
1890000 5
1891000 5
1892000 5
1893000 5
1894000 5
1895000 5
1896000 5
1897000 5
1898000 5
1899000 5
1900000 5
1901000 5
1902000 5
1903000 5
1904000 5
1905000 5
1906000 5
1907000 5
1908000 5
1909000 5
1910000 5
1911000 5
1912000 5
1913000 5
1914000 5
1915000 5
1916000 5
1917000 5
1918000 5
1919000 5
1920000 5
1921000 5
1922000 5
1923000 5
1924000 5
1925000 5
1926000 5
1927000 5
1928000 5
1929000 5
1930000 5
1931000 5
1932000 5
1933000 5
1934000 5
1935000 5
1936000 5
1937000 5
1938000 5
1939000 5
1940000 5
1941000 5
1942000 5
1943000 5
1944000 5
1945000 5
1946000 5
1947000 5
1948000 5
1949000 5
1950000 5
1951000 5
1952000 5
1953000 5
1954000 5
1955000 5
1956000 5
1957000 5
1958000 5
1959000 5
1960000 5
1961000 5
1962000 5
1963000 5
1964000 5
1965000 5
1966000 5
1967000 5
1968000 5
1969000 5
1970000 5
1971000 5
1972000 5
1973000 5
1974000 5
1975000 5
1976000 5
1977000 5
1978000 5
1979000 5
1980000 5
1981000 5
1982000 5
1983000 5
1984000 5
1985000 5
1986000 5
1987000 5
1988000 5
1989000 5
1990000 5
1991000 5
1992000 5
1993000 5
1994000 5
1995000 5
1996000 5
1997000 5
1998000 5
1999000 5
2000000 5
2001000 5
2002000 5
2003000 5
2004000 5
2005000 5
2006000 5
2007000 5
2008000 5
2009000 5
2010000 5
2011000 5
2012000 5
2013000 5
2014000 5
2015000 5
2016000 5
2017000 5
2018000 5
2019000 5
2020000 5
2021000 5
2022000 5
2023000 5
2024000 5
2025000 5
2026000 5
2027000 5
2028000 5
2029000 5
2030000 5
2031000 5
2032000 5
2033000 5
2034000 5
2035000 5
2036000 5
2037000 5
2038000 5
2039000 5
2040000 5
2041000 5
2042000 5
2043000 5
2044000 5
2045000 5
2046000 5
2047000 5
2048000 5
2049000 5
2050000 5
2051000 5
2052000 5
2053000 5
2054000 5
2055000 5
2056000 5
2057000 5
2058000 5
2059000 5
2060000 5
2061000 5
2062000 5
2063000 5
2064000 5
2065000 5
2066000 5
2067000 5
2068000 5
2069000 5
2070000 5
2071000 5
2072000 5
2073000 5
2074000 5
2075000 5
2076000 5
2077000 5
2078000 5
2079000 5
2080000 5
2081000 5
2082000 5
2083000 5
2084000 5
2085000 5
2086000 5
2087000 5
2088000 5
2089000 5
2090000 5
2091000 5
2092000 5
2093000 5
2094000 5
2095000 5
2096000 5
2097000 5
2098000 5
2099000 5
2100000 5
2101000 5
2102000 5
2103000 5
2104000 5
2105000 5
2106000 5
2107000 5
2108000 5
2109000 5
2110000 5
2111000 5
2112000 5
2113000 5
2114000 5
2115000 5
2116000 5
2117000 5
2118000 5
2119000 5
2120000 5
2121000 5
2122000 5
2123000 5
2124000 5
2125000 5
2126000 5
2127000 5
2128000 5
2129000 5
2130000 5
2131000 5
2132000 5
2133000 5
2134000 5
2135000 5
2136000 5
2137000 5
2138000 5
2139000 5
2140000 5
2141000 5
2142000 5
2143000 5
2144000 5
2145000 5
2146000 5
2147000 5
2148000 5
2149000 5
2150000 5
2151000 5
2152000 5
2153000 5
2154000 5
2155000 5
2156000 5
2157000 5
2158000 5
2159000 5
2160000 5
2161000 5
2162000 5
2163000 5
2164000 5
2165000 5
2166000 5
2167000 5
2168000 5
2169000 5
2170000 5
2171000 5
2172000 5
2173000 5
2174000 5
2175000 5
2176000 5
2177000 5
2178000 5
2179000 5
2180000 5
2181000 5
2182000 5
2183000 5
2184000 5
2185000 5
2186000 5
2187000 5
2188000 5
2189000 5
2190000 5
2191000 5
2192000 5
2193000 5
2194000 5
2195000 5
2196000 5
2197000 5
2198000 5
2199000 5
2200000 5
2201000 5
2202000 5
2203000 5
2204000 5
2205000 5
2206000 5
2207000 5
2208000 5
2209000 5
2210000 5
2211000 5
2212000 5
2213000 5
2214000 5
2215000 5
2216000 5
2217000 5
2218000 5
2219000 5
2220000 5
2221000 5
2222000 5
2223000 5
2224000 5
2225000 5
2226000 5
2227000 5
2228000 5
2229000 5
2230000 5
2231000 5
2232000 5
2233000 5
2234000 5
2235000 5
2236000 5
2237000 5
2238000 5
2239000 5
2240000 5
2241000 5
2242000 5
2243000 5
2244000 5
2245000 5
2246000 5
2247000 5
2248000 5
2249000 5
2250000 5
2251000 5
2252000 5
2253000 5
2254000 5
2255000 5
2256000 5
2257000 5
2258000 5
2259000 5
2260000 5
2261000 5
2262000 5
2263000 5
2264000 5
2265000 5
2266000 5
2267000 5
2268000 5
2269000 5
2270000 5
2271000 5
2272000 5
2273000 5
2274000 5
2275000 5
2276000 5
2277000 6
2278000 6
2279000 6
2280000 6
2281000 6
2282000 6
2283000 6
2284000 6
2285000 6
2286000 6
2287000 6
2288000 6
2289000 6
2290000 6
2291000 6
2292000 6
2293000 6
2294000 6
2295000 6
2296000 6
2297000 6
2298000 6
2299000 6
2300000 6
2301000 6
2302000 6
2303000 6
2304000 6
2305000 6
2306000 6
2307000 6
2308000 6
2309000 6
2310000 6
2311000 6
2312000 6
2313000 6
2314000 6
2315000 6
2316000 6
2317000 6
2318000 6
2319000 6
2320000 6
2321000 6
2322000 6
2323000 6
2324000 6
2325000 6
2326000 6
2327000 6
2328000 6
2329000 6
2330000 6
2331000 6
2332000 6
2333000 6
2334000 6
2335000 7
2336000 7
2337000 7
2338000 7
2339000 7
2340000 7
2341000 7
2342000 7
2343000 7
2344000 7
2345000 7
2346000 7
2347000 7
2348000 7
2349000 7
2350000 7
2351000 7
2352000 7
2353000 7
2354000 7
2355000 7
2356000 7
2357000 7
2358000 7
2359000 7
2360000 7
2361000 7
2362000 7
2363000 7
2364000 7
2365000 7
2366000 7
2367000 7
2368000 7
2369000 7
2370000 7
2371000 7
2372000 7
2373000 7
2374000 7
2375000 7
2376000 7
2377000 7
2378000 7
2379000 7
2380000 7
2381000 7
2382000 7
2383000 7
2384000 7
2385000 7
2386000 7
2387000 7
2388000 7
2389000 7
2390000 7
2391000 7
2392000 7
2393000 7
2394000 7
2395000 7
2396000 7
2397000 7
2398000 7
2399000 7
2400000 7
2401000 7
2402000 7
2403000 7
2404000 7
2405000 7
2406000 7
2407000 7
2408000 7
2409000 7
2410000 7
2411000 7
2412000 7
2413000 7
2414000 7
2415000 7
2416000 7
2417000 7
2418000 7
2419000 7
2420000 7
2421000 7
2422000 7
2423000 7
2424000 7
2425000 7
2426000 7
2427000 7
2428000 7
2429000 7
2430000 7
2431000 7
2432000 7
2433000 7
2434000 7
2435000 7
2436000 7
2437000 7
2438000 7
2439000 7
2440000 7
2441000 7
2442000 7
2443000 7
2444000 7
2445000 7
2446000 7
2447000 7
2448000 7
2449000 7
2450000 7
2451000 7
2452000 7
2453000 7
2454000 7
2455000 7
2456000 7
2457000 7
2458000 7
2459000 7
2460000 7
2461000 7
2462000 7
2463000 7
2464000 7
2465000 7
2466000 7
2467000 7
2468000 7
2469000 7
2470000 7
2471000 7
2472000 7
2473000 7
2474000 7
2475000 7
2476000 7
2477000 7
2478000 7
2479000 7
2480000 7
2481000 7
2482000 7
2483000 7
2484000 7
2485000 7
2486000 7
2487000 7
2488000 7
2489000 7
2490000 7
2491000 7
2492000 7
2493000 7
2494000 7
2495000 7
2496000 7
2497000 7
2498000 7
2499000 7
2500000 7
2501000 7
2502000 7
2503000 7
2504000 7
2505000 7
2506000 7
2507000 7
2508000 7
2509000 7
2510000 7
2511000 7
2512000 7
2513000 7
2514000 7
2515000 7
2516000 7
2517000 7
2518000 7
2519000 7
2520000 7
2521000 7
2522000 7
2523000 7
2524000 7
2525000 7
2526000 7
2527000 7
2528000 7
2529000 7
2530000 7
2531000 7
2532000 7
2533000 7
2534000 7
2535000 7
2536000 7
2537000 7
2538000 7
2539000 7
2540000 7
2541000 7
2542000 7
2543000 7
2544000 8
2545000 8
2546000 8
2547000 8
2548000 8
2549000 8
2550000 8
2551000 8
2552000 8
2553000 8
2554000 8
2555000 8
2556000 8
2557000 8
2558000 8
2559000 8
2560000 8
2561000 8
2562000 8
2563000 8
2564000 8
2565000 8
2566000 8
2567000 8
2568000 8
2569000 8
2570000 8
2571000 8
2572000 8
2573000 8
2574000 8
2575000 8
2576000 8
2577000 8
2578000 8
2579000 8
2580000 8
2581000 8
2582000 8
2583000 8
2584000 8
2585000 8
2586000 8
2587000 8
2588000 8
2589000 8
2590000 8
2591000 8
2592000 8
2593000 8
2594000 8
2595000 8
2596000 8
2597000 8
2598000 8
2599000 8
2600000 8
2601000 8
2602000 8
2603000 8
2604000 8
2605000 8
2606000 8
2607000 8
2608000 8
2609000 8
2610000 8
2611000 8
2612000 8
2613000 8
2614000 8
2615000 8
2616000 8
2617000 8
2618000 8
2619000 8
2620000 8
2621000 8
2622000 8
2623000 8
2624000 8
2625000 8
2626000 8
2627000 8
2628000 8
2629000 8
2630000 8
2631000 8
2632000 8
2633000 8
2634000 8
2635000 8
2636000 8
2637000 8
2638000 8
2639000 8
2640000 8
2641000 8
2642000 8
2643000 8
2644000 8
2645000 8
2646000 8
2647000 8
2648000 8
2649000 8
2650000 8
2651000 8
2652000 8
2653000 8
2654000 8
2655000 8
2656000 8
2657000 8
2658000 8
2659000 8
2660000 8
2661000 8
2662000 8
2663000 8
2664000 8
2665000 8
2666000 8
2667000 8
2668000 8
2669000 8
2670000 8
2671000 8
2672000 8
2673000 8
2674000 8
2675000 8
2676000 8
2677000 8
2678000 8
2679000 8
2680000 8
2681000 8
2682000 8
2683000 8
2684000 8
2685000 8
2686000 8
2687000 8
2688000 8
2689000 8
2690000 8
2691000 8
2692000 8
2693000 8
2694000 8
2695000 8
2696000 8
2697000 8
2698000 8
2699000 8
2700000 8
2701000 8
2702000 8
2703000 8
2704000 8
2705000 8
2706000 8
2707000 8
2708000 8
2709000 8
2710000 8
2711000 8
2712000 8
2713000 8
2714000 8
2715000 8
2716000 8
2717000 8
2718000 8
2719000 8
2720000 8
2721000 8
2722000 8
2723000 8
2724000 8
2725000 8
2726000 8
2727000 8
2728000 8
2729000 8
2730000 8
2731000 8
2732000 8
2733000 8
2734000 8
2735000 8
2736000 8
2737000 8
2738000 8
2739000 8
2740000 8
2741000 8
2742000 8
2743000 8
2744000 8
2745000 8
2746000 8
2747000 8
2748000 8
2749000 8
2750000 8
2751000 8
2752000 8
2753000 8
2754000 8
2755000 8
2756000 8
2757000 8
2758000 8
2759000 8
2760000 8
2761000 8
2762000 8
2763000 8
2764000 8
2765000 8
2766000 8
2767000 8
2768000 8
2769000 8
2770000 8
2771000 8
2772000 8
2773000 8
2774000 8
2775000 8
2776000 8
2777000 8
2778000 8
2779000 8
2780000 8
2781000 8
2782000 8
2783000 8
2784000 8
2785000 8
2786000 8
2787000 8
2788000 8
2789000 8
2790000 8
2791000 8
2792000 8
2793000 8
2794000 8
2795000 8
2796000 8
2797000 8
2798000 8
2799000 8
2800000 8
2801000 8
2802000 8
2803000 8
2804000 8
2805000 8
2806000 8
2807000 8
2808000 8
2809000 8
2810000 8
2811000 8
2812000 8
2813000 8
2814000 8
2815000 8
2816000 8
2817000 8
2818000 8
2819000 8
2820000 8
2821000 8
2822000 8
2823000 8
2824000 8
2825000 8
2826000 8
2827000 8
2828000 8
2829000 8
2830000 8
2831000 8
2832000 8
2833000 8
2834000 8
2835000 8
2836000 8
2837000 8
2838000 8
2839000 8
2840000 8
2841000 8
2842000 8
2843000 8
2844000 8
2845000 8
2846000 8
2847000 8
2848000 8
2849000 8
2850000 8
2851000 8
2852000 8
2853000 8
2854000 8
2855000 8
2856000 8
2857000 8
2858000 8
2859000 8
2860000 8
2861000 8
2862000 8
2863000 8
2864000 8
2865000 8
2866000 8
2867000 8
2868000 8
2869000 8
2870000 8
2871000 8
2872000 8
2873000 8
2874000 8
2875000 8
2876000 8
2877000 8
2878000 8
2879000 8
2880000 8
2881000 8
2882000 8
2883000 8
2884000 8
2885000 8
2886000 8
2887000 8
2888000 8
2889000 8
2890000 8
2891000 8
2892000 8
2893000 8
2894000 8
2895000 8
2896000 8
2897000 8
2898000 8
2899000 8
2900000 8
2901000 8
2902000 8
2903000 8
2904000 8
2905000 9
2906000 9
2907000 9
2908000 9
2909000 9
2910000 9
2911000 9
2912000 9
2913000 9
2914000 9
2915000 9
2916000 9
2917000 9
2918000 10
2919000 10
2920000 10
2921000 10
2922000 10
2923000 10
2924000 10
2925000 10
2926000 10
2927000 10
2928000 10
2929000 10
2930000 10
2931000 10
2932000 10
2933000 10
2934000 10
2935000 10
2936000 10
2937000 10
2938000 10
2939000 10
2940000 10
2941000 10
2942000 10
2943000 10
2944000 10
2945000 10
2946000 10
2947000 10
2948000 10
2949000 10
2950000 10
2951000 10
2952000 10
2953000 10
2954000 10
2955000 10
2956000 10
2957000 10
2958000 10
2959000 10
2960000 10
2961000 10
2962000 10
2963000 10
2964000 10
2965000 10
2966000 10
2967000 10
2968000 10
2969000 10
2970000 10
2971000 10
2972000 10
2973000 10
2974000 10
2975000 10
2976000 10
2977000 10
2978000 10
2979000 10
2980000 10
2981000 10
2982000 10
2983000 10
2984000 10
2985000 10
2986000 10
2987000 10
2988000 10
2989000 10
2990000 10
2991000 10
2992000 10
2993000 10
2994000 10
2995000 10
2996000 10
2997000 10
2998000 10
2999000 10
3000000 10
3001000 10
3002000 10
3003000 10
3004000 10
3005000 10
3006000 10
3007000 10
3008000 10
3009000 10
3010000 10
3011000 10
3012000 10
3013000 10
3014000 10
3015000 10
3016000 10
3017000 10
3018000 10
3019000 10
3020000 10
3021000 10
3022000 10
3023000 10
3024000 10
3025000 10
3026000 10
3027000 10
3028000 10
3029000 10
3030000 10
3031000 10
3032000 10
3033000 10
3034000 10
3035000 10
3036000 10
3037000 10
3038000 10
3039000 10
3040000 10
3041000 10
3042000 10
3043000 10
3044000 10
3045000 10
3046000 10
3047000 10
3048000 10
3049000 10
3050000 10
3051000 10
3052000 10
3053000 10
3054000 10
3055000 10
3056000 10
3057000 10
3058000 10
3059000 10
3060000 10
3061000 10
3062000 10
3063000 10
3064000 10
3065000 10
3066000 10
3067000 10
3068000 10
3069000 10
3070000 10
3071000 10
3072000 10
3073000 10
3074000 10
3075000 10
3076000 10
3077000 10
3078000 10
3079000 10
3080000 10
3081000 10
3082000 10
3083000 10
3084000 10
3085000 10
3086000 10
3087000 10
3088000 10
3089000 10
3090000 10
3091000 10
3092000 10
3093000 10
3094000 10
3095000 10
3096000 10
3097000 10
3098000 10
3099000 10
3100000 10
3101000 10
3102000 10
3103000 10
3104000 10
3105000 10
3106000 10
3107000 10
3108000 10
3109000 10
3110000 10
3111000 10
3112000 10
3113000 10
3114000 10
3115000 10
3116000 10
3117000 10
3118000 10
3119000 10
3120000 10
3121000 10
3122000 10
3123000 10
3124000 10
3125000 10
3126000 10
3127000 10
3128000 10
3129000 10
3130000 10
3131000 10
3132000 10
3133000 10
3134000 10
3135000 10
3136000 10
3137000 10
3138000 10
3139000 10
3140000 10
3141000 10
3142000 10
3143000 10
3144000 10
3145000 10
3146000 10
3147000 10
3148000 10
3149000 10
3150000 10
3151000 10
3152000 10
3153000 10
3154000 10
3155000 10
3156000 10
3157000 10
3158000 10
3159000 10
3160000 10
3161000 10
3162000 10
3163000 10
3164000 10
3165000 10
3166000 10
3167000 10
3168000 10
3169000 10
3170000 10
3171000 10
3172000 10
3173000 10
3174000 10
3175000 10
3176000 10
3177000 10
3178000 10
3179000 10
3180000 10
3181000 10
3182000 10
3183000 10
3184000 10
3185000 10
3186000 10
3187000 10
3188000 10
3189000 10
3190000 10
3191000 10
3192000 10
3193000 10
3194000 10
3195000 10
3196000 10
3197000 10
3198000 10
3199000 10
3200000 10
3201000 10
3202000 10
3203000 10
3204000 10
3205000 10
3206000 10
3207000 10
3208000 10
3209000 10
3210000 10
3211000 10
3212000 10
3213000 10
3214000 10
3215000 10
3216000 10
3217000 10
3218000 10
3219000 10
3220000 10
3221000 10
3222000 10
3223000 10
3224000 10
3225000 10
3226000 10
3227000 10
3228000 10
3229000 10
3230000 10
3231000 10
3232000 10
3233000 10
3234000 10
3235000 10
3236000 10
3237000 10
3238000 10
3239000 10
3240000 10
3241000 10
3242000 10
3243000 10
3244000 10
3245000 10
3246000 10
3247000 10
3248000 10
3249000 10
3250000 10
3251000 10
3252000 10
3253000 10
3254000 10
3255000 10
3256000 10
3257000 10
3258000 10
3259000 10
3260000 10
3261000 10
3262000 10
3263000 10
3264000 10
3265000 10
3266000 10
3267000 10
3268000 10
3269000 10
3270000 10
3271000 10
3272000 10
3273000 10
3274000 10
3275000 10
3276000 10
3277000 10
3278000 10
3279000 10
3280000 10
3281000 11
3282000 11
3283000 11
3284000 11
3285000 11
3286000 11
3287000 11
3288000 11
3289000 11
3290000 11
3291000 11
3292000 11
3293000 11
3294000 11
3295000 11
3296000 11
3297000 11
3298000 11
3299000 11
3300000 11
3301000 11
3302000 11
3303000 11
3304000 11
3305000 11
3306000 11
3307000 11
3308000 11
3309000 11
3310000 11
3311000 11
3312000 11
3313000 11
3314000 11
3315000 11
3316000 11
3317000 11
3318000 11
3319000 11
3320000 11
3321000 11
3322000 11
3323000 11
3324000 11
3325000 11
3326000 11
3327000 11
3328000 11
3329000 11
3330000 11
3331000 11
3332000 11
3333000 11
3334000 11
3335000 11
3336000 11
3337000 11
3338000 11
3339000 11
3340000 11
3341000 11
3342000 11
3343000 11
3344000 11
3345000 11
3346000 11
3347000 11
3348000 11
3349000 11
3350000 11
3351000 11
3352000 11
3353000 11
3354000 11
3355000 11
3356000 11
3357000 11
3358000 11
3359000 11
3360000 11
3361000 11
3362000 11
3363000 11
3364000 11
3365000 11
3366000 11
3367000 11
3368000 11
3369000 11
3370000 11
3371000 11
3372000 11
3373000 11
3374000 11
3375000 11
3376000 11
3377000 11
3378000 11
3379000 11
3380000 11
3381000 11
3382000 11
3383000 11
3384000 11
3385000 11
3386000 11
3387000 11
3388000 11
3389000 11
3390000 11
3391000 11
3392000 11
3393000 11
3394000 11
3395000 11
3396000 11
3397000 11
3398000 11
3399000 11
3400000 11
3401000 11
3402000 11
3403000 11
3404000 11
3405000 11
3406000 11
3407000 11
3408000 11
3409000 11
3410000 11
3411000 11
3412000 11
3413000 11
3414000 11
3415000 11
3416000 11
3417000 11
3418000 11
3419000 11
3420000 11
3421000 11
3422000 11
3423000 11
3424000 11
3425000 11
3426000 11
3427000 11
3428000 11
3429000 11
3430000 11
3431000 11
3432000 11
3433000 11
3434000 11
3435000 11
3436000 11
3437000 11
3438000 11
3439000 11
3440000 11
3441000 11
3442000 11
3443000 11
3444000 11
3445000 11
3446000 11
3447000 11
3448000 11
3449000 11
3450000 11
3451000 11
3452000 11
3453000 11
3454000 11
3455000 11
3456000 11
3457000 11
3458000 11
3459000 11
3460000 11
3461000 11
3462000 11
3463000 11
3464000 11
3465000 11
3466000 11
3467000 11
3468000 11
3469000 11
3470000 11
3471000 11
3472000 11
3473000 11
3474000 11
3475000 11
3476000 11
3477000 11
3478000 11
3479000 11
3480000 11
3481000 11
3482000 11
3483000 11
3484000 11
3485000 11
3486000 11
3487000 11
3488000 11
3489000 11
3490000 11
3491000 11
3492000 11
3493000 11
3494000 11
3495000 11
3496000 11
3497000 11
3498000 11
3499000 11
3500000 11
3501000 11
3502000 11
3503000 11
3504000 11
3505000 11
3506000 11
3507000 11
3508000 11
3509000 11
3510000 11
3511000 11
3512000 11
3513000 11
3514000 11
3515000 11
3516000 11
3517000 11
3518000 11
3519000 11
3520000 11
3521000 11
3522000 11
3523000 11
3524000 11
3525000 11
3526000 11
3527000 11
3528000 11
3529000 11
3530000 11
3531000 11
3532000 11
3533000 11
3534000 11
3535000 11
3536000 11
3537000 11
3538000 11
3539000 11
3540000 11
3541000 11
3542000 11
3543000 11
3544000 11
3545000 11
3546000 11
3547000 11
3548000 11
3549000 11
3550000 11
3551000 11
3552000 11
3553000 11
3554000 11
3555000 11
3556000 11
3557000 11
3558000 11
3559000 11
3560000 11
3561000 11
3562000 11
3563000 11
3564000 11
3565000 11
3566000 11
3567000 11
3568000 11
3569000 11
3570000 11
3571000 11
3572000 11
3573000 11
3574000 11
3575000 11
3576000 11
3577000 11
3578000 11
3579000 11
3580000 11
3581000 11
3582000 11
3583000 11
3584000 11
3585000 11
3586000 11
3587000 11
3588000 11
3589000 11
3590000 12
3591000 12
3592000 12
3593000 12
3594000 12
3595000 12
3596000 12
3597000 12
3598000 12
3599000 12
3600000 12
3601000 12
3602000 12
3603000 12
3604000 12
3605000 12
3606000 12
3607000 12
3608000 12
3609000 12
3610000 12
3611000 12
3612000 12
3613000 12
3614000 12
3615000 12
3616000 12
3617000 12
3618000 12
3619000 12
3620000 12
3621000 12
3622000 12
3623000 12
3624000 12
3625000 12
3626000 12
3627000 12
3628000 12
3629000 12
3630000 12
3631000 12
3632000 12
3633000 12
3634000 12
3635000 12
3636000 12
3637000 12
3638000 12
3639000 12
3640000 12
3641000 12
3642000 12
3643000 12
3644000 12
3645000 12
3646000 12
3647000 12
3648000 12
3649000 12
3650000 12
3651000 12
3652000 12
3653000 12
3654000 12
3655000 12
3656000 12
3657000 12
3658000 12
3659000 12
3660000 12
3661000 12
3662000 12
3663000 12
3664000 12
3665000 12
3666000 12
3667000 12
3668000 12
3669000 12
3670000 12
3671000 12
3672000 12
3673000 12
3674000 12
3675000 12
3676000 12
3677000 12
3678000 12
3679000 12
3680000 12
3681000 12
3682000 12
3683000 12
3684000 12
3685000 12
3686000 12
3687000 12
3688000 12
3689000 12
3690000 12
3691000 12
3692000 12
3693000 12
3694000 12
3695000 12
3696000 12
3697000 12
3698000 12
3699000 12
3700000 12
3701000 12
3702000 12
3703000 12
3704000 12
3705000 12
3706000 12
3707000 12
3708000 12
3709000 12
3710000 12
3711000 12
3712000 12
3713000 12
3714000 12
3715000 12
3716000 12
3717000 12
3718000 12
3719000 12
3720000 12
3721000 12
3722000 12
3723000 12
3724000 12
3725000 12
3726000 12
3727000 12
3728000 12
3729000 12
3730000 12
3731000 12
3732000 12
3733000 12
3734000 12
3735000 12
3736000 12
3737000 12
3738000 12
3739000 12
3740000 12
3741000 12
3742000 12
3743000 12
3744000 12
3745000 12
3746000 12
3747000 12
3748000 12
3749000 12
3750000 12
3751000 12
3752000 12
3753000 12
3754000 12
3755000 12
3756000 12
3757000 12
3758000 12
3759000 12
3760000 12
3761000 12
3762000 12
3763000 12
3764000 12
3765000 12
3766000 12
3767000 12
3768000 12
3769000 12
3770000 12
3771000 12
3772000 12
3773000 12
3774000 12
3775000 12
3776000 12
3777000 12
3778000 12
3779000 12
3780000 12
3781000 12
3782000 12
3783000 12
3784000 12
3785000 12
3786000 12
3787000 12
3788000 12
3789000 12
3790000 12
3791000 12
3792000 12
3793000 12
3794000 12
3795000 12
3796000 12
3797000 12
3798000 12
3799000 12
3800000 12
3801000 12
3802000 12
3803000 12
3804000 12
3805000 12
3806000 12
3807000 12
3808000 12
3809000 12
3810000 12
3811000 12
3812000 12
3813000 12
3814000 12
3815000 12
3816000 12
3817000 12
3818000 12
3819000 12
3820000 12
3821000 12
3822000 12
3823000 12
3824000 12
3825000 12
3826000 12
3827000 12
3828000 12
3829000 12
3830000 12
3831000 12
3832000 12
3833000 12
3834000 12
3835000 12
3836000 12
3837000 12
3838000 12
3839000 12
3840000 12
3841000 12
3842000 12
3843000 12
3844000 12
3845000 12
3846000 12
3847000 12
3848000 12
3849000 12
3850000 12
3851000 12
3852000 12
3853000 12
3854000 12
3855000 12
3856000 12
3857000 12
3858000 12
3859000 12
3860000 12
3861000 12
3862000 12
3863000 12
3864000 12
3865000 12
3866000 12
3867000 12
3868000 12
3869000 12
3870000 12
3871000 12
3872000 12
3873000 12
3874000 12
3875000 12
3876000 12
3877000 12
3878000 12
3879000 12
3880000 12
3881000 12
3882000 12
3883000 12
3884000 12
3885000 12
3886000 12
3887000 12
3888000 12
3889000 12
3890000 12
3891000 12
3892000 12
3893000 12
3894000 12
3895000 12
3896000 12
3897000 12
3898000 12
3899000 12
3900000 12
3901000 12
3902000 12
3903000 12
3904000 12
3905000 12
3906000 12
3907000 12
3908000 12
3909000 12
3910000 12
3911000 12
3912000 12
3913000 12
3914000 12
3915000 12
3916000 12
3917000 12
3918000 12
3919000 12
3920000 12
3921000 12
3922000 12
3923000 12
3924000 12
3925000 12
3926000 12
3927000 12
3928000 12
3929000 12
3930000 12
3931000 12
3932000 12
3933000 12
3934000 12
3935000 12
3936000 12
3937000 12
3938000 12
3939000 12
3940000 12
3941000 12
3942000 12
3943000 12
3944000 12
3945000 12
3946000 12
3947000 12
3948000 12
3949000 12
3950000 12
3951000 12
3952000 12
3953000 12
3954000 12
3955000 12
3956000 12
3957000 12
3958000 12
3959000 12
3960000 12
3961000 12
3962000 12
3963000 12
3964000 12
3965000 12
3966000 12
3967000 12
3968000 12
3969000 12
3970000 12
3971000 12
3972000 12
3973000 12
3974000 12
3975000 12
3976000 12
3977000 12
3978000 12
3979000 12
3980000 12
3981000 12
3982000 12
3983000 12
3984000 12
3985000 12
3986000 12
3987000 12
3988000 12
3989000 12
3990000 12
3991000 12
3992000 12
3993000 12
3994000 12
3995000 12
3996000 12
3997000 12
3998000 12
3999000 12
4000000 12
4001000 12
4002000 12
4003000 12
4004000 12
4005000 12
4006000 12
4007000 12
4008000 12
4009000 12
4010000 12
4011000 12
4012000 12
4013000 12
4014000 12
4015000 12
4016000 12
4017000 12
4018000 12
4019000 12
4020000 12
4021000 12
4022000 12
4023000 12
4024000 12
4025000 12
4026000 12
4027000 12
4028000 12
4029000 12
4030000 12
4031000 12
4032000 12
4033000 12
4034000 12
4035000 12
4036000 12
4037000 12
4038000 12
4039000 12
4040000 12
4041000 12
4042000 12
4043000 12
4044000 12
4045000 12
4046000 12
4047000 12
4048000 12
4049000 12
4050000 12
4051000 12
4052000 12
4053000 12
4054000 13
4055000 13
4056000 13
4057000 13
4058000 13
4059000 13
4060000 13
4061000 13
4062000 13
4063000 13
4064000 13
4065000 13
4066000 13
4067000 13
4068000 13
4069000 13
4070000 13
4071000 13
4072000 13
4073000 13
4074000 13
4075000 13
4076000 13
4077000 13
4078000 13
4079000 13
4080000 13
4081000 13
4082000 13
4083000 13
4084000 13
4085000 13
4086000 13
4087000 13
4088000 13
4089000 13
4090000 13
4091000 13
4092000 13
4093000 13
4094000 13
4095000 13
4096000 13
4097000 13
4098000 13
4099000 13
4100000 13
4101000 13
4102000 13
4103000 13
4104000 13
4105000 13
4106000 13
4107000 13
4108000 13
4109000 13
4110000 13
4111000 13
4112000 13
4113000 13
4114000 13
4115000 13
4116000 13
4117000 13
4118000 13
4119000 13
4120000 13
4121000 13
4122000 13
4123000 13
4124000 13
4125000 13
4126000 13
4127000 13
4128000 13
4129000 13
4130000 13
4131000 13
4132000 13
4133000 13
4134000 13
4135000 13
4136000 13
4137000 13
4138000 13
4139000 13
4140000 13
4141000 13
4142000 13
4143000 13
4144000 13
4145000 13
4146000 13
4147000 13
4148000 13
4149000 13
4150000 13
4151000 13
4152000 13
4153000 13
4154000 13
4155000 13
4156000 13
4157000 13
4158000 13
4159000 13
4160000 13
4161000 13
4162000 13
4163000 13
4164000 13
4165000 13
4166000 14
4167000 14
4168000 14
4169000 14
4170000 14
4171000 14
4172000 14
4173000 14
4174000 14
4175000 14
4176000 14
4177000 15
4178000 15
4179000 15
4180000 15
4181000 15
4182000 15
4183000 15
4184000 15
4185000 15
4186000 15
4187000 15
4188000 15
4189000 15
4190000 16
4191000 16
4192000 16
4193000 16
4194000 16
4195000 16
4196000 16
4197000 16
4198000 16
4199000 16
4200000 16
4201000 16
4202000 16
4203000 16
4204000 16
4205000 16
4206000 16
4207000 16
4208000 16
4209000 16
4210000 16
4211000 16
4212000 16
4213000 16
4214000 16
4215000 16
4216000 16
4217000 16
4218000 16
4219000 16
4220000 16
4221000 16
4222000 16
4223000 16
4224000 16
4225000 16
4226000 16
4227000 16
4228000 16
4229000 16
4230000 16
4231000 16
4232000 16
4233000 16
4234000 16
4235000 16
4236000 16
4237000 16
4238000 16
4239000 16
4240000 16
4241000 16
4242000 16
4243000 16
4244000 16
4245000 16
4246000 16
4247000 16
4248000 16
4249000 16
4250000 16
4251000 16
4252000 16
4253000 16
4254000 16
4255000 16
4256000 16
4257000 16
4258000 16
4259000 16
4260000 16
4261000 16
4262000 16
4263000 16
4264000 16
4265000 16
4266000 16
4267000 16
4268000 16
4269000 16
4270000 16
4271000 16
4272000 16
4273000 16
4274000 16
4275000 16
4276000 16
4277000 16
4278000 16
4279000 16
4280000 16
4281000 16
4282000 16
4283000 16
4284000 16
4285000 16
4286000 16
4287000 16
4288000 16
4289000 16
4290000 16
4291000 16
4292000 16
4293000 16
4294000 16
4295000 16
4296000 16
4297000 16
4298000 16
4299000 16
4300000 16
4301000 16
4302000 16
4303000 16
4304000 16
4305000 16
4306000 16
4307000 16
4308000 16
4309000 16
4310000 16
4311000 16
4312000 16
4313000 16
4314000 16
4315000 16
4316000 16
4317000 16
4318000 16
4319000 16
4320000 16
4321000 16
4322000 16
4323000 16
4324000 16
4325000 16
4326000 16
4327000 16
4328000 16
4329000 16
4330000 16
4331000 16
4332000 16
4333000 16
4334000 16
4335000 16
4336000 16
4337000 16
4338000 16
4339000 16
4340000 16
4341000 16
4342000 16
4343000 16
4344000 16
4345000 16
4346000 16
4347000 16
4348000 16
4349000 16
4350000 16
4351000 16
4352000 16
4353000 16
4354000 16
4355000 16
4356000 16
4357000 16
4358000 16
4359000 16
4360000 16
4361000 16
4362000 16
4363000 16
4364000 16
4365000 16
4366000 16
4367000 16
4368000 16
4369000 16
4370000 16
4371000 16
4372000 16
4373000 16
4374000 16
4375000 16
4376000 16
4377000 16
4378000 16
4379000 16
4380000 16
4381000 16
4382000 16
4383000 16
4384000 16
4385000 16
4386000 16
4387000 16
4388000 16
4389000 16
4390000 16
4391000 16
4392000 16
4393000 16
4394000 16
4395000 16
4396000 16
4397000 16
4398000 16
4399000 16
4400000 16
4401000 16
4402000 16
4403000 16
4404000 17
4405000 17
4406000 17
4407000 17
4408000 17
4409000 17
4410000 17
4411000 17
4412000 17
4413000 17
4414000 17
4415000 17
4416000 17
4417000 17
4418000 17
4419000 17
4420000 17
4421000 17
4422000 17
4423000 17
4424000 17
4425000 17
4426000 17
4427000 17
4428000 17
4429000 17
4430000 17
4431000 17
4432000 17
4433000 17
4434000 17
4435000 17
4436000 17
4437000 17
4438000 17
4439000 17
4440000 17
4441000 17
4442000 17
4443000 17
4444000 17
4445000 17
4446000 17
4447000 17
4448000 17
4449000 17
4450000 17
4451000 17
4452000 17
4453000 17
4454000 17
4455000 17
4456000 17
4457000 17
4458000 17
4459000 17
4460000 17
4461000 17
4462000 17
4463000 17
4464000 17
4465000 17
4466000 17
4467000 17
4468000 17
4469000 17
4470000 17
4471000 17
4472000 17
4473000 17
4474000 17
4475000 17
4476000 17
4477000 17
4478000 17
4479000 17
4480000 17
4481000 17
4482000 17
4483000 17
4484000 17
4485000 17
4486000 17
4487000 17
4488000 17
4489000 17
4490000 17
4491000 17
4492000 17
4493000 17
4494000 17
4495000 17
4496000 17
4497000 17
4498000 17
4499000 17
4500000 17
4501000 17
4502000 17
4503000 17
4504000 17
4505000 17
4506000 17
4507000 17
4508000 17
4509000 17
4510000 17
4511000 17
4512000 17
4513000 17
4514000 17
4515000 17
4516000 17
4517000 17
4518000 17
4519000 17
4520000 17
4521000 17
4522000 17
4523000 17
4524000 17
4525000 17
4526000 17
4527000 17
4528000 17
4529000 17
4530000 17
4531000 17
4532000 17
4533000 17
4534000 17
4535000 17
4536000 17
4537000 17
4538000 17
4539000 17
4540000 17
4541000 17
4542000 17
4543000 17
4544000 17
4545000 17
4546000 17
4547000 17
4548000 17
4549000 17
4550000 17
4551000 17
4552000 17
4553000 17
4554000 17
4555000 17
4556000 17
4557000 17
4558000 17
4559000 17
4560000 17
4561000 17
4562000 17
4563000 17
4564000 17
4565000 17
4566000 17
4567000 17
4568000 17
4569000 17
4570000 17
4571000 17
4572000 17
4573000 17
4574000 17
4575000 17
4576000 17
4577000 17
4578000 17
4579000 17
4580000 17
4581000 17
4582000 17
4583000 17
4584000 17
4585000 17
4586000 17
4587000 17
4588000 17
4589000 17
4590000 17
4591000 17
4592000 17
4593000 17
4594000 17
4595000 17
4596000 17
4597000 17
4598000 17
4599000 17
4600000 17
4601000 17
4602000 17
4603000 17
4604000 17
4605000 17
4606000 17
4607000 17
4608000 17
4609000 17
4610000 17
4611000 17
4612000 17
4613000 17
4614000 17
4615000 17
4616000 17
4617000 17
4618000 17
4619000 17
4620000 17
4621000 17
4622000 17
4623000 17
4624000 17
4625000 17
4626000 17
4627000 17
4628000 17
4629000 17
4630000 17
4631000 17
4632000 17
4633000 17
4634000 17
4635000 17
4636000 17
4637000 17
4638000 17
4639000 17
4640000 17
4641000 17
4642000 17
4643000 17
4644000 17
4645000 17
4646000 17
4647000 17
4648000 17
4649000 17
4650000 17
4651000 17
4652000 17
4653000 17
4654000 17
4655000 17
4656000 17
4657000 17
4658000 17
4659000 17
4660000 17
4661000 17
4662000 17
4663000 17
4664000 17
4665000 17
4666000 17
4667000 18
4668000 18
4669000 18
4670000 18
4671000 18
4672000 18
4673000 18
4674000 18
4675000 18
4676000 18
4677000 18
4678000 18
4679000 18
4680000 18
4681000 18
4682000 18
4683000 18
4684000 18
4685000 18
4686000 18
4687000 18
4688000 18
4689000 18
4690000 18
4691000 18
4692000 18
4693000 18
4694000 18
4695000 18
4696000 18
4697000 18
4698000 18
4699000 18
4700000 18
4701000 18
4702000 18
4703000 18
4704000 18
4705000 18
4706000 18
4707000 18
4708000 18
4709000 18
4710000 18
4711000 18
4712000 18
4713000 18
4714000 18
4715000 18
4716000 18
4717000 18
4718000 18
4719000 18
4720000 18
4721000 18
4722000 18
4723000 18
4724000 18
4725000 18
4726000 18
4727000 18
4728000 18
4729000 18
4730000 18
4731000 18
4732000 18
4733000 18
4734000 18
4735000 18
4736000 18
4737000 18
4738000 18
4739000 18
4740000 18
4741000 18
4742000 18
4743000 18
4744000 18
4745000 18
4746000 18
4747000 18
4748000 18
4749000 18
4750000 18
4751000 18
4752000 18
4753000 18
4754000 18
4755000 18
4756000 18
4757000 18
4758000 18
4759000 18
4760000 18
4761000 18
4762000 18
4763000 18
4764000 18
4765000 18
4766000 18
4767000 18
4768000 18
4769000 18
4770000 18
4771000 18
4772000 18
4773000 18
4774000 18
4775000 18
4776000 18
4777000 18
4778000 18
4779000 18
4780000 18
4781000 18
4782000 18
4783000 18
4784000 18
4785000 18
4786000 18
4787000 18
4788000 18
4789000 18
4790000 18
4791000 18
4792000 18
4793000 18
4794000 18
4795000 18
4796000 18
4797000 18
4798000 18
4799000 18
4800000 18
4801000 18
4802000 18
4803000 18
4804000 18
4805000 18
4806000 18
4807000 18
4808000 18
4809000 18
4810000 18
4811000 18
4812000 18
4813000 18
4814000 18
4815000 18
4816000 18
4817000 18
4818000 18
4819000 18
4820000 18
4821000 18
4822000 18
4823000 18
4824000 18
4825000 18
4826000 18
4827000 18
4828000 19
4829000 19
4830000 19
4831000 19
4832000 19
4833000 19
4834000 19
4835000 19
4836000 19
4837000 19
4838000 20
4839000 20
4840000 20
4841000 20
4842000 20
4843000 20
4844000 20
4845000 20
4846000 20
4847000 20
4848000 20
4849000 20
4850000 20
4851000 20
4852000 20
4853000 20
4854000 20
4855000 20
4856000 20
4857000 20
4858000 20
4859000 20
4860000 20
4861000 20
4862000 20
4863000 20
4864000 20
4865000 20
4866000 20
4867000 20
4868000 20
4869000 20
4870000 20
4871000 20
4872000 20
4873000 20
4874000 20
4875000 20
4876000 20
4877000 20
4878000 20
4879000 20
4880000 20
4881000 20
4882000 20
4883000 20
4884000 20
4885000 20
4886000 20
4887000 20
4888000 20
4889000 20
4890000 20
4891000 20
4892000 20
4893000 20
4894000 20
4895000 20
4896000 20
4897000 20
4898000 20
4899000 20
4900000 21
4901000 21
4902000 21
4903000 21
4904000 21
4905000 21
4906000 21
4907000 21
4908000 21
4909000 21
4910000 21
4911000 21
4912000 21
4913000 21
4914000 21
4915000 21
4916000 21
4917000 21
4918000 21
4919000 21
4920000 21
4921000 21
4922000 21
4923000 21
4924000 21
4925000 21
4926000 21
4927000 21
4928000 21
4929000 21
4930000 21
4931000 21
4932000 21
4933000 21
4934000 21
4935000 21
4936000 21
4937000 21
4938000 21
4939000 21
4940000 21
4941000 21
4942000 21
4943000 21
4944000 21
4945000 21
4946000 21
4947000 21
4948000 21
4949000 21
4950000 21
4951000 21
4952000 21
4953000 21
4954000 21
4955000 21
4956000 21
4957000 21
4958000 21
4959000 21
4960000 21
4961000 21
4962000 21
4963000 21
4964000 21
4965000 21
4966000 21
4967000 21
4968000 21
4969000 21
4970000 21
4971000 21
4972000 21
4973000 21
4974000 21
4975000 21
4976000 21
4977000 21
4978000 21
4979000 21
4980000 21
4981000 21
4982000 21
4983000 21
4984000 21
4985000 21
4986000 21
4987000 21
4988000 21
4989000 21
4990000 21
4991000 21
4992000 21
4993000 21
4994000 21
4995000 21
4996000 21
4997000 21
4998000 21
4999000 21
5000000 21
