0 0
1000 0
2000 0
3000 0
4000 0
5000 0
6000 0
7000 0
8000 0
9000 0
10000 0
11000 0
12000 0
13000 0
14000 0
15000 0
16000 0
17000 0
18000 0
19000 0
20000 0
21000 0
22000 0
23000 0
24000 0
25000 0
26000 1
27000 1
28000 1
29000 1
30000 1
31000 1
32000 1
33000 1
34000 1
35000 1
36000 1
37000 1
38000 1
39000 1
40000 1
41000 1
42000 1
43000 1
44000 1
45000 1
46000 1
47000 1
48000 1
49000 1
50000 1
51000 2
52000 2
53000 2
54000 2
55000 2
56000 2
57000 2
58000 2
59000 2
60000 2
61000 2
62000 2
63000 2
64000 2
65000 2
66000 2
67000 2
68000 2
69000 2
70000 2
71000 2
72000 2
73000 2
74000 3
75000 3
76000 3
77000 3
78000 3
79000 3
80000 3
81000 3
82000 3
83000 3
84000 3
85000 4
86000 4
87000 4
88000 4
89000 4
90000 4
91000 4
92000 4
93000 4
94000 4
95000 4
96000 4
97000 4
98000 4
99000 4
100000 4
101000 4
102000 4
103000 4
104000 4
105000 4
106000 4
107000 4
108000 4
109000 4
110000 4
111000 4
112000 4
113000 4
114000 4
115000 4
116000 4
117000 4
118000 4
119000 4
120000 4
121000 4
122000 4
123000 4
124000 4
125000 4
126000 4
127000 4
128000 4
129000 4
130000 4
131000 4
132000 4
133000 4
134000 4
135000 4
136000 4
137000 4
138000 4
139000 4
140000 4
141000 4
142000 4
143000 4
144000 4
145000 4
146000 4
147000 4
148000 4
149000 4
150000 4
151000 4
152000 4
153000 4
154000 4
155000 4
156000 4
157000 4
158000 4
159000 4
160000 4
161000 4
162000 4
163000 4
164000 4
165000 4
166000 4
167000 4
168000 5
169000 5
170000 5
171000 5
172000 5
173000 5
174000 5
175000 5
176000 5
177000 5
178000 5
179000 5
180000 5
181000 5
182000 5
183000 5
184000 5
185000 5
186000 5
187000 5
188000 5
189000 5
190000 5
191000 5
192000 5
193000 5
194000 5
195000 5
196000 5
197000 5
198000 5
199000 5
200000 5
201000 5
202000 5
203000 5
204000 5
205000 5
206000 5
207000 5
208000 5
209000 5
210000 6
211000 6
212000 6
213000 6
214000 6
215000 6
216000 6
217000 6
218000 6
219000 6
220000 6
221000 6
222000 6
223000 6
224000 6
225000 6
226000 6
227000 6
228000 6
229000 6
230000 6
231000 6
232000 6
233000 6
234000 6
235000 6
236000 6
237000 6
238000 6
239000 6
240000 6
241000 6
242000 6
243000 7
244000 7
245000 7
246000 7
247000 7
248000 7
249000 7
250000 7
251000 7
252000 7
253000 7
254000 7
255000 7
256000 7
257000 7
258000 8
259000 8
260000 8
261000 8
262000 8
263000 8
264000 8
265000 8
266000 8
267000 8
268000 8
269000 8
270000 8
271000 8
272000 8
273000 8
274000 8
275000 8
276000 8
277000 8
278000 8
279000 9
280000 9
281000 9
282000 9
283000 9
284000 9
285000 9
286000 9
287000 9
288000 10
289000 10
290000 10
291000 10
292000 10
293000 10
294000 10
295000 10
296000 10
297000 10
298000 11
299000 11
300000 11
301000 11
302000 11
303000 11
304000 11
305000 11
306000 11
307000 11
308000 12
309000 12
310000 12
311000 12
312000 12
313000 12
314000 12
315000 12
316000 12
317000 12
318000 13
319000 13
320000 13
321000 13
322000 13
323000 13
324000 13
325000 13
326000 14
327000 14
328000 14
329000 14
330000 14
331000 14
332000 14
333000 14
334000 14
335000 14
336000 14
337000 14
338000 15
339000 15
340000 15
341000 15
342000 15
343000 15
344000 15
345000 15
346000 15
347000 15
348000 15
349000 15
350000 15
351000 15
352000 15
353000 15
354000 15
355000 15
356000 16
357000 16
358000 16
359000 16
360000 16
361000 16
362000 16
363000 16
364000 16
365000 16
366000 16
367000 16
368000 16
369000 16
370000 16
371000 16
372000 17
373000 17
374000 17
375000 17
376000 17
377000 17
378000 17
379000 17
380000 17
381000 17
382000 17
383000 17
384000 17
385000 17
386000 17
387000 17
388000 17
389000 17
390000 17
391000 17
392000 17
393000 17
394000 17
395000 17
396000 17
397000 17
398000 17
399000 17
400000 17
401000 17
402000 17
403000 17
404000 17
405000 17
406000 17
407000 17
408000 17
409000 17
410000 17
411000 17
412000 17
413000 17
414000 17
415000 18
416000 18
417000 18
418000 18
419000 18
420000 18
421000 18
422000 18
423000 18
424000 18
425000 18
426000 18
427000 18
428000 18
429000 18
430000 18
431000 18
432000 18
433000 18
434000 18
435000 18
436000 18
437000 18
438000 19
439000 19
440000 19
441000 19
442000 19
443000 19
444000 19
445000 19
446000 20
447000 20
448000 20
449000 20
450000 20
451000 20
452000 20
453000 20
454000 20
455000 20
456000 21
457000 21
458000 21
459000 21
460000 21
461000 21
462000 21
463000 21
464000 21
465000 21
466000 22
467000 22
468000 22
469000 22
470000 22
471000 22
472000 22
473000 22
474000 22
475000 23
476000 23
477000 23
478000 23
479000 23
480000 23
481000 23
482000 23
483000 23
484000 23
485000 23
486000 23
487000 23
488000 24
489000 24
490000 24
491000 24
492000 24
493000 24
494000 24
495000 24
496000 24
497000 24
498000 24
499000 24
500000 24
501000 24
502000 25
503000 25
504000 25
505000 25
506000 25
507000 25
508000 25
509000 25
510000 25
511000 25
512000 25
513000 25
514000 26
515000 26
516000 26
517000 26
518000 26
519000 26
520000 26
521000 26
522000 26
523000 26
524000 27
525000 27
526000 27
527000 27
528000 27
529000 27
530000 27
531000 27
532000 27
533000 27
534000 27
535000 28
536000 28
537000 28
538000 28
539000 28
540000 28
541000 28
542000 28
543000 28
544000 28
545000 28
546000 28
547000 28
548000 28
549000 29
550000 29
551000 29
552000 29
553000 29
554000 29
555000 29
556000 29
557000 29
558000 29
559000 29
560000 29
561000 29
562000 30
563000 30
564000 30
565000 30
566000 30
567000 30
568000 30
569000 30
570000 30
571000 30
572000 31
573000 31
574000 31
575000 31
576000 31
577000 31
578000 31
579000 31
580000 31
581000 31
582000 31
583000 32
584000 32
585000 32
586000 32
587000 32
588000 32
589000 32
590000 32
591000 33
592000 33
593000 33
594000 33
595000 33
596000 33
597000 33
598000 33
599000 33
600000 33
601000 33
602000 33
603000 33
604000 34
605000 34
606000 34
607000 34
608000 34
609000 34
610000 34
611000 34
612000 34
613000 34
614000 34
615000 34
616000 34
617000 35
618000 35
619000 35
620000 35
621000 35
622000 35
623000 35
624000 35
625000 35
626000 35
627000 36
628000 36
629000 36
630000 36
631000 36
632000 36
633000 36
634000 36
635000 36
636000 36
637000 36
638000 36
639000 37
640000 37
641000 37
642000 37
643000 37
644000 37
645000 37
646000 37
647000 38
648000 38
649000 38
650000 38
651000 38
652000 38
653000 38
654000 38
655000 38
656000 38
657000 38
658000 39
659000 39
660000 39
661000 39
662000 39
663000 39
664000 39
665000 39
666000 39
667000 39
668000 40
669000 40
670000 40
671000 40
672000 40
673000 40
674000 40
675000 40
676000 41
677000 41
678000 41
679000 41
680000 41
681000 41
682000 41
683000 41
684000 41
685000 41
686000 41
687000 41
688000 41
689000 41
690000 41
691000 42
692000 42
693000 42
694000 42
695000 42
696000 42
697000 42
698000 42
699000 42
700000 42
701000 42
702000 42
703000 42
704000 42
705000 42
706000 42
707000 42
708000 42
709000 42
710000 42
711000 42
712000 42
713000 42
714000 42
715000 42
716000 42
717000 42
718000 42
719000 42
720000 42
721000 42
722000 42
723000 42
724000 42
725000 42
726000 43
727000 43
728000 43
729000 43
730000 43
731000 43
732000 43
733000 43
734000 43
735000 43
736000 43
737000 43
738000 43
739000 43
740000 44
741000 44
742000 44
743000 44
744000 44
745000 44
746000 44
747000 44
748000 44
749000 44
750000 44
751000 44
752000 44
753000 44
754000 44
755000 44
756000 45
757000 45
758000 45
759000 45
760000 45
761000 45
762000 45
763000 45
764000 45
765000 45
766000 45
767000 45
768000 45
769000 45
770000 45
771000 45
772000 45
773000 45
774000 45
775000 45
776000 45
777000 45
778000 45
779000 45
780000 46
781000 46
782000 46
783000 46
784000 46
785000 46
786000 46
787000 46
788000 46
789000 46
790000 46
791000 46
792000 46
793000 46
794000 46
795000 46
796000 46
797000 46
798000 47
799000 47
800000 47
801000 47
802000 47
803000 47
804000 47
805000 47
806000 47
807000 47
808000 47
809000 47
810000 47
811000 47
812000 47
813000 47
814000 47
815000 47
816000 47
817000 47
818000 48
819000 48
820000 48
821000 48
822000 48
823000 48
824000 48
825000 48
826000 48
827000 48
828000 48
829000 48
830000 48
831000 48
832000 48
833000 48
834000 48
835000 48
836000 48
837000 49
838000 49
839000 49
840000 49
841000 49
842000 49
843000 49
844000 49
845000 49
846000 49
847000 49
848000 50
849000 50
850000 50
851000 50
852000 50
853000 50
854000 50
855000 50
856000 50
857000 50
858000 50
859000 50
860000 50
861000 50
862000 50
863000 50
864000 50
865000 50
866000 50
867000 51
868000 51
869000 51
870000 51
871000 51
872000 51
873000 51
874000 51
875000 51
876000 51
877000 51
878000 51
879000 51
880000 51
881000 51
882000 51
883000 51
884000 51
885000 51
886000 51
887000 51
888000 51
889000 52
890000 52
891000 52
892000 52
893000 52
894000 52
895000 52
896000 52
897000 52
898000 53
899000 53
900000 53
901000 53
902000 53
903000 53
904000 53
905000 53
906000 53
907000 53
908000 53
909000 53
910000 53
911000 53
912000 53
913000 54
914000 54
915000 54
916000 54
917000 54
918000 54
919000 54
920000 54
921000 54
922000 54
923000 54
924000 54
925000 54
926000 54
927000 55
928000 55
929000 55
930000 55
931000 55
932000 55
933000 55
934000 55
935000 55
936000 55
937000 55
938000 55
939000 56
940000 56
941000 56
942000 56
943000 56
944000 56
945000 56
946000 56
947000 56
948000 56
949000 56
950000 56
951000 56
952000 56
953000 56
954000 57
955000 57
956000 57
957000 57
958000 57
959000 57
960000 57
961000 57
962000 57
963000 57
964000 57
965000 57
966000 57
967000 57
968000 57
969000 57
970000 57
971000 57
972000 57
973000 57
974000 57
975000 57
976000 57
977000 57
978000 57
979000 57
980000 57
981000 57
982000 57
983000 57
984000 58
985000 58
986000 58
987000 58
988000 58
989000 58
990000 58
991000 58
992000 58
993000 58
994000 58
995000 58
996000 58
997000 58
998000 58
999000 58
1000000 58
1001000 59
1002000 59
1003000 59
1004000 59
1005000 59
1006000 59
1007000 59
1008000 59
1009000 59
1010000 59
1011000 59
1012000 59
1013000 59
1014000 59
1015000 59
1016000 59
1017000 59
1018000 59
1019000 59
1020000 59
1021000 59
1022000 59
1023000 59
1024000 60
1025000 60
1026000 60
1027000 60
1028000 60
1029000 60
1030000 60
1031000 60
1032000 60
1033000 61
1034000 61
1035000 61
1036000 61
1037000 61
1038000 61
1039000 61
1040000 61
1041000 61
1042000 61
1043000 61
1044000 61
1045000 61
1046000 61
1047000 61
1048000 61
1049000 61
1050000 62
1051000 62
1052000 62
1053000 62
1054000 62
1055000 62
1056000 62
1057000 62
1058000 62
1059000 62
1060000 62
1061000 62
1062000 62
1063000 62
1064000 62
1065000 62
1066000 62
1067000 62
1068000 62
1069000 62
1070000 62
1071000 62
1072000 62
1073000 62
1074000 63
1075000 63
1076000 63
1077000 63
1078000 63
1079000 63
1080000 63
1081000 63
1082000 63
1083000 63
1084000 63
1085000 63
1086000 63
1087000 63
1088000 63
1089000 63
1090000 63
1091000 63
1092000 63
1093000 63
1094000 63
1095000 63
1096000 63
1097000 63
1098000 63
1099000 63
1100000 63
1101000 63
1102000 64
1103000 64
1104000 64
1105000 64
1106000 64
1107000 64
1108000 64
1109000 64
1110000 64
1111000 64
1112000 64
1113000 64
1114000 64
1115000 65
1116000 65
1117000 65
1118000 65
1119000 65
1120000 65
1121000 65
1122000 65
1123000 65
1124000 65
1125000 65
1126000 65
1127000 65
1128000 65
1129000 65
1130000 65
1131000 65
1132000 66
1133000 66
1134000 66
1135000 66
1136000 66
1137000 66
1138000 66
1139000 66
1140000 66
1141000 66
1142000 66
1143000 66
1144000 66
1145000 66
1146000 66
1147000 66
1148000 66
1149000 66
1150000 66
1151000 67
1152000 67
1153000 67
1154000 67
1155000 67
1156000 67
1157000 67
1158000 68
1159000 68
1160000 68
1161000 68
1162000 68
1163000 68
1164000 68
1165000 68
1166000 68
1167000 68
1168000 68
1169000 68
1170000 68
1171000 68
1172000 68
1173000 68
1174000 68
1175000 69
1176000 69
1177000 69
1178000 69
1179000 69
1180000 69
1181000 69
1182000 69
1183000 69
1184000 69
1185000 69
1186000 69
1187000 69
1188000 69
1189000 69
1190000 69
1191000 69
1192000 69
1193000 69
1194000 69
1195000 70
1196000 70
1197000 70
1198000 70
1199000 70
1200000 70
1201000 70
1202000 70
1203000 70
1204000 70
1205000 70
1206000 70
1207000 70
1208000 70
1209000 70
1210000 70
1211000 70
1212000 70
1213000 70
1214000 70
1215000 70
1216000 70
1217000 71
1218000 71
1219000 71
1220000 71
1221000 71
1222000 71
1223000 71
1224000 71
1225000 71
1226000 71
1227000 71
1228000 71
1229000 71
1230000 71
1231000 71
1232000 71
1233000 71
1234000 71
1235000 71
1236000 71
1237000 71
1238000 72
1239000 72
1240000 72
1241000 72
1242000 72
1243000 72
1244000 72
1245000 72
1246000 72
1247000 72
1248000 72
1249000 72
1250000 72
1251000 72
1252000 72
1253000 72
1254000 72
1255000 72
1256000 72
1257000 72
1258000 72
1259000 72
1260000 72
1261000 72
1262000 72
1263000 72
1264000 72
1265000 72
1266000 73
1267000 73
1268000 73
1269000 73
1270000 73
1271000 73
1272000 73
1273000 73
1274000 73
1275000 73
1276000 73
1277000 73
1278000 73
1279000 73
1280000 73
1281000 73
1282000 73
1283000 73
1284000 73
1285000 73
1286000 73
1287000 73
1288000 73
1289000 73
1290000 73
1291000 73
1292000 74
1293000 74
1294000 74
1295000 74
1296000 74
1297000 74
1298000 74
1299000 74
1300000 74
1301000 74
1302000 74
1303000 74
1304000 74
1305000 74
1306000 74
1307000 74
1308000 74
1309000 74
1310000 74
1311000 74
1312000 74
1313000 74
1314000 74
1315000 75
1316000 75
1317000 75
1318000 75
1319000 75
1320000 75
1321000 75
1322000 75
1323000 75
1324000 75
1325000 75
1326000 75
1327000 75
1328000 75
1329000 75
1330000 75
1331000 75
1332000 75
1333000 75
1334000 75
1335000 75
1336000 75
1337000 75
1338000 75
1339000 75
1340000 75
1341000 75
1342000 75
1343000 76
1344000 76
1345000 76
1346000 76
1347000 76
1348000 76
1349000 76
1350000 76
1351000 76
1352000 76
1353000 76
1354000 76
1355000 76
1356000 76
1357000 76
1358000 76
1359000 76
1360000 76
1361000 76
1362000 76
1363000 76
1364000 77
1365000 77
1366000 77
1367000 77
1368000 77
1369000 77
1370000 77
1371000 77
1372000 77
1373000 77
1374000 77
1375000 77
1376000 77
1377000 77
1378000 77
1379000 77
1380000 77
1381000 77
1382000 78
1383000 78
1384000 78
1385000 78
1386000 78
1387000 78
1388000 78
1389000 78
1390000 78
1391000 78
1392000 78
1393000 78
1394000 78
1395000 78
1396000 78
1397000 78
1398000 78
1399000 78
1400000 78
1401000 78
1402000 79
1403000 79
1404000 79
1405000 79
1406000 79
1407000 79
1408000 79
1409000 79
1410000 79
1411000 79
1412000 79
1413000 79
1414000 79
1415000 79
1416000 79
1417000 79
1418000 79
1419000 79
1420000 79
1421000 79
1422000 79
1423000 79
1424000 79
1425000 79
1426000 79
1427000 80
1428000 80
1429000 80
1430000 80
1431000 80
1432000 80
1433000 80
1434000 80
1435000 80
1436000 80
1437000 80
1438000 80
1439000 80
1440000 80
1441000 80
1442000 80
1443000 80
1444000 80
1445000 80
1446000 80
1447000 81
1448000 81
1449000 81
1450000 81
1451000 81
1452000 81
1453000 81
1454000 81
1455000 81
1456000 81
1457000 81
1458000 81
1459000 81
1460000 81
1461000 81
1462000 81
1463000 81
1464000 81
1465000 81
1466000 81
1467000 81
1468000 81
1469000 81
1470000 82
1471000 82
1472000 82
1473000 82
1474000 82
1475000 82
1476000 82
1477000 82
1478000 83
1479000 83
1480000 83
1481000 83
1482000 83
1483000 83
1484000 83
1485000 83
1486000 83
1487000 83
1488000 83
1489000 83
1490000 83
1491000 83
1492000 84
1493000 84
1494000 84
1495000 84
1496000 84
1497000 84
1498000 84
1499000 84
1500000 84
1501000 84
1502000 84
1503000 85
1504000 85
1505000 85
1506000 85
1507000 85
1508000 85
1509000 85
1510000 85
1511000 85
1512000 85
1513000 85
1514000 85
1515000 85
1516000 85
1517000 85
1518000 85
1519000 85
1520000 85
1521000 85
1522000 85
1523000 85
1524000 85
1525000 85
1526000 85
1527000 86
1528000 86
1529000 86
1530000 86
1531000 86
1532000 86
1533000 86
1534000 86
1535000 86
1536000 86
1537000 86
1538000 86
1539000 86
1540000 86
1541000 86
1542000 87
1543000 87
1544000 87
1545000 87
1546000 87
1547000 87
1548000 87
1549000 87
1550000 87
1551000 88
1552000 88
1553000 88
1554000 88
1555000 88
1556000 88
1557000 88
1558000 88
1559000 88
1560000 88
1561000 88
1562000 89
1563000 89
1564000 89
1565000 89
1566000 89
1567000 89
1568000 89
1569000 89
1570000 90
1571000 90
1572000 90
1573000 90
1574000 90
1575000 90
1576000 90
1577000 91
1578000 91
1579000 91
1580000 91
1581000 91
1582000 91
1583000 91
1584000 91
1585000 91
1586000 92
1587000 92
1588000 92
1589000 92
1590000 92
1591000 92
1592000 92
1593000 92
1594000 92
1595000 92
1596000 92
1597000 93
1598000 93
1599000 93
1600000 93
1601000 93
1602000 93
1603000 93
1604000 93
1605000 93
1606000 93
1607000 94
1608000 94
1609000 94
1610000 94
1611000 94
1612000 94
1613000 94
1614000 94
1615000 95
1616000 95
1617000 95
1618000 95
1619000 95
1620000 95
1621000 95
1622000 95
1623000 95
1624000 95
1625000 95
1626000 95
1627000 95
1628000 95
1629000 95
1630000 95
1631000 96
1632000 96
1633000 96
1634000 96
1635000 96
1636000 96
1637000 96
1638000 96
1639000 96
1640000 96
1641000 96
1642000 96
1643000 96
1644000 96
1645000 96
1646000 96
1647000 96
1648000 96
1649000 96
1650000 96
1651000 97
1652000 97
1653000 97
1654000 97
1655000 97
1656000 97
1657000 97
1658000 97
1659000 97
1660000 97
1661000 98
1662000 98
1663000 98
1664000 98
1665000 98
1666000 98
1667000 98
1668000 98
1669000 98
1670000 98
1671000 99
1672000 99
1673000 99
1674000 99
1675000 99
1676000 99
1677000 99
1678000 99
1679000 99
1680000 99
1681000 99
1682000 99
1683000 99
1684000 99
1685000 100
1686000 100
1687000 100
1688000 100
1689000 100
1690000 100
1691000 100
1692000 100
1693000 100
1694000 100
1695000 100
1696000 100
1697000 101
1698000 101
1699000 101
1700000 101
1701000 101
1702000 101
1703000 101
1704000 101
1705000 101
1706000 101
1707000 101
1708000 101
1709000 101
1710000 101
1711000 102
1712000 102
1713000 102
1714000 102
1715000 102
1716000 102
1717000 102
1718000 102
1719000 102
1720000 102
1721000 102
1722000 102
1723000 102
1724000 102
1725000 103
1726000 103
1727000 103
1728000 103
1729000 103
1730000 103
1731000 103
1732000 103
1733000 103
1734000 103
1735000 103
1736000 103
1737000 103
1738000 103
1739000 103
1740000 103
1741000 103
1742000 103
1743000 103
1744000 103
1745000 103
1746000 103
1747000 103
1748000 103
1749000 103
1750000 103
1751000 103
1752000 103
1753000 103
1754000 103
1755000 103
1756000 103
1757000 103
1758000 103
1759000 103
1760000 103
1761000 103
1762000 103
1763000 103
1764000 103
1765000 103
1766000 103
1767000 103
1768000 103
1769000 103
1770000 103
1771000 103
1772000 103
1773000 103
1774000 103
1775000 103
1776000 103
1777000 103
1778000 103
1779000 103
1780000 103
1781000 103
1782000 103
1783000 103
1784000 103
1785000 103
1786000 103
1787000 103
1788000 103
1789000 104
1790000 104
1791000 104
1792000 104
1793000 104
1794000 104
1795000 104
1796000 104
1797000 104
1798000 104
1799000 104
1800000 104
1801000 104
1802000 104
1803000 104
1804000 104
1805000 104
1806000 104
1807000 104
1808000 104
1809000 104
1810000 104
1811000 104
1812000 104
1813000 104
1814000 104
1815000 104
1816000 105
1817000 105
1818000 105
1819000 105
1820000 105
1821000 105
1822000 105
1823000 105
1824000 105
1825000 105
1826000 105
1827000 105
1828000 105
1829000 105
1830000 105
1831000 105
1832000 105
1833000 105
1834000 105
1835000 105
1836000 105
1837000 105
1838000 105
1839000 105
1840000 105
1841000 105
1842000 106
1843000 106
1844000 106
1845000 106
1846000 106
1847000 106
1848000 106
1849000 106
1850000 106
1851000 106
1852000 106
1853000 106
1854000 106
1855000 106
1856000 107
1857000 107
1858000 107
1859000 107
1860000 107
1861000 107
1862000 107
1863000 107
1864000 107
1865000 107
1866000 107
1867000 107
1868000 107
1869000 107
1870000 107
1871000 107
1872000 107
1873000 108
1874000 108
1875000 108
1876000 108
1877000 108
1878000 108
1879000 108
1880000 108
1881000 108
1882000 108
1883000 108
1884000 108
1885000 108
1886000 108
1887000 108
1888000 108
1889000 108
1890000 108
1891000 108
1892000 108
1893000 108
1894000 108
1895000 108
1896000 108
1897000 108
1898000 108
1899000 108
1900000 108
1901000 109
1902000 109
1903000 109
1904000 109
1905000 109
1906000 109
1907000 109
1908000 109
1909000 109
1910000 109
1911000 109
1912000 109
1913000 109
1914000 109
1915000 109
1916000 109
1917000 109
1918000 109
1919000 109
1920000 109
1921000 109
1922000 109
1923000 109
1924000 109
1925000 109
1926000 110
1927000 110
1928000 110
1929000 110
1930000 110
1931000 110
1932000 110
1933000 110
1934000 110
1935000 110
1936000 110
1937000 110
1938000 110
1939000 110
1940000 110
1941000 110
1942000 110
1943000 110
1944000 110
1945000 110
1946000 110
1947000 110
1948000 110
1949000 111
1950000 111
1951000 111
1952000 111
1953000 111
1954000 111
1955000 111
1956000 111
1957000 111
1958000 111
1959000 111
1960000 111
1961000 111
1962000 111
1963000 111
1964000 111
1965000 111
1966000 111
1967000 111
1968000 111
1969000 111
1970000 111
1971000 111
1972000 111
1973000 111
1974000 111
1975000 112
1976000 112
1977000 112
1978000 112
1979000 112
1980000 112
1981000 112
1982000 112
1983000 112
1984000 112
1985000 112
1986000 112
1987000 112
1988000 112
1989000 112
1990000 112
1991000 112
1992000 112
1993000 112
1994000 112
1995000 112
1996000 112
1997000 112
1998000 112
1999000 112
2000000 112
2001000 112
2002000 113
2003000 113
2004000 113
2005000 113
2006000 113
2007000 113
2008000 113
2009000 113
2010000 113
2011000 113
2012000 113
2013000 113
2014000 114
2015000 114
2016000 114
2017000 114
2018000 114
2019000 114
2020000 114
2021000 114
2022000 114
2023000 114
2024000 114
2025000 114
2026000 114
2027000 114
2028000 114
2029000 114
2030000 114
2031000 114
2032000 114
2033000 114
2034000 114
2035000 114
2036000 115
2037000 115
2038000 115
2039000 115
2040000 115
2041000 115
2042000 115
2043000 115
2044000 115
2045000 115
2046000 115
2047000 116
2048000 116
2049000 116
2050000 116
2051000 116
2052000 116
2053000 116
2054000 116
2055000 116
2056000 116
2057000 116
2058000 116
2059000 116
2060000 116
2061000 116
2062000 116
2063000 116
2064000 116
2065000 116
2066000 116
2067000 116
2068000 117
2069000 117
2070000 117
2071000 117
2072000 117
2073000 117
2074000 117
2075000 117
2076000 117
2077000 117
2078000 117
2079000 117
2080000 117
2081000 117
2082000 117
2083000 117
2084000 118
2085000 118
2086000 118
2087000 118
2088000 118
2089000 118
2090000 118
2091000 118
2092000 118
2093000 118
2094000 118
2095000 119
2096000 119
2097000 119
2098000 119
2099000 119
2100000 119
2101000 119
2102000 119
2103000 119
2104000 119
2105000 119
2106000 119
2107000 119
2108000 119
2109000 119
2110000 119
2111000 120
2112000 120
2113000 120
2114000 120
2115000 120
2116000 120
2117000 120
2118000 120
2119000 120
2120000 120
2121000 120
2122000 120
2123000 120
2124000 120
2125000 120
2126000 120
2127000 120
2128000 121
2129000 121
2130000 121
2131000 121
2132000 121
2133000 121
2134000 121
2135000 121
2136000 121
2137000 121
2138000 121
2139000 121
2140000 121
2141000 121
2142000 121
2143000 121
2144000 121
2145000 121
2146000 121
2147000 121
2148000 122
2149000 122
2150000 122
2151000 122
2152000 122
2153000 122
2154000 122
2155000 122
2156000 122
2157000 122
2158000 122
2159000 122
2160000 122
2161000 122
2162000 122
2163000 123
2164000 123
2165000 123
2166000 123
2167000 123
2168000 123
2169000 123
2170000 123
2171000 123
2172000 123
2173000 123
2174000 123
2175000 123
2176000 123
2177000 123
2178000 123
2179000 123
2180000 123
2181000 123
2182000 123
2183000 123
2184000 123
2185000 124
2186000 124
2187000 124
2188000 124
2189000 124
2190000 124
2191000 124
2192000 124
2193000 124
2194000 124
2195000 124
2196000 124
2197000 124
2198000 124
2199000 124
2200000 124
2201000 124
2202000 124
2203000 124
2204000 124
2205000 124
2206000 124
2207000 124
2208000 124
2209000 124
2210000 125
2211000 125
2212000 125
2213000 125
2214000 125
2215000 125
2216000 125
2217000 125
2218000 125
2219000 125
2220000 125
2221000 125
2222000 125
2223000 125
2224000 125
2225000 125
2226000 125
2227000 125
2228000 126
2229000 126
2230000 126
2231000 126
2232000 126
2233000 126
2234000 126
2235000 126
2236000 126
2237000 126
2238000 126
2239000 126
2240000 126
2241000 126
2242000 126
2243000 126
2244000 126
2245000 126
2246000 126
2247000 126
2248000 126
2249000 127
2250000 127
2251000 127
2252000 127
2253000 127
2254000 127
2255000 127
2256000 127
2257000 127
2258000 127
2259000 127
2260000 127
2261000 127
2262000 127
2263000 127
2264000 127
2265000 128
2266000 128
2267000 128
2268000 128
2269000 128
2270000 128
2271000 128
2272000 128
2273000 128
2274000 128
2275000 128
2276000 128
2277000 128
2278000 129
2279000 129
2280000 129
2281000 129
2282000 129
2283000 129
2284000 129
2285000 129
2286000 129
2287000 129
2288000 129
2289000 129
2290000 129
2291000 129
2292000 129
2293000 129
2294000 129
2295000 129
2296000 129
2297000 130
2298000 130
2299000 130
2300000 130
2301000 130
2302000 130
2303000 130
2304000 130
2305000 130
2306000 130
2307000 130
2308000 130
2309000 130
2310000 130
2311000 130
2312000 130
2313000 130
2314000 130
2315000 130
2316000 130
2317000 130
2318000 130
2319000 130
2320000 130
2321000 130
2322000 130
2323000 130
2324000 130
2325000 131
2326000 131
2327000 131
2328000 131
2329000 131
2330000 131
2331000 131
2332000 131
2333000 131
2334000 131
2335000 131
2336000 131
2337000 131
2338000 131
2339000 131
2340000 131
2341000 131
2342000 131
2343000 131
2344000 131
2345000 131
2346000 131
2347000 131
2348000 131
2349000 131
2350000 131
2351000 131
2352000 132
2353000 132
2354000 132
2355000 132
2356000 132
2357000 132
2358000 132
2359000 132
2360000 132
2361000 132
2362000 132
2363000 132
2364000 132
2365000 132
2366000 132
2367000 132
2368000 132
2369000 132
2370000 132
2371000 132
2372000 132
2373000 132
2374000 132
2375000 132
2376000 132
2377000 133
2378000 133
2379000 133
2380000 133
2381000 133
2382000 133
2383000 133
2384000 133
2385000 133
2386000 133
2387000 133
2388000 133
2389000 133
2390000 133
2391000 133
2392000 133
2393000 133
2394000 133
2395000 133
2396000 133
2397000 133
2398000 133
2399000 134
2400000 134
2401000 134
2402000 134
2403000 134
2404000 134
2405000 134
2406000 134
2407000 134
2408000 134
2409000 134
2410000 134
2411000 134
2412000 134
2413000 134
2414000 134
2415000 134
2416000 134
2417000 135
2418000 135
2419000 135
2420000 135
2421000 135
2422000 135
2423000 135
2424000 135
2425000 135
2426000 135
2427000 135
2428000 135
2429000 135
2430000 135
2431000 135
2432000 135
2433000 135
2434000 135
2435000 135
2436000 135
2437000 136
2438000 136
2439000 136
2440000 136
2441000 136
2442000 136
2443000 136
2444000 136
2445000 136
2446000 136
2447000 136
2448000 136
2449000 136
2450000 136
2451000 136
2452000 136
2453000 136
2454000 136
2455000 136
2456000 136
2457000 136
2458000 136
2459000 136
2460000 136
2461000 136
2462000 136
2463000 136
2464000 136
2465000 136
2466000 137
2467000 137
2468000 137
2469000 137
2470000 137
2471000 137
2472000 137
2473000 137
2474000 137
2475000 137
2476000 137
2477000 137
2478000 137
2479000 137
2480000 137
2481000 137
2482000 137
2483000 137
2484000 137
2485000 137
2486000 137
2487000 137
2488000 137
2489000 137
2490000 138
2491000 138
2492000 138
2493000 138
2494000 138
2495000 138
2496000 138
2497000 138
2498000 138
2499000 138
2500000 138
2501000 138
2502000 138
2503000 138
2504000 138
2505000 138
2506000 138
2507000 138
2508000 138
2509000 138
2510000 138
2511000 138
2512000 138
2513000 138
2514000 138
2515000 138
2516000 138
2517000 138
2518000 138
2519000 138
2520000 138
2521000 138
2522000 138
2523000 138
2524000 138
2525000 138
2526000 138
2527000 139
2528000 139
2529000 139
2530000 139
2531000 139
2532000 139
2533000 139
2534000 139
2535000 139
2536000 139
2537000 139
2538000 139
2539000 139
2540000 139
2541000 139
2542000 139
2543000 139
2544000 139
2545000 139
2546000 139
2547000 139
2548000 140
2549000 140
2550000 140
2551000 140
2552000 140
2553000 140
2554000 140
2555000 140
2556000 140
2557000 140
2558000 140
2559000 140
2560000 140
2561000 140
2562000 140
2563000 140
2564000 140
2565000 140
2566000 140
2567000 140
2568000 140
2569000 140
2570000 140
2571000 140
2572000 140
2573000 140
2574000 140
2575000 141
2576000 141
2577000 141
2578000 141
2579000 141
2580000 141
2581000 141
2582000 141
2583000 141
2584000 141
2585000 141
2586000 141
2587000 141
2588000 141
2589000 141
2590000 141
2591000 141
2592000 141
2593000 141
2594000 141
2595000 141
2596000 141
2597000 141
2598000 141
2599000 141
2600000 141
2601000 141
2602000 141
2603000 141
2604000 141
2605000 142
2606000 142
2607000 142
2608000 142
2609000 142
2610000 142
2611000 142
2612000 142
2613000 142
2614000 142
2615000 142
2616000 142
2617000 142
2618000 142
2619000 142
2620000 142
2621000 142
2622000 142
2623000 142
2624000 142
2625000 142
2626000 142
2627000 142
2628000 142
2629000 142
2630000 143
2631000 143
2632000 143
2633000 143
2634000 143
2635000 143
2636000 143
2637000 143
2638000 143
2639000 143
2640000 143
2641000 143
2642000 143
2643000 143
2644000 143
2645000 143
2646000 143
2647000 143
2648000 143
2649000 143
2650000 143
2651000 143
2652000 143
2653000 143
2654000 143
2655000 143
2656000 143
2657000 143
2658000 143
2659000 143
2660000 143
2661000 143
2662000 143
2663000 144
2664000 144
2665000 144
2666000 144
2667000 144
2668000 144
2669000 144
2670000 144
2671000 144
2672000 144
2673000 144
2674000 144
2675000 144
2676000 144
2677000 144
2678000 144
2679000 144
2680000 144
2681000 144
2682000 144
2683000 144
2684000 144
2685000 144
2686000 144
2687000 144
2688000 144
2689000 144
2690000 144
2691000 144
2692000 144
2693000 144
2694000 144
2695000 144
2696000 144
2697000 144
2698000 144
2699000 144
2700000 144
2701000 144
2702000 144
2703000 144
2704000 144
2705000 144
2706000 144
2707000 144
2708000 144
2709000 144
2710000 144
2711000 144
2712000 144
2713000 144
2714000 144
2715000 144
2716000 144
2717000 144
2718000 144
2719000 144
2720000 144
2721000 144
2722000 144
2723000 144
2724000 144
2725000 144
2726000 144
2727000 144
2728000 144
2729000 144
2730000 144
2731000 144
2732000 144
2733000 144
2734000 144
2735000 144
2736000 144
2737000 144
2738000 144
2739000 144
2740000 144
2741000 144
2742000 144
2743000 144
2744000 144
2745000 144
2746000 144
2747000 144
2748000 144
2749000 144
2750000 144
2751000 144
2752000 144
2753000 144
2754000 144
2755000 144
2756000 144
2757000 144
2758000 144
2759000 144
2760000 144
2761000 144
2762000 144
2763000 144
2764000 144
2765000 144
2766000 144
2767000 144
2768000 144
2769000 144
2770000 144
2771000 144
2772000 144
2773000 144
2774000 144
2775000 144
2776000 144
2777000 144
2778000 144
2779000 144
2780000 144
2781000 144
2782000 144
2783000 144
2784000 144
2785000 144
2786000 144
2787000 144
2788000 144
2789000 144
2790000 144
2791000 144
2792000 144
2793000 144
2794000 144
2795000 144
2796000 144
2797000 144
2798000 144
2799000 144
2800000 144
2801000 144
2802000 144
2803000 144
2804000 144
2805000 144
2806000 144
2807000 144
2808000 144
2809000 144
2810000 144
2811000 144
2812000 144
2813000 144
2814000 144
2815000 144
2816000 144
2817000 144
2818000 144
2819000 144
2820000 144
2821000 144
2822000 144
2823000 144
2824000 144
2825000 144
2826000 144
2827000 144
2828000 144
2829000 144
2830000 144
2831000 144
2832000 144
2833000 144
2834000 144
2835000 144
2836000 144
2837000 144
2838000 144
2839000 144
2840000 144
2841000 144
2842000 144
2843000 144
2844000 144
2845000 144
2846000 144
2847000 144
2848000 144
2849000 144
2850000 144
2851000 144
2852000 144
2853000 144
2854000 144
2855000 144
2856000 144
2857000 144
2858000 144
2859000 144
2860000 144
2861000 144
2862000 144
2863000 144
2864000 144
2865000 144
2866000 144
2867000 144
2868000 144
2869000 144
2870000 144
2871000 144
2872000 144
2873000 144
2874000 144
2875000 144
2876000 144
2877000 144
2878000 144
2879000 144
2880000 144
2881000 144
2882000 144
2883000 144
2884000 144
2885000 144
2886000 144
2887000 144
2888000 144
2889000 144
2890000 144
2891000 144
2892000 144
2893000 144
2894000 144
2895000 144
2896000 144
2897000 144
2898000 144
2899000 144
2900000 144
2901000 145
2902000 145
2903000 145
2904000 145
2905000 145
2906000 145
2907000 145
2908000 145
2909000 145
2910000 145
2911000 146
2912000 146
2913000 146
2914000 146
2915000 146
2916000 146
2917000 146
2918000 146
2919000 146
2920000 146
2921000 146
2922000 146
2923000 146
2924000 146
2925000 146
2926000 146
2927000 147
2928000 147
2929000 147
2930000 147
2931000 147
2932000 147
2933000 147
2934000 147
2935000 147
2936000 148
2937000 148
2938000 148
2939000 148
2940000 148
2941000 148
2942000 148
2943000 148
2944000 148
2945000 148
2946000 148
2947000 148
2948000 149
2949000 149
2950000 149
2951000 149
2952000 149
2953000 149
2954000 149
2955000 149
2956000 149
2957000 149
2958000 150
2959000 150
2960000 150
2961000 150
2962000 150
2963000 150
2964000 150
2965000 150
2966000 150
2967000 150
2968000 150
2969000 150
2970000 150
2971000 150
2972000 151
2973000 151
2974000 151
2975000 151
2976000 151
2977000 151
2978000 151
2979000 151
2980000 151
2981000 151
2982000 151
2983000 151
2984000 152
2985000 152
2986000 152
2987000 152
2988000 152
2989000 152
2990000 152
2991000 152
2992000 152
2993000 152
2994000 152
2995000 153
2996000 153
2997000 153
2998000 153
2999000 153
3000000 153
3001000 153
3002000 153
3003000 153
3004000 153
3005000 153
3006000 153
3007000 153
3008000 153
3009000 153
3010000 153
3011000 153
3012000 154
3013000 154
3014000 154
3015000 154
3016000 154
3017000 154
3018000 154
3019000 154
3020000 154
3021000 154
3022000 154
3023000 155
3024000 155
3025000 155
3026000 155
3027000 155
3028000 155
3029000 156
3030000 156
3031000 156
3032000 156
3033000 156
3034000 156
3035000 156
3036000 156
3037000 156
3038000 156
3039000 156
3040000 156
3041000 156
3042000 157
3043000 157
3044000 157
3045000 157
3046000 157
3047000 157
3048000 157
3049000 157
3050000 157
3051000 157
3052000 158
3053000 158
3054000 158
3055000 158
3056000 158
3057000 158
3058000 158
3059000 158
3060000 158
3061000 159
3062000 159
3063000 159
3064000 159
3065000 159
3066000 159
3067000 159
3068000 159
3069000 159
3070000 159
3071000 160
3072000 160
3073000 160
3074000 160
3075000 160
3076000 160
3077000 160
3078000 160
3079000 161
3080000 161
3081000 161
3082000 161
3083000 161
3084000 161
3085000 161
3086000 161
3087000 161
3088000 162
3089000 162
3090000 162
3091000 162
3092000 162
3093000 162
3094000 162
3095000 162
3096000 162
3097000 162
3098000 162
3099000 163
3100000 163
3101000 163
3102000 163
3103000 163
3104000 163
3105000 163
3106000 163
3107000 163
3108000 163
3109000 164
3110000 164
3111000 164
3112000 164
3113000 164
3114000 164
3115000 164
3116000 164
3117000 164
3118000 164
3119000 165
3120000 165
3121000 165
3122000 165
3123000 165
3124000 165
3125000 165
3126000 165
3127000 165
3128000 165
3129000 166
3130000 166
3131000 166
3132000 166
3133000 166
3134000 166
3135000 166
3136000 166
3137000 166
3138000 166
3139000 166
3140000 166
3141000 166
3142000 167
3143000 167
3144000 167
3145000 167
3146000 167
3147000 167
3148000 167
3149000 167
3150000 167
3151000 168
3152000 168
3153000 168
3154000 168
3155000 168
3156000 168
3157000 168
3158000 168
3159000 168
3160000 168
3161000 168
3162000 168
3163000 168
3164000 169
3165000 169
3166000 169
3167000 169
3168000 169
3169000 169
3170000 169
3171000 169
3172000 170
3173000 170
3174000 170
3175000 170
3176000 170
3177000 170
3178000 170
3179000 170
3180000 170
3181000 170
3182000 170
3183000 170
3184000 171
3185000 171
3186000 171
3187000 171
3188000 171
3189000 171
3190000 171
3191000 171
3192000 171
3193000 171
3194000 171
3195000 172
3196000 172
3197000 172
3198000 172
3199000 172
3200000 172
3201000 172
3202000 172
3203000 172
3204000 173
3205000 173
3206000 173
3207000 173
3208000 173
3209000 173
3210000 173
3211000 173
3212000 174
3213000 174
3214000 174
3215000 174
3216000 174
3217000 174
3218000 174
3219000 174
3220000 174
3221000 174
3222000 174
3223000 174
3224000 175
3225000 175
3226000 175
3227000 175
3228000 175
3229000 175
3230000 175
3231000 175
3232000 175
3233000 175
3234000 176
3235000 176
3236000 176
3237000 176
3238000 176
3239000 176
3240000 176
3241000 176
3242000 176
3243000 176
3244000 177
3245000 177
3246000 177
3247000 177
3248000 177
3249000 177
3250000 177
3251000 177
3252000 177
3253000 177
3254000 178
3255000 178
3256000 178
3257000 178
3258000 178
3259000 178
3260000 178
3261000 178
3262000 178
3263000 178
3264000 178
3265000 179
3266000 179
3267000 179
3268000 179
3269000 179
3270000 179
3271000 179
3272000 179
3273000 180
3274000 180
3275000 180
3276000 180
3277000 180
3278000 180
3279000 180
3280000 180
3281000 180
3282000 180
3283000 180
3284000 181
3285000 181
3286000 181
3287000 181
3288000 181
3289000 181
3290000 181
3291000 181
3292000 181
3293000 181
3294000 181
3295000 181
3296000 182
3297000 182
3298000 182
3299000 182
3300000 182
3301000 182
3302000 182
3303000 182
3304000 182
3305000 182
3306000 182
3307000 182
3308000 183
3309000 183
3310000 183
3311000 183
3312000 183
3313000 183
3314000 183
3315000 183
3316000 183
3317000 183
3318000 184
3319000 184
3320000 184
3321000 184
3322000 184
3323000 184
3324000 184
3325000 184
3326000 184
3327000 184
3328000 185
3329000 185
3330000 185
3331000 185
3332000 185
3333000 185
3334000 185
3335000 185
3336000 185
3337000 185
3338000 185
3339000 186
3340000 186
3341000 186
3342000 186
3343000 186
3344000 186
3345000 186
3346000 186
3347000 186
3348000 187
3349000 187
3350000 187
3351000 187
3352000 187
3353000 187
3354000 187
3355000 187
3356000 187
3357000 187
3358000 187
3359000 187
3360000 188
3361000 188
3362000 188
3363000 188
3364000 188
3365000 188
3366000 188
3367000 188
3368000 188
3369000 188
3370000 188
3371000 188
3372000 189
3373000 189
3374000 189
3375000 189
3376000 189
3377000 189
3378000 189
3379000 189
3380000 190
3381000 190
3382000 190
3383000 190
3384000 190
3385000 190
3386000 190
3387000 190
3388000 190
3389000 191
3390000 191
3391000 191
3392000 191
3393000 191
3394000 191
3395000 191
3396000 191
3397000 191
3398000 191
3399000 191
3400000 191
3401000 192
3402000 192
3403000 192
3404000 192
3405000 192
3406000 192
3407000 192
3408000 192
3409000 192
3410000 192
3411000 192
3412000 193
3413000 193
3414000 193
3415000 193
3416000 193
3417000 193
3418000 193
3419000 193
3420000 193
3421000 193
3422000 193
3423000 194
3424000 194
3425000 194
3426000 194
3427000 194
3428000 194
3429000 194
3430000 194
3431000 194
3432000 194
3433000 194
3434000 195
3435000 195
3436000 195
3437000 195
3438000 195
3439000 195
3440000 195
3441000 195
3442000 195
3443000 196
3444000 196
3445000 196
3446000 196
3447000 196
3448000 196
3449000 196
3450000 196
3451000 196
3452000 197
3453000 197
3454000 197
3455000 197
3456000 197
3457000 197
3458000 197
3459000 197
3460000 198
3461000 198
3462000 198
3463000 198
3464000 198
3465000 198
3466000 198
3467000 198
3468000 199
3469000 199
3470000 199
3471000 199
3472000 199
3473000 199
3474000 199
3475000 199
3476000 199
3477000 199
3478000 199
3479000 199
3480000 200
3481000 200
3482000 200
3483000 200
3484000 200
3485000 200
3486000 200
3487000 200
3488000 200
3489000 200
3490000 200
3491000 201
3492000 201
3493000 201
3494000 201
3495000 201
3496000 201
3497000 201
3498000 201
3499000 201
3500000 202
3501000 202
3502000 202
3503000 202
3504000 202
3505000 202
3506000 202
3507000 202
3508000 202
3509000 202
3510000 203
3511000 203
3512000 203
3513000 203
3514000 203
3515000 203
3516000 203
3517000 203
3518000 204
3519000 204
3520000 204
3521000 204
3522000 204
3523000 204
3524000 204
3525000 204
3526000 204
3527000 204
3528000 204
3529000 205
3530000 205
3531000 205
3532000 205
3533000 205
3534000 205
3535000 205
3536000 205
3537000 205
3538000 206
3539000 206
3540000 206
3541000 206
3542000 206
3543000 206
3544000 206
3545000 206
3546000 207
3547000 207
3548000 207
3549000 207
3550000 207
3551000 207
3552000 207
3553000 207
3554000 207
3555000 208
3556000 208
3557000 208
3558000 208
3559000 208
3560000 208
3561000 208
3562000 208
3563000 208
3564000 208
3565000 208
3566000 209
3567000 209
3568000 209
3569000 209
3570000 209
3571000 209
3572000 209
3573000 209
3574000 209
3575000 209
3576000 209
3577000 210
3578000 210
3579000 210
3580000 210
3581000 210
3582000 210
3583000 210
3584000 210
3585000 210
3586000 210
3587000 210
3588000 210
3589000 210
3590000 210
3591000 210
3592000 210
3593000 210
3594000 210
3595000 210
3596000 211
3597000 211
3598000 211
3599000 211
3600000 211
3601000 211
3602000 211
3603000 211
3604000 211
3605000 211
3606000 211
3607000 211
3608000 211
3609000 211
3610000 211
3611000 211
3612000 211
3613000 211
3614000 211
3615000 211
3616000 211
3617000 211
3618000 212
3619000 212
3620000 212
3621000 212
3622000 212
3623000 212
3624000 212
3625000 212
3626000 212
3627000 212
3628000 212
3629000 212
3630000 213
3631000 213
3632000 213
3633000 213
3634000 213
3635000 213
3636000 213
3637000 213
3638000 213
3639000 213
3640000 213
3641000 213
3642000 214
3643000 214
3644000 214
3645000 214
3646000 214
3647000 214
3648000 214
3649000 214
3650000 214
3651000 214
3652000 214
3653000 215
3654000 215
3655000 215
3656000 215
3657000 215
3658000 215
3659000 215
3660000 215
3661000 215
3662000 215
3663000 216
3664000 216
3665000 216
3666000 216
3667000 216
3668000 216
3669000 216
3670000 216
3671000 216
3672000 216
3673000 216
3674000 216
3675000 216
3676000 216
3677000 217
3678000 217
3679000 217
3680000 217
3681000 217
3682000 217
3683000 217
3684000 218
3685000 218
3686000 218
3687000 218
3688000 218
3689000 218
3690000 218
3691000 218
3692000 218
3693000 218
3694000 218
3695000 218
3696000 218
3697000 218
3698000 219
3699000 219
3700000 219
3701000 219
3702000 219
3703000 219
3704000 219
3705000 219
3706000 219
3707000 220
3708000 220
3709000 220
3710000 220
3711000 220
3712000 220
3713000 220
3714000 220
3715000 220
3716000 220
3717000 220
3718000 220
3719000 221
3720000 221
3721000 221
3722000 221
3723000 221
3724000 221
3725000 221
3726000 221
3727000 221
3728000 221
3729000 221
3730000 221
3731000 221
3732000 221
3733000 221
3734000 221
3735000 222
3736000 222
3737000 222
3738000 222
3739000 222
3740000 222
3741000 222
3742000 222
3743000 222
3744000 222
3745000 223
3746000 223
3747000 223
3748000 223
3749000 223
3750000 223
3751000 223
3752000 223
3753000 223
3754000 223
3755000 223
3756000 223
3757000 223
3758000 223
3759000 224
3760000 224
3761000 224
3762000 224
3763000 224
3764000 224
3765000 224
3766000 224
3767000 224
3768000 224
3769000 224
3770000 224
3771000 224
3772000 224
3773000 224
3774000 224
3775000 224
3776000 225
3777000 225
3778000 225
3779000 225
3780000 225
3781000 225
3782000 225
3783000 225
3784000 225
3785000 225
3786000 225
3787000 226
3788000 226
3789000 226
3790000 226
3791000 226
3792000 226
3793000 226
3794000 226
3795000 226
3796000 227
3797000 227
3798000 227
3799000 227
3800000 227
3801000 227
3802000 227
3803000 227
3804000 227
3805000 227
3806000 227
3807000 227
3808000 228
3809000 228
3810000 228
3811000 228
3812000 228
3813000 228
3814000 228
3815000 228
3816000 228
3817000 229
3818000 229
3819000 229
3820000 229
3821000 229
3822000 229
3823000 229
3824000 229
3825000 229
3826000 229
3827000 229
3828000 230
3829000 230
3830000 230
3831000 230
3832000 230
3833000 230
3834000 230
3835000 230
3836000 230
3837000 231
3838000 231
3839000 231
3840000 231
3841000 231
3842000 231
3843000 231
3844000 231
3845000 231
3846000 231
3847000 232
3848000 232
3849000 232
3850000 232
3851000 232
3852000 232
3853000 232
3854000 232
3855000 232
3856000 233
3857000 233
3858000 233
3859000 233
3860000 233
3861000 233
3862000 233
3863000 233
3864000 233
3865000 233
3866000 234
3867000 234
3868000 234
3869000 234
3870000 234
3871000 234
3872000 234
3873000 234
3874000 234
3875000 235
3876000 235
3877000 235
3878000 235
3879000 235
3880000 235
3881000 235
3882000 235
3883000 236
3884000 236
3885000 236
3886000 236
3887000 236
3888000 236
3889000 236
3890000 236
3891000 236
3892000 236
3893000 237
3894000 237
3895000 237
3896000 237
3897000 237
3898000 237
3899000 237
3900000 237
3901000 237
3902000 238
3903000 238
3904000 238
3905000 238
3906000 238
3907000 238
3908000 238
3909000 238
3910000 239
3911000 239
3912000 239
3913000 239
3914000 239
3915000 239
3916000 239
3917000 239
3918000 239
3919000 240
3920000 240
3921000 240
3922000 240
3923000 240
3924000 240
3925000 240
3926000 241
3927000 241
3928000 241
3929000 241
3930000 241
3931000 241
3932000 241
3933000 242
3934000 242
3935000 242
3936000 242
3937000 242
3938000 242
3939000 242
3940000 243
3941000 243
3942000 243
3943000 243
3944000 243
3945000 243
3946000 243
3947000 243
3948000 244
3949000 244
3950000 244
3951000 244
3952000 244
3953000 244
3954000 244
3955000 245
3956000 245
3957000 245
3958000 245
3959000 245
3960000 245
3961000 245
3962000 245
3963000 245
3964000 246
3965000 246
3966000 246
3967000 246
3968000 246
3969000 246
3970000 246
3971000 246
3972000 246
3973000 246
3974000 247
3975000 247
3976000 247
3977000 247
3978000 247
3979000 247
3980000 247
3981000 247
3982000 247
3983000 248
3984000 248
3985000 248
3986000 248
3987000 248
3988000 248
3989000 248
3990000 248
3991000 248
3992000 248
3993000 249
3994000 249
3995000 249
3996000 249
3997000 249
3998000 249
3999000 249
4000000 249
4001000 250
4002000 250
4003000 250
4004000 250
4005000 250
4006000 250
4007000 250
4008000 250
4009000 250
4010000 251
4011000 251
4012000 251
4013000 251
4014000 251
4015000 251
4016000 251
4017000 251
4018000 252
4019000 252
4020000 252
4021000 252
4022000 252
4023000 252
4024000 252
4025000 252
4026000 252
4027000 253
4028000 253
4029000 253
4030000 253
4031000 253
4032000 253
4033000 253
4034000 253
4035000 254
4036000 254
4037000 254
4038000 254
4039000 254
4040000 254
4041000 254
4042000 254
4043000 255
4044000 255
4045000 255
4046000 255
4047000 255
4048000 255
4049000 255
4050000 255
4051000 255
4052000 256
4053000 256
4054000 256
4055000 256
4056000 256
4057000 256
4058000 256
4059000 256
4060000 256
4061000 256
4062000 256
4063000 257
4064000 257
4065000 257
4066000 257
4067000 257
4068000 257
4069000 257
4070000 257
4071000 257
4072000 257
4073000 257
4074000 258
4075000 258
4076000 258
4077000 258
4078000 258
4079000 258
4080000 258
4081000 258
4082000 258
4083000 258
4084000 258
4085000 258
4086000 259
4087000 259
4088000 259
4089000 259
4090000 259
4091000 259
4092000 259
4093000 259
4094000 259
4095000 259
4096000 260
4097000 260
4098000 260
4099000 260
4100000 260
4101000 260
4102000 260
4103000 260
4104000 260
4105000 260
4106000 260
4107000 260
4108000 261
4109000 261
4110000 261
4111000 261
4112000 261
4113000 261
4114000 261
4115000 261
4116000 261
4117000 261
4118000 261
4119000 261
4120000 261
4121000 262
4122000 262
4123000 262
4124000 262
4125000 262
4126000 262
4127000 262
4128000 262
4129000 262
4130000 262
4131000 262
4132000 262
4133000 262
4134000 263
4135000 263
4136000 263
4137000 263
4138000 263
4139000 263
4140000 263
4141000 263
4142000 263
4143000 263
4144000 264
4145000 264
4146000 264
4147000 264
4148000 264
4149000 264
4150000 264
4151000 264
4152000 264
4153000 264
4154000 264
4155000 264
4156000 264
4157000 265
4158000 265
4159000 265
4160000 265
4161000 265
4162000 265
4163000 265
4164000 265
4165000 265
4166000 265
4167000 265
4168000 266
4169000 266
4170000 266
4171000 266
4172000 266
4173000 266
4174000 266
4175000 266
4176000 266
4177000 266
4178000 266
4179000 267
4180000 267
4181000 267
4182000 267
4183000 267
4184000 267
4185000 267
4186000 267
4187000 267
4188000 267
4189000 267
4190000 267
4191000 268
4192000 268
4193000 268
4194000 268
4195000 268
4196000 268
4197000 268
4198000 268
4199000 268
4200000 268
4201000 268
4202000 268
4203000 268
4204000 268
4205000 269
4206000 269
4207000 269
4208000 269
4209000 269
4210000 269
4211000 269
4212000 269
4213000 269
4214000 269
4215000 269
4216000 269
4217000 269
4218000 270
4219000 270
4220000 270
4221000 270
4222000 270
4223000 270
4224000 270
4225000 270
4226000 270
4227000 270
4228000 270
4229000 270
4230000 270
4231000 271
4232000 271
4233000 271
4234000 271
4235000 271
4236000 271
4237000 271
4238000 271
4239000 271
4240000 271
4241000 271
4242000 271
4243000 271
4244000 272
4245000 272
4246000 272
4247000 272
4248000 272
4249000 272
4250000 272
4251000 272
4252000 272
4253000 272
4254000 272
4255000 272
4256000 273
4257000 273
4258000 273
4259000 273
4260000 273
4261000 273
4262000 273
4263000 273
4264000 273
4265000 273
4266000 273
4267000 274
4268000 274
4269000 274
4270000 274
4271000 274
4272000 274
4273000 274
4274000 274
4275000 274
4276000 274
4277000 275
4278000 275
4279000 275
4280000 275
4281000 275
4282000 275
4283000 275
4284000 275
4285000 275
4286000 275
4287000 275
4288000 275
4289000 276
4290000 276
4291000 276
4292000 276
4293000 276
4294000 276
4295000 276
4296000 276
4297000 276
4298000 276
4299000 277
4300000 277
4301000 277
4302000 277
4303000 277
4304000 277
4305000 277
4306000 277
4307000 277
4308000 277
4309000 278
4310000 278
4311000 278
4312000 278
4313000 278
4314000 278
4315000 278
4316000 278
4317000 278
4318000 278
4319000 278
4320000 278
4321000 279
4322000 279
4323000 279
4324000 279
4325000 279
4326000 279
4327000 279
4328000 279
4329000 279
4330000 279
4331000 279
4332000 279
4333000 280
4334000 280
4335000 280
4336000 280
4337000 280
4338000 280
4339000 280
4340000 280
4341000 280
4342000 280
4343000 280
4344000 280
4345000 281
4346000 281
4347000 281
4348000 281
4349000 281
4350000 281
4351000 281
4352000 281
4353000 281
4354000 281
4355000 281
4356000 281
4357000 282
4358000 282
4359000 282
4360000 282
4361000 282
4362000 282
4363000 282
4364000 282
4365000 282
4366000 282
4367000 282
4368000 282
4369000 282
4370000 283
4371000 283
4372000 283
4373000 283
4374000 283
4375000 283
4376000 283
4377000 283
4378000 283
4379000 283
4380000 283
4381000 283
4382000 283
4383000 283
4384000 283
4385000 283
4386000 283
4387000 284
4388000 284
4389000 284
4390000 284
4391000 284
4392000 284
4393000 284
4394000 284
4395000 284
4396000 284
4397000 284
4398000 284
4399000 284
4400000 284
4401000 284
4402000 284
4403000 284
4404000 284
4405000 284
4406000 284
4407000 285
4408000 285
4409000 285
4410000 285
4411000 285
4412000 285
4413000 285
4414000 285
4415000 285
4416000 285
4417000 285
4418000 285
4419000 285
4420000 285
4421000 285
4422000 285
4423000 285
4424000 285
4425000 285
4426000 285
4427000 286
4428000 286
4429000 286
4430000 286
4431000 286
4432000 286
4433000 286
4434000 286
4435000 286
4436000 286
4437000 286
4438000 286
4439000 286
4440000 286
4441000 286
4442000 286
4443000 286
4444000 286
4445000 286
4446000 287
4447000 287
4448000 287
4449000 287
4450000 287
4451000 287
4452000 287
4453000 287
4454000 287
4455000 287
4456000 287
4457000 287
4458000 287
4459000 287
4460000 287
4461000 287
4462000 287
4463000 287
4464000 288
4465000 288
4466000 288
4467000 288
4468000 288
4469000 288
4470000 288
4471000 288
4472000 288
4473000 288
4474000 288
4475000 288
4476000 288
4477000 288
4478000 288
4479000 288
4480000 288
4481000 288
4482000 288
4483000 288
4484000 288
4485000 289
4486000 289
4487000 289
4488000 289
4489000 289
4490000 289
4491000 289
4492000 289
4493000 289
4494000 290
4495000 290
4496000 290
4497000 290
4498000 290
4499000 290
4500000 290
4501000 290
4502000 290
4503000 291
4504000 291
4505000 291
4506000 291
4507000 291
4508000 291
4509000 291
4510000 291
4511000 291
4512000 291
4513000 291
4514000 292
4515000 292
4516000 292
4517000 292
4518000 292
4519000 292
4520000 292
4521000 292
4522000 292
4523000 292
4524000 293
4525000 293
4526000 293
4527000 293
4528000 293
4529000 293
4530000 293
4531000 293
4532000 294
4533000 294
4534000 294
4535000 294
4536000 294
4537000 294
4538000 294
4539000 294
4540000 294
4541000 294
4542000 294
4543000 295
4544000 295
4545000 295
4546000 295
4547000 295
4548000 295
4549000 295
4550000 295
4551000 295
4552000 295
4553000 295
4554000 295
4555000 295
4556000 296
4557000 296
4558000 296
4559000 296
4560000 296
4561000 296
4562000 296
4563000 296
4564000 296
4565000 296
4566000 297
4567000 297
4568000 297
4569000 297
4570000 297
4571000 297
4572000 297
4573000 297
4574000 297
4575000 297
4576000 297
4577000 297
4578000 297
4579000 297
4580000 297
4581000 297
4582000 297
4583000 297
4584000 298
4585000 298
4586000 298
4587000 298
4588000 298
4589000 298
4590000 298
4591000 298
4592000 298
4593000 298
4594000 298
4595000 298
4596000 298
4597000 298
4598000 298
4599000 298
4600000 298
4601000 298
4602000 298
4603000 298
4604000 299
4605000 299
4606000 299
4607000 299
4608000 299
4609000 299
4610000 299
4611000 299
4612000 299
4613000 299
4614000 299
4615000 300
4616000 300
4617000 300
4618000 300
4619000 300
4620000 300
4621000 300
4622000 300
4623000 300
4624000 300
4625000 300
4626000 300
4627000 300
4628000 300
4629000 300
4630000 301
4631000 301
4632000 301
4633000 301
4634000 301
4635000 301
4636000 301
4637000 301
4638000 301
4639000 301
4640000 301
4641000 301
4642000 302
4643000 302
4644000 302
4645000 302
4646000 302
4647000 302
4648000 302
4649000 302
4650000 302
4651000 302
4652000 302
4653000 302
4654000 302
4655000 302
4656000 303
4657000 303
4658000 303
4659000 303
4660000 303
4661000 303
4662000 303
4663000 303
4664000 304
4665000 304
4666000 304
4667000 304
4668000 304
4669000 304
4670000 304
4671000 304
4672000 304
4673000 304
4674000 304
4675000 304
4676000 304
4677000 304
4678000 304
4679000 305
4680000 305
4681000 305
4682000 305
4683000 305
4684000 305
4685000 305
4686000 305
4687000 305
4688000 305
4689000 305
4690000 305
4691000 305
4692000 306
4693000 306
4694000 306
4695000 306
4696000 306
4697000 306
4698000 306
4699000 306
4700000 306
4701000 306
4702000 306
4703000 306
4704000 306
4705000 306
4706000 307
4707000 307
4708000 307
4709000 307
4710000 307
4711000 307
4712000 307
4713000 307
4714000 307
4715000 307
4716000 307
4717000 307
4718000 307
4719000 307
4720000 307
4721000 308
4722000 308
4723000 308
4724000 308
4725000 308
4726000 308
4727000 308
4728000 308
4729000 308
4730000 308
4731000 308
4732000 308
4733000 308
4734000 308
4735000 308
4736000 308
4737000 309
4738000 309
4739000 309
4740000 309
4741000 309
4742000 309
4743000 309
4744000 309
4745000 309
4746000 309
4747000 309
4748000 309
4749000 310
4750000 310
4751000 310
4752000 310
4753000 310
4754000 310
4755000 310
4756000 310
4757000 310
4758000 311
4759000 311
4760000 311
4761000 311
4762000 311
4763000 311
4764000 311
4765000 311
4766000 311
4767000 311
4768000 311
4769000 311
4770000 311
4771000 311
4772000 312
4773000 312
4774000 312
4775000 312
4776000 312
4777000 312
4778000 312
4779000 312
4780000 312
4781000 312
4782000 312
4783000 312
4784000 313
4785000 313
4786000 313
4787000 313
4788000 313
4789000 313
4790000 313
4791000 313
4792000 313
4793000 313
4794000 313
4795000 313
4796000 313
4797000 313
4798000 313
4799000 314
4800000 314
4801000 314
4802000 314
4803000 314
4804000 314
4805000 314
4806000 314
4807000 314
4808000 314
4809000 314
4810000 314
4811000 314
4812000 314
4813000 314
4814000 314
4815000 314
4816000 314
4817000 315
4818000 315
4819000 315
4820000 315
4821000 315
4822000 315
4823000 315
4824000 315
4825000 315
4826000 315
4827000 315
4828000 315
4829000 315
4830000 315
4831000 315
4832000 315
4833000 315
4834000 315
4835000 316
4836000 316
4837000 316
4838000 316
4839000 316
4840000 316
4841000 316
4842000 316
4843000 316
4844000 316
4845000 316
4846000 316
4847000 316
4848000 316
4849000 316
4850000 316
4851000 316
4852000 317
4853000 317
4854000 317
4855000 317
4856000 317
4857000 317
4858000 317
4859000 317
4860000 317
4861000 317
4862000 317
4863000 317
4864000 317
4865000 317
4866000 317
4867000 317
4868000 317
4869000 317
4870000 317
4871000 317
4872000 318
4873000 318
4874000 318
4875000 318
4876000 318
4877000 318
4878000 318
4879000 318
4880000 318
4881000 318
4882000 318
4883000 318
4884000 318
4885000 318
4886000 318
4887000 318
4888000 318
4889000 318
4890000 318
4891000 319
4892000 319
4893000 319
4894000 319
4895000 319
4896000 319
4897000 319
4898000 319
4899000 319
4900000 319
4901000 319
4902000 319
4903000 319
4904000 319
4905000 319
4906000 319
4907000 319
4908000 319
4909000 319
4910000 319
4911000 319
4912000 319
4913000 319
4914000 320
4915000 320
4916000 320
4917000 320
4918000 320
4919000 320
4920000 320
4921000 320
4922000 320
4923000 320
4924000 320
4925000 320
4926000 320
4927000 320
4928000 320
4929000 320
4930000 320
4931000 320
4932000 320
4933000 320
4934000 320
4935000 320
4936000 320
4937000 321
4938000 321
4939000 321
4940000 321
4941000 321
4942000 321
4943000 321
4944000 321
4945000 321
4946000 321
4947000 321
4948000 321
4949000 321
4950000 321
4951000 321
4952000 321
4953000 321
4954000 321
4955000 321
4956000 322
4957000 322
4958000 322
4959000 322
4960000 322
4961000 322
4962000 322
4963000 322
4964000 322
4965000 322
4966000 322
4967000 322
4968000 322
4969000 322
4970000 322
4971000 322
4972000 322
4973000 322
4974000 322
4975000 322
4976000 322
4977000 323
4978000 323
4979000 323
4980000 323
4981000 323
4982000 323
4983000 323
4984000 323
4985000 323
4986000 323
4987000 323
4988000 323
4989000 323
4990000 323
4991000 323
4992000 323
4993000 323
4994000 323
4995000 323
4996000 323
4997000 323
4998000 323
4999000 323
5000000 323
