0 0
1000 0
2000 0
3000 0
4000 0
5000 0
6000 0
7000 0
8000 0
9000 0
10000 0
11000 0
12000 0
13000 0
14000 0
15000 0
16000 0
17000 0
18000 0
19000 0
20000 0
21000 0
22000 0
23000 0
24000 0
25000 0
26000 0
27000 0
28000 0
29000 0
30000 1
31000 1
32000 1
33000 1
34000 1
35000 1
36000 1
37000 1
38000 1
39000 1
40000 1
41000 1
42000 1
43000 1
44000 1
45000 1
46000 1
47000 1
48000 1
49000 2
50000 2
51000 2
52000 2
53000 2
54000 2
55000 2
56000 2
57000 2
58000 2
59000 2
60000 2
61000 2
62000 2
63000 3
64000 3
65000 3
66000 3
67000 3
68000 3
69000 3
70000 3
71000 3
72000 3
73000 3
74000 3
75000 4
76000 4
77000 4
78000 4
79000 4
80000 4
81000 4
82000 4
83000 4
84000 4
85000 4
86000 5
87000 5
88000 5
89000 5
90000 5
91000 5
92000 5
93000 5
94000 5
95000 5
96000 5
97000 5
98000 5
99000 5
100000 5
101000 5
102000 6
103000 6
104000 6
105000 6
106000 6
107000 6
108000 6
109000 6
110000 6
111000 6
112000 6
113000 6
114000 6
115000 6
116000 6
117000 6
118000 6
119000 7
120000 7
121000 7
122000 7
123000 7
124000 7
125000 7
126000 7
127000 7
128000 7
129000 7
130000 7
131000 7
132000 7
133000 7
134000 7
135000 7
136000 7
137000 7
138000 7
139000 7
140000 7
141000 7
142000 7
143000 7
144000 7
145000 7
146000 7
147000 7
148000 7
149000 7
150000 7
151000 7
152000 7
153000 7
154000 7
155000 7
156000 7
157000 7
158000 7
159000 8
160000 8
161000 8
162000 8
163000 8
164000 8
165000 8
166000 8
167000 8
168000 8
169000 8
170000 8
171000 8
172000 8
173000 8
174000 8
175000 8
176000 9
177000 9
178000 9
179000 9
180000 9
181000 9
182000 9
183000 9
184000 9
185000 9
186000 9
187000 9
188000 9
189000 9
190000 10
191000 10
192000 10
193000 10
194000 10
195000 10
196000 10
197000 10
198000 10
199000 10
200000 10
201000 10
202000 10
203000 10
204000 10
205000 10
206000 10
207000 10
208000 10
209000 10
210000 11
211000 11
212000 11
213000 11
214000 11
215000 11
216000 11
217000 11
218000 11
219000 11
220000 11
221000 11
222000 11
223000 11
224000 11
225000 11
226000 11
227000 11
228000 11
229000 12
230000 12
231000 12
232000 12
233000 12
234000 12
235000 12
236000 12
237000 12
238000 12
239000 12
240000 12
241000 13
242000 13
243000 13
244000 13
245000 13
246000 13
247000 13
248000 13
249000 13
250000 13
251000 13
252000 14
253000 14
254000 14
255000 14
256000 14
257000 14
258000 14
259000 14
260000 14
261000 14
262000 14
263000 14
264000 14
265000 14
266000 14
267000 14
268000 14
269000 14
270000 14
271000 14
272000 14
273000 14
274000 14
275000 14
276000 14
277000 14
278000 14
279000 14
280000 14
281000 14
282000 14
283000 14
284000 14
285000 14
286000 15
287000 15
288000 15
289000 15
290000 15
291000 15
292000 15
293000 15
294000 15
295000 15
296000 15
297000 15
298000 15
299000 15
300000 15
301000 15
302000 15
303000 15
304000 15
305000 15
306000 15
307000 15
308000 15
309000 15
310000 15
311000 15
312000 15
313000 16
314000 16
315000 16
316000 16
317000 16
318000 16
319000 16
320000 16
321000 16
322000 16
323000 16
324000 16
325000 16
326000 16
327000 16
328000 16
329000 16
330000 17
331000 17
332000 17
333000 17
334000 17
335000 17
336000 17
337000 17
338000 17
339000 17
340000 17
341000 17
342000 17
343000 17
344000 18
345000 18
346000 18
347000 18
348000 18
349000 18
350000 18
351000 18
352000 18
353000 18
354000 18
355000 18
356000 18
357000 18
358000 18
359000 18
360000 18
361000 18
362000 18
363000 18
364000 18
365000 18
366000 18
367000 18
368000 19
369000 19
370000 19
371000 19
372000 19
373000 19
374000 19
375000 19
376000 19
377000 19
378000 19
379000 19
380000 19
381000 19
382000 19
383000 19
384000 19
385000 19
386000 19
387000 19
388000 19
389000 20
390000 20
391000 20
392000 20
393000 20
394000 20
395000 20
396000 20
397000 20
398000 20
399000 20
400000 20
401000 20
402000 20
403000 20
404000 20
405000 20
406000 20
407000 20
408000 20
409000 20
410000 20
411000 20
412000 20
413000 20
414000 20
415000 20
416000 20
417000 20
418000 20
419000 20
420000 20
421000 20
422000 20
423000 20
424000 20
425000 20
426000 20
427000 20
428000 20
429000 20
430000 20
431000 20
432000 20
433000 20
434000 20
435000 20
436000 20
437000 20
438000 20
439000 20
440000 20
441000 20
442000 20
443000 20
444000 20
445000 20
446000 20
447000 20
448000 20
449000 20
450000 20
451000 20
452000 20
453000 20
454000 20
455000 20
456000 20
457000 20
458000 20
459000 20
460000 20
461000 20
462000 20
463000 20
464000 20
465000 20
466000 20
467000 20
468000 20
469000 20
470000 20
471000 20
472000 20
473000 20
474000 20
475000 20
476000 21
477000 21
478000 21
479000 21
480000 21
481000 21
482000 21
483000 21
484000 21
485000 21
486000 21
487000 21
488000 21
489000 21
490000 21
491000 21
492000 21
493000 21
494000 21
495000 21
496000 21
497000 21
498000 21
499000 21
500000 21
501000 21
502000 21
503000 21
504000 21
505000 21
506000 21
507000 21
508000 21
509000 21
510000 21
511000 21
512000 21
513000 21
514000 21
515000 21
516000 21
517000 21
518000 21
519000 21
520000 21
521000 21
522000 21
523000 21
524000 21
525000 21
526000 21
527000 21
528000 21
529000 21
530000 21
531000 21
532000 21
533000 21
534000 21
535000 21
536000 21
537000 21
538000 21
539000 21
540000 21
541000 21
542000 21
543000 21
544000 21
545000 21
546000 21
547000 21
548000 21
549000 21
550000 21
551000 21
552000 21
553000 21
554000 21
555000 21
556000 21
557000 21
558000 21
559000 21
560000 21
561000 21
562000 21
563000 21
564000 21
565000 21
566000 21
567000 21
568000 21
569000 21
570000 21
571000 21
572000 21
573000 21
574000 21
575000 21
576000 21
577000 21
578000 21
579000 21
580000 21
581000 21
582000 21
583000 21
584000 21
585000 21
586000 21
587000 21
588000 21
589000 21
590000 21
591000 21
592000 21
593000 21
594000 21
595000 21
596000 21
597000 21
598000 21
599000 21
600000 21
601000 21
602000 21
603000 21
604000 21
605000 21
606000 22
607000 22
608000 22
609000 22
610000 22
611000 22
612000 22
613000 22
614000 22
615000 22
616000 22
617000 22
618000 22
619000 22
620000 22
621000 22
622000 22
623000 23
624000 23
625000 23
626000 23
627000 23
628000 23
629000 23
630000 23
631000 23
632000 23
633000 23
634000 24
635000 24
636000 24
637000 24
638000 24
639000 24
640000 24
641000 24
642000 24
643000 24
644000 24
645000 24
646000 25
647000 25
648000 25
649000 25
650000 25
651000 25
652000 25
653000 25
654000 25
655000 25
656000 26
657000 26
658000 26
659000 26
660000 26
661000 26
662000 26
663000 26
664000 26
665000 26
666000 26
667000 27
668000 27
669000 27
670000 27
671000 27
672000 27
673000 27
674000 27
675000 27
676000 27
677000 27
678000 27
679000 27
680000 27
681000 28
682000 28
683000 28
684000 28
685000 28
686000 28
687000 28
688000 28
689000 28
690000 29
691000 29
692000 29
693000 29
694000 29
695000 29
696000 29
697000 29
698000 29
699000 29
700000 29
701000 30
702000 30
703000 30
704000 30
705000 30
706000 30
707000 30
708000 30
709000 30
710000 30
711000 30
712000 30
713000 30
714000 31
715000 31
716000 31
717000 31
718000 31
719000 31
720000 31
721000 31
722000 31
723000 31
724000 31
725000 31
726000 31
727000 31
728000 31
729000 31
730000 31
731000 32
732000 32
733000 32
734000 32
735000 32
736000 32
737000 32
738000 32
739000 32
740000 32
741000 32
742000 33
743000 33
744000 33
745000 33
746000 33
747000 33
748000 33
749000 33
750000 33
751000 33
752000 33
753000 34
754000 34
755000 34
756000 34
757000 34
758000 34
759000 34
760000 34
761000 34
762000 34
763000 34
764000 35
765000 35
766000 35
767000 35
768000 35
769000 35
770000 35
771000 35
772000 35
773000 35
774000 35
775000 36
776000 36
777000 36
778000 36
779000 36
780000 36
781000 36
782000 36
783000 36
784000 36
785000 36
786000 37
787000 37
788000 37
789000 37
790000 37
791000 37
792000 37
793000 37
794000 37
795000 37
796000 38
797000 38
798000 38
799000 38
800000 38
801000 38
802000 38
803000 38
804000 38
805000 38
806000 38
807000 38
808000 38
809000 38
810000 38
811000 38
812000 39
813000 39
814000 39
815000 39
816000 39
817000 39
818000 39
819000 39
820000 39
821000 39
822000 39
823000 39
824000 39
825000 39
826000 40
827000 40
828000 40
829000 40
830000 40
831000 40
832000 40
833000 40
834000 40
835000 40
836000 40
837000 40
838000 41
839000 41
840000 41
841000 41
842000 41
843000 41
844000 41
845000 41
846000 41
847000 41
848000 41
849000 41
850000 41
851000 41
852000 41
853000 42
854000 42
855000 42
856000 42
857000 42
858000 42
859000 42
860000 42
861000 42
862000 42
863000 42
864000 42
865000 42
866000 43
867000 43
868000 43
869000 43
870000 43
871000 43
872000 43
873000 43
874000 43
875000 43
876000 43
877000 43
878000 43
879000 43
880000 43
881000 43
882000 43
883000 43
884000 44
885000 44
886000 44
887000 44
888000 44
889000 44
890000 44
891000 44
892000 44
893000 44
894000 44
895000 44
896000 44
897000 44
898000 45
899000 45
900000 45
901000 45
902000 45
903000 45
904000 45
905000 45
906000 45
907000 45
908000 45
909000 45
910000 45
911000 45
912000 45
913000 45
914000 46
915000 46
916000 46
917000 46
918000 46
919000 46
920000 46
921000 46
922000 46
923000 46
924000 46
925000 46
926000 46
927000 46
928000 46
929000 46
930000 46
931000 46
932000 46
933000 46
934000 47
935000 47
936000 47
937000 47
938000 47
939000 47
940000 47
941000 47
942000 47
943000 47
944000 47
945000 47
946000 48
947000 48
948000 48
949000 48
950000 48
951000 48
952000 48
953000 48
954000 48
955000 48
956000 49
957000 49
958000 49
959000 49
960000 49
961000 49
962000 49
963000 49
964000 49
965000 49
966000 49
967000 49
968000 49
969000 49
970000 49
971000 49
972000 49
973000 49
974000 49
975000 49
976000 50
977000 50
978000 50
979000 50
980000 50
981000 50
982000 50
983000 50
984000 50
985000 50
986000 50
987000 50
988000 50
989000 50
990000 51
991000 51
992000 51
993000 51
994000 51
995000 51
996000 51
997000 51
998000 51
999000 51
1000000 51
1001000 51
1002000 51
1003000 51
1004000 51
1005000 51
1006000 51
1007000 52
1008000 52
1009000 52
1010000 52
1011000 52
1012000 52
1013000 52
1014000 52
1015000 52
1016000 52
1017000 52
1018000 52
1019000 52
1020000 52
1021000 52
1022000 52
1023000 52
1024000 52
1025000 52
1026000 52
1027000 53
1028000 53
1029000 53
1030000 53
1031000 53
1032000 53
1033000 53
1034000 53
1035000 53
1036000 53
1037000 54
1038000 54
1039000 54
1040000 54
1041000 54
1042000 54
1043000 54
1044000 54
1045000 54
1046000 54
1047000 54
1048000 55
1049000 55
1050000 55
1051000 55
1052000 55
1053000 55
1054000 55
1055000 55
1056000 55
1057000 55
1058000 56
1059000 56
1060000 56
1061000 56
1062000 56
1063000 56
1064000 56
1065000 56
1066000 56
1067000 56
1068000 56
1069000 57
1070000 57
1071000 57
1072000 57
1073000 57
1074000 57
1075000 57
1076000 57
1077000 57
1078000 57
1079000 58
1080000 58
1081000 58
1082000 58
1083000 58
1084000 58
1085000 58
1086000 58
1087000 58
1088000 59
1089000 59
1090000 59
1091000 59
1092000 59
1093000 59
1094000 59
1095000 59
1096000 59
1097000 60
1098000 60
1099000 60
1100000 60
1101000 60
1102000 60
1103000 60
1104000 60
1105000 60
1106000 60
1107000 61
1108000 61
1109000 61
1110000 61
1111000 61
1112000 61
1113000 61
1114000 61
1115000 61
1116000 62
1117000 62
1118000 62
1119000 62
1120000 62
1121000 62
1122000 62
1123000 62
1124000 62
1125000 63
1126000 63
1127000 63
1128000 63
1129000 63
1130000 63
1131000 63
1132000 63
1133000 63
1134000 63
1135000 64
1136000 64
1137000 64
1138000 64
1139000 64
1140000 64
1141000 64
1142000 64
1143000 64
1144000 64
1145000 65
1146000 65
1147000 65
1148000 65
1149000 65
1150000 65
1151000 65
1152000 65
1153000 65
1154000 65
1155000 66
1156000 66
1157000 66
1158000 66
1159000 66
1160000 66
1161000 66
1162000 66
1163000 66
1164000 66
1165000 67
1166000 67
1167000 67
1168000 67
1169000 67
1170000 67
1171000 67
1172000 67
1173000 68
1174000 68
1175000 68
1176000 68
1177000 68
1178000 68
1179000 68
1180000 68
1181000 69
1182000 69
1183000 69
1184000 69
1185000 69
1186000 69
1187000 69
1188000 69
1189000 69
1190000 70
1191000 70
1192000 70
1193000 70
1194000 70
1195000 70
1196000 70
1197000 70
1198000 70
1199000 71
1200000 71
1201000 71
1202000 71
1203000 71
1204000 71
1205000 71
1206000 71
1207000 71
1208000 71
1209000 71
1210000 72
1211000 72
1212000 72
1213000 72
1214000 72
1215000 72
1216000 72
1217000 72
1218000 72
1219000 72
1220000 73
1221000 73
1222000 73
1223000 73
1224000 73
1225000 73
1226000 73
1227000 73
1228000 73
1229000 73
1230000 73
1231000 74
1232000 74
1233000 74
1234000 74
1235000 74
1236000 74
1237000 74
1238000 74
1239000 74
1240000 75
1241000 75
1242000 75
1243000 75
1244000 75
1245000 75
1246000 75
1247000 75
1248000 75
1249000 75
1250000 76
1251000 76
1252000 76
1253000 76
1254000 76
1255000 76
1256000 76
1257000 76
1258000 76
1259000 77
1260000 77
1261000 77
1262000 77
1263000 77
1264000 77
1265000 77
1266000 77
1267000 77
1268000 78
1269000 78
1270000 78
1271000 78
1272000 78
1273000 78
1274000 78
1275000 78
1276000 78
1277000 78
1278000 78
1279000 78
1280000 79
1281000 79
1282000 79
1283000 79
1284000 79
1285000 79
1286000 79
1287000 79
1288000 79
1289000 79
1290000 79
1291000 79
1292000 79
1293000 79
1294000 79
1295000 80
1296000 80
1297000 80
1298000 80
1299000 80
1300000 80
1301000 80
1302000 80
1303000 80
1304000 80
1305000 81
1306000 81
1307000 81
1308000 81
1309000 81
1310000 81
1311000 81
1312000 81
1313000 81
1314000 81
1315000 82
1316000 82
1317000 82
1318000 82
1319000 82
1320000 82
1321000 82
1322000 82
1323000 82
1324000 82
1325000 83
1326000 83
1327000 83
1328000 83
1329000 83
1330000 83
1331000 83
1332000 83
1333000 83
1334000 83
1335000 84
1336000 84
1337000 84
1338000 84
1339000 84
1340000 84
1341000 84
1342000 84
1343000 84
1344000 85
1345000 85
1346000 85
1347000 85
1348000 85
1349000 85
1350000 85
1351000 85
1352000 85
1353000 85
1354000 85
1355000 86
1356000 86
1357000 86
1358000 86
1359000 86
1360000 86
1361000 86
1362000 86
1363000 86
1364000 87
1365000 87
1366000 87
1367000 87
1368000 87
1369000 87
1370000 87
1371000 87
1372000 87
1373000 88
1374000 88
1375000 88
1376000 88
1377000 88
1378000 88
1379000 88
1380000 88
1381000 88
1382000 88
1383000 88
1384000 89
1385000 89
1386000 89
1387000 89
1388000 89
1389000 89
1390000 89
1391000 89
1392000 90
1393000 90
1394000 90
1395000 90
1396000 90
1397000 90
1398000 90
1399000 90
1400000 90
1401000 90
1402000 91
1403000 91
1404000 91
1405000 91
1406000 91
1407000 91
1408000 91
1409000 91
1410000 91
1411000 92
1412000 92
1413000 92
1414000 92
1415000 92
1416000 92
1417000 92
1418000 92
1419000 92
1420000 92
1421000 93
1422000 93
1423000 93
1424000 93
1425000 93
1426000 93
1427000 93
1428000 93
1429000 94
1430000 94
1431000 94
1432000 94
1433000 94
1434000 94
1435000 94
1436000 94
1437000 94
1438000 95
1439000 95
1440000 95
1441000 95
1442000 95
1443000 95
1444000 95
1445000 95
1446000 95
1447000 96
1448000 96
1449000 96
1450000 96
1451000 96
1452000 96
1453000 96
1454000 96
1455000 96
1456000 96
1457000 96
1458000 97
1459000 97
1460000 97
1461000 97
1462000 97
1463000 97
1464000 97
1465000 97
1466000 97
1467000 97
1468000 97
1469000 98
1470000 98
1471000 98
1472000 98
1473000 98
1474000 98
1475000 98
1476000 98
1477000 98
1478000 99
1479000 99
1480000 99
1481000 99
1482000 99
1483000 99
1484000 99
1485000 99
1486000 99
1487000 99
1488000 100
1489000 100
1490000 100
1491000 100
1492000 100
1493000 100
1494000 100
1495000 100
1496000 100
1497000 100
1498000 100
1499000 100
1500000 101
1501000 101
1502000 101
1503000 101
1504000 101
1505000 101
1506000 101
1507000 101
1508000 102
1509000 102
1510000 102
1511000 102
1512000 102
1513000 102
1514000 102
1515000 102
1516000 102
1517000 102
1518000 102
1519000 102
1520000 102
1521000 103
1522000 103
1523000 103
1524000 103
1525000 103
1526000 103
1527000 103
1528000 103
1529000 103
1530000 103
1531000 103
1532000 104
1533000 104
1534000 104
1535000 104
1536000 104
1537000 104
1538000 104
1539000 104
1540000 104
1541000 104
1542000 105
1543000 105
1544000 105
1545000 105
1546000 105
1547000 105
1548000 105
1549000 105
1550000 106
1551000 106
1552000 106
1553000 106
1554000 106
1555000 106
1556000 106
1557000 106
1558000 106
1559000 106
1560000 106
1561000 107
1562000 107
1563000 107
1564000 107
1565000 107
1566000 107
1567000 107
1568000 107
1569000 107
1570000 107
1571000 108
1572000 108
1573000 108
1574000 108
1575000 108
1576000 108
1577000 108
1578000 108
1579000 109
1580000 109
1581000 109
1582000 109
1583000 109
1584000 109
1585000 109
1586000 109
1587000 109
1588000 109
1589000 110
1590000 110
1591000 110
1592000 110
1593000 110
1594000 110
1595000 110
1596000 110
1597000 110
1598000 110
1599000 110
1600000 111
1601000 111
1602000 111
1603000 111
1604000 111
1605000 111
1606000 111
1607000 111
1608000 111
1609000 111
1610000 111
1611000 112
1612000 112
1613000 112
1614000 112
1615000 112
1616000 112
1617000 112
1618000 112
1619000 112
1620000 113
1621000 113
1622000 113
1623000 113
1624000 113
1625000 113
1626000 113
1627000 113
1628000 113
1629000 113
1630000 113
1631000 114
1632000 114
1633000 114
1634000 114
1635000 114
1636000 114
1637000 114
1638000 114
1639000 114
1640000 114
1641000 115
1642000 115
1643000 115
1644000 115
1645000 115
1646000 115
1647000 115
1648000 115
1649000 115
1650000 115
1651000 116
1652000 116
1653000 116
1654000 116
1655000 116
1656000 116
1657000 116
1658000 116
1659000 116
1660000 116
1661000 116
1662000 116
1663000 116
1664000 117
1665000 117
1666000 117
1667000 117
1668000 117
1669000 117
1670000 117
1671000 117
1672000 117
1673000 117
1674000 117
1675000 117
1676000 117
1677000 117
1678000 117
1679000 117
1680000 117
1681000 117
1682000 118
1683000 118
1684000 118
1685000 118
1686000 118
1687000 118
1688000 118
1689000 118
1690000 118
1691000 118
1692000 119
1693000 119
1694000 119
1695000 119
1696000 119
1697000 119
1698000 119
1699000 119
1700000 119
1701000 120
1702000 120
1703000 120
1704000 120
1705000 120
1706000 120
1707000 120
1708000 120
1709000 120
1710000 120
1711000 120
1712000 120
1713000 120
1714000 120
1715000 120
1716000 120
1717000 121
1718000 121
1719000 121
1720000 121
1721000 121
1722000 121
1723000 121
1724000 121
1725000 121
1726000 121
1727000 121
1728000 121
1729000 121
1730000 121
1731000 121
1732000 121
1733000 121
1734000 121
1735000 121
1736000 122
1737000 122
1738000 122
1739000 122
1740000 122
1741000 122
1742000 122
1743000 122
1744000 122
1745000 122
1746000 123
1747000 123
1748000 123
1749000 123
1750000 123
1751000 123
1752000 123
1753000 123
1754000 123
1755000 123
1756000 123
1757000 123
1758000 124
1759000 124
1760000 124
1761000 124
1762000 124
1763000 124
1764000 124
1765000 124
1766000 124
1767000 124
1768000 124
1769000 124
1770000 125
1771000 125
1772000 125
1773000 125
1774000 125
1775000 125
1776000 125
1777000 125
1778000 125
1779000 125
1780000 125
1781000 125
1782000 126
1783000 126
1784000 126
1785000 126
1786000 126
1787000 126
1788000 126
1789000 126
1790000 126
1791000 126
1792000 127
1793000 127
1794000 127
1795000 127
1796000 127
1797000 127
1798000 127
1799000 127
1800000 127
1801000 127
1802000 127
1803000 128
1804000 128
1805000 128
1806000 128
1807000 128
1808000 128
1809000 128
1810000 128
1811000 128
1812000 128
1813000 128
1814000 129
1815000 129
1816000 129
1817000 129
1818000 129
1819000 129
1820000 129
1821000 129
1822000 129
1823000 129
1824000 130
1825000 130
1826000 130
1827000 130
1828000 130
1829000 130
1830000 130
1831000 130
1832000 130
1833000 130
1834000 130
1835000 130
1836000 130
1837000 130
1838000 131
1839000 131
1840000 131
1841000 131
1842000 131
1843000 131
1844000 131
1845000 131
1846000 131
1847000 131
1848000 131
1849000 131
1850000 131
1851000 131
1852000 131
1853000 131
1854000 131
1855000 132
1856000 132
1857000 132
1858000 132
1859000 132
1860000 132
1861000 132
1862000 132
1863000 132
1864000 132
1865000 132
1866000 132
1867000 132
1868000 133
1869000 133
1870000 133
1871000 133
1872000 133
1873000 133
1874000 133
1875000 133
1876000 133
1877000 133
1878000 133
1879000 133
1880000 133
1881000 133
1882000 133
1883000 134
1884000 134
1885000 134
1886000 134
1887000 134
1888000 134
1889000 134
1890000 134
1891000 134
1892000 134
1893000 134
1894000 134
1895000 134
1896000 134
1897000 134
1898000 135
1899000 135
1900000 135
1901000 135
1902000 135
1903000 135
1904000 135
1905000 135
1906000 135
1907000 135
1908000 135
1909000 135
1910000 135
1911000 135
1912000 136
1913000 136
1914000 136
1915000 136
1916000 136
1917000 136
1918000 136
1919000 136
1920000 136
1921000 136
1922000 136
1923000 136
1924000 136
1925000 136
1926000 136
1927000 136
1928000 137
1929000 137
1930000 137
1931000 137
1932000 137
1933000 137
1934000 137
1935000 137
1936000 137
1937000 137
1938000 137
1939000 138
1940000 138
1941000 138
1942000 138
1943000 138
1944000 138
1945000 138
1946000 138
1947000 138
1948000 138
1949000 138
1950000 138
1951000 139
1952000 139
1953000 139
1954000 139
1955000 139
1956000 139
1957000 139
1958000 139
1959000 140
1960000 140
1961000 140
1962000 140
1963000 140
1964000 140
1965000 140
1966000 140
1967000 140
1968000 140
1969000 140
1970000 140
1971000 140
1972000 140
1973000 141
1974000 141
1975000 141
1976000 141
1977000 141
1978000 141
1979000 141
1980000 141
1981000 141
1982000 141
1983000 141
1984000 142
1985000 142
1986000 142
1987000 142
1988000 142
1989000 142
1990000 142
1991000 142
1992000 142
1993000 142
1994000 143
1995000 143
1996000 143
1997000 143
1998000 143
1999000 143
2000000 143
2001000 143
2002000 143
2003000 143
2004000 143
2005000 143
2006000 144
2007000 144
2008000 144
2009000 144
2010000 144
2011000 144
2012000 144
2013000 144
2014000 144
2015000 144
2016000 145
2017000 145
2018000 145
2019000 145
2020000 145
2021000 145
2022000 145
2023000 145
2024000 145
2025000 145
2026000 145
2027000 146
2028000 146
2029000 146
2030000 146
2031000 146
2032000 146
2033000 146
2034000 146
2035000 146
2036000 146
2037000 146
2038000 147
2039000 147
2040000 147
2041000 147
2042000 147
2043000 147
2044000 147
2045000 147
2046000 147
2047000 148
2048000 148
2049000 148
2050000 148
2051000 148
2052000 148
2053000 148
2054000 148
2055000 148
2056000 148
2057000 148
2058000 148
2059000 149
2060000 149
2061000 149
2062000 149
2063000 149
2064000 149
2065000 149
2066000 149
2067000 149
2068000 149
2069000 149
2070000 149
2071000 149
2072000 149
2073000 149
2074000 150
2075000 150
2076000 150
2077000 150
2078000 150
2079000 150
2080000 150
2081000 150
2082000 150
2083000 150
2084000 150
2085000 151
2086000 151
2087000 151
2088000 151
2089000 151
2090000 151
2091000 151
2092000 151
2093000 151
2094000 151
2095000 152
2096000 152
2097000 152
2098000 152
2099000 152
2100000 152
2101000 152
2102000 152
2103000 152
2104000 153
2105000 153
2106000 153
2107000 153
2108000 153
2109000 153
2110000 153
2111000 153
2112000 153
2113000 154
2114000 154
2115000 154
2116000 154
2117000 154
2118000 154
2119000 154
2120000 154
2121000 154
2122000 154
2123000 155
2124000 155
2125000 155
2126000 155
2127000 155
2128000 155
2129000 155
2130000 155
2131000 155
2132000 156
2133000 156
2134000 156
2135000 156
2136000 156
2137000 156
2138000 156
2139000 156
2140000 156
2141000 156
2142000 157
2143000 157
2144000 157
2145000 157
2146000 157
2147000 157
2148000 157
2149000 157
2150000 157
2151000 157
2152000 158
2153000 158
2154000 158
2155000 158
2156000 158
2157000 158
2158000 158
2159000 158
2160000 158
2161000 158
2162000 159
2163000 159
2164000 159
2165000 159
2166000 159
2167000 159
2168000 159
2169000 159
2170000 159
2171000 159
2172000 159
2173000 159
2174000 159
2175000 159
2176000 159
2177000 159
2178000 159
2179000 159
2180000 159
2181000 159
2182000 159
2183000 159
2184000 159
2185000 159
2186000 159
2187000 159
2188000 159
2189000 159
2190000 160
2191000 160
2192000 160
2193000 160
2194000 160
2195000 160
2196000 160
2197000 160
2198000 160
2199000 160
2200000 160
2201000 160
2202000 160
2203000 160
2204000 160
2205000 161
2206000 161
2207000 161
2208000 161
2209000 161
2210000 161
2211000 161
2212000 161
2213000 161
2214000 161
2215000 161
2216000 162
2217000 162
2218000 162
2219000 162
2220000 162
2221000 162
2222000 162
2223000 162
2224000 162
2225000 162
2226000 162
2227000 162
2228000 162
2229000 162
2230000 162
2231000 162
2232000 162
2233000 162
2234000 163
2235000 163
2236000 163
2237000 163
2238000 163
2239000 163
2240000 163
2241000 163
2242000 163
2243000 163
2244000 163
2245000 163
2246000 163
2247000 163
2248000 164
2249000 164
2250000 164
2251000 164
2252000 164
2253000 164
2254000 164
2255000 164
2256000 164
2257000 164
2258000 164
2259000 164
2260000 164
2261000 164
2262000 165
2263000 165
2264000 165
2265000 165
2266000 165
2267000 165
2268000 165
2269000 165
2270000 165
2271000 165
2272000 165
2273000 165
2274000 165
2275000 165
2276000 165
2277000 166
2278000 166
2279000 166
2280000 166
2281000 166
2282000 166
2283000 166
2284000 166
2285000 166
2286000 166
2287000 166
2288000 166
2289000 166
2290000 166
2291000 166
2292000 166
2293000 166
2294000 166
2295000 167
2296000 167
2297000 167
2298000 167
2299000 167
2300000 167
2301000 167
2302000 167
2303000 167
2304000 167
2305000 167
2306000 167
2307000 167
2308000 167
2309000 167
2310000 167
2311000 167
2312000 167
2313000 168
2314000 168
2315000 168
2316000 168
2317000 168
2318000 168
2319000 168
2320000 168
2321000 168
2322000 168
2323000 168
2324000 168
2325000 169
2326000 169
2327000 169
2328000 169
2329000 169
2330000 169
2331000 169
2332000 169
2333000 169
2334000 169
2335000 169
2336000 169
2337000 169
2338000 169
2339000 169
2340000 170
2341000 170
2342000 170
2343000 170
2344000 170
2345000 170
2346000 170
2347000 170
2348000 170
2349000 170
2350000 170
2351000 170
2352000 170
2353000 170
2354000 171
2355000 171
2356000 171
2357000 171
2358000 171
2359000 171
2360000 171
2361000 171
2362000 171
2363000 171
2364000 171
2365000 171
2366000 171
2367000 171
2368000 171
2369000 171
2370000 172
2371000 172
2372000 172
2373000 172
2374000 172
2375000 172
2376000 172
2377000 172
2378000 172
2379000 172
2380000 172
2381000 172
2382000 172
2383000 172
2384000 172
2385000 172
2386000 172
2387000 172
2388000 172
2389000 172
2390000 173
2391000 173
2392000 173
2393000 173
2394000 173
2395000 173
2396000 173
2397000 173
2398000 173
2399000 173
2400000 173
2401000 173
2402000 173
2403000 173
2404000 173
2405000 173
2406000 173
2407000 173
2408000 173
2409000 173
2410000 173
2411000 173
2412000 173
2413000 173
2414000 173
2415000 173
2416000 173
2417000 173
2418000 173
2419000 173
2420000 173
2421000 173
2422000 173
2423000 173
2424000 173
2425000 173
2426000 173
2427000 173
2428000 173
2429000 173
2430000 173
2431000 173
2432000 173
2433000 173
2434000 174
2435000 174
2436000 174
2437000 174
2438000 174
2439000 174
2440000 174
2441000 174
2442000 174
2443000 174
2444000 174
2445000 174
2446000 174
2447000 174
2448000 174
2449000 174
2450000 174
2451000 174
2452000 174
2453000 175
2454000 175
2455000 175
2456000 175
2457000 175
2458000 175
2459000 175
2460000 175
2461000 175
2462000 175
2463000 175
2464000 175
2465000 175
2466000 175
2467000 175
2468000 175
2469000 175
2470000 175
2471000 175
2472000 175
2473000 175
2474000 175
2475000 175
2476000 175
2477000 175
2478000 175
2479000 176
2480000 176
2481000 176
2482000 176
2483000 176
2484000 176
2485000 176
2486000 176
2487000 176
2488000 176
2489000 176
2490000 176
2491000 176
2492000 177
2493000 177
2494000 177
2495000 177
2496000 177
2497000 177
2498000 177
2499000 177
2500000 177
2501000 177
2502000 177
2503000 177
2504000 177
2505000 177
2506000 177
2507000 177
2508000 177
2509000 178
2510000 178
2511000 178
2512000 178
2513000 178
2514000 178
2515000 178
2516000 178
2517000 178
2518000 178
2519000 178
2520000 178
2521000 178
2522000 178
2523000 178
2524000 178
2525000 178
2526000 178
2527000 178
2528000 178
2529000 178
2530000 178
2531000 178
2532000 178
2533000 178
2534000 178
2535000 178
2536000 178
2537000 178
2538000 178
2539000 178
2540000 178
2541000 178
2542000 178
2543000 178
2544000 178
2545000 178
2546000 178
2547000 178
2548000 178
2549000 178
2550000 178
2551000 178
2552000 178
2553000 178
2554000 178
2555000 178
2556000 178
2557000 178
2558000 178
2559000 178
2560000 178
2561000 178
2562000 178
2563000 178
2564000 178
2565000 178
2566000 178
2567000 178
2568000 178
2569000 178
2570000 178
2571000 178
2572000 178
2573000 178
2574000 178
2575000 178
2576000 178
2577000 178
2578000 178
2579000 178
2580000 178
2581000 178
2582000 178
2583000 178
2584000 178
2585000 178
2586000 178
2587000 178
2588000 178
2589000 178
2590000 178
2591000 178
2592000 178
2593000 178
2594000 178
2595000 178
2596000 178
2597000 178
2598000 178
2599000 178
2600000 178
2601000 179
2602000 179
2603000 179
2604000 179
2605000 179
2606000 179
2607000 179
2608000 179
2609000 179
2610000 179
2611000 179
2612000 179
2613000 179
2614000 179
2615000 179
2616000 179
2617000 179
2618000 179
2619000 179
2620000 179
2621000 179
2622000 179
2623000 179
2624000 179
2625000 179
2626000 180
2627000 180
2628000 180
2629000 180
2630000 180
2631000 180
2632000 180
2633000 180
2634000 180
2635000 180
2636000 180
2637000 180
2638000 180
2639000 180
2640000 180
2641000 180
2642000 181
2643000 181
2644000 181
2645000 181
2646000 181
2647000 181
2648000 181
2649000 181
2650000 181
2651000 181
2652000 181
2653000 181
2654000 181
2655000 181
2656000 181
2657000 181
2658000 181
2659000 181
2660000 181
2661000 181
2662000 181
2663000 181
2664000 182
2665000 182
2666000 182
2667000 182
2668000 182
2669000 182
2670000 182
2671000 182
2672000 182
2673000 182
2674000 182
2675000 182
2676000 182
2677000 182
2678000 182
2679000 182
2680000 182
2681000 182
2682000 182
2683000 182
2684000 182
2685000 183
2686000 183
2687000 183
2688000 183
2689000 183
2690000 183
2691000 183
2692000 183
2693000 183
2694000 183
2695000 183
2696000 183
2697000 183
2698000 183
2699000 183
2700000 183
2701000 183
2702000 183
2703000 183
2704000 183
2705000 183
2706000 183
2707000 183
2708000 183
2709000 183
2710000 183
2711000 183
2712000 183
2713000 183
2714000 183
2715000 183
2716000 183
2717000 183
2718000 183
2719000 183
2720000 183
2721000 183
2722000 183
2723000 183
2724000 183
2725000 183
2726000 183
2727000 183
2728000 183
2729000 183
2730000 184
2731000 184
2732000 184
2733000 184
2734000 184
2735000 184
2736000 184
2737000 184
2738000 184
2739000 184
2740000 184
2741000 184
2742000 184
2743000 184
2744000 184
2745000 184
2746000 185
2747000 185
2748000 185
2749000 185
2750000 185
2751000 185
2752000 185
2753000 185
2754000 185
2755000 185
2756000 185
2757000 185
2758000 185
2759000 185
2760000 185
2761000 185
2762000 185
2763000 185
2764000 185
2765000 185
2766000 185
2767000 185
2768000 185
2769000 185
2770000 185
2771000 185
2772000 185
2773000 185
2774000 185
2775000 185
2776000 185
2777000 185
2778000 185
2779000 185
2780000 185
2781000 185
2782000 185
2783000 186
2784000 186
2785000 186
2786000 186
2787000 186
2788000 186
2789000 186
2790000 186
2791000 186
2792000 186
2793000 186
2794000 186
2795000 186
2796000 186
2797000 186
2798000 186
2799000 186
2800000 186
2801000 186
2802000 186
2803000 186
2804000 186
2805000 186
2806000 186
2807000 186
2808000 186
2809000 186
2810000 186
2811000 186
2812000 186
2813000 186
2814000 186
2815000 186
2816000 186
2817000 186
2818000 186
2819000 186
2820000 186
2821000 186
2822000 186
2823000 186
2824000 186
2825000 186
2826000 186
2827000 186
2828000 186
2829000 186
2830000 186
2831000 186
2832000 187
2833000 187
2834000 187
2835000 187
2836000 187
2837000 187
2838000 187
2839000 187
2840000 187
2841000 187
2842000 187
2843000 187
2844000 187
2845000 187
2846000 187
2847000 187
2848000 187
2849000 187
2850000 187
2851000 187
2852000 187
2853000 187
2854000 187
2855000 187
2856000 187
2857000 187
2858000 187
2859000 187
2860000 187
2861000 187
2862000 187
2863000 187
2864000 187
2865000 187
2866000 187
2867000 187
2868000 187
2869000 187
2870000 187
2871000 187
2872000 187
2873000 187
2874000 187
2875000 187
2876000 187
2877000 187
2878000 187
2879000 187
2880000 187
2881000 187
2882000 187
2883000 187
2884000 187
2885000 187
2886000 187
2887000 187
2888000 187
2889000 187
2890000 187
2891000 187
2892000 187
2893000 187
2894000 187
2895000 187
2896000 187
2897000 187
2898000 187
2899000 187
2900000 187
2901000 187
2902000 187
2903000 187
2904000 187
2905000 187
2906000 187
2907000 187
2908000 187
2909000 187
2910000 187
2911000 187
2912000 187
2913000 187
2914000 187
2915000 187
2916000 187
2917000 187
2918000 187
2919000 187
2920000 187
2921000 187
2922000 187
2923000 187
2924000 187
2925000 187
2926000 187
2927000 187
2928000 187
2929000 187
2930000 187
2931000 187
2932000 187
2933000 187
2934000 187
2935000 187
2936000 187
2937000 187
2938000 187
2939000 187
2940000 187
2941000 187
2942000 187
2943000 187
2944000 187
2945000 187
2946000 187
2947000 187
2948000 187
2949000 187
2950000 187
2951000 187
2952000 187
2953000 187
2954000 187
2955000 187
2956000 187
2957000 187
2958000 187
2959000 187
2960000 187
2961000 187
2962000 187
2963000 187
2964000 187
2965000 187
2966000 187
2967000 187
2968000 187
2969000 187
2970000 187
2971000 187
2972000 187
2973000 187
2974000 187
2975000 187
2976000 187
2977000 187
2978000 187
2979000 187
2980000 187
2981000 187
2982000 187
2983000 187
2984000 187
2985000 187
2986000 187
2987000 187
2988000 187
2989000 187
2990000 187
2991000 187
2992000 187
2993000 187
2994000 187
2995000 187
2996000 187
2997000 187
2998000 187
2999000 187
3000000 187
3001000 187
3002000 187
3003000 187
3004000 187
3005000 187
3006000 187
3007000 187
3008000 187
3009000 187
3010000 187
3011000 187
3012000 187
3013000 187
3014000 187
3015000 187
3016000 187
3017000 187
3018000 187
3019000 187
3020000 187
3021000 187
3022000 187
3023000 187
3024000 187
3025000 187
3026000 187
3027000 187
3028000 187
3029000 187
3030000 187
3031000 187
3032000 187
3033000 187
3034000 187
3035000 187
3036000 187
3037000 187
3038000 187
3039000 187
3040000 187
3041000 187
3042000 187
3043000 187
3044000 187
3045000 187
3046000 187
3047000 187
3048000 187
3049000 187
3050000 187
3051000 187
3052000 187
3053000 187
3054000 187
3055000 187
3056000 187
3057000 187
3058000 187
3059000 187
3060000 187
3061000 187
3062000 187
3063000 187
3064000 187
3065000 187
3066000 187
3067000 187
3068000 187
3069000 187
3070000 187
3071000 187
3072000 187
3073000 187
3074000 187
3075000 187
3076000 187
3077000 187
3078000 187
3079000 187
3080000 187
3081000 187
3082000 187
3083000 187
3084000 187
3085000 187
3086000 187
3087000 187
3088000 187
3089000 187
3090000 187
3091000 187
3092000 187
3093000 187
3094000 187
3095000 187
3096000 187
3097000 187
3098000 187
3099000 187
3100000 187
3101000 187
3102000 187
3103000 187
3104000 187
3105000 187
3106000 187
3107000 187
3108000 187
3109000 187
3110000 187
3111000 187
3112000 187
3113000 187
3114000 187
3115000 187
3116000 187
3117000 187
3118000 187
3119000 187
3120000 187
3121000 187
3122000 187
3123000 187
3124000 187
3125000 187
3126000 187
3127000 187
3128000 187
3129000 187
3130000 187
3131000 187
3132000 187
3133000 187
3134000 187
3135000 187
3136000 187
3137000 187
3138000 187
3139000 187
3140000 187
3141000 187
3142000 187
3143000 187
3144000 187
3145000 187
3146000 187
3147000 187
3148000 187
3149000 187
3150000 187
3151000 187
3152000 187
3153000 187
3154000 187
3155000 187
3156000 187
3157000 187
3158000 187
3159000 187
3160000 187
3161000 187
3162000 187
3163000 187
3164000 187
3165000 187
3166000 187
3167000 187
3168000 187
3169000 187
3170000 187
3171000 187
3172000 187
3173000 187
3174000 187
3175000 187
3176000 187
3177000 187
3178000 187
3179000 187
3180000 187
3181000 187
3182000 187
3183000 187
3184000 187
3185000 187
3186000 187
3187000 187
3188000 187
3189000 187
3190000 187
3191000 187
3192000 187
3193000 187
3194000 187
3195000 187
3196000 187
3197000 187
3198000 187
3199000 187
3200000 187
3201000 187
3202000 187
3203000 187
3204000 187
3205000 187
3206000 187
3207000 187
3208000 187
3209000 187
3210000 187
3211000 187
3212000 187
3213000 187
3214000 187
3215000 187
3216000 187
3217000 187
3218000 187
3219000 187
3220000 187
3221000 187
3222000 187
3223000 187
3224000 187
3225000 187
3226000 187
3227000 187
3228000 187
3229000 187
3230000 187
3231000 187
3232000 187
3233000 187
3234000 187
3235000 187
3236000 187
3237000 187
3238000 187
3239000 187
3240000 187
3241000 187
3242000 187
3243000 187
3244000 187
3245000 187
3246000 187
3247000 187
3248000 187
3249000 187
3250000 187
3251000 187
3252000 187
3253000 187
3254000 187
3255000 187
3256000 187
3257000 187
3258000 187
3259000 187
3260000 187
3261000 187
3262000 187
3263000 188
3264000 188
3265000 188
3266000 188
3267000 188
3268000 188
3269000 188
3270000 188
3271000 188
3272000 188
3273000 188
3274000 188
3275000 188
3276000 188
3277000 188
3278000 188
3279000 188
3280000 188
3281000 188
3282000 188
3283000 188
3284000 188
3285000 188
3286000 188
3287000 188
3288000 189
3289000 189
3290000 189
3291000 189
3292000 189
3293000 189
3294000 189
3295000 189
3296000 189
3297000 189
3298000 189
3299000 189
3300000 189
3301000 189
3302000 189
3303000 189
3304000 189
3305000 189
3306000 189
3307000 189
3308000 189
3309000 189
3310000 189
3311000 189
3312000 189
3313000 189
3314000 189
3315000 189
3316000 189
3317000 189
3318000 189
3319000 189
3320000 189
3321000 189
3322000 189
3323000 189
3324000 189
3325000 189
3326000 189
3327000 190
3328000 190
3329000 190
3330000 190
3331000 190
3332000 190
3333000 190
3334000 190
3335000 190
3336000 190
3337000 190
3338000 190
3339000 190
3340000 190
3341000 190
3342000 190
3343000 190
3344000 190
3345000 190
3346000 190
3347000 190
3348000 190
3349000 191
3350000 191
3351000 191
3352000 191
3353000 191
3354000 191
3355000 191
3356000 191
3357000 191
3358000 191
3359000 191
3360000 191
3361000 191
3362000 191
3363000 191
3364000 191
3365000 191
3366000 191
3367000 191
3368000 191
3369000 191
3370000 191
3371000 191
3372000 191
3373000 191
3374000 191
3375000 191
3376000 191
3377000 191
3378000 191
3379000 191
3380000 191
3381000 191
3382000 191
3383000 191
3384000 191
3385000 191
3386000 191
3387000 191
3388000 191
3389000 191
3390000 191
3391000 191
3392000 191
3393000 191
3394000 191
3395000 191
3396000 191
3397000 191
3398000 191
3399000 191
3400000 191
3401000 191
3402000 191
3403000 191
3404000 191
3405000 191
3406000 191
3407000 191
3408000 191
3409000 191
3410000 191
3411000 191
3412000 191
3413000 191
3414000 191
3415000 191
3416000 191
3417000 191
3418000 191
3419000 191
3420000 191
3421000 191
3422000 191
3423000 191
3424000 191
3425000 191
3426000 191
3427000 191
3428000 191
3429000 191
3430000 191
3431000 191
3432000 191
3433000 191
3434000 191
3435000 191
3436000 191
3437000 191
3438000 191
3439000 191
3440000 191
3441000 191
3442000 191
3443000 191
3444000 191
3445000 191
3446000 191
3447000 191
3448000 191
3449000 191
3450000 191
3451000 191
3452000 191
3453000 191
3454000 191
3455000 191
3456000 191
3457000 191
3458000 191
3459000 191
3460000 191
3461000 191
3462000 191
3463000 191
3464000 191
3465000 191
3466000 191
3467000 191
3468000 191
3469000 191
3470000 191
3471000 191
3472000 191
3473000 191
3474000 191
3475000 191
3476000 191
3477000 191
3478000 191
3479000 191
3480000 191
3481000 191
3482000 191
3483000 191
3484000 191
3485000 191
3486000 191
3487000 191
3488000 191
3489000 191
3490000 191
3491000 191
3492000 191
3493000 191
3494000 191
3495000 191
3496000 191
3497000 191
3498000 191
3499000 191
3500000 191
3501000 191
3502000 191
3503000 191
3504000 191
3505000 191
3506000 191
3507000 191
3508000 191
3509000 191
3510000 191
3511000 191
3512000 191
3513000 191
3514000 191
3515000 191
3516000 191
3517000 191
3518000 191
3519000 191
3520000 191
3521000 191
3522000 191
3523000 191
3524000 191
3525000 191
3526000 191
3527000 191
3528000 191
3529000 191
3530000 191
3531000 191
3532000 191
3533000 191
3534000 191
3535000 191
3536000 191
3537000 191
3538000 191
3539000 191
3540000 191
3541000 191
3542000 191
3543000 191
3544000 191
3545000 191
3546000 191
3547000 191
3548000 191
3549000 191
3550000 191
3551000 191
3552000 191
3553000 191
3554000 191
3555000 191
3556000 191
3557000 191
3558000 191
3559000 191
3560000 191
3561000 191
3562000 191
3563000 191
3564000 191
3565000 191
3566000 191
3567000 191
3568000 191
3569000 191
3570000 191
3571000 191
3572000 191
3573000 191
3574000 191
3575000 191
3576000 191
3577000 191
3578000 191
3579000 191
3580000 191
3581000 191
3582000 191
3583000 191
3584000 191
3585000 191
3586000 191
3587000 191
3588000 191
3589000 191
3590000 191
3591000 191
3592000 191
3593000 191
3594000 191
3595000 191
3596000 191
3597000 191
3598000 191
3599000 191
3600000 191
3601000 191
3602000 191
3603000 191
3604000 191
3605000 191
3606000 191
3607000 191
3608000 191
3609000 191
3610000 191
3611000 191
3612000 191
3613000 191
3614000 191
3615000 191
3616000 191
3617000 191
3618000 191
3619000 191
3620000 191
3621000 191
3622000 191
3623000 191
3624000 191
3625000 191
3626000 191
3627000 191
3628000 191
3629000 191
3630000 191
3631000 191
3632000 191
3633000 191
3634000 191
3635000 191
3636000 191
3637000 191
3638000 191
3639000 191
3640000 191
3641000 191
3642000 191
3643000 191
3644000 191
3645000 191
3646000 191
3647000 191
3648000 191
3649000 191
3650000 191
3651000 191
3652000 191
3653000 191
3654000 191
3655000 191
3656000 191
3657000 191
3658000 191
3659000 191
3660000 191
3661000 191
3662000 191
3663000 191
3664000 191
3665000 191
3666000 191
3667000 191
3668000 191
3669000 191
3670000 191
3671000 191
3672000 191
3673000 191
3674000 191
3675000 191
3676000 191
3677000 191
3678000 191
3679000 191
3680000 191
3681000 191
3682000 191
3683000 191
3684000 191
3685000 191
3686000 191
3687000 191
3688000 191
3689000 191
3690000 191
3691000 191
3692000 191
3693000 191
3694000 191
3695000 191
3696000 191
3697000 191
3698000 191
3699000 191
3700000 191
3701000 191
3702000 191
3703000 191
3704000 191
3705000 191
3706000 191
3707000 191
3708000 191
3709000 191
3710000 191
3711000 191
3712000 191
3713000 191
3714000 191
3715000 191
3716000 191
3717000 191
3718000 191
3719000 191
3720000 191
3721000 191
3722000 191
3723000 191
3724000 191
3725000 191
3726000 191
3727000 191
3728000 191
3729000 191
3730000 191
3731000 191
3732000 191
3733000 191
3734000 191
3735000 191
3736000 191
3737000 191
3738000 191
3739000 191
3740000 191
3741000 191
3742000 191
3743000 191
3744000 191
3745000 191
3746000 191
3747000 191
3748000 191
3749000 191
3750000 191
3751000 191
3752000 191
3753000 191
3754000 191
3755000 191
3756000 191
3757000 191
3758000 191
3759000 191
3760000 191
3761000 191
3762000 191
3763000 191
3764000 191
3765000 191
3766000 191
3767000 191
3768000 191
3769000 191
3770000 191
3771000 191
3772000 191
3773000 191
3774000 191
3775000 191
3776000 191
3777000 191
3778000 191
3779000 191
3780000 191
3781000 191
3782000 191
3783000 191
3784000 191
3785000 191
3786000 191
3787000 191
3788000 191
3789000 191
3790000 191
3791000 191
3792000 191
3793000 191
3794000 191
3795000 191
3796000 191
3797000 191
3798000 191
3799000 191
3800000 191
3801000 191
3802000 191
3803000 191
3804000 191
3805000 191
3806000 191
3807000 191
3808000 191
3809000 191
3810000 191
3811000 191
3812000 191
3813000 191
3814000 191
3815000 191
3816000 191
3817000 191
3818000 191
3819000 191
3820000 191
3821000 191
3822000 191
3823000 191
3824000 191
3825000 191
3826000 191
3827000 191
3828000 191
3829000 191
3830000 191
3831000 191
3832000 191
3833000 191
3834000 191
3835000 191
3836000 191
3837000 191
3838000 191
3839000 191
3840000 191
3841000 191
3842000 191
3843000 191
3844000 191
3845000 191
3846000 191
3847000 191
3848000 191
3849000 191
3850000 191
3851000 191
3852000 191
3853000 191
3854000 191
3855000 191
3856000 191
3857000 191
3858000 191
3859000 191
3860000 191
3861000 191
3862000 191
3863000 191
3864000 191
3865000 191
3866000 191
3867000 191
3868000 191
3869000 191
3870000 191
3871000 191
3872000 191
3873000 191
3874000 191
3875000 191
3876000 191
3877000 191
3878000 191
3879000 191
3880000 191
3881000 191
3882000 191
3883000 191
3884000 191
3885000 191
3886000 191
3887000 191
3888000 191
3889000 191
3890000 191
3891000 191
3892000 191
3893000 191
3894000 191
3895000 191
3896000 191
3897000 191
3898000 191
3899000 191
3900000 191
3901000 191
3902000 191
3903000 191
3904000 191
3905000 191
3906000 191
3907000 191
3908000 191
3909000 191
3910000 191
3911000 191
3912000 191
3913000 191
3914000 191
3915000 191
3916000 191
3917000 191
3918000 191
3919000 191
3920000 191
3921000 191
3922000 191
3923000 191
3924000 192
3925000 192
3926000 192
3927000 192
3928000 192
3929000 192
3930000 192
3931000 192
3932000 192
3933000 192
3934000 192
3935000 192
3936000 192
3937000 192
3938000 192
3939000 192
3940000 192
3941000 192
3942000 192
3943000 192
3944000 192
3945000 192
3946000 192
3947000 192
3948000 192
3949000 192
3950000 192
3951000 192
3952000 192
3953000 192
3954000 192
3955000 192
3956000 192
3957000 192
3958000 192
3959000 192
3960000 193
3961000 193
3962000 193
3963000 193
3964000 193
3965000 193
3966000 193
3967000 193
3968000 193
3969000 193
3970000 193
3971000 193
3972000 193
3973000 193
3974000 193
3975000 193
3976000 193
3977000 193
3978000 193
3979000 193
3980000 193
3981000 193
3982000 193
3983000 193
3984000 194
3985000 194
3986000 194
3987000 194
3988000 194
3989000 194
3990000 194
3991000 194
3992000 194
3993000 194
3994000 194
3995000 194
3996000 194
3997000 194
3998000 194
3999000 194
4000000 194
4001000 194
4002000 194
4003000 194
4004000 194
4005000 194
4006000 194
4007000 194
4008000 194
4009000 194
4010000 194
4011000 194
4012000 194
4013000 194
4014000 194
4015000 194
4016000 194
4017000 194
4018000 194
4019000 194
4020000 194
4021000 194
4022000 194
4023000 194
4024000 194
4025000 194
4026000 194
4027000 194
4028000 194
4029000 194
4030000 194
4031000 194
4032000 194
4033000 194
4034000 194
4035000 194
4036000 194
4037000 194
4038000 194
4039000 194
4040000 194
4041000 194
4042000 194
4043000 194
4044000 194
4045000 194
4046000 194
4047000 194
4048000 194
4049000 194
4050000 194
4051000 194
4052000 194
4053000 194
4054000 194
4055000 194
4056000 194
4057000 194
4058000 194
4059000 194
4060000 194
4061000 194
4062000 194
4063000 194
4064000 194
4065000 194
4066000 194
4067000 194
4068000 194
4069000 194
4070000 194
4071000 194
4072000 194
4073000 194
4074000 194
4075000 194
4076000 194
4077000 194
4078000 194
4079000 194
4080000 194
4081000 194
4082000 194
4083000 194
4084000 194
4085000 194
4086000 194
4087000 194
4088000 194
4089000 194
4090000 194
4091000 194
4092000 194
4093000 194
4094000 194
4095000 194
4096000 194
4097000 194
4098000 194
4099000 194
4100000 194
4101000 194
4102000 194
4103000 194
4104000 194
4105000 194
4106000 194
4107000 194
4108000 194
4109000 194
4110000 194
4111000 194
4112000 194
4113000 194
4114000 194
4115000 194
4116000 194
4117000 194
4118000 194
4119000 194
4120000 194
4121000 194
4122000 194
4123000 194
4124000 194
4125000 194
4126000 194
4127000 195
4128000 195
4129000 195
4130000 195
4131000 195
4132000 195
4133000 195
4134000 195
4135000 195
4136000 195
4137000 195
4138000 195
4139000 195
4140000 195
4141000 195
4142000 195
4143000 195
4144000 195
4145000 195
4146000 195
4147000 195
4148000 195
4149000 195
4150000 195
4151000 195
4152000 195
4153000 195
4154000 195
4155000 195
4156000 195
4157000 195
4158000 195
4159000 195
4160000 195
4161000 195
4162000 195
4163000 195
4164000 195
4165000 195
4166000 195
4167000 195
4168000 195
4169000 195
4170000 195
4171000 195
4172000 195
4173000 195
4174000 195
4175000 195
4176000 195
4177000 195
4178000 195
4179000 195
4180000 195
4181000 195
4182000 195
4183000 195
4184000 195
4185000 195
4186000 195
4187000 195
4188000 195
4189000 195
4190000 195
4191000 195
4192000 195
4193000 195
4194000 195
4195000 195
4196000 195
4197000 195
4198000 195
4199000 195
4200000 195
4201000 195
4202000 195
4203000 195
4204000 195
4205000 195
4206000 195
4207000 195
4208000 195
4209000 195
4210000 195
4211000 195
4212000 195
4213000 195
4214000 195
4215000 195
4216000 195
4217000 195
4218000 195
4219000 195
4220000 195
4221000 195
4222000 195
4223000 195
4224000 195
4225000 195
4226000 195
4227000 195
4228000 195
4229000 195
4230000 195
4231000 195
4232000 195
4233000 195
4234000 195
4235000 195
4236000 195
4237000 195
4238000 195
4239000 195
4240000 195
4241000 195
4242000 195
4243000 195
4244000 195
4245000 195
4246000 195
4247000 195
4248000 195
4249000 195
4250000 196
4251000 196
4252000 196
4253000 196
4254000 196
4255000 196
4256000 196
4257000 196
4258000 196
4259000 196
4260000 196
4261000 196
4262000 196
4263000 196
4264000 196
4265000 196
4266000 196
4267000 196
4268000 196
4269000 196
4270000 196
4271000 196
4272000 196
4273000 197
4274000 197
4275000 197
4276000 197
4277000 197
4278000 197
4279000 197
4280000 197
4281000 197
4282000 197
4283000 197
4284000 197
4285000 197
4286000 197
4287000 197
4288000 197
4289000 197
4290000 198
4291000 198
4292000 198
4293000 198
4294000 198
4295000 198
4296000 198
4297000 198
4298000 198
4299000 198
4300000 198
4301000 198
4302000 198
4303000 198
4304000 198
4305000 198
4306000 198
4307000 198
4308000 198
4309000 198
4310000 198
4311000 198
4312000 198
4313000 198
4314000 198
4315000 198
4316000 198
4317000 198
4318000 198
4319000 198
4320000 198
4321000 198
4322000 198
4323000 198
4324000 198
4325000 198
4326000 198
4327000 198
4328000 198
4329000 198
4330000 198
4331000 198
4332000 198
4333000 198
4334000 198
4335000 198
4336000 198
4337000 198
4338000 198
4339000 198
4340000 198
4341000 198
4342000 198
4343000 198
4344000 198
4345000 198
4346000 198
4347000 198
4348000 198
4349000 198
4350000 198
4351000 198
4352000 198
4353000 198
4354000 198
4355000 198
4356000 198
4357000 198
4358000 198
4359000 198
4360000 198
4361000 198
4362000 198
4363000 198
4364000 198
4365000 198
4366000 198
4367000 198
4368000 198
4369000 198
4370000 198
4371000 198
4372000 198
4373000 198
4374000 198
4375000 198
4376000 198
4377000 198
4378000 198
4379000 198
4380000 198
4381000 198
4382000 198
4383000 198
4384000 198
4385000 198
4386000 198
4387000 198
4388000 198
4389000 198
4390000 198
4391000 198
4392000 198
4393000 198
4394000 198
4395000 198
4396000 198
4397000 198
4398000 198
4399000 198
4400000 198
4401000 198
4402000 198
4403000 198
4404000 198
4405000 198
4406000 198
4407000 198
4408000 198
4409000 198
4410000 198
4411000 198
4412000 198
4413000 198
4414000 198
4415000 198
4416000 198
4417000 198
4418000 198
4419000 198
4420000 198
4421000 198
4422000 198
4423000 198
4424000 198
4425000 198
4426000 198
4427000 198
4428000 198
4429000 198
4430000 198
4431000 198
4432000 198
4433000 198
4434000 198
4435000 198
4436000 198
4437000 198
4438000 198
4439000 198
4440000 198
4441000 198
4442000 198
4443000 198
4444000 198
4445000 198
4446000 198
4447000 198
4448000 198
4449000 198
4450000 198
4451000 198
4452000 198
4453000 198
4454000 198
4455000 198
4456000 198
4457000 198
4458000 198
4459000 198
4460000 198
4461000 198
4462000 198
4463000 198
4464000 198
4465000 198
4466000 198
4467000 198
4468000 198
4469000 198
4470000 198
4471000 198
4472000 198
4473000 198
4474000 198
4475000 198
4476000 198
4477000 198
4478000 198
4479000 198
4480000 198
4481000 198
4482000 198
4483000 198
4484000 198
4485000 198
4486000 198
4487000 198
4488000 198
4489000 198
4490000 198
4491000 198
4492000 198
4493000 198
4494000 198
4495000 198
4496000 198
4497000 198
4498000 198
4499000 198
4500000 198
4501000 198
4502000 198
4503000 198
4504000 198
4505000 198
4506000 198
4507000 198
4508000 198
4509000 198
4510000 198
4511000 198
4512000 198
4513000 198
4514000 198
4515000 198
4516000 198
4517000 198
4518000 198
4519000 198
4520000 198
4521000 198
4522000 198
4523000 198
4524000 198
4525000 198
4526000 198
4527000 198
4528000 198
4529000 198
4530000 198
4531000 198
4532000 198
4533000 198
4534000 198
4535000 198
4536000 198
4537000 198
4538000 198
4539000 198
4540000 198
4541000 198
4542000 198
4543000 198
4544000 198
4545000 198
4546000 198
4547000 198
4548000 198
4549000 198
4550000 198
4551000 198
4552000 198
4553000 198
4554000 198
4555000 198
4556000 198
4557000 198
4558000 198
4559000 198
4560000 198
4561000 198
4562000 198
4563000 198
4564000 198
4565000 198
4566000 198
4567000 198
4568000 198
4569000 198
4570000 198
4571000 198
4572000 198
4573000 198
4574000 198
4575000 198
4576000 198
4577000 198
4578000 198
4579000 198
4580000 198
4581000 198
4582000 198
4583000 198
4584000 198
4585000 198
4586000 198
4587000 198
4588000 198
4589000 198
4590000 198
4591000 198
4592000 198
4593000 198
4594000 198
4595000 198
4596000 198
4597000 198
4598000 198
4599000 198
4600000 198
4601000 198
4602000 198
4603000 198
4604000 198
4605000 198
4606000 198
4607000 198
4608000 198
4609000 198
4610000 198
4611000 198
4612000 198
4613000 198
4614000 198
4615000 198
4616000 198
4617000 198
4618000 198
4619000 198
4620000 198
4621000 198
4622000 198
4623000 198
4624000 198
4625000 198
4626000 198
4627000 198
4628000 198
4629000 198
4630000 198
4631000 198
4632000 198
4633000 198
4634000 198
4635000 198
4636000 198
4637000 198
4638000 198
4639000 198
4640000 198
4641000 198
4642000 198
4643000 198
4644000 198
4645000 198
4646000 198
4647000 198
4648000 198
4649000 198
4650000 198
4651000 198
4652000 198
4653000 198
4654000 198
4655000 198
4656000 198
4657000 198
4658000 198
4659000 198
4660000 198
4661000 198
4662000 198
4663000 198
4664000 198
4665000 198
4666000 198
4667000 198
4668000 198
4669000 198
4670000 198
4671000 198
4672000 198
4673000 198
4674000 198
4675000 198
4676000 198
4677000 198
4678000 198
4679000 198
4680000 198
4681000 198
4682000 198
4683000 198
4684000 198
4685000 198
4686000 198
4687000 198
4688000 198
4689000 198
4690000 198
4691000 198
4692000 198
4693000 198
4694000 198
4695000 198
4696000 198
4697000 198
4698000 198
4699000 198
4700000 198
4701000 198
4702000 198
4703000 198
4704000 198
4705000 198
4706000 198
4707000 198
4708000 198
4709000 198
4710000 198
4711000 198
4712000 198
4713000 198
4714000 198
4715000 198
4716000 198
4717000 198
4718000 198
4719000 198
4720000 198
4721000 198
4722000 198
4723000 198
4724000 198
4725000 198
4726000 198
4727000 198
4728000 198
4729000 198
4730000 198
4731000 198
4732000 198
4733000 198
4734000 198
4735000 198
4736000 198
4737000 198
4738000 198
4739000 198
4740000 198
4741000 198
4742000 198
4743000 198
4744000 198
4745000 198
4746000 198
4747000 198
4748000 198
4749000 198
4750000 198
4751000 198
4752000 198
4753000 198
4754000 198
4755000 198
4756000 198
4757000 198
4758000 198
4759000 198
4760000 198
4761000 198
4762000 198
4763000 198
4764000 198
4765000 198
4766000 198
4767000 198
4768000 198
4769000 198
4770000 198
4771000 198
4772000 198
4773000 198
4774000 198
4775000 198
4776000 198
4777000 198
4778000 198
4779000 198
4780000 198
4781000 198
4782000 199
4783000 199
4784000 199
4785000 199
4786000 199
4787000 199
4788000 199
4789000 199
4790000 199
4791000 199
4792000 199
4793000 199
4794000 199
4795000 199
4796000 199
4797000 199
4798000 199
4799000 199
4800000 199
4801000 199
4802000 199
4803000 199
4804000 199
4805000 199
4806000 199
4807000 199
4808000 199
4809000 199
4810000 199
4811000 199
4812000 199
4813000 199
4814000 199
4815000 199
4816000 199
4817000 200
4818000 200
4819000 200
4820000 200
4821000 200
4822000 200
4823000 200
4824000 200
4825000 200
4826000 200
4827000 200
4828000 200
4829000 200
4830000 200
4831000 200
4832000 200
4833000 200
4834000 200
4835000 200
4836000 200
4837000 200
4838000 200
4839000 200
4840000 200
4841000 200
4842000 200
4843000 200
4844000 200
4845000 200
4846000 200
4847000 200
4848000 200
4849000 200
4850000 200
4851000 200
4852000 200
4853000 200
4854000 200
4855000 200
4856000 200
4857000 200
4858000 200
4859000 200
4860000 200
4861000 200
4862000 200
4863000 200
4864000 200
4865000 200
4866000 200
4867000 200
4868000 200
4869000 200
4870000 200
4871000 200
4872000 200
4873000 200
4874000 200
4875000 200
4876000 200
4877000 200
4878000 200
4879000 200
4880000 200
4881000 200
4882000 200
4883000 200
4884000 200
4885000 200
4886000 200
4887000 200
4888000 200
4889000 200
4890000 200
4891000 200
4892000 200
4893000 200
4894000 200
4895000 200
4896000 200
4897000 200
4898000 200
4899000 200
4900000 200
4901000 200
4902000 200
4903000 200
4904000 200
4905000 200
4906000 200
4907000 200
4908000 200
4909000 200
4910000 200
4911000 200
4912000 200
4913000 200
4914000 200
4915000 200
4916000 200
4917000 200
4918000 200
4919000 200
4920000 200
4921000 200
4922000 200
4923000 200
4924000 200
4925000 200
4926000 200
4927000 200
4928000 200
4929000 200
4930000 200
4931000 200
4932000 200
4933000 200
4934000 200
4935000 200
4936000 200
4937000 200
4938000 200
4939000 200
4940000 200
4941000 200
4942000 200
4943000 200
4944000 200
4945000 200
4946000 200
4947000 200
4948000 200
4949000 200
4950000 200
4951000 200
4952000 200
4953000 200
4954000 200
4955000 200
4956000 200
4957000 200
4958000 200
4959000 200
4960000 200
4961000 200
4962000 200
4963000 200
4964000 200
4965000 200
4966000 200
4967000 200
4968000 200
4969000 200
4970000 200
4971000 200
4972000 200
4973000 200
4974000 200
4975000 200
4976000 200
4977000 200
4978000 200
4979000 200
4980000 200
4981000 200
4982000 200
4983000 200
4984000 200
4985000 200
4986000 200
4987000 200
4988000 200
4989000 200
4990000 200
4991000 200
4992000 200
4993000 200
4994000 200
4995000 200
4996000 200
4997000 200
4998000 200
4999000 200
5000000 200
