0 0
1000 0
2000 0
3000 0
4000 0
5000 0
6000 0
7000 0
8000 0
9000 0
10000 0
11000 0
12000 0
13000 0
14000 0
15000 0
16000 0
17000 0
18000 0
19000 0
20000 0
21000 0
22000 0
23000 0
24000 0
25000 0
26000 0
27000 0
28000 0
29000 0
30000 0
31000 0
32000 0
33000 0
34000 0
35000 0
36000 0
37000 0
38000 0
39000 0
40000 0
41000 0
42000 0
43000 0
44000 0
45000 0
46000 0
47000 1
48000 1
49000 1
50000 1
51000 1
52000 1
53000 1
54000 1
55000 1
56000 1
57000 1
58000 1
59000 1
60000 1
61000 1
62000 1
63000 1
64000 1
65000 2
66000 2
67000 2
68000 2
69000 2
70000 2
71000 2
72000 2
73000 2
74000 2
75000 2
76000 2
77000 2
78000 2
79000 2
80000 2
81000 2
82000 2
83000 2
84000 2
85000 3
86000 3
87000 3
88000 3
89000 3
90000 3
91000 3
92000 3
93000 3
94000 3
95000 3
96000 3
97000 3
98000 3
99000 3
100000 4
101000 4
102000 4
103000 4
104000 4
105000 4
106000 4
107000 4
108000 4
109000 4
110000 4
111000 5
112000 5
113000 5
114000 5
115000 5
116000 5
117000 5
118000 5
119000 5
120000 5
121000 5
122000 5
123000 6
124000 6
125000 6
126000 6
127000 6
128000 6
129000 6
130000 6
131000 6
132000 6
133000 6
134000 6
135000 6
136000 7
137000 7
138000 7
139000 7
140000 7
141000 7
142000 7
143000 7
144000 7
145000 7
146000 7
147000 7
148000 7
149000 7
150000 7
151000 7
152000 7
153000 7
154000 7
155000 7
156000 7
157000 7
158000 7
159000 8
160000 8
161000 8
162000 8
163000 8
164000 8
165000 8
166000 8
167000 8
168000 8
169000 8
170000 8
171000 8
172000 8
173000 8
174000 9
175000 9
176000 9
177000 9
178000 9
179000 9
180000 9
181000 9
182000 9
183000 9
184000 9
185000 9
186000 9
187000 10
188000 10
189000 10
190000 10
191000 10
192000 10
193000 10
194000 10
195000 10
196000 10
197000 10
198000 10
199000 10
200000 10
201000 10
202000 11
203000 11
204000 11
205000 11
206000 11
207000 11
208000 11
209000 11
210000 11
211000 11
212000 11
213000 11
214000 11
215000 11
216000 11
217000 11
218000 11
219000 12
220000 12
221000 12
222000 12
223000 12
224000 12
225000 12
226000 12
227000 12
228000 13
229000 13
230000 13
231000 13
232000 13
233000 13
234000 13
235000 13
236000 13
237000 13
238000 13
239000 14
240000 14
241000 14
242000 14
243000 14
244000 14
245000 14
246000 14
247000 15
248000 15
249000 15
250000 15
251000 15
252000 15
253000 15
254000 15
255000 15
256000 16
257000 16
258000 16
259000 16
260000 16
261000 16
262000 16
263000 16
264000 16
265000 16
266000 17
267000 17
268000 17
269000 17
270000 17
271000 17
272000 17
273000 17
274000 17
275000 17
276000 17
277000 18
278000 18
279000 18
280000 18
281000 18
282000 18
283000 18
284000 18
285000 18
286000 18
287000 18
288000 18
289000 19
290000 19
291000 19
292000 19
293000 19
294000 19
295000 19
296000 19
297000 19
298000 19
299000 19
300000 19
301000 19
302000 19
303000 20
304000 20
305000 20
306000 20
307000 20
308000 20
309000 20
310000 20
311000 20
312000 20
313000 20
314000 20
315000 20
316000 20
317000 20
318000 20
319000 20
320000 20
321000 21
322000 21
323000 21
324000 21
325000 21
326000 21
327000 21
328000 21
329000 21
330000 21
331000 21
332000 21
333000 21
334000 21
335000 21
336000 21
337000 21
338000 21
339000 21
340000 21
341000 21
342000 21
343000 21
344000 21
345000 21
346000 21
347000 21
348000 21
349000 21
350000 21
351000 21
352000 21
353000 21
354000 21
355000 21
356000 22
357000 22
358000 22
359000 22
360000 22
361000 22
362000 22
363000 22
364000 22
365000 22
366000 22
367000 22
368000 22
369000 22
370000 22
371000 22
372000 22
373000 22
374000 22
375000 22
376000 22
377000 22
378000 22
379000 22
380000 22
381000 22
382000 22
383000 22
384000 22
385000 22
386000 22
387000 22
388000 22
389000 22
390000 22
391000 22
392000 22
393000 22
394000 22
395000 22
396000 22
397000 23
398000 23
399000 23
400000 23
401000 23
402000 23
403000 23
404000 23
405000 23
406000 23
407000 23
408000 23
409000 23
410000 23
411000 23
412000 23
413000 23
414000 23
415000 23
416000 23
417000 23
418000 23
419000 23
420000 23
421000 23
422000 23
423000 23
424000 23
425000 23
426000 23
427000 23
428000 23
429000 23
430000 23
431000 24
432000 24
433000 24
434000 24
435000 24
436000 24
437000 24
438000 24
439000 24
440000 24
441000 24
442000 24
443000 24
444000 24
445000 24
446000 24
447000 24
448000 24
449000 24
450000 24
451000 24
452000 24
453000 24
454000 24
455000 24
456000 24
457000 24
458000 24
459000 24
460000 24
461000 24
462000 24
463000 24
464000 24
465000 24
466000 24
467000 24
468000 24
469000 24
470000 24
471000 24
472000 24
473000 24
474000 24
475000 24
476000 24
477000 24
478000 24
479000 24
480000 24
481000 25
482000 25
483000 25
484000 25
485000 25
486000 25
487000 25
488000 25
489000 25
490000 25
491000 25
492000 25
493000 25
494000 25
495000 25
496000 25
497000 25
498000 25
499000 25
500000 25
501000 25
502000 25
503000 25
504000 25
505000 25
506000 25
507000 25
508000 25
509000 25
510000 25
511000 25
512000 25
513000 25
514000 25
515000 25
516000 25
517000 25
518000 25
519000 25
520000 25
521000 25
522000 25
523000 25
524000 25
525000 25
526000 25
527000 25
528000 25
529000 25
530000 25
531000 25
532000 25
533000 25
534000 25
535000 25
536000 25
537000 25
538000 25
539000 25
540000 25
541000 25
542000 26
543000 26
544000 26
545000 26
546000 26
547000 26
548000 26
549000 26
550000 26
551000 26
552000 26
553000 27
554000 27
555000 27
556000 27
557000 27
558000 27
559000 27
560000 27
561000 27
562000 27
563000 27
564000 27
565000 27
566000 27
567000 27
568000 27
569000 27
570000 27
571000 27
572000 27
573000 27
574000 28
575000 28
576000 28
577000 28
578000 28
579000 28
580000 28
581000 28
582000 28
583000 28
584000 28
585000 28
586000 29
587000 29
588000 29
589000 29
590000 29
591000 29
592000 29
593000 29
594000 29
595000 29
596000 29
597000 30
598000 30
599000 30
600000 30
601000 30
602000 30
603000 30
604000 30
605000 30
606000 30
607000 30
608000 30
609000 30
610000 30
611000 31
612000 31
613000 31
614000 31
615000 31
616000 31
617000 31
618000 32
619000 32
620000 32
621000 32
622000 32
623000 32
624000 32
625000 32
626000 32
627000 32
628000 32
629000 32
630000 32
631000 33
632000 33
633000 33
634000 33
635000 33
636000 33
637000 33
638000 33
639000 33
640000 34
641000 34
642000 34
643000 34
644000 34
645000 34
646000 34
647000 34
648000 34
649000 34
650000 34
651000 34
652000 35
653000 35
654000 35
655000 35
656000 35
657000 35
658000 35
659000 35
660000 36
661000 36
662000 36
663000 36
664000 36
665000 36
666000 36
667000 36
668000 36
669000 36
670000 36
671000 37
672000 37
673000 37
674000 37
675000 37
676000 37
677000 37
678000 37
679000 37
680000 37
681000 37
682000 37
683000 37
684000 37
685000 37
686000 37
687000 37
688000 38
689000 38
690000 38
691000 38
692000 38
693000 38
694000 38
695000 38
696000 38
697000 38
698000 38
699000 38
700000 38
701000 38
702000 38
703000 39
704000 39
705000 39
706000 39
707000 39
708000 39
709000 39
710000 39
711000 39
712000 39
713000 39
714000 39
715000 39
716000 39
717000 39
718000 40
719000 40
720000 40
721000 40
722000 40
723000 40
724000 40
725000 40
726000 40
727000 40
728000 40
729000 41
730000 41
731000 41
732000 41
733000 41
734000 41
735000 41
736000 41
737000 41
738000 41
739000 41
740000 41
741000 41
742000 41
743000 41
744000 41
745000 41
746000 41
747000 41
748000 41
749000 42
750000 42
751000 42
752000 42
753000 42
754000 42
755000 42
756000 42
757000 42
758000 42
759000 42
760000 42
761000 42
762000 42
763000 42
764000 42
765000 42
766000 42
767000 42
768000 42
769000 42
770000 42
771000 42
772000 42
773000 42
774000 42
775000 42
776000 42
777000 42
778000 42
779000 42
780000 42
781000 42
782000 42
783000 42
784000 42
785000 42
786000 42
787000 42
788000 42
789000 42
790000 42
791000 42
792000 42
793000 42
794000 42
795000 42
796000 42
797000 42
798000 42
799000 42
800000 42
801000 42
802000 42
803000 42
804000 42
805000 42
806000 42
807000 42
808000 42
809000 42
810000 42
811000 42
812000 42
813000 42
814000 42
815000 42
816000 42
817000 42
818000 42
819000 42
820000 42
821000 42
822000 42
823000 42
824000 42
825000 42
826000 42
827000 42
828000 42
829000 42
830000 42
831000 42
832000 42
833000 42
834000 42
835000 42
836000 42
837000 42
838000 42
839000 42
840000 42
841000 42
842000 42
843000 42
844000 42
845000 42
846000 42
847000 42
848000 42
849000 42
850000 42
851000 42
852000 42
853000 42
854000 42
855000 42
856000 42
857000 42
858000 42
859000 42
860000 42
861000 42
862000 42
863000 42
864000 42
865000 42
866000 42
867000 42
868000 42
869000 42
870000 42
871000 42
872000 42
873000 42
874000 42
875000 42
876000 42
877000 42
878000 42
879000 42
880000 42
881000 42
882000 42
883000 42
884000 42
885000 42
886000 42
887000 42
888000 42
889000 42
890000 42
891000 42
892000 42
893000 42
894000 42
895000 42
896000 42
897000 42
898000 42
899000 42
900000 42
901000 42
902000 42
903000 42
904000 42
905000 42
906000 42
907000 42
908000 42
909000 42
910000 42
911000 42
912000 42
913000 42
914000 42
915000 42
916000 42
917000 42
918000 42
919000 42
920000 42
921000 42
922000 42
923000 42
924000 42
925000 42
926000 42
927000 42
928000 42
929000 42
930000 42
931000 42
932000 42
933000 42
934000 42
935000 42
936000 42
937000 42
938000 42
939000 42
940000 42
941000 42
942000 42
943000 42
944000 42
945000 42
946000 42
947000 42
948000 42
949000 42
950000 42
951000 42
952000 42
953000 42
954000 42
955000 42
956000 42
957000 42
958000 42
959000 42
960000 42
961000 42
962000 42
963000 42
964000 42
965000 42
966000 42
967000 42
968000 42
969000 42
970000 42
971000 42
972000 42
973000 42
974000 42
975000 42
976000 42
977000 42
978000 42
979000 42
980000 42
981000 42
982000 42
983000 42
984000 42
985000 42
986000 42
987000 42
988000 42
989000 42
990000 42
991000 42
992000 42
993000 42
994000 42
995000 42
996000 42
997000 42
998000 42
999000 42
1000000 42
1001000 42
1002000 42
1003000 42
1004000 42
1005000 42
1006000 42
1007000 42
1008000 42
1009000 42
1010000 42
1011000 42
1012000 42
1013000 42
1014000 42
1015000 42
1016000 42
1017000 42
1018000 42
1019000 42
1020000 42
1021000 42
1022000 42
1023000 42
1024000 42
1025000 42
1026000 42
1027000 43
1028000 43
1029000 43
1030000 43
1031000 43
1032000 43
1033000 43
1034000 43
1035000 43
1036000 43
1037000 43
1038000 43
1039000 44
1040000 44
1041000 44
1042000 44
1043000 44
1044000 44
1045000 44
1046000 44
1047000 44
1048000 44
1049000 44
1050000 44
1051000 44
1052000 44
1053000 44
1054000 44
1055000 45
1056000 45
1057000 45
1058000 45
1059000 45
1060000 45
1061000 45
1062000 45
1063000 45
1064000 46
1065000 46
1066000 46
1067000 46
1068000 46
1069000 46
1070000 46
1071000 46
1072000 46
1073000 46
1074000 46
1075000 46
1076000 46
1077000 46
1078000 47
1079000 47
1080000 47
1081000 47
1082000 47
1083000 47
1084000 47
1085000 47
1086000 47
1087000 47
1088000 47
1089000 47
1090000 47
1091000 47
1092000 47
1093000 47
1094000 47
1095000 47
1096000 47
1097000 48
1098000 48
1099000 48
1100000 48
1101000 48
1102000 48
1103000 48
1104000 48
1105000 48
1106000 48
1107000 48
1108000 48
1109000 48
1110000 48
1111000 48
1112000 48
1113000 48
1114000 48
1115000 48
1116000 48
1117000 48
1118000 48
1119000 49
1120000 49
1121000 49
1122000 49
1123000 49
1124000 49
1125000 49
1126000 49
1127000 49
1128000 49
1129000 49
1130000 49
1131000 49
1132000 49
1133000 49
1134000 49
1135000 49
1136000 49
1137000 49
1138000 49
1139000 49
1140000 50
1141000 50
1142000 50
1143000 50
1144000 50
1145000 50
1146000 50
1147000 50
1148000 50
1149000 50
1150000 50
1151000 50
1152000 50
1153000 50
1154000 50
1155000 50
1156000 50
1157000 50
1158000 50
1159000 50
1160000 50
1161000 50
1162000 50
1163000 50
1164000 50
1165000 50
1166000 51
1167000 51
1168000 51
1169000 51
1170000 51
1171000 51
1172000 51
1173000 51
1174000 51
1175000 51
1176000 51
1177000 51
1178000 51
1179000 51
1180000 51
1181000 51
1182000 51
1183000 51
1184000 51
1185000 51
1186000 51
1187000 51
1188000 51
1189000 51
1190000 51
1191000 51
1192000 51
1193000 51
1194000 51
1195000 51
1196000 51
1197000 52
1198000 52
1199000 52
1200000 52
1201000 52
1202000 52
1203000 52
1204000 52
1205000 52
1206000 52
1207000 52
1208000 52
1209000 52
1210000 52
1211000 52
1212000 52
1213000 52
1214000 52
1215000 52
1216000 52
1217000 52
1218000 52
1219000 52
1220000 52
1221000 52
1222000 52
1223000 52
1224000 52
1225000 52
1226000 52
1227000 52
1228000 52
1229000 52
1230000 52
1231000 52
1232000 53
1233000 53
1234000 53
1235000 53
1236000 53
1237000 53
1238000 53
1239000 53
1240000 53
1241000 53
1242000 54
1243000 54
1244000 54
1245000 54
1246000 54
1247000 54
1248000 54
1249000 54
1250000 54
1251000 54
1252000 54
1253000 54
1254000 54
1255000 54
1256000 54
1257000 54
1258000 54
1259000 54
1260000 54
1261000 55
1262000 55
1263000 55
1264000 55
1265000 55
1266000 55
1267000 55
1268000 55
1269000 55
1270000 55
1271000 55
1272000 55
1273000 55
1274000 55
1275000 55
1276000 55
1277000 55
1278000 55
1279000 55
1280000 55
1281000 55
1282000 55
1283000 55
1284000 55
1285000 56
1286000 56
1287000 56
1288000 56
1289000 56
1290000 56
1291000 56
1292000 56
1293000 56
1294000 56
1295000 56
1296000 56
1297000 56
1298000 56
1299000 56
1300000 56
1301000 56
1302000 56
1303000 56
1304000 56
1305000 56
1306000 56
1307000 57
1308000 57
1309000 57
1310000 57
1311000 57
1312000 57
1313000 57
1314000 57
1315000 57
1316000 57
1317000 57
1318000 57
1319000 57
1320000 57
1321000 57
1322000 57
1323000 57
1324000 57
1325000 57
1326000 57
1327000 57
1328000 57
1329000 57
1330000 57
1331000 57
1332000 57
1333000 57
1334000 57
1335000 57
1336000 57
1337000 57
1338000 57
1339000 57
1340000 57
1341000 58
1342000 58
1343000 58
1344000 58
1345000 58
1346000 58
1347000 58
1348000 58
1349000 58
1350000 58
1351000 58
1352000 58
1353000 58
1354000 58
1355000 58
1356000 58
1357000 58
1358000 58
1359000 58
1360000 58
1361000 58
1362000 58
1363000 58
1364000 58
1365000 58
1366000 58
1367000 58
1368000 58
1369000 58
1370000 58
1371000 58
1372000 58
1373000 58
1374000 58
1375000 58
1376000 58
1377000 58
1378000 58
1379000 58
1380000 58
1381000 58
1382000 58
1383000 59
1384000 59
1385000 59
1386000 59
1387000 59
1388000 59
1389000 59
1390000 59
1391000 59
1392000 59
1393000 59
1394000 59
1395000 59
1396000 59
1397000 59
1398000 59
1399000 59
1400000 59
1401000 59
1402000 60
1403000 60
1404000 60
1405000 60
1406000 60
1407000 60
1408000 60
1409000 60
1410000 60
1411000 60
1412000 60
1413000 60
1414000 60
1415000 60
1416000 60
1417000 60
1418000 60
1419000 60
1420000 60
1421000 60
1422000 60
1423000 60
1424000 60
1425000 60
1426000 60
1427000 60
1428000 60
1429000 60
1430000 60
1431000 60
1432000 60
1433000 60
1434000 60
1435000 61
1436000 61
1437000 61
1438000 61
1439000 61
1440000 61
1441000 61
1442000 61
1443000 61
1444000 61
1445000 61
1446000 61
1447000 61
1448000 61
1449000 61
1450000 61
1451000 61
1452000 61
1453000 61
1454000 61
1455000 61
1456000 61
1457000 61
1458000 61
1459000 61
1460000 61
1461000 62
1462000 62
1463000 62
1464000 62
1465000 62
1466000 62
1467000 62
1468000 62
1469000 62
1470000 62
1471000 62
1472000 62
1473000 62
1474000 62
1475000 62
1476000 62
1477000 62
1478000 62
1479000 62
1480000 62
1481000 62
1482000 62
1483000 62
1484000 62
1485000 63
1486000 63
1487000 63
1488000 63
1489000 63
1490000 63
1491000 63
1492000 63
1493000 63
1494000 63
1495000 63
1496000 63
1497000 63
1498000 63
1499000 64
1500000 64
1501000 64
1502000 64
1503000 64
1504000 64
1505000 64
1506000 64
1507000 64
1508000 64
1509000 64
1510000 64
1511000 64
1512000 64
1513000 64
1514000 64
1515000 64
1516000 64
1517000 64
1518000 64
1519000 64
1520000 64
1521000 64
1522000 64
1523000 64
1524000 64
1525000 64
1526000 64
1527000 64
1528000 65
1529000 65
1530000 65
1531000 65
1532000 65
1533000 65
1534000 65
1535000 65
1536000 65
1537000 65
1538000 65
1539000 65
1540000 65
1541000 65
1542000 65
1543000 65
1544000 65
1545000 65
1546000 65
1547000 65
1548000 65
1549000 65
1550000 65
1551000 65
1552000 66
1553000 66
1554000 66
1555000 66
1556000 66
1557000 66
1558000 66
1559000 66
1560000 66
1561000 66
1562000 66
1563000 66
1564000 66
1565000 66
1566000 66
1567000 66
1568000 66
1569000 67
1570000 67
1571000 67
1572000 67
1573000 67
1574000 67
1575000 67
1576000 67
1577000 67
1578000 67
1579000 67
1580000 67
1581000 67
1582000 67
1583000 67
1584000 67
1585000 67
1586000 67
1587000 67
1588000 67
1589000 67
1590000 67
1591000 67
1592000 67
1593000 67
1594000 68
1595000 68
1596000 68
1597000 68
1598000 68
1599000 68
1600000 68
1601000 68
1602000 68
1603000 68
1604000 68
1605000 68
1606000 68
1607000 68
1608000 68
1609000 68
1610000 68
1611000 68
1612000 68
1613000 68
1614000 68
1615000 68
1616000 68
1617000 68
1618000 68
1619000 68
1620000 68
1621000 68
1622000 68
1623000 68
1624000 68
1625000 68
1626000 68
1627000 68
1628000 68
1629000 68
1630000 68
1631000 68
1632000 68
1633000 68
1634000 69
1635000 69
1636000 69
1637000 69
1638000 69
1639000 69
1640000 69
1641000 69
1642000 69
1643000 69
1644000 69
1645000 69
1646000 69
1647000 69
1648000 69
1649000 69
1650000 69
1651000 69
1652000 69
1653000 69
1654000 69
1655000 69
1656000 69
1657000 69
1658000 69
1659000 69
1660000 69
1661000 69
1662000 69
1663000 69
1664000 69
1665000 69
1666000 69
1667000 69
1668000 69
1669000 69
1670000 69
1671000 69
1672000 69
1673000 69
1674000 69
1675000 69
1676000 69
1677000 69
1678000 69
1679000 69
1680000 69
1681000 69
1682000 69
1683000 69
1684000 69
1685000 69
1686000 69
1687000 69
1688000 69
1689000 69
1690000 69
1691000 69
1692000 69
1693000 69
1694000 69
1695000 69
1696000 69
1697000 69
1698000 69
1699000 69
1700000 69
1701000 69
1702000 69
1703000 69
1704000 69
1705000 69
1706000 69
1707000 69
1708000 69
1709000 69
1710000 69
1711000 70
1712000 70
1713000 70
1714000 70
1715000 70
1716000 70
1717000 70
1718000 70
1719000 70
1720000 70
1721000 70
1722000 70
1723000 70
1724000 70
1725000 70
1726000 70
1727000 70
1728000 70
1729000 70
1730000 70
1731000 70
1732000 70
1733000 70
1734000 70
1735000 70
1736000 70
1737000 70
1738000 70
1739000 70
1740000 71
1741000 71
1742000 71
1743000 71
1744000 71
1745000 71
1746000 71
1747000 71
1748000 71
1749000 71
1750000 71
1751000 71
1752000 71
1753000 71
1754000 71
1755000 71
1756000 71
1757000 71
1758000 71
1759000 71
1760000 71
1761000 71
1762000 71
1763000 71
1764000 71
1765000 71
1766000 71
1767000 71
1768000 71
1769000 71
1770000 71
1771000 71
1772000 71
1773000 71
1774000 71
1775000 71
1776000 71
1777000 71
1778000 71
1779000 71
1780000 71
1781000 71
1782000 71
1783000 71
1784000 71
1785000 71
1786000 71
1787000 71
1788000 71
1789000 71
1790000 71
1791000 71
1792000 71
1793000 71
1794000 71
1795000 71
1796000 71
1797000 71
1798000 71
1799000 71
1800000 71
1801000 71
1802000 71
1803000 71
1804000 71
1805000 71
1806000 71
1807000 71
1808000 71
1809000 71
1810000 71
1811000 71
1812000 71
1813000 71
1814000 71
1815000 71
1816000 71
1817000 71
1818000 71
1819000 71
1820000 71
1821000 71
1822000 71
1823000 71
1824000 71
1825000 71
1826000 71
1827000 71
1828000 71
1829000 71
1830000 71
1831000 71
1832000 71
1833000 71
1834000 71
1835000 71
1836000 71
1837000 71
1838000 71
1839000 71
1840000 71
1841000 71
1842000 71
1843000 71
1844000 71
1845000 71
1846000 71
1847000 71
1848000 71
1849000 71
1850000 71
1851000 71
1852000 71
1853000 71
1854000 71
1855000 71
1856000 71
1857000 71
1858000 71
1859000 71
1860000 71
1861000 71
1862000 71
1863000 71
1864000 71
1865000 71
1866000 71
1867000 71
1868000 71
1869000 71
1870000 71
1871000 71
1872000 71
1873000 71
1874000 71
1875000 71
1876000 71
1877000 71
1878000 71
1879000 71
1880000 71
1881000 71
1882000 71
1883000 71
1884000 71
1885000 71
1886000 71
1887000 71
1888000 71
1889000 71
1890000 71
1891000 71
1892000 71
1893000 71
1894000 71
1895000 71
1896000 71
1897000 71
1898000 71
1899000 71
1900000 71
1901000 71
1902000 71
1903000 71
1904000 71
1905000 71
1906000 71
1907000 71
1908000 71
1909000 71
1910000 71
1911000 71
1912000 71
1913000 71
1914000 71
1915000 71
1916000 71
1917000 71
1918000 71
1919000 71
1920000 71
1921000 71
1922000 71
1923000 71
1924000 71
1925000 71
1926000 71
1927000 71
1928000 71
1929000 71
1930000 71
1931000 71
1932000 71
1933000 71
1934000 71
1935000 71
1936000 71
1937000 71
1938000 71
1939000 71
1940000 71
1941000 71
1942000 71
1943000 71
1944000 71
1945000 71
1946000 71
1947000 71
1948000 71
1949000 71
1950000 71
1951000 71
1952000 71
1953000 71
1954000 71
1955000 71
1956000 71
1957000 71
1958000 71
1959000 71
1960000 71
1961000 71
1962000 71
1963000 72
1964000 72
1965000 72
1966000 72
1967000 72
1968000 72
1969000 72
1970000 72
1971000 72
1972000 72
1973000 72
1974000 72
1975000 72
1976000 72
1977000 72
1978000 73
1979000 73
1980000 73
1981000 73
1982000 73
1983000 73
1984000 73
1985000 73
1986000 73
1987000 73
1988000 73
1989000 73
1990000 73
1991000 73
1992000 73
1993000 73
1994000 73
1995000 73
1996000 73
1997000 73
1998000 73
1999000 73
2000000 73
2001000 73
2002000 73
2003000 73
2004000 73
2005000 73
2006000 73
2007000 73
2008000 73
2009000 73
2010000 73
2011000 73
2012000 73
2013000 73
2014000 73
2015000 73
2016000 73
2017000 73
2018000 73
2019000 73
2020000 73
2021000 73
2022000 73
2023000 73
2024000 73
2025000 73
2026000 73
2027000 73
2028000 73
2029000 73
2030000 73
2031000 73
2032000 73
2033000 73
2034000 73
2035000 73
2036000 73
2037000 73
2038000 73
2039000 73
2040000 73
2041000 73
2042000 73
2043000 73
2044000 73
2045000 73
2046000 73
2047000 73
2048000 73
2049000 73
2050000 73
2051000 73
2052000 73
2053000 73
2054000 73
2055000 73
2056000 73
2057000 73
2058000 73
2059000 73
2060000 73
2061000 73
2062000 73
2063000 73
2064000 73
2065000 73
2066000 73
2067000 73
2068000 73
2069000 73
2070000 73
2071000 73
2072000 73
2073000 73
2074000 73
2075000 73
2076000 73
2077000 73
2078000 73
2079000 73
2080000 73
2081000 73
2082000 73
2083000 73
2084000 73
2085000 73
2086000 73
2087000 73
2088000 73
2089000 73
2090000 73
2091000 73
2092000 73
2093000 73
2094000 73
2095000 73
2096000 73
2097000 73
2098000 73
2099000 73
2100000 73
2101000 73
2102000 73
2103000 73
2104000 73
2105000 73
2106000 73
2107000 73
2108000 73
2109000 73
2110000 73
2111000 73
2112000 73
2113000 73
2114000 73
2115000 73
2116000 73
2117000 73
2118000 73
2119000 73
2120000 73
2121000 73
2122000 73
2123000 73
2124000 73
2125000 73
2126000 73
2127000 73
2128000 73
2129000 73
2130000 73
2131000 73
2132000 73
2133000 73
2134000 73
2135000 73
2136000 73
2137000 73
2138000 73
2139000 73
2140000 73
2141000 73
2142000 73
2143000 73
2144000 73
2145000 73
2146000 73
2147000 73
2148000 73
2149000 73
2150000 73
2151000 73
2152000 73
2153000 73
2154000 73
2155000 73
2156000 73
2157000 73
2158000 73
2159000 73
2160000 73
2161000 73
2162000 73
2163000 73
2164000 73
2165000 73
2166000 73
2167000 73
2168000 73
2169000 73
2170000 73
2171000 73
2172000 73
2173000 73
2174000 73
2175000 73
2176000 73
2177000 73
2178000 73
2179000 73
2180000 73
2181000 73
2182000 73
2183000 73
2184000 73
2185000 73
2186000 73
2187000 73
2188000 73
2189000 73
2190000 73
2191000 73
2192000 73
2193000 73
2194000 73
2195000 73
2196000 73
2197000 73
2198000 73
2199000 73
2200000 73
2201000 73
2202000 73
2203000 73
2204000 73
2205000 73
2206000 73
2207000 73
2208000 73
2209000 73
2210000 73
2211000 73
2212000 73
2213000 73
2214000 73
2215000 73
2216000 73
2217000 73
2218000 73
2219000 73
2220000 73
2221000 73
2222000 73
2223000 73
2224000 73
2225000 73
2226000 73
2227000 73
2228000 73
2229000 73
2230000 73
2231000 73
2232000 73
2233000 73
2234000 73
2235000 73
2236000 73
2237000 73
2238000 73
2239000 73
2240000 73
2241000 73
2242000 73
2243000 73
2244000 73
2245000 73
2246000 73
2247000 73
2248000 73
2249000 73
2250000 73
2251000 73
2252000 73
2253000 73
2254000 73
2255000 73
2256000 73
2257000 73
2258000 73
2259000 73
2260000 73
2261000 73
2262000 73
2263000 73
2264000 73
2265000 73
2266000 73
2267000 73
2268000 73
2269000 73
2270000 73
2271000 73
2272000 73
2273000 73
2274000 73
2275000 73
2276000 73
2277000 73
2278000 73
2279000 73
2280000 73
2281000 73
2282000 73
2283000 73
2284000 73
2285000 73
2286000 73
2287000 73
2288000 73
2289000 73
2290000 73
2291000 73
2292000 73
2293000 73
2294000 73
2295000 73
2296000 73
2297000 73
2298000 73
2299000 73
2300000 73
2301000 73
2302000 73
2303000 73
2304000 73
2305000 73
2306000 73
2307000 73
2308000 73
2309000 73
2310000 73
2311000 73
2312000 73
2313000 73
2314000 73
2315000 73
2316000 73
2317000 73
2318000 73
2319000 73
2320000 73
2321000 73
2322000 73
2323000 73
2324000 73
2325000 73
2326000 73
2327000 73
2328000 73
2329000 73
2330000 73
2331000 73
2332000 73
2333000 73
2334000 73
2335000 73
2336000 73
2337000 73
2338000 73
2339000 73
2340000 73
2341000 73
2342000 73
2343000 73
2344000 73
2345000 73
2346000 73
2347000 73
2348000 73
2349000 73
2350000 73
2351000 73
2352000 73
2353000 73
2354000 73
2355000 73
2356000 73
2357000 73
2358000 73
2359000 73
2360000 73
2361000 73
2362000 73
2363000 73
2364000 73
2365000 73
2366000 73
2367000 73
2368000 73
2369000 73
2370000 73
2371000 73
2372000 73
2373000 73
2374000 73
2375000 73
2376000 73
2377000 73
2378000 73
2379000 73
2380000 73
2381000 73
2382000 73
2383000 73
2384000 73
2385000 73
2386000 73
2387000 73
2388000 73
2389000 73
2390000 73
2391000 73
2392000 73
2393000 73
2394000 74
2395000 74
2396000 74
2397000 74
2398000 74
2399000 74
2400000 74
2401000 74
2402000 74
2403000 74
2404000 74
2405000 74
2406000 74
2407000 74
2408000 74
2409000 74
2410000 74
2411000 74
2412000 74
2413000 74
2414000 74
2415000 74
2416000 74
2417000 74
2418000 74
2419000 74
2420000 74
2421000 74
2422000 74
2423000 74
2424000 74
2425000 74
2426000 75
2427000 75
2428000 75
2429000 75
2430000 75
2431000 75
2432000 75
2433000 75
2434000 75
2435000 75
2436000 75
2437000 75
2438000 75
2439000 75
2440000 75
2441000 75
2442000 75
2443000 75
2444000 75
2445000 75
2446000 75
2447000 75
2448000 75
2449000 75
2450000 75
2451000 75
2452000 75
2453000 75
2454000 75
2455000 75
2456000 75
2457000 75
2458000 75
2459000 75
2460000 75
2461000 75
2462000 75
2463000 75
2464000 75
2465000 75
2466000 75
2467000 75
2468000 75
2469000 75
2470000 75
2471000 75
2472000 75
2473000 75
2474000 75
2475000 75
2476000 75
2477000 75
2478000 75
2479000 75
2480000 75
2481000 75
2482000 75
2483000 75
2484000 75
2485000 75
2486000 75
2487000 75
2488000 75
2489000 75
2490000 75
2491000 75
2492000 75
2493000 75
2494000 75
2495000 75
2496000 76
2497000 76
2498000 76
2499000 76
2500000 76
2501000 76
2502000 76
2503000 76
2504000 76
2505000 76
2506000 76
2507000 76
2508000 76
2509000 76
2510000 76
2511000 76
2512000 76
2513000 76
2514000 76
2515000 76
2516000 76
2517000 76
2518000 76
2519000 76
2520000 76
2521000 76
2522000 76
2523000 76
2524000 76
2525000 76
2526000 76
2527000 76
2528000 76
2529000 76
2530000 77
2531000 77
2532000 77
2533000 77
2534000 77
2535000 77
2536000 77
2537000 77
2538000 77
2539000 77
2540000 77
2541000 77
2542000 77
2543000 77
2544000 77
2545000 77
2546000 77
2547000 77
2548000 77
2549000 77
2550000 77
2551000 77
2552000 77
2553000 77
2554000 77
2555000 77
2556000 77
2557000 77
2558000 77
2559000 77
2560000 77
2561000 77
2562000 77
2563000 77
2564000 77
2565000 77
2566000 77
2567000 77
2568000 77
2569000 77
2570000 77
2571000 78
2572000 78
2573000 78
2574000 78
2575000 78
2576000 78
2577000 78
2578000 78
2579000 78
2580000 78
2581000 78
2582000 78
2583000 78
2584000 78
2585000 78
2586000 78
2587000 78
2588000 78
2589000 78
2590000 78
2591000 78
2592000 78
2593000 78
2594000 78
2595000 78
2596000 78
2597000 78
2598000 78
2599000 78
2600000 78
2601000 78
2602000 78
2603000 78
2604000 78
2605000 78
2606000 78
2607000 78
2608000 78
2609000 78
2610000 78
2611000 78
2612000 78
2613000 78
2614000 78
2615000 79
2616000 79
2617000 79
2618000 79
2619000 79
2620000 79
2621000 79
2622000 79
2623000 79
2624000 79
2625000 79
2626000 79
2627000 79
2628000 79
2629000 79
2630000 79
2631000 79
2632000 79
2633000 79
2634000 79
2635000 79
2636000 79
2637000 79
2638000 79
2639000 79
2640000 79
2641000 79
2642000 79
2643000 79
2644000 79
2645000 79
2646000 79
2647000 79
2648000 80
2649000 80
2650000 80
2651000 80
2652000 80
2653000 80
2654000 80
2655000 80
2656000 80
2657000 80
2658000 80
2659000 80
2660000 80
2661000 80
2662000 80
2663000 80
2664000 80
2665000 80
2666000 80
2667000 80
2668000 80
2669000 80
2670000 80
2671000 80
2672000 80
2673000 80
2674000 80
2675000 80
2676000 80
2677000 80
2678000 80
2679000 80
2680000 80
2681000 80
2682000 80
2683000 80
2684000 80
2685000 80
2686000 80
2687000 80
2688000 80
2689000 80
2690000 80
2691000 80
2692000 80
2693000 80
2694000 80
2695000 80
2696000 80
2697000 80
2698000 80
2699000 80
2700000 80
2701000 80
2702000 80
2703000 80
2704000 80
2705000 80
2706000 80
2707000 80
2708000 81
2709000 81
2710000 81
2711000 81
2712000 81
2713000 81
2714000 81
2715000 81
2716000 81
2717000 81
2718000 81
2719000 81
2720000 81
2721000 81
2722000 81
2723000 81
2724000 81
2725000 81
2726000 81
2727000 81
2728000 81
2729000 81
2730000 81
2731000 81
2732000 81
2733000 81
2734000 81
2735000 81
2736000 81
2737000 81
2738000 81
2739000 81
2740000 81
2741000 81
2742000 81
2743000 81
2744000 81
2745000 81
2746000 81
2747000 81
2748000 81
2749000 81
2750000 82
2751000 82
2752000 82
2753000 82
2754000 82
2755000 82
2756000 82
2757000 82
2758000 82
2759000 82
2760000 82
2761000 82
2762000 82
2763000 82
2764000 82
2765000 82
2766000 82
2767000 82
2768000 82
2769000 82
2770000 82
2771000 82
2772000 82
2773000 82
2774000 82
2775000 82
2776000 82
2777000 82
2778000 82
2779000 82
2780000 82
2781000 82
2782000 82
2783000 82
2784000 82
2785000 82
2786000 82
2787000 82
2788000 82
2789000 82
2790000 82
2791000 82
2792000 82
2793000 82
2794000 82
2795000 82
2796000 82
2797000 82
2798000 82
2799000 82
2800000 82
2801000 82
2802000 82
2803000 82
2804000 82
2805000 82
2806000 82
2807000 82
2808000 82
2809000 82
2810000 82
2811000 82
2812000 82
2813000 82
2814000 82
2815000 82
2816000 82
2817000 82
2818000 82
2819000 82
2820000 83
2821000 83
2822000 83
2823000 83
2824000 83
2825000 83
2826000 83
2827000 83
2828000 83
2829000 83
2830000 83
2831000 83
2832000 83
2833000 83
2834000 83
2835000 83
2836000 83
2837000 83
2838000 83
2839000 83
2840000 83
2841000 83
2842000 83
2843000 83
2844000 83
2845000 83
2846000 83
2847000 83
2848000 83
2849000 83
2850000 83
2851000 83
2852000 83
2853000 83
2854000 83
2855000 83
2856000 83
2857000 83
2858000 83
2859000 83
2860000 83
2861000 83
2862000 83
2863000 83
2864000 83
2865000 83
2866000 83
2867000 83
2868000 83
2869000 83
2870000 83
2871000 83
2872000 83
2873000 83
2874000 83
2875000 83
2876000 83
2877000 83
2878000 83
2879000 83
2880000 83
2881000 83
2882000 83
2883000 83
2884000 83
2885000 83
2886000 83
2887000 83
2888000 83
2889000 83
2890000 83
2891000 83
2892000 83
2893000 83
2894000 83
2895000 83
2896000 83
2897000 83
2898000 83
2899000 83
2900000 83
2901000 83
2902000 83
2903000 83
2904000 83
2905000 83
2906000 83
2907000 84
2908000 84
2909000 84
2910000 84
2911000 84
2912000 84
2913000 84
2914000 84
2915000 84
2916000 84
2917000 84
2918000 84
2919000 84
2920000 84
2921000 84
2922000 84
2923000 84
2924000 84
2925000 84
2926000 84
2927000 84
2928000 84
2929000 84
2930000 84
2931000 84
2932000 84
2933000 84
2934000 84
2935000 84
2936000 84
2937000 84
2938000 84
2939000 84
2940000 84
2941000 84
2942000 84
2943000 84
2944000 84
2945000 85
2946000 85
2947000 85
2948000 85
2949000 85
2950000 85
2951000 85
2952000 85
2953000 85
2954000 85
2955000 85
2956000 85
2957000 85
2958000 85
2959000 85
2960000 85
2961000 85
2962000 85
2963000 85
2964000 85
2965000 85
2966000 85
2967000 85
2968000 85
2969000 85
2970000 85
2971000 85
2972000 85
2973000 85
2974000 85
2975000 85
2976000 85
2977000 85
2978000 85
2979000 85
2980000 85
2981000 85
2982000 85
2983000 85
2984000 85
2985000 85
2986000 85
2987000 85
2988000 85
2989000 85
2990000 85
2991000 85
2992000 85
2993000 85
2994000 85
2995000 85
2996000 85
2997000 85
2998000 85
2999000 85
3000000 85
3001000 85
3002000 85
3003000 85
3004000 85
3005000 85
3006000 85
3007000 85
3008000 85
3009000 85
3010000 85
3011000 85
3012000 85
3013000 85
3014000 85
3015000 85
3016000 85
3017000 85
3018000 85
3019000 85
3020000 85
3021000 85
3022000 85
3023000 85
3024000 85
3025000 85
3026000 85
3027000 85
3028000 85
3029000 85
3030000 85
3031000 85
3032000 85
3033000 85
3034000 85
3035000 85
3036000 85
3037000 85
3038000 85
3039000 85
3040000 85
3041000 85
3042000 85
3043000 85
3044000 85
3045000 85
3046000 85
3047000 85
3048000 85
3049000 85
3050000 85
3051000 85
3052000 85
3053000 85
3054000 85
3055000 85
3056000 85
3057000 85
3058000 85
3059000 85
3060000 85
3061000 85
3062000 85
3063000 85
3064000 85
3065000 85
3066000 85
3067000 85
3068000 85
3069000 85
3070000 85
3071000 85
3072000 85
3073000 85
3074000 85
3075000 85
3076000 85
3077000 85
3078000 85
3079000 85
3080000 85
3081000 85
3082000 85
3083000 85
3084000 85
3085000 85
3086000 85
3087000 85
3088000 85
3089000 85
3090000 85
3091000 85
3092000 85
3093000 85
3094000 85
3095000 85
3096000 85
3097000 85
3098000 85
3099000 85
3100000 85
3101000 85
3102000 85
3103000 85
3104000 85
3105000 85
3106000 85
3107000 85
3108000 85
3109000 85
3110000 85
3111000 85
3112000 85
3113000 85
3114000 85
3115000 85
3116000 85
3117000 85
3118000 85
3119000 85
3120000 85
3121000 85
3122000 85
3123000 85
3124000 85
3125000 85
3126000 85
3127000 85
3128000 85
3129000 85
3130000 85
3131000 85
3132000 85
3133000 85
3134000 85
3135000 85
3136000 85
3137000 85
3138000 85
3139000 85
3140000 85
3141000 85
3142000 85
3143000 85
3144000 85
3145000 85
3146000 85
3147000 85
3148000 85
3149000 85
3150000 85
3151000 85
3152000 85
3153000 85
3154000 85
3155000 85
3156000 85
3157000 85
3158000 85
3159000 85
3160000 85
3161000 85
3162000 85
3163000 85
3164000 85
3165000 85
3166000 85
3167000 85
3168000 85
3169000 85
3170000 85
3171000 85
3172000 85
3173000 85
3174000 85
3175000 85
3176000 85
3177000 85
3178000 85
3179000 85
3180000 85
3181000 85
3182000 85
3183000 85
3184000 85
3185000 85
3186000 85
3187000 85
3188000 85
3189000 85
3190000 85
3191000 85
3192000 85
3193000 85
3194000 85
3195000 85
3196000 85
3197000 85
3198000 85
3199000 85
3200000 85
3201000 85
3202000 85
3203000 85
3204000 85
3205000 85
3206000 85
3207000 85
3208000 85
3209000 85
3210000 85
3211000 85
3212000 85
3213000 85
3214000 85
3215000 85
3216000 85
3217000 85
3218000 85
3219000 85
3220000 85
3221000 85
3222000 85
3223000 85
3224000 85
3225000 85
3226000 85
3227000 85
3228000 85
3229000 85
3230000 85
3231000 85
3232000 85
3233000 85
3234000 85
3235000 85
3236000 85
3237000 85
3238000 85
3239000 85
3240000 85
3241000 85
3242000 85
3243000 85
3244000 85
3245000 85
3246000 85
3247000 85
3248000 85
3249000 85
3250000 85
3251000 85
3252000 85
3253000 85
3254000 85
3255000 85
3256000 85
3257000 85
3258000 85
3259000 85
3260000 85
3261000 85
3262000 85
3263000 85
3264000 85
3265000 85
3266000 85
3267000 85
3268000 85
3269000 85
3270000 85
3271000 85
3272000 85
3273000 85
3274000 85
3275000 85
3276000 85
3277000 85
3278000 85
3279000 85
3280000 85
3281000 85
3282000 85
3283000 85
3284000 85
3285000 85
3286000 85
3287000 85
3288000 85
3289000 85
3290000 85
3291000 85
3292000 85
3293000 85
3294000 85
3295000 85
3296000 85
3297000 85
3298000 85
3299000 85
3300000 85
3301000 85
3302000 85
3303000 85
3304000 85
3305000 85
3306000 85
3307000 85
3308000 85
3309000 85
3310000 85
3311000 85
3312000 85
3313000 85
3314000 85
3315000 85
3316000 85
3317000 85
3318000 85
3319000 85
3320000 85
3321000 85
3322000 85
3323000 85
3324000 85
3325000 85
3326000 85
3327000 85
3328000 85
3329000 85
3330000 85
3331000 85
3332000 85
3333000 85
3334000 85
3335000 85
3336000 85
3337000 85
3338000 85
3339000 85
3340000 85
3341000 85
3342000 85
3343000 85
3344000 85
3345000 85
3346000 85
3347000 85
3348000 85
3349000 85
3350000 85
3351000 85
3352000 85
3353000 85
3354000 85
3355000 85
3356000 85
3357000 85
3358000 85
3359000 85
3360000 85
3361000 85
3362000 85
3363000 85
3364000 85
3365000 85
3366000 85
3367000 85
3368000 85
3369000 85
3370000 85
3371000 85
3372000 85
3373000 85
3374000 85
3375000 85
3376000 85
3377000 85
3378000 85
3379000 85
3380000 85
3381000 85
3382000 85
3383000 85
3384000 85
3385000 85
3386000 85
3387000 85
3388000 85
3389000 85
3390000 85
3391000 85
3392000 85
3393000 85
3394000 85
3395000 85
3396000 85
3397000 85
3398000 85
3399000 85
3400000 85
3401000 85
3402000 85
3403000 85
3404000 85
3405000 85
3406000 85
3407000 85
3408000 85
3409000 85
3410000 85
3411000 85
3412000 85
3413000 85
3414000 85
3415000 85
3416000 85
3417000 85
3418000 85
3419000 85
3420000 85
3421000 85
3422000 85
3423000 85
3424000 85
3425000 85
3426000 85
3427000 85
3428000 85
3429000 85
3430000 85
3431000 85
3432000 85
3433000 85
3434000 85
3435000 85
3436000 85
3437000 85
3438000 85
3439000 85
3440000 85
3441000 85
3442000 85
3443000 85
3444000 85
3445000 85
3446000 85
3447000 85
3448000 85
3449000 85
3450000 85
3451000 85
3452000 85
3453000 85
3454000 85
3455000 85
3456000 85
3457000 85
3458000 85
3459000 85
3460000 85
3461000 85
3462000 85
3463000 85
3464000 85
3465000 85
3466000 85
3467000 85
3468000 85
3469000 85
3470000 85
3471000 85
3472000 85
3473000 85
3474000 85
3475000 85
3476000 85
3477000 85
3478000 85
3479000 85
3480000 85
3481000 85
3482000 85
3483000 85
3484000 85
3485000 85
3486000 85
3487000 85
3488000 85
3489000 85
3490000 85
3491000 85
3492000 85
3493000 85
3494000 85
3495000 85
3496000 85
3497000 85
3498000 85
3499000 85
3500000 85
3501000 85
3502000 85
3503000 85
3504000 85
3505000 85
3506000 85
3507000 85
3508000 85
3509000 85
3510000 85
3511000 85
3512000 85
3513000 85
3514000 85
3515000 85
3516000 85
3517000 85
3518000 85
3519000 85
3520000 85
3521000 86
3522000 86
3523000 86
3524000 86
3525000 86
3526000 86
3527000 86
3528000 86
3529000 86
3530000 86
3531000 86
3532000 86
3533000 86
3534000 86
3535000 86
3536000 86
3537000 86
3538000 86
3539000 86
3540000 86
3541000 86
3542000 86
3543000 87
3544000 87
3545000 87
3546000 87
3547000 87
3548000 87
3549000 87
3550000 87
3551000 87
3552000 87
3553000 87
3554000 87
3555000 87
3556000 87
3557000 87
3558000 87
3559000 87
3560000 87
3561000 87
3562000 87
3563000 87
3564000 87
3565000 87
3566000 87
3567000 88
3568000 88
3569000 88
3570000 88
3571000 88
3572000 88
3573000 88
3574000 88
3575000 88
3576000 88
3577000 88
3578000 88
3579000 88
3580000 88
3581000 88
3582000 88
3583000 88
3584000 88
3585000 88
3586000 88
3587000 88
3588000 88
3589000 88
3590000 88
3591000 88
3592000 88
3593000 88
3594000 88
3595000 88
3596000 88
3597000 88
3598000 88
3599000 88
3600000 88
3601000 88
3602000 89
3603000 89
3604000 89
3605000 89
3606000 89
3607000 89
3608000 89
3609000 89
3610000 89
3611000 89
3612000 89
3613000 89
3614000 89
3615000 89
3616000 89
3617000 89
3618000 89
3619000 90
3620000 90
3621000 90
3622000 90
3623000 90
3624000 90
3625000 90
3626000 90
3627000 90
3628000 90
3629000 90
3630000 90
3631000 90
3632000 90
3633000 90
3634000 90
3635000 90
3636000 90
3637000 90
3638000 90
3639000 90
3640000 90
3641000 90
3642000 90
3643000 90
3644000 90
3645000 90
3646000 90
3647000 90
3648000 90
3649000 90
3650000 90
3651000 90
3652000 90
3653000 90
3654000 90
3655000 91
3656000 91
3657000 91
3658000 91
3659000 91
3660000 91
3661000 91
3662000 91
3663000 91
3664000 91
3665000 91
3666000 91
3667000 92
3668000 92
3669000 92
3670000 92
3671000 92
3672000 92
3673000 92
3674000 92
3675000 92
3676000 92
3677000 92
3678000 92
3679000 92
3680000 92
3681000 92
3682000 92
3683000 92
3684000 92
3685000 92
3686000 92
3687000 92
3688000 92
3689000 93
3690000 93
3691000 93
3692000 93
3693000 93
3694000 93
3695000 93
3696000 93
3697000 93
3698000 93
3699000 93
3700000 93
3701000 93
3702000 93
3703000 93
3704000 93
3705000 93
3706000 93
3707000 93
3708000 93
3709000 93
3710000 94
3711000 94
3712000 94
3713000 94
3714000 94
3715000 94
3716000 94
3717000 94
3718000 94
3719000 95
3720000 95
3721000 95
3722000 95
3723000 95
3724000 95
3725000 95
3726000 95
3727000 95
3728000 95
3729000 95
3730000 95
3731000 95
3732000 95
3733000 95
3734000 96
3735000 96
3736000 96
3737000 96
3738000 96
3739000 96
3740000 96
3741000 96
3742000 96
3743000 96
3744000 96
3745000 96
3746000 96
3747000 96
3748000 96
3749000 96
3750000 96
3751000 96
3752000 96
3753000 96
3754000 96
3755000 97
3756000 97
3757000 97
3758000 97
3759000 97
3760000 97
3761000 97
3762000 97
3763000 97
3764000 97
3765000 97
3766000 97
3767000 97
3768000 97
3769000 98
3770000 98
3771000 98
3772000 98
3773000 98
3774000 98
3775000 98
3776000 98
3777000 98
3778000 98
3779000 98
3780000 98
3781000 98
3782000 98
3783000 98
3784000 99
3785000 99
3786000 99
3787000 99
3788000 99
3789000 99
3790000 99
3791000 99
3792000 99
3793000 99
3794000 99
3795000 99
3796000 99
3797000 99
3798000 99
3799000 99
3800000 99
3801000 99
3802000 99
3803000 100
3804000 100
3805000 100
3806000 100
3807000 100
3808000 100
3809000 100
3810000 100
3811000 100
3812000 100
3813000 100
3814000 100
3815000 100
3816000 100
3817000 100
3818000 100
3819000 100
3820000 100
3821000 100
3822000 101
3823000 101
3824000 101
3825000 101
3826000 101
3827000 101
3828000 101
3829000 101
3830000 101
3831000 101
3832000 101
3833000 102
3834000 102
3835000 102
3836000 102
3837000 102
3838000 102
3839000 102
3840000 102
3841000 102
3842000 102
3843000 102
3844000 102
3845000 102
3846000 102
3847000 102
3848000 102
3849000 102
3850000 102
3851000 102
3852000 102
3853000 102
3854000 102
3855000 102
3856000 102
3857000 103
3858000 103
3859000 103
3860000 103
3861000 103
3862000 103
3863000 103
3864000 103
3865000 103
3866000 103
3867000 103
3868000 103
3869000 103
3870000 103
3871000 103
3872000 103
3873000 103
3874000 103
3875000 103
3876000 103
3877000 103
3878000 103
3879000 103
3880000 103
3881000 103
3882000 103
3883000 103
3884000 103
3885000 103
3886000 103
3887000 103
3888000 104
3889000 104
3890000 104
3891000 104
3892000 104
3893000 104
3894000 104
3895000 104
3896000 104
3897000 104
3898000 104
3899000 104
3900000 104
3901000 104
3902000 104
3903000 104
3904000 104
3905000 104
3906000 104
3907000 104
3908000 104
3909000 104
3910000 104
3911000 104
3912000 104
3913000 104
3914000 104
3915000 104
3916000 104
3917000 104
3918000 105
3919000 105
3920000 105
3921000 105
3922000 105
3923000 105
3924000 105
3925000 105
3926000 105
3927000 105
3928000 105
3929000 105
3930000 105
3931000 105
3932000 105
3933000 105
3934000 105
3935000 105
3936000 105
3937000 105
3938000 105
3939000 105
3940000 105
3941000 105
3942000 105
3943000 105
3944000 105
3945000 105
3946000 105
3947000 105
3948000 105
3949000 105
3950000 105
3951000 105
3952000 105
3953000 105
3954000 105
3955000 105
3956000 106
3957000 106
3958000 106
3959000 106
3960000 106
3961000 106
3962000 106
3963000 106
3964000 106
3965000 106
3966000 106
3967000 106
3968000 106
3969000 106
3970000 106
3971000 106
3972000 106
3973000 106
3974000 106
3975000 106
3976000 106
3977000 106
3978000 106
3979000 106
3980000 106
3981000 106
3982000 106
3983000 106
3984000 106
3985000 106
3986000 106
3987000 106
3988000 106
3989000 106
3990000 106
3991000 107
3992000 107
3993000 107
3994000 107
3995000 107
3996000 107
3997000 107
3998000 107
3999000 107
4000000 107
4001000 107
4002000 107
4003000 107
4004000 107
4005000 107
4006000 107
4007000 107
4008000 107
4009000 107
4010000 107
4011000 107
4012000 107
4013000 107
4014000 107
4015000 107
4016000 107
4017000 107
4018000 107
4019000 107
4020000 107
4021000 107
4022000 107
4023000 107
4024000 107
4025000 107
4026000 108
4027000 108
4028000 108
4029000 108
4030000 108
4031000 108
4032000 108
4033000 108
4034000 108
4035000 108
4036000 108
4037000 108
4038000 108
4039000 108
4040000 108
4041000 108
4042000 108
4043000 108
4044000 108
4045000 108
4046000 108
4047000 108
4048000 108
4049000 108
4050000 108
4051000 108
4052000 108
4053000 108
4054000 108
4055000 108
4056000 108
4057000 108
4058000 109
4059000 109
4060000 109
4061000 109
4062000 109
4063000 109
4064000 109
4065000 109
4066000 109
4067000 109
4068000 109
4069000 109
4070000 109
4071000 109
4072000 109
4073000 109
4074000 109
4075000 109
4076000 109
4077000 110
4078000 110
4079000 110
4080000 110
4081000 110
4082000 110
4083000 110
4084000 110
4085000 110
4086000 110
4087000 110
4088000 110
4089000 110
4090000 110
4091000 110
4092000 110
4093000 110
4094000 110
4095000 110
4096000 110
4097000 110
4098000 110
4099000 110
4100000 110
4101000 110
4102000 110
4103000 110
4104000 110
4105000 110
4106000 110
4107000 110
4108000 110
4109000 110
4110000 111
4111000 111
4112000 111
4113000 111
4114000 111
4115000 111
4116000 111
4117000 111
4118000 111
4119000 111
4120000 111
4121000 111
4122000 111
4123000 111
4124000 111
4125000 111
4126000 111
4127000 111
4128000 111
4129000 111
4130000 111
4131000 111
4132000 111
4133000 111
4134000 111
4135000 111
4136000 111
4137000 111
4138000 111
4139000 112
4140000 112
4141000 112
4142000 112
4143000 112
4144000 112
4145000 112
4146000 112
4147000 112
4148000 112
4149000 112
4150000 112
4151000 112
4152000 112
4153000 112
4154000 112
4155000 112
4156000 112
4157000 112
4158000 112
4159000 112
4160000 112
4161000 112
4162000 112
4163000 112
4164000 112
4165000 112
4166000 112
4167000 112
4168000 112
4169000 112
4170000 112
4171000 112
4172000 112
4173000 112
4174000 112
4175000 112
4176000 113
4177000 113
4178000 113
4179000 113
4180000 113
4181000 113
4182000 113
4183000 113
4184000 113
4185000 113
4186000 113
4187000 113
4188000 113
4189000 113
4190000 113
4191000 113
4192000 113
4193000 113
4194000 113
4195000 113
4196000 113
4197000 113
4198000 113
4199000 113
4200000 113
4201000 113
4202000 113
4203000 113
4204000 113
4205000 113
4206000 113
4207000 113
4208000 113
4209000 113
4210000 113
4211000 113
4212000 113
4213000 114
4214000 114
4215000 114
4216000 114
4217000 114
4218000 114
4219000 114
4220000 114
4221000 114
4222000 114
4223000 114
4224000 114
4225000 114
4226000 114
4227000 114
4228000 114
4229000 114
4230000 114
4231000 114
4232000 114
4233000 114
4234000 114
4235000 114
4236000 114
4237000 114
4238000 114
4239000 114
4240000 114
4241000 114
4242000 114
4243000 114
4244000 114
4245000 114
4246000 114
4247000 114
4248000 114
4249000 114
4250000 115
4251000 115
4252000 115
4253000 115
4254000 115
4255000 115
4256000 115
4257000 115
4258000 115
4259000 115
4260000 115
4261000 115
4262000 115
4263000 115
4264000 115
4265000 115
4266000 115
4267000 115
4268000 115
4269000 115
4270000 115
4271000 115
4272000 115
4273000 115
4274000 115
4275000 115
4276000 115
4277000 115
4278000 115
4279000 115
4280000 115
4281000 115
4282000 115
4283000 115
4284000 115
4285000 115
4286000 115
4287000 115
4288000 115
4289000 115
4290000 115
4291000 116
4292000 116
4293000 116
4294000 116
4295000 116
4296000 116
4297000 116
4298000 116
4299000 116
4300000 116
4301000 116
4302000 116
4303000 116
4304000 116
4305000 116
4306000 116
4307000 116
4308000 116
4309000 116
4310000 116
4311000 116
4312000 116
4313000 116
4314000 116
4315000 116
4316000 116
4317000 116
4318000 116
4319000 116
4320000 116
4321000 116
4322000 116
4323000 117
4324000 117
4325000 117
4326000 117
4327000 117
4328000 117
4329000 117
4330000 117
4331000 117
4332000 117
4333000 117
4334000 117
4335000 117
4336000 117
4337000 117
4338000 117
4339000 117
4340000 117
4341000 117
4342000 117
4343000 117
4344000 117
4345000 117
4346000 117
4347000 117
4348000 117
4349000 117
4350000 117
4351000 117
4352000 117
4353000 118
4354000 118
4355000 118
4356000 118
4357000 118
4358000 118
4359000 118
4360000 118
4361000 118
4362000 118
4363000 118
4364000 118
4365000 118
4366000 118
4367000 118
4368000 118
4369000 118
4370000 118
4371000 118
4372000 118
4373000 118
4374000 118
4375000 118
4376000 118
4377000 118
4378000 118
4379000 118
4380000 118
4381000 118
4382000 118
4383000 118
4384000 118
4385000 118
4386000 118
4387000 118
4388000 118
4389000 118
4390000 118
4391000 118
4392000 118
4393000 118
4394000 118
4395000 118
4396000 118
4397000 118
4398000 118
4399000 118
4400000 118
4401000 118
4402000 118
4403000 118
4404000 118
4405000 118
4406000 118
4407000 118
4408000 118
4409000 118
4410000 118
4411000 118
4412000 118
4413000 118
4414000 118
4415000 118
4416000 118
4417000 118
4418000 118
4419000 118
4420000 118
4421000 118
4422000 118
4423000 118
4424000 118
4425000 118
4426000 118
4427000 118
4428000 118
4429000 118
4430000 118
4431000 118
4432000 118
4433000 118
4434000 118
4435000 118
4436000 118
4437000 118
4438000 118
4439000 118
4440000 118
4441000 118
4442000 118
4443000 118
4444000 118
4445000 118
4446000 118
4447000 118
4448000 118
4449000 118
4450000 118
4451000 118
4452000 118
4453000 118
4454000 118
4455000 118
4456000 118
4457000 118
4458000 118
4459000 118
4460000 118
4461000 118
4462000 118
4463000 118
4464000 118
4465000 118
4466000 118
4467000 118
4468000 118
4469000 118
4470000 118
4471000 118
4472000 118
4473000 118
4474000 118
4475000 119
4476000 119
4477000 119
4478000 119
4479000 119
4480000 119
4481000 119
4482000 119
4483000 119
4484000 119
4485000 119
4486000 119
4487000 119
4488000 119
4489000 119
4490000 119
4491000 119
4492000 119
4493000 119
4494000 119
4495000 119
4496000 119
4497000 119
4498000 119
4499000 119
4500000 119
4501000 119
4502000 119
4503000 119
4504000 119
4505000 119
4506000 119
4507000 119
4508000 119
4509000 119
4510000 119
4511000 119
4512000 119
4513000 119
4514000 119
4515000 119
4516000 119
4517000 119
4518000 119
4519000 119
4520000 119
4521000 119
4522000 119
4523000 119
4524000 119
4525000 119
4526000 119
4527000 119
4528000 119
4529000 119
4530000 119
4531000 119
4532000 119
4533000 119
4534000 119
4535000 119
4536000 119
4537000 119
4538000 119
4539000 119
4540000 119
4541000 119
4542000 119
4543000 119
4544000 119
4545000 119
4546000 119
4547000 119
4548000 119
4549000 119
4550000 119
4551000 119
4552000 119
4553000 119
4554000 119
4555000 119
4556000 119
4557000 119
4558000 119
4559000 119
4560000 119
4561000 119
4562000 119
4563000 119
4564000 119
4565000 119
4566000 119
4567000 119
4568000 119
4569000 119
4570000 119
4571000 119
4572000 119
4573000 119
4574000 119
4575000 119
4576000 119
4577000 119
4578000 119
4579000 119
4580000 119
4581000 119
4582000 119
4583000 119
4584000 119
4585000 119
4586000 119
4587000 119
4588000 119
4589000 119
4590000 119
4591000 119
4592000 119
4593000 119
4594000 119
4595000 119
4596000 119
4597000 119
4598000 119
4599000 119
4600000 119
4601000 119
4602000 119
4603000 119
4604000 119
4605000 119
4606000 119
4607000 119
4608000 119
4609000 119
4610000 119
4611000 119
4612000 119
4613000 119
4614000 119
4615000 119
4616000 119
4617000 119
4618000 119
4619000 119
4620000 119
4621000 119
4622000 119
4623000 119
4624000 119
4625000 119
4626000 119
4627000 119
4628000 119
4629000 119
4630000 119
4631000 119
4632000 119
4633000 119
4634000 119
4635000 119
4636000 119
4637000 119
4638000 119
4639000 119
4640000 119
4641000 119
4642000 119
4643000 119
4644000 119
4645000 119
4646000 119
4647000 119
4648000 119
4649000 119
4650000 119
4651000 119
4652000 119
4653000 119
4654000 119
4655000 119
4656000 119
4657000 119
4658000 119
4659000 119
4660000 119
4661000 119
4662000 119
4663000 119
4664000 119
4665000 119
4666000 119
4667000 119
4668000 119
4669000 119
4670000 119
4671000 119
4672000 119
4673000 119
4674000 119
4675000 119
4676000 119
4677000 119
4678000 119
4679000 119
4680000 119
4681000 119
4682000 119
4683000 119
4684000 119
4685000 119
4686000 119
4687000 119
4688000 119
4689000 119
4690000 119
4691000 119
4692000 119
4693000 119
4694000 119
4695000 119
4696000 119
4697000 119
4698000 119
4699000 119
4700000 119
4701000 119
4702000 119
4703000 119
4704000 119
4705000 119
4706000 119
4707000 119
4708000 119
4709000 119
4710000 119
4711000 119
4712000 119
4713000 119
4714000 119
4715000 119
4716000 119
4717000 119
4718000 119
4719000 119
4720000 119
4721000 119
4722000 119
4723000 119
4724000 119
4725000 119
4726000 119
4727000 119
4728000 119
4729000 119
4730000 119
4731000 119
4732000 119
4733000 119
4734000 119
4735000 119
4736000 119
4737000 119
4738000 119
4739000 119
4740000 119
4741000 119
4742000 119
4743000 119
4744000 119
4745000 119
4746000 119
4747000 119
4748000 119
4749000 119
4750000 119
4751000 119
4752000 119
4753000 119
4754000 119
4755000 119
4756000 119
4757000 119
4758000 119
4759000 119
4760000 119
4761000 119
4762000 119
4763000 119
4764000 119
4765000 119
4766000 119
4767000 119
4768000 119
4769000 119
4770000 119
4771000 120
4772000 120
4773000 120
4774000 120
4775000 120
4776000 120
4777000 120
4778000 120
4779000 120
4780000 120
4781000 120
4782000 120
4783000 120
4784000 120
4785000 120
4786000 120
4787000 120
4788000 120
4789000 120
4790000 120
4791000 120
4792000 120
4793000 120
4794000 120
4795000 120
4796000 120
4797000 120
4798000 120
4799000 120
4800000 120
4801000 120
4802000 121
4803000 121
4804000 121
4805000 121
4806000 121
4807000 121
4808000 121
4809000 121
4810000 121
4811000 121
4812000 121
4813000 121
4814000 121
4815000 121
4816000 121
4817000 121
4818000 121
4819000 121
4820000 121
4821000 121
4822000 121
4823000 121
4824000 121
4825000 121
4826000 121
4827000 121
4828000 121
4829000 121
4830000 121
4831000 121
4832000 121
4833000 121
4834000 121
4835000 121
4836000 121
4837000 121
4838000 121
4839000 121
4840000 121
4841000 121
4842000 121
4843000 121
4844000 122
4845000 122
4846000 122
4847000 122
4848000 122
4849000 122
4850000 122
4851000 122
4852000 122
4853000 122
4854000 122
4855000 122
4856000 122
4857000 122
4858000 122
4859000 122
4860000 122
4861000 122
4862000 122
4863000 122
4864000 122
4865000 122
4866000 122
4867000 122
4868000 122
4869000 122
4870000 122
4871000 122
4872000 122
4873000 122
4874000 122
4875000 122
4876000 122
4877000 122
4878000 122
4879000 122
4880000 122
4881000 122
4882000 122
4883000 122
4884000 122
4885000 122
4886000 122
4887000 122
4888000 122
4889000 122
4890000 122
4891000 122
4892000 122
4893000 122
4894000 122
4895000 122
4896000 122
4897000 122
4898000 122
4899000 122
4900000 122
4901000 122
4902000 122
4903000 122
4904000 122
4905000 122
4906000 122
4907000 122
4908000 122
4909000 122
4910000 122
4911000 122
4912000 122
4913000 122
4914000 122
4915000 122
4916000 122
4917000 122
4918000 122
4919000 122
4920000 122
4921000 122
4922000 122
4923000 122
4924000 122
4925000 122
4926000 122
4927000 122
4928000 122
4929000 122
4930000 122
4931000 122
4932000 122
4933000 122
4934000 122
4935000 122
4936000 122
4937000 122
4938000 122
4939000 122
4940000 122
4941000 122
4942000 122
4943000 122
4944000 122
4945000 122
4946000 122
4947000 122
4948000 122
4949000 122
4950000 122
4951000 122
4952000 122
4953000 122
4954000 122
4955000 122
4956000 122
4957000 122
4958000 122
4959000 122
4960000 122
4961000 122
4962000 122
4963000 122
4964000 122
4965000 122
4966000 122
4967000 122
4968000 122
4969000 122
4970000 122
4971000 122
4972000 122
4973000 122
4974000 122
4975000 122
4976000 122
4977000 122
4978000 122
4979000 122
4980000 122
4981000 122
4982000 122
4983000 122
4984000 122
4985000 122
4986000 122
4987000 122
4988000 122
4989000 122
4990000 122
4991000 122
4992000 122
4993000 122
4994000 122
4995000 122
4996000 122
4997000 122
4998000 122
4999000 122
5000000 122
