0 0
1000 0
2000 0
3000 0
4000 0
5000 0
6000 0
7000 0
8000 0
9000 0
10000 0
11000 0
12000 0
13000 0
14000 0
15000 0
16000 0
17000 0
18000 0
19000 0
20000 0
21000 0
22000 0
23000 0
24000 0
25000 0
26000 0
27000 0
28000 0
29000 0
30000 0
31000 0
32000 0
33000 0
34000 0
35000 0
36000 0
37000 0
38000 0
39000 0
40000 0
41000 0
42000 0
43000 0
44000 0
45000 0
46000 0
47000 0
48000 0
49000 0
50000 0
51000 0
52000 0
53000 0
54000 0
55000 0
56000 0
57000 0
58000 0
59000 0
60000 0
61000 0
62000 0
63000 0
64000 0
65000 0
66000 0
67000 0
68000 0
69000 0
70000 0
71000 0
72000 0
73000 0
74000 0
75000 0
76000 0
77000 0
78000 0
79000 0
80000 0
81000 0
82000 0
83000 0
84000 0
85000 0
86000 0
87000 0
88000 0
89000 1
90000 1
91000 1
92000 1
93000 1
94000 1
95000 1
96000 1
97000 1
98000 1
99000 1
100000 1
101000 1
102000 1
103000 1
104000 1
105000 1
106000 1
107000 1
108000 1
109000 1
110000 1
111000 1
112000 1
113000 1
114000 1
115000 1
116000 1
117000 1
118000 1
119000 1
120000 1
121000 1
122000 1
123000 1
124000 1
125000 1
126000 1
127000 1
128000 1
129000 1
130000 1
131000 1
132000 1
133000 1
134000 2
135000 2
136000 2
137000 2
138000 2
139000 2
140000 2
141000 2
142000 2
143000 2
144000 2
145000 2
146000 2
147000 2
148000 2
149000 2
150000 2
151000 2
152000 2
153000 2
154000 2
155000 2
156000 2
157000 2
158000 2
159000 3
160000 3
161000 3
162000 3
163000 3
164000 3
165000 3
166000 3
167000 3
168000 3
169000 3
170000 3
171000 3
172000 3
173000 3
174000 3
175000 3
176000 3
177000 3
178000 3
179000 3
180000 3
181000 3
182000 3
183000 3
184000 3
185000 3
186000 3
187000 3
188000 3
189000 3
190000 3
191000 3
192000 3
193000 3
194000 3
195000 3
196000 3
197000 3
198000 3
199000 3
200000 3
201000 3
202000 3
203000 3
204000 3
205000 3
206000 3
207000 3
208000 3
209000 3
210000 3
211000 3
212000 3
213000 3
214000 3
215000 3
216000 3
217000 3
218000 3
219000 3
220000 3
221000 3
222000 3
223000 3
224000 3
225000 3
226000 3
227000 3
228000 3
229000 3
230000 3
231000 3
232000 3
233000 3
234000 3
235000 3
236000 4
237000 4
238000 4
239000 4
240000 4
241000 4
242000 4
243000 4
244000 4
245000 4
246000 4
247000 4
248000 4
249000 4
250000 4
251000 4
252000 4
253000 4
254000 4
255000 4
256000 4
257000 4
258000 4
259000 4
260000 4
261000 4
262000 4
263000 4
264000 4
265000 4
266000 4
267000 4
268000 4
269000 4
270000 4
271000 4
272000 4
273000 4
274000 4
275000 4
276000 4
277000 4
278000 4
279000 4
280000 4
281000 4
282000 4
283000 4
284000 5
285000 5
286000 5
287000 5
288000 5
289000 5
290000 5
291000 5
292000 5
293000 5
294000 5
295000 5
296000 5
297000 5
298000 5
299000 5
300000 5
301000 5
302000 5
303000 5
304000 5
305000 5
306000 5
307000 5
308000 5
309000 5
310000 5
311000 5
312000 5
313000 5
314000 5
315000 5
316000 5
317000 5
318000 5
319000 5
320000 5
321000 5
322000 5
323000 5
324000 5
325000 5
326000 5
327000 5
328000 5
329000 5
330000 5
331000 5
332000 5
333000 5
334000 5
335000 5
336000 5
337000 5
338000 5
339000 5
340000 5
341000 5
342000 5
343000 5
344000 5
345000 5
346000 5
347000 6
348000 6
349000 6
350000 6
351000 6
352000 6
353000 6
354000 6
355000 6
356000 6
357000 6
358000 6
359000 6
360000 7
361000 7
362000 7
363000 7
364000 7
365000 7
366000 7
367000 7
368000 7
369000 7
370000 7
371000 7
372000 7
373000 7
374000 7
375000 7
376000 7
377000 7
378000 7
379000 7
380000 7
381000 7
382000 7
383000 7
384000 7
385000 7
386000 7
387000 7
388000 7
389000 7
390000 7
391000 7
392000 7
393000 7
394000 7
395000 7
396000 7
397000 7
398000 7
399000 7
400000 7
401000 7
402000 7
403000 7
404000 7
405000 7
406000 7
407000 7
408000 7
409000 7
410000 8
411000 8
412000 8
413000 8
414000 8
415000 8
416000 8
417000 8
418000 8
419000 8
420000 9
421000 9
422000 9
423000 9
424000 9
425000 9
426000 9
427000 9
428000 9
429000 9
430000 9
431000 9
432000 9
433000 9
434000 10
435000 10
436000 10
437000 10
438000 10
439000 10
440000 10
441000 10
442000 10
443000 10
444000 10
445000 11
446000 11
447000 11
448000 11
449000 11
450000 11
451000 11
452000 11
453000 11
454000 11
455000 11
456000 11
457000 11
458000 11
459000 11
460000 11
461000 11
462000 11
463000 11
464000 11
465000 11
466000 11
467000 11
468000 11
469000 11
470000 11
471000 11
472000 11
473000 11
474000 11
475000 11
476000 11
477000 11
478000 11
479000 11
480000 11
481000 11
482000 11
483000 11
484000 11
485000 11
486000 11
487000 11
488000 11
489000 11
490000 11
491000 11
492000 11
493000 11
494000 11
495000 11
496000 11
497000 11
498000 11
499000 11
500000 11
501000 11
502000 11
503000 11
504000 11
505000 11
506000 11
507000 11
508000 11
509000 11
510000 11
511000 11
512000 11
513000 11
514000 11
515000 11
516000 11
517000 11
518000 11
519000 11
520000 11
521000 11
522000 11
523000 11
524000 11
525000 11
526000 11
527000 11
528000 11
529000 11
530000 11
531000 11
532000 11
533000 11
534000 11
535000 11
536000 11
537000 11
538000 12
539000 12
540000 12
541000 12
542000 12
543000 12
544000 12
545000 12
546000 12
547000 12
548000 12
549000 12
550000 12
551000 12
552000 12
553000 12
554000 12
555000 12
556000 12
557000 12
558000 12
559000 12
560000 12
561000 12
562000 12
563000 12
564000 12
565000 12
566000 12
567000 12
568000 12
569000 12
570000 12
571000 12
572000 12
573000 12
574000 12
575000 12
576000 12
577000 12
578000 12
579000 12
580000 12
581000 12
582000 12
583000 12
584000 12
585000 12
586000 12
587000 12
588000 12
589000 12
590000 12
591000 12
592000 12
593000 12
594000 12
595000 12
596000 12
597000 12
598000 12
599000 12
600000 12
601000 12
602000 12
603000 12
604000 12
605000 12
606000 12
607000 12
608000 12
609000 12
610000 12
611000 12
612000 12
613000 12
614000 13
615000 13
616000 13
617000 13
618000 13
619000 13
620000 13
621000 13
622000 13
623000 13
624000 13
625000 13
626000 13
627000 13
628000 13
629000 13
630000 13
631000 14
632000 14
633000 14
634000 14
635000 14
636000 14
637000 14
638000 14
639000 14
640000 14
641000 14
642000 14
643000 14
644000 14
645000 14
646000 14
647000 14
648000 14
649000 15
650000 15
651000 15
652000 15
653000 15
654000 15
655000 15
656000 15
657000 15
658000 15
659000 15
660000 15
661000 16
662000 16
663000 16
664000 16
665000 16
666000 16
667000 16
668000 16
669000 16
670000 16
671000 16
672000 16
673000 16
674000 16
675000 16
676000 17
677000 17
678000 17
679000 17
680000 17
681000 17
682000 17
683000 17
684000 17
685000 17
686000 17
687000 17
688000 18
689000 18
690000 18
691000 18
692000 18
693000 18
694000 18
695000 18
696000 18
697000 18
698000 18
699000 18
700000 19
701000 19
702000 19
703000 19
704000 19
705000 19
706000 19
707000 19
708000 19
709000 19
710000 19
711000 19
712000 20
713000 20
714000 20
715000 20
716000 20
717000 20
718000 20
719000 20
720000 20
721000 20
722000 20
723000 20
724000 20
725000 20
726000 20
727000 20
728000 21
729000 21
730000 21
731000 21
732000 21
733000 21
734000 21
735000 21
736000 21
737000 21
738000 21
739000 21
740000 21
741000 21
742000 21
743000 21
744000 21
745000 21
746000 21
747000 21
748000 22
749000 22
750000 22
751000 22
752000 22
753000 22
754000 22
755000 22
756000 22
757000 22
758000 22
759000 22
760000 22
761000 22
762000 22
763000 22
764000 22
765000 22
766000 23
767000 23
768000 23
769000 23
770000 23
771000 23
772000 23
773000 23
774000 23
775000 23
776000 23
777000 23
778000 23
779000 24
780000 24
781000 24
782000 24
783000 24
784000 24
785000 24
786000 24
787000 24
788000 24
789000 24
790000 24
791000 24
792000 25
793000 25
794000 25
795000 25
796000 25
797000 25
798000 25
799000 25
800000 25
801000 25
802000 25
803000 25
804000 25
805000 25
806000 26
807000 26
808000 26
809000 26
810000 26
811000 26
812000 26
813000 26
814000 26
815000 26
816000 26
817000 27
818000 27
819000 27
820000 27
821000 27
822000 27
823000 27
824000 27
825000 27
826000 27
827000 27
828000 27
829000 28
830000 28
831000 28
832000 28
833000 28
834000 28
835000 28
836000 28
837000 28
838000 28
839000 28
840000 28
841000 28
842000 28
843000 28
844000 29
845000 29
846000 29
847000 29
848000 29
849000 29
850000 29
851000 29
852000 29
853000 29
854000 29
855000 29
856000 29
857000 29
858000 29
859000 29
860000 30
861000 30
862000 30
863000 30
864000 30
865000 30
866000 30
867000 30
868000 30
869000 30
870000 30
871000 30
872000 30
873000 30
874000 30
875000 30
876000 30
877000 30
878000 30
879000 30
880000 30
881000 30
882000 30
883000 30
884000 30
885000 30
886000 30
887000 30
888000 30
889000 30
890000 30
891000 30
892000 30
893000 30
894000 30
895000 30
896000 30
897000 30
898000 30
899000 30
900000 30
901000 30
902000 30
903000 30
904000 30
905000 30
906000 30
907000 30
908000 30
909000 30
910000 30
911000 30
912000 30
913000 30
914000 30
915000 30
916000 30
917000 30
918000 30
919000 30
920000 30
921000 30
922000 30
923000 30
924000 31
925000 31
926000 31
927000 31
928000 31
929000 31
930000 31
931000 31
932000 31
933000 31
934000 31
935000 31
936000 31
937000 31
938000 31
939000 31
940000 31
941000 31
942000 31
943000 31
944000 31
945000 31
946000 31
947000 31
948000 31
949000 31
950000 31
951000 31
952000 31
953000 31
954000 31
955000 31
956000 31
957000 31
958000 31
959000 31
960000 31
961000 31
962000 31
963000 31
964000 31
965000 31
966000 31
967000 31
968000 31
969000 31
970000 31
971000 31
972000 31
973000 31
974000 31
975000 31
976000 31
977000 31
978000 31
979000 31
980000 31
981000 31
982000 31
983000 31
984000 31
985000 31
986000 31
987000 31
988000 31
989000 32
990000 32
991000 32
992000 32
993000 32
994000 32
995000 32
996000 32
997000 32
998000 32
999000 32
1000000 32
1001000 32
1002000 32
1003000 32
1004000 33
1005000 33
1006000 33
1007000 33
1008000 33
1009000 33
1010000 33
1011000 33
1012000 33
1013000 33
1014000 33
1015000 33
1016000 33
1017000 33
1018000 33
1019000 33
1020000 33
1021000 33
1022000 33
1023000 33
1024000 33
1025000 33
1026000 33
1027000 33
1028000 33
1029000 33
1030000 33
1031000 33
1032000 33
1033000 33
1034000 33
1035000 33
1036000 33
1037000 33
1038000 33
1039000 33
1040000 33
1041000 33
1042000 33
1043000 33
1044000 33
1045000 33
1046000 33
1047000 33
1048000 33
1049000 33
1050000 33
1051000 33
1052000 33
1053000 33
1054000 33
1055000 33
1056000 33
1057000 33
1058000 33
1059000 33
1060000 33
1061000 33
1062000 33
1063000 33
1064000 33
1065000 33
1066000 33
1067000 33
1068000 33
1069000 33
1070000 33
1071000 33
1072000 33
1073000 33
1074000 33
1075000 33
1076000 33
1077000 33
1078000 33
1079000 33
1080000 33
1081000 33
1082000 33
1083000 33
1084000 33
1085000 33
1086000 33
1087000 33
1088000 33
1089000 33
1090000 33
1091000 33
1092000 33
1093000 33
1094000 33
1095000 33
1096000 33
1097000 33
1098000 33
1099000 33
1100000 33
1101000 33
1102000 33
1103000 33
1104000 33
1105000 33
1106000 33
1107000 33
1108000 33
1109000 33
1110000 33
1111000 33
1112000 33
1113000 33
1114000 33
1115000 34
1116000 34
1117000 34
1118000 34
1119000 34
1120000 34
1121000 34
1122000 34
1123000 34
1124000 34
1125000 34
1126000 34
1127000 35
1128000 35
1129000 35
1130000 35
1131000 35
1132000 35
1133000 35
1134000 35
1135000 35
1136000 35
1137000 35
1138000 36
1139000 36
1140000 36
1141000 36
1142000 36
1143000 36
1144000 36
1145000 36
1146000 36
1147000 36
1148000 36
1149000 36
1150000 36
1151000 36
1152000 37
1153000 37
1154000 37
1155000 37
1156000 37
1157000 37
1158000 37
1159000 37
1160000 37
1161000 37
1162000 37
1163000 37
1164000 37
1165000 37
1166000 38
1167000 38
1168000 38
1169000 38
1170000 38
1171000 38
1172000 38
1173000 38
1174000 38
1175000 38
1176000 38
1177000 38
1178000 38
1179000 39
1180000 39
1181000 39
1182000 39
1183000 39
1184000 39
1185000 39
1186000 39
1187000 39
1188000 39
1189000 39
1190000 39
1191000 39
1192000 39
1193000 39
1194000 39
1195000 40
1196000 40
1197000 40
1198000 40
1199000 40
1200000 40
1201000 40
1202000 40
1203000 40
1204000 40
1205000 40
1206000 41
1207000 41
1208000 41
1209000 41
1210000 41
1211000 41
1212000 41
1213000 41
1214000 41
1215000 41
1216000 41
1217000 41
1218000 41
1219000 41
1220000 42
1221000 42
1222000 42
1223000 42
1224000 42
1225000 42
1226000 42
1227000 42
1228000 42
1229000 42
1230000 43
1231000 43
1232000 43
1233000 43
1234000 43
1235000 43
1236000 43
1237000 43
1238000 43
1239000 43
1240000 44
1241000 44
1242000 44
1243000 44
1244000 44
1245000 44
1246000 44
1247000 44
1248000 44
1249000 44
1250000 45
1251000 45
1252000 45
1253000 45
1254000 45
1255000 45
1256000 45
1257000 45
1258000 45
1259000 45
1260000 45
1261000 45
1262000 45
1263000 45
1264000 45
1265000 46
1266000 46
1267000 46
1268000 46
1269000 46
1270000 46
1271000 46
1272000 46
1273000 46
1274000 46
1275000 47
1276000 47
1277000 47
1278000 47
1279000 47
1280000 47
1281000 47
1282000 47
1283000 47
1284000 47
1285000 47
1286000 47
1287000 47
1288000 47
1289000 47
1290000 47
1291000 47
1292000 47
1293000 47
1294000 47
1295000 47
1296000 47
1297000 48
1298000 48
1299000 48
1300000 48
1301000 48
1302000 48
1303000 48
1304000 48
1305000 48
1306000 48
1307000 48
1308000 48
1309000 48
1310000 48
1311000 48
1312000 48
1313000 48
1314000 48
1315000 48
1316000 48
1317000 48
1318000 48
1319000 48
1320000 48
1321000 49
1322000 49
1323000 49
1324000 49
1325000 49
1326000 49
1327000 49
1328000 49
1329000 49
1330000 49
1331000 49
1332000 49
1333000 49
1334000 49
1335000 49
1336000 49
1337000 49
1338000 49
1339000 49
1340000 50
1341000 50
1342000 50
1343000 50
1344000 50
1345000 50
1346000 50
1347000 50
1348000 50
1349000 50
1350000 50
1351000 50
1352000 50
1353000 50
1354000 50
1355000 50
1356000 51
1357000 51
1358000 51
1359000 51
1360000 51
1361000 51
1362000 51
1363000 51
1364000 51
1365000 51
1366000 51
1367000 51
1368000 51
1369000 51
1370000 51
1371000 52
1372000 52
1373000 52
1374000 52
1375000 52
1376000 52
1377000 52
1378000 52
1379000 52
1380000 52
1381000 52
1382000 52
1383000 52
1384000 52
1385000 52
1386000 52
1387000 52
1388000 52
1389000 52
1390000 52
1391000 52
1392000 52
1393000 52
1394000 52
1395000 52
1396000 52
1397000 52
1398000 52
1399000 52
1400000 52
1401000 52
1402000 52
1403000 52
1404000 52
1405000 52
1406000 52
1407000 52
1408000 52
1409000 52
1410000 52
1411000 52
1412000 52
1413000 52
1414000 52
1415000 52
1416000 52
1417000 52
1418000 52
1419000 52
1420000 52
1421000 52
1422000 52
1423000 52
1424000 52
1425000 52
1426000 52
1427000 52
1428000 52
1429000 52
1430000 52
1431000 52
1432000 52
1433000 52
1434000 52
1435000 52
1436000 52
1437000 52
1438000 52
1439000 52
1440000 52
1441000 52
1442000 52
1443000 52
1444000 52
1445000 52
1446000 52
1447000 52
1448000 52
1449000 52
1450000 52
1451000 52
1452000 52
1453000 52
1454000 52
1455000 52
1456000 52
1457000 52
1458000 52
1459000 52
1460000 52
1461000 52
1462000 52
1463000 52
1464000 52
1465000 52
1466000 52
1467000 52
1468000 52
1469000 52
1470000 52
1471000 52
1472000 52
1473000 52
1474000 52
1475000 52
1476000 52
1477000 52
1478000 52
1479000 52
1480000 52
1481000 52
1482000 52
1483000 52
1484000 52
1485000 52
1486000 52
1487000 52
1488000 52
1489000 52
1490000 52
1491000 52
1492000 52
1493000 52
1494000 52
1495000 52
1496000 52
1497000 52
1498000 52
1499000 52
1500000 52
1501000 52
1502000 52
1503000 52
1504000 52
1505000 52
1506000 52
1507000 52
1508000 52
1509000 52
1510000 52
1511000 52
1512000 52
1513000 52
1514000 52
1515000 52
1516000 52
1517000 52
1518000 52
1519000 52
1520000 52
1521000 52
1522000 52
1523000 52
1524000 52
1525000 52
1526000 52
1527000 52
1528000 52
1529000 52
1530000 52
1531000 52
1532000 52
1533000 52
1534000 52
1535000 52
1536000 52
1537000 52
1538000 52
1539000 52
1540000 52
1541000 52
1542000 52
1543000 52
1544000 52
1545000 52
1546000 52
1547000 52
1548000 52
1549000 52
1550000 52
1551000 52
1552000 52
1553000 52
1554000 52
1555000 52
1556000 52
1557000 52
1558000 52
1559000 52
1560000 52
1561000 52
1562000 52
1563000 52
1564000 52
1565000 52
1566000 52
1567000 52
1568000 52
1569000 52
1570000 52
1571000 52
1572000 52
1573000 52
1574000 52
1575000 52
1576000 52
1577000 52
1578000 52
1579000 52
1580000 52
1581000 52
1582000 52
1583000 52
1584000 52
1585000 52
1586000 52
1587000 52
1588000 52
1589000 52
1590000 52
1591000 52
1592000 52
1593000 52
1594000 52
1595000 52
1596000 52
1597000 52
1598000 52
1599000 52
1600000 52
1601000 52
1602000 52
1603000 52
1604000 52
1605000 52
1606000 52
1607000 52
1608000 52
1609000 52
1610000 52
1611000 52
1612000 52
1613000 52
1614000 52
1615000 52
1616000 52
1617000 52
1618000 52
1619000 52
1620000 52
1621000 52
1622000 52
1623000 52
1624000 52
1625000 52
1626000 52
1627000 52
1628000 52
1629000 52
1630000 52
1631000 52
1632000 52
1633000 52
1634000 52
1635000 52
1636000 52
1637000 52
1638000 52
1639000 52
1640000 52
1641000 52
1642000 52
1643000 52
1644000 52
1645000 52
1646000 52
1647000 52
1648000 52
1649000 52
1650000 52
1651000 52
1652000 52
1653000 52
1654000 52
1655000 52
1656000 52
1657000 52
1658000 52
1659000 52
1660000 52
1661000 52
1662000 52
1663000 52
1664000 52
1665000 52
1666000 52
1667000 52
1668000 52
1669000 52
1670000 52
1671000 52
1672000 52
1673000 52
1674000 52
1675000 52
1676000 52
1677000 52
1678000 52
1679000 52
1680000 52
1681000 52
1682000 52
1683000 52
1684000 52
1685000 52
1686000 52
1687000 52
1688000 52
1689000 52
1690000 52
1691000 52
1692000 52
1693000 52
1694000 52
1695000 52
1696000 52
1697000 52
1698000 52
1699000 52
1700000 52
1701000 52
1702000 52
1703000 52
1704000 52
1705000 52
1706000 52
1707000 52
1708000 52
1709000 52
1710000 52
1711000 52
1712000 52
1713000 52
1714000 52
1715000 52
1716000 52
1717000 52
1718000 52
1719000 52
1720000 52
1721000 52
1722000 52
1723000 52
1724000 52
1725000 52
1726000 52
1727000 52
1728000 52
1729000 52
1730000 52
1731000 52
1732000 52
1733000 52
1734000 52
1735000 52
1736000 52
1737000 52
1738000 52
1739000 52
1740000 52
1741000 52
1742000 52
1743000 52
1744000 52
1745000 52
1746000 52
1747000 52
1748000 52
1749000 52
1750000 52
1751000 52
1752000 52
1753000 52
1754000 52
1755000 52
1756000 52
1757000 52
1758000 52
1759000 52
1760000 52
1761000 52
1762000 52
1763000 52
1764000 52
1765000 52
1766000 52
1767000 52
1768000 52
1769000 52
1770000 52
1771000 52
1772000 52
1773000 52
1774000 52
1775000 52
1776000 52
1777000 52
1778000 52
1779000 52
1780000 52
1781000 52
1782000 52
1783000 52
1784000 52
1785000 52
1786000 52
1787000 52
1788000 52
1789000 52
1790000 52
1791000 52
1792000 52
1793000 52
1794000 52
1795000 52
1796000 52
1797000 52
1798000 52
1799000 52
1800000 52
1801000 52
1802000 52
1803000 52
1804000 52
1805000 52
1806000 52
1807000 52
1808000 52
1809000 52
1810000 52
1811000 52
1812000 52
1813000 52
1814000 52
1815000 52
1816000 52
1817000 52
1818000 52
1819000 52
1820000 52
1821000 52
1822000 52
1823000 52
1824000 52
1825000 52
1826000 52
1827000 52
1828000 52
1829000 52
1830000 52
1831000 52
1832000 52
1833000 52
1834000 52
1835000 52
1836000 52
1837000 52
1838000 52
1839000 52
1840000 52
1841000 52
1842000 52
1843000 52
1844000 52
1845000 52
1846000 52
1847000 52
1848000 52
1849000 52
1850000 52
1851000 52
1852000 52
1853000 52
1854000 52
1855000 52
1856000 52
1857000 52
1858000 52
1859000 52
1860000 52
1861000 52
1862000 52
1863000 52
1864000 52
1865000 52
1866000 52
1867000 52
1868000 52
1869000 52
1870000 52
1871000 52
1872000 52
1873000 52
1874000 52
1875000 52
1876000 52
1877000 52
1878000 52
1879000 52
1880000 52
1881000 52
1882000 52
1883000 52
1884000 52
1885000 52
1886000 52
1887000 52
1888000 52
1889000 52
1890000 52
1891000 52
1892000 52
1893000 52
1894000 52
1895000 52
1896000 52
1897000 52
1898000 52
1899000 52
1900000 52
1901000 52
1902000 52
1903000 52
1904000 52
1905000 52
1906000 52
1907000 52
1908000 52
1909000 52
1910000 52
1911000 52
1912000 52
1913000 52
1914000 52
1915000 52
1916000 52
1917000 52
1918000 52
1919000 52
1920000 52
1921000 52
1922000 52
1923000 52
1924000 52
1925000 52
1926000 52
1927000 52
1928000 52
1929000 52
1930000 52
1931000 52
1932000 52
1933000 52
1934000 52
1935000 52
1936000 52
1937000 52
1938000 52
1939000 52
1940000 52
1941000 52
1942000 52
1943000 52
1944000 52
1945000 52
1946000 52
1947000 52
1948000 52
1949000 52
1950000 52
1951000 52
1952000 52
1953000 52
1954000 52
1955000 52
1956000 52
1957000 52
1958000 52
1959000 52
1960000 52
1961000 52
1962000 52
1963000 52
1964000 52
1965000 52
1966000 52
1967000 52
1968000 52
1969000 52
1970000 52
1971000 52
1972000 52
1973000 52
1974000 52
1975000 52
1976000 52
1977000 52
1978000 52
1979000 52
1980000 52
1981000 52
1982000 52
1983000 52
1984000 52
1985000 52
1986000 52
1987000 52
1988000 52
1989000 52
1990000 52
1991000 52
1992000 52
1993000 52
1994000 52
1995000 52
1996000 52
1997000 52
1998000 52
1999000 52
2000000 52
2001000 52
2002000 52
2003000 52
2004000 52
2005000 52
2006000 52
2007000 52
2008000 52
2009000 52
2010000 52
2011000 52
2012000 52
2013000 52
2014000 52
2015000 52
2016000 52
2017000 52
2018000 52
2019000 52
2020000 52
2021000 52
2022000 52
2023000 52
2024000 52
2025000 52
2026000 52
2027000 52
2028000 52
2029000 52
2030000 52
2031000 52
2032000 52
2033000 52
2034000 52
2035000 52
2036000 52
2037000 52
2038000 52
2039000 52
2040000 52
2041000 52
2042000 52
2043000 52
2044000 52
2045000 52
2046000 52
2047000 52
2048000 52
2049000 52
2050000 52
2051000 52
2052000 52
2053000 52
2054000 52
2055000 52
2056000 52
2057000 52
2058000 52
2059000 52
2060000 52
2061000 52
2062000 52
2063000 52
2064000 52
2065000 52
2066000 52
2067000 52
2068000 52
2069000 52
2070000 52
2071000 52
2072000 52
2073000 52
2074000 52
2075000 52
2076000 52
2077000 52
2078000 52
2079000 52
2080000 52
2081000 52
2082000 52
2083000 52
2084000 52
2085000 52
2086000 52
2087000 52
2088000 52
2089000 52
2090000 52
2091000 52
2092000 52
2093000 52
2094000 52
2095000 52
2096000 52
2097000 53
2098000 53
2099000 53
2100000 53
2101000 53
2102000 53
2103000 53
2104000 53
2105000 53
2106000 53
2107000 53
2108000 53
2109000 53
2110000 53
2111000 53
2112000 53
2113000 53
2114000 53
2115000 53
2116000 53
2117000 53
2118000 53
2119000 53
2120000 53
2121000 53
2122000 53
2123000 53
2124000 53
2125000 53
2126000 53
2127000 53
2128000 53
2129000 53
2130000 53
2131000 53
2132000 53
2133000 53
2134000 53
2135000 53
2136000 53
2137000 53
2138000 53
2139000 53
2140000 53
2141000 53
2142000 53
2143000 53
2144000 53
2145000 53
2146000 53
2147000 53
2148000 53
2149000 53
2150000 53
2151000 53
2152000 53
2153000 53
2154000 53
2155000 53
2156000 53
2157000 53
2158000 53
2159000 53
2160000 53
2161000 53
2162000 53
2163000 53
2164000 53
2165000 53
2166000 53
2167000 53
2168000 53
2169000 53
2170000 53
2171000 53
2172000 53
2173000 53
2174000 53
2175000 53
2176000 53
2177000 53
2178000 53
2179000 53
2180000 53
2181000 53
2182000 53
2183000 53
2184000 53
2185000 53
2186000 53
2187000 53
2188000 53
2189000 53
2190000 54
2191000 54
2192000 54
2193000 54
2194000 54
2195000 54
2196000 54
2197000 54
2198000 54
2199000 54
2200000 54
2201000 54
2202000 54
2203000 54
2204000 54
2205000 54
2206000 54
2207000 54
2208000 54
2209000 54
2210000 55
2211000 55
2212000 55
2213000 55
2214000 55
2215000 55
2216000 55
2217000 55
2218000 55
2219000 55
2220000 55
2221000 55
2222000 56
2223000 56
2224000 56
2225000 56
2226000 56
2227000 56
2228000 56
2229000 56
2230000 56
2231000 56
2232000 56
2233000 56
2234000 56
2235000 56
2236000 56
2237000 56
2238000 56
2239000 56
2240000 56
2241000 57
2242000 57
2243000 57
2244000 57
2245000 57
2246000 57
2247000 57
2248000 57
2249000 57
2250000 57
2251000 57
2252000 57
2253000 57
2254000 57
2255000 57
2256000 57
2257000 57
2258000 57
2259000 57
2260000 57
2261000 57
2262000 57
2263000 57
2264000 57
2265000 57
2266000 57
2267000 57
2268000 57
2269000 57
2270000 57
2271000 57
2272000 57
2273000 57
2274000 57
2275000 57
2276000 57
2277000 57
2278000 57
2279000 57
2280000 57
2281000 57
2282000 57
2283000 57
2284000 57
2285000 57
2286000 57
2287000 57
2288000 57
2289000 57
2290000 57
2291000 57
2292000 57
2293000 57
2294000 57
2295000 57
2296000 57
2297000 57
2298000 57
2299000 57
2300000 57
2301000 57
2302000 57
2303000 57
2304000 57
2305000 57
2306000 57
2307000 57
2308000 57
2309000 57
2310000 57
2311000 57
2312000 57
2313000 57
2314000 57
2315000 57
2316000 57
2317000 57
2318000 57
2319000 57
2320000 57
2321000 57
2322000 57
2323000 57
2324000 57
2325000 57
2326000 57
2327000 57
2328000 57
2329000 57
2330000 57
2331000 57
2332000 57
2333000 57
2334000 57
2335000 57
2336000 57
2337000 57
2338000 57
2339000 57
2340000 57
2341000 57
2342000 57
2343000 57
2344000 57
2345000 57
2346000 57
2347000 57
2348000 57
2349000 57
2350000 57
2351000 57
2352000 57
2353000 57
2354000 57
2355000 57
2356000 57
2357000 57
2358000 57
2359000 57
2360000 57
2361000 57
2362000 57
2363000 57
2364000 57
2365000 58
2366000 58
2367000 58
2368000 58
2369000 58
2370000 58
2371000 58
2372000 58
2373000 58
2374000 58
2375000 58
2376000 58
2377000 58
2378000 58
2379000 58
2380000 58
2381000 58
2382000 58
2383000 58
2384000 58
2385000 58
2386000 58
2387000 58
2388000 58
2389000 58
2390000 58
2391000 58
2392000 58
2393000 58
2394000 58
2395000 58
2396000 58
2397000 58
2398000 58
2399000 58
2400000 58
2401000 58
2402000 58
2403000 58
2404000 58
2405000 58
2406000 58
2407000 58
2408000 58
2409000 58
2410000 58
2411000 58
2412000 58
2413000 58
2414000 58
2415000 58
2416000 58
2417000 58
2418000 58
2419000 58
2420000 58
2421000 58
2422000 58
2423000 58
2424000 58
2425000 58
2426000 58
2427000 58
2428000 58
2429000 58
2430000 58
2431000 58
2432000 58
2433000 58
2434000 58
2435000 58
2436000 58
2437000 58
2438000 58
2439000 58
2440000 58
2441000 58
2442000 58
2443000 58
2444000 58
2445000 58
2446000 58
2447000 58
2448000 58
2449000 58
2450000 58
2451000 58
2452000 58
2453000 58
2454000 58
2455000 58
2456000 58
2457000 58
2458000 58
2459000 58
2460000 58
2461000 58
2462000 58
2463000 58
2464000 58
2465000 58
2466000 58
2467000 58
2468000 58
2469000 58
2470000 58
2471000 58
2472000 58
2473000 58
2474000 58
2475000 58
2476000 58
2477000 58
2478000 58
2479000 58
2480000 58
2481000 58
2482000 58
2483000 58
2484000 58
2485000 58
2486000 58
2487000 58
2488000 58
2489000 58
2490000 58
2491000 58
2492000 58
2493000 58
2494000 58
2495000 58
2496000 58
2497000 58
2498000 58
2499000 58
2500000 58
2501000 58
2502000 58
2503000 58
2504000 59
2505000 59
2506000 59
2507000 59
2508000 59
2509000 59
2510000 59
2511000 59
2512000 59
2513000 59
2514000 59
2515000 59
2516000 60
2517000 60
2518000 60
2519000 60
2520000 60
2521000 60
2522000 60
2523000 60
2524000 60
2525000 60
2526000 60
2527000 60
2528000 60
2529000 60
2530000 60
2531000 60
2532000 60
2533000 60
2534000 60
2535000 60
2536000 60
2537000 60
2538000 60
2539000 60
2540000 60
2541000 60
2542000 60
2543000 60
2544000 60
2545000 60
2546000 60
2547000 60
2548000 60
2549000 60
2550000 60
2551000 60
2552000 60
2553000 60
2554000 60
2555000 60
2556000 60
2557000 60
2558000 60
2559000 60
2560000 60
2561000 60
2562000 60
2563000 60
2564000 60
2565000 60
2566000 60
2567000 60
2568000 60
2569000 60
2570000 60
2571000 60
2572000 60
2573000 60
2574000 60
2575000 60
2576000 60
2577000 60
2578000 60
2579000 60
2580000 60
2581000 60
2582000 60
2583000 60
2584000 60
2585000 60
2586000 60
2587000 60
2588000 60
2589000 60
2590000 60
2591000 60
2592000 60
2593000 60
2594000 60
2595000 60
2596000 60
2597000 60
2598000 60
2599000 60
2600000 60
2601000 60
2602000 60
2603000 60
2604000 60
2605000 60
2606000 60
2607000 60
2608000 60
2609000 60
2610000 60
2611000 60
2612000 61
2613000 61
2614000 61
2615000 61
2616000 61
2617000 61
2618000 61
2619000 61
2620000 61
2621000 61
2622000 61
2623000 61
2624000 61
2625000 61
2626000 61
2627000 61
2628000 61
2629000 61
2630000 61
2631000 61
2632000 61
2633000 61
2634000 61
2635000 61
2636000 61
2637000 61
2638000 61
2639000 61
2640000 61
2641000 61
2642000 61
2643000 61
2644000 61
2645000 61
2646000 61
2647000 61
2648000 61
2649000 61
2650000 61
2651000 61
2652000 61
2653000 61
2654000 61
2655000 61
2656000 61
2657000 61
2658000 61
2659000 61
2660000 61
2661000 61
2662000 61
2663000 61
2664000 61
2665000 61
2666000 61
2667000 61
2668000 61
2669000 61
2670000 61
2671000 61
2672000 62
2673000 62
2674000 62
2675000 62
2676000 62
2677000 62
2678000 62
2679000 62
2680000 62
2681000 62
2682000 62
2683000 62
2684000 62
2685000 62
2686000 62
2687000 62
2688000 62
2689000 62
2690000 63
2691000 63
2692000 63
2693000 63
2694000 63
2695000 63
2696000 63
2697000 63
2698000 63
2699000 63
2700000 63
2701000 63
2702000 63
2703000 63
2704000 63
2705000 63
2706000 63
2707000 64
2708000 64
2709000 64
2710000 64
2711000 64
2712000 64
2713000 64
2714000 64
2715000 64
2716000 64
2717000 64
2718000 64
2719000 64
2720000 64
2721000 64
2722000 64
2723000 64
2724000 64
2725000 64
2726000 64
2727000 64
2728000 64
2729000 64
2730000 64
2731000 64
2732000 64
2733000 64
2734000 64
2735000 64
2736000 64
2737000 64
2738000 64
2739000 64
2740000 64
2741000 64
2742000 64
2743000 64
2744000 64
2745000 64
2746000 64
2747000 64
2748000 64
2749000 64
2750000 64
2751000 64
2752000 64
2753000 64
2754000 64
2755000 64
2756000 64
2757000 64
2758000 64
2759000 64
2760000 64
2761000 64
2762000 64
2763000 64
2764000 64
2765000 64
2766000 64
2767000 64
2768000 64
2769000 64
2770000 64
2771000 64
2772000 64
2773000 64
2774000 64
2775000 64
2776000 64
2777000 64
2778000 64
2779000 65
2780000 65
2781000 65
2782000 65
2783000 65
2784000 65
2785000 65
2786000 65
2787000 65
2788000 65
2789000 65
2790000 65
2791000 65
2792000 65
2793000 65
2794000 65
2795000 65
2796000 65
2797000 65
2798000 65
2799000 65
2800000 65
2801000 65
2802000 65
2803000 65
2804000 65
2805000 65
2806000 65
2807000 65
2808000 65
2809000 65
2810000 65
2811000 65
2812000 65
2813000 65
2814000 66
2815000 66
2816000 66
2817000 66
2818000 66
2819000 66
2820000 66
2821000 66
2822000 66
2823000 66
2824000 66
2825000 66
2826000 66
2827000 66
2828000 66
2829000 66
2830000 66
2831000 66
2832000 66
2833000 66
2834000 66
2835000 66
2836000 66
2837000 66
2838000 66
2839000 66
2840000 66
2841000 66
2842000 66
2843000 66
2844000 67
2845000 67
2846000 67
2847000 67
2848000 67
2849000 67
2850000 67
2851000 67
2852000 67
2853000 67
2854000 68
2855000 68
2856000 68
2857000 68
2858000 68
2859000 68
2860000 68
2861000 68
2862000 68
2863000 68
2864000 68
2865000 69
2866000 69
2867000 69
2868000 69
2869000 69
2870000 69
2871000 69
2872000 69
2873000 69
2874000 69
2875000 69
2876000 69
2877000 69
2878000 69
2879000 69
2880000 69
2881000 69
2882000 69
2883000 69
2884000 69
2885000 69
2886000 69
2887000 69
2888000 69
2889000 69
2890000 69
2891000 69
2892000 69
2893000 69
2894000 69
2895000 69
2896000 69
2897000 69
2898000 69
2899000 69
2900000 69
2901000 69
2902000 69
2903000 69
2904000 69
2905000 69
2906000 69
2907000 69
2908000 69
2909000 69
2910000 69
2911000 69
2912000 69
2913000 69
2914000 69
2915000 69
2916000 69
2917000 69
2918000 69
2919000 69
2920000 69
2921000 69
2922000 69
2923000 69
2924000 69
2925000 69
2926000 69
2927000 69
2928000 69
2929000 69
2930000 69
2931000 69
2932000 69
2933000 69
2934000 69
2935000 69
2936000 69
2937000 69
2938000 69
2939000 69
2940000 69
2941000 69
2942000 69
2943000 69
2944000 69
2945000 70
2946000 70
2947000 70
2948000 70
2949000 70
2950000 70
2951000 70
2952000 70
2953000 70
2954000 70
2955000 70
2956000 70
2957000 70
2958000 70
2959000 70
2960000 70
2961000 70
2962000 70
2963000 70
2964000 70
2965000 70
2966000 71
2967000 71
2968000 71
2969000 71
2970000 71
2971000 71
2972000 71
2973000 71
2974000 71
2975000 71
2976000 72
2977000 72
2978000 72
2979000 72
2980000 72
2981000 72
2982000 72
2983000 72
2984000 72
2985000 72
2986000 72
2987000 72
2988000 72
2989000 73
2990000 73
2991000 73
2992000 73
2993000 73
2994000 73
2995000 73
2996000 73
2997000 73
2998000 73
2999000 74
3000000 74
3001000 74
3002000 74
3003000 74
3004000 74
3005000 74
3006000 74
3007000 74
3008000 74
3009000 74
3010000 74
3011000 74
3012000 74
3013000 74
3014000 74
3015000 74
3016000 74
3017000 74
3018000 74
3019000 75
3020000 75
3021000 75
3022000 75
3023000 75
3024000 75
3025000 75
3026000 75
3027000 75
3028000 75
3029000 75
3030000 75
3031000 75
3032000 75
3033000 75
3034000 75
3035000 75
3036000 75
3037000 75
3038000 75
3039000 75
3040000 75
3041000 75
3042000 75
3043000 75
3044000 75
3045000 75
3046000 75
3047000 75
3048000 75
3049000 75
3050000 75
3051000 75
3052000 75
3053000 76
3054000 76
3055000 76
3056000 76
3057000 76
3058000 76
3059000 76
3060000 76
3061000 76
3062000 76
3063000 76
3064000 76
3065000 76
3066000 76
3067000 76
3068000 76
3069000 77
3070000 77
3071000 77
3072000 77
3073000 77
3074000 77
3075000 77
3076000 77
3077000 77
3078000 77
3079000 77
3080000 77
3081000 77
3082000 77
3083000 77
3084000 77
3085000 77
3086000 77
3087000 77
3088000 77
3089000 77
3090000 77
3091000 77
3092000 77
3093000 77
3094000 77
3095000 77
3096000 77
3097000 77
3098000 77
3099000 77
3100000 77
3101000 77
3102000 77
3103000 77
3104000 77
3105000 77
3106000 77
3107000 77
3108000 77
3109000 77
3110000 77
3111000 77
3112000 77
3113000 77
3114000 77
3115000 77
3116000 77
3117000 77
3118000 77
3119000 77
3120000 77
3121000 77
3122000 77
3123000 77
3124000 77
3125000 77
3126000 77
3127000 77
3128000 77
3129000 77
3130000 77
3131000 77
3132000 77
3133000 77
3134000 77
3135000 77
3136000 77
3137000 77
3138000 77
3139000 77
3140000 77
3141000 77
3142000 77
3143000 77
3144000 77
3145000 77
3146000 77
3147000 77
3148000 77
3149000 77
3150000 77
3151000 77
3152000 77
3153000 77
3154000 77
3155000 77
3156000 77
3157000 77
3158000 77
3159000 77
3160000 77
3161000 77
3162000 77
3163000 77
3164000 77
3165000 77
3166000 77
3167000 77
3168000 77
3169000 77
3170000 77
3171000 77
3172000 77
3173000 77
3174000 77
3175000 77
3176000 77
3177000 77
3178000 77
3179000 77
3180000 77
3181000 77
3182000 77
3183000 77
3184000 77
3185000 77
3186000 77
3187000 77
3188000 77
3189000 77
3190000 77
3191000 77
3192000 77
3193000 77
3194000 77
3195000 78
3196000 78
3197000 78
3198000 78
3199000 78
3200000 78
3201000 78
3202000 78
3203000 78
3204000 78
3205000 78
3206000 78
3207000 78
3208000 78
3209000 78
3210000 78
3211000 78
3212000 78
3213000 78
3214000 78
3215000 78
3216000 78
3217000 78
3218000 78
3219000 78
3220000 78
3221000 78
3222000 78
3223000 78
3224000 78
3225000 78
3226000 78
3227000 78
3228000 78
3229000 78
3230000 78
3231000 78
3232000 78
3233000 78
3234000 78
3235000 79
3236000 79
3237000 79
3238000 79
3239000 79
3240000 79
3241000 79
3242000 79
3243000 79
3244000 79
3245000 79
3246000 80
3247000 80
3248000 80
3249000 80
3250000 80
3251000 80
3252000 80
3253000 80
3254000 80
3255000 80
3256000 80
3257000 80
3258000 80
3259000 80
3260000 80
3261000 80
3262000 80
3263000 80
3264000 80
3265000 80
3266000 80
3267000 80
3268000 80
3269000 80
3270000 80
3271000 81
3272000 81
3273000 81
3274000 81
3275000 81
3276000 81
3277000 81
3278000 81
3279000 81
3280000 81
3281000 81
3282000 81
3283000 81
3284000 81
3285000 81
3286000 81
3287000 81
3288000 81
3289000 81
3290000 81
3291000 81
3292000 81
3293000 81
3294000 81
3295000 81
3296000 81
3297000 81
3298000 81
3299000 81
3300000 81
3301000 81
3302000 82
3303000 82
3304000 82
3305000 82
3306000 82
3307000 82
3308000 82
3309000 82
3310000 82
3311000 82
3312000 82
3313000 82
3314000 82
3315000 82
3316000 82
3317000 82
3318000 82
3319000 82
3320000 82
3321000 82
3322000 82
3323000 82
3324000 82
3325000 82
3326000 82
3327000 82
3328000 82
3329000 82
3330000 82
3331000 82
3332000 82
3333000 82
3334000 82
3335000 82
3336000 82
3337000 82
3338000 82
3339000 82
3340000 82
3341000 82
3342000 82
3343000 82
3344000 82
3345000 82
3346000 82
3347000 82
3348000 82
3349000 82
3350000 82
3351000 82
3352000 82
3353000 82
3354000 82
3355000 82
3356000 82
3357000 82
3358000 82
3359000 82
3360000 82
3361000 82
3362000 82
3363000 82
3364000 82
3365000 82
3366000 82
3367000 82
3368000 82
3369000 82
3370000 83
3371000 83
3372000 83
3373000 83
3374000 83
3375000 83
3376000 83
3377000 83
3378000 83
3379000 83
3380000 83
3381000 83
3382000 83
3383000 83
3384000 83
3385000 83
3386000 83
3387000 83
3388000 83
3389000 83
3390000 83
3391000 83
3392000 83
3393000 83
3394000 83
3395000 83
3396000 83
3397000 83
3398000 83
3399000 83
3400000 83
3401000 83
3402000 83
3403000 83
3404000 83
3405000 83
3406000 83
3407000 83
3408000 83
3409000 83
3410000 83
3411000 83
3412000 83
3413000 83
3414000 83
3415000 83
3416000 83
3417000 83
3418000 83
3419000 83
3420000 83
3421000 83
3422000 83
3423000 83
3424000 83
3425000 83
3426000 83
3427000 83
3428000 83
3429000 83
3430000 83
3431000 83
3432000 83
3433000 83
3434000 83
3435000 83
3436000 83
3437000 83
3438000 83
3439000 83
3440000 84
3441000 84
3442000 84
3443000 84
3444000 84
3445000 84
3446000 84
3447000 84
3448000 84
3449000 85
3450000 85
3451000 85
3452000 85
3453000 85
3454000 85
3455000 85
3456000 85
3457000 85
3458000 85
3459000 85
3460000 85
3461000 85
3462000 85
3463000 85
3464000 85
3465000 85
3466000 85
3467000 85
3468000 85
3469000 85
3470000 85
3471000 85
3472000 85
3473000 85
3474000 85
3475000 85
3476000 85
3477000 85
3478000 85
3479000 85
3480000 85
3481000 85
3482000 85
3483000 85
3484000 85
3485000 85
3486000 85
3487000 85
3488000 85
3489000 85
3490000 85
3491000 85
3492000 85
3493000 85
3494000 85
3495000 85
3496000 85
3497000 85
3498000 85
3499000 85
3500000 85
3501000 85
3502000 85
3503000 85
3504000 85
3505000 85
3506000 85
3507000 85
3508000 85
3509000 85
3510000 85
3511000 85
3512000 85
3513000 85
3514000 85
3515000 85
3516000 85
3517000 85
3518000 85
3519000 85
3520000 85
3521000 85
3522000 85
3523000 85
3524000 85
3525000 85
3526000 85
3527000 85
3528000 85
3529000 85
3530000 85
3531000 85
3532000 85
3533000 85
3534000 85
3535000 85
3536000 85
3537000 85
3538000 85
3539000 85
3540000 85
3541000 85
3542000 85
3543000 85
3544000 85
3545000 85
3546000 85
3547000 85
3548000 85
3549000 85
3550000 85
3551000 85
3552000 85
3553000 85
3554000 85
3555000 85
3556000 85
3557000 85
3558000 85
3559000 85
3560000 85
3561000 85
3562000 85
3563000 85
3564000 85
3565000 85
3566000 85
3567000 85
3568000 85
3569000 85
3570000 85
3571000 85
3572000 85
3573000 85
3574000 85
3575000 85
3576000 85
3577000 86
3578000 86
3579000 86
3580000 86
3581000 86
3582000 86
3583000 86
3584000 86
3585000 86
3586000 86
3587000 86
3588000 86
3589000 86
3590000 86
3591000 86
3592000 86
3593000 86
3594000 86
3595000 86
3596000 86
3597000 86
3598000 86
3599000 86
3600000 86
3601000 86
3602000 86
3603000 86
3604000 86
3605000 86
3606000 86
3607000 86
3608000 86
3609000 86
3610000 86
3611000 86
3612000 86
3613000 86
3614000 86
3615000 86
3616000 86
3617000 86
3618000 86
3619000 86
3620000 86
3621000 86
3622000 86
3623000 86
3624000 86
3625000 86
3626000 86
3627000 86
3628000 86
3629000 86
3630000 86
3631000 86
3632000 86
3633000 86
3634000 86
3635000 86
3636000 86
3637000 86
3638000 86
3639000 86
3640000 86
3641000 86
3642000 86
3643000 86
3644000 86
3645000 87
3646000 87
3647000 87
3648000 87
3649000 87
3650000 87
3651000 87
3652000 87
3653000 87
3654000 87
3655000 87
3656000 87
3657000 87
3658000 87
3659000 87
3660000 87
3661000 87
3662000 87
3663000 87
3664000 87
3665000 87
3666000 87
3667000 87
3668000 87
3669000 87
3670000 87
3671000 87
3672000 87
3673000 87
3674000 87
3675000 87
3676000 87
3677000 87
3678000 87
3679000 87
3680000 87
3681000 87
3682000 87
3683000 87
3684000 87
3685000 87
3686000 87
3687000 87
3688000 87
3689000 87
3690000 87
3691000 87
3692000 87
3693000 88
3694000 88
3695000 88
3696000 88
3697000 88
3698000 88
3699000 88
3700000 88
3701000 88
3702000 88
3703000 88
3704000 88
3705000 88
3706000 88
3707000 88
3708000 88
3709000 88
3710000 88
3711000 88
3712000 88
3713000 88
3714000 88
3715000 89
3716000 89
3717000 89
3718000 89
3719000 89
3720000 89
3721000 89
3722000 89
3723000 89
3724000 89
3725000 89
3726000 89
3727000 89
3728000 89
3729000 89
3730000 89
3731000 89
3732000 89
3733000 89
3734000 89
3735000 89
3736000 89
3737000 89
3738000 89
3739000 89
3740000 89
3741000 89
3742000 89
3743000 89
3744000 89
3745000 89
3746000 89
3747000 89
3748000 89
3749000 89
3750000 89
3751000 89
3752000 89
3753000 89
3754000 89
3755000 89
3756000 89
3757000 89
3758000 89
3759000 89
3760000 89
3761000 89
3762000 90
3763000 90
3764000 90
3765000 90
3766000 90
3767000 90
3768000 90
3769000 90
3770000 90
3771000 90
3772000 90
3773000 90
3774000 90
3775000 90
3776000 90
3777000 90
3778000 90
3779000 90
3780000 90
3781000 90
3782000 90
3783000 90
3784000 90
3785000 90
3786000 90
3787000 90
3788000 90
3789000 90
3790000 90
3791000 90
3792000 90
3793000 90
3794000 90
3795000 90
3796000 90
3797000 90
3798000 90
3799000 90
3800000 90
3801000 90
3802000 90
3803000 90
3804000 90
3805000 90
3806000 90
3807000 90
3808000 90
3809000 90
3810000 90
3811000 90
3812000 90
3813000 90
3814000 90
3815000 90
3816000 90
3817000 90
3818000 90
3819000 90
3820000 90
3821000 90
3822000 91
3823000 91
3824000 91
3825000 91
3826000 91
3827000 91
3828000 91
3829000 91
3830000 91
3831000 91
3832000 91
3833000 91
3834000 91
3835000 91
3836000 91
3837000 91
3838000 91
3839000 91
3840000 91
3841000 91
3842000 91
3843000 91
3844000 91
3845000 91
3846000 91
3847000 91
3848000 91
3849000 91
3850000 91
3851000 91
3852000 91
3853000 91
3854000 91
3855000 91
3856000 91
3857000 91
3858000 91
3859000 91
3860000 91
3861000 91
3862000 91
3863000 91
3864000 91
3865000 91
3866000 91
3867000 91
3868000 91
3869000 91
3870000 91
3871000 91
3872000 91
3873000 91
3874000 91
3875000 91
3876000 91
3877000 91
3878000 91
3879000 91
3880000 91
3881000 91
3882000 91
3883000 91
3884000 91
3885000 91
3886000 91
3887000 91
3888000 91
3889000 91
3890000 91
3891000 91
3892000 91
3893000 91
3894000 91
3895000 91
3896000 91
3897000 91
3898000 91
3899000 91
3900000 91
3901000 91
3902000 91
3903000 91
3904000 91
3905000 91
3906000 91
3907000 91
3908000 91
3909000 91
3910000 91
3911000 91
3912000 91
3913000 91
3914000 91
3915000 91
3916000 91
3917000 91
3918000 91
3919000 91
3920000 91
3921000 91
3922000 91
3923000 91
3924000 91
3925000 91
3926000 91
3927000 91
3928000 91
3929000 91
3930000 91
3931000 91
3932000 91
3933000 91
3934000 91
3935000 91
3936000 91
3937000 91
3938000 91
3939000 91
3940000 91
3941000 91
3942000 91
3943000 91
3944000 91
3945000 92
3946000 92
3947000 92
3948000 92
3949000 92
3950000 92
3951000 92
3952000 92
3953000 92
3954000 92
3955000 92
3956000 92
3957000 92
3958000 92
3959000 92
3960000 92
3961000 92
3962000 92
3963000 92
3964000 92
3965000 93
3966000 93
3967000 93
3968000 93
3969000 93
3970000 93
3971000 93
3972000 93
3973000 93
3974000 93
3975000 93
3976000 93
3977000 94
3978000 94
3979000 94
3980000 94
3981000 94
3982000 94
3983000 94
3984000 94
3985000 94
3986000 94
3987000 94
3988000 94
3989000 94
3990000 94
3991000 94
3992000 94
3993000 94
3994000 94
3995000 94
3996000 94
3997000 94
3998000 94
3999000 94
4000000 94
4001000 94
4002000 94
4003000 94
4004000 94
4005000 94
4006000 94
4007000 94
4008000 94
4009000 94
4010000 94
4011000 94
4012000 94
4013000 94
4014000 94
4015000 94
4016000 94
4017000 94
4018000 94
4019000 94
4020000 94
4021000 94
4022000 94
4023000 94
4024000 94
4025000 94
4026000 94
4027000 94
4028000 94
4029000 94
4030000 94
4031000 94
4032000 94
4033000 94
4034000 94
4035000 94
4036000 94
4037000 94
4038000 94
4039000 94
4040000 94
4041000 94
4042000 94
4043000 94
4044000 94
4045000 94
4046000 94
4047000 94
4048000 94
4049000 94
4050000 94
4051000 94
4052000 94
4053000 94
4054000 94
4055000 94
4056000 94
4057000 94
4058000 94
4059000 94
4060000 94
4061000 94
4062000 94
4063000 94
4064000 94
4065000 94
4066000 94
4067000 94
4068000 94
4069000 94
4070000 94
4071000 94
4072000 94
4073000 94
4074000 94
4075000 94
4076000 94
4077000 94
4078000 94
4079000 94
4080000 94
4081000 94
4082000 94
4083000 94
4084000 94
4085000 94
4086000 94
4087000 94
4088000 94
4089000 94
4090000 94
4091000 94
4092000 94
4093000 94
4094000 94
4095000 94
4096000 94
4097000 94
4098000 94
4099000 94
4100000 94
4101000 94
4102000 94
4103000 94
4104000 94
4105000 94
4106000 94
4107000 94
4108000 94
4109000 94
4110000 94
4111000 94
4112000 94
4113000 94
4114000 94
4115000 94
4116000 94
4117000 94
4118000 94
4119000 94
4120000 94
4121000 94
4122000 94
4123000 94
4124000 95
4125000 95
4126000 95
4127000 95
4128000 95
4129000 95
4130000 95
4131000 95
4132000 95
4133000 95
4134000 95
4135000 95
4136000 95
4137000 95
4138000 95
4139000 95
4140000 95
4141000 95
4142000 95
4143000 95
4144000 95
4145000 95
4146000 95
4147000 95
4148000 95
4149000 95
4150000 95
4151000 95
4152000 95
4153000 95
4154000 95
4155000 95
4156000 95
4157000 95
4158000 95
4159000 95
4160000 95
4161000 95
4162000 95
4163000 95
4164000 95
4165000 95
4166000 95
4167000 95
4168000 95
4169000 95
4170000 95
4171000 95
4172000 95
4173000 95
4174000 95
4175000 95
4176000 95
4177000 95
4178000 95
4179000 95
4180000 95
4181000 95
4182000 95
4183000 95
4184000 95
4185000 95
4186000 95
4187000 95
4188000 95
4189000 95
4190000 95
4191000 95
4192000 95
4193000 95
4194000 95
4195000 95
4196000 95
4197000 96
4198000 96
4199000 96
4200000 96
4201000 96
4202000 96
4203000 96
4204000 96
4205000 96
4206000 96
4207000 96
4208000 96
4209000 96
4210000 96
4211000 96
4212000 96
4213000 96
4214000 96
4215000 96
4216000 96
4217000 96
4218000 96
4219000 97
4220000 97
4221000 97
4222000 97
4223000 97
4224000 97
4225000 97
4226000 97
4227000 97
4228000 97
4229000 97
4230000 97
4231000 97
4232000 97
4233000 97
4234000 97
4235000 97
4236000 97
4237000 97
4238000 97
4239000 97
4240000 97
4241000 97
4242000 97
4243000 97
4244000 97
4245000 97
4246000 97
4247000 98
4248000 98
4249000 98
4250000 98
4251000 98
4252000 98
4253000 98
4254000 98
4255000 98
4256000 98
4257000 98
4258000 98
4259000 98
4260000 98
4261000 99
4262000 99
4263000 99
4264000 99
4265000 99
4266000 99
4267000 99
4268000 99
4269000 99
4270000 99
4271000 99
4272000 99
4273000 99
4274000 99
4275000 99
4276000 99
4277000 99
4278000 99
4279000 99
4280000 99
4281000 100
4282000 100
4283000 100
4284000 100
4285000 100
4286000 100
4287000 100
4288000 100
4289000 100
4290000 100
4291000 100
4292000 100
4293000 100
4294000 100
4295000 100
4296000 100
4297000 100
4298000 100
4299000 100
4300000 100
4301000 100
4302000 100
4303000 100
4304000 100
4305000 100
4306000 100
4307000 100
4308000 100
4309000 101
4310000 101
4311000 101
4312000 101
4313000 101
4314000 101
4315000 101
4316000 101
4317000 101
4318000 101
4319000 101
4320000 101
4321000 101
4322000 101
4323000 101
4324000 101
4325000 101
4326000 101
4327000 102
4328000 102
4329000 102
4330000 102
4331000 102
4332000 102
4333000 102
4334000 102
4335000 102
4336000 102
4337000 102
4338000 102
4339000 102
4340000 102
4341000 102
4342000 102
4343000 102
4344000 102
4345000 102
4346000 102
4347000 102
4348000 102
4349000 102
4350000 102
4351000 102
4352000 102
4353000 102
4354000 102
4355000 102
4356000 102
4357000 102
4358000 102
4359000 102
4360000 102
4361000 102
4362000 102
4363000 102
4364000 102
4365000 102
4366000 102
4367000 102
4368000 102
4369000 102
4370000 102
4371000 102
4372000 102
4373000 102
4374000 102
4375000 102
4376000 102
4377000 102
4378000 102
4379000 102
4380000 102
4381000 102
4382000 102
4383000 102
4384000 102
4385000 102
4386000 102
4387000 102
4388000 103
4389000 103
4390000 103
4391000 103
4392000 103
4393000 103
4394000 103
4395000 103
4396000 103
4397000 103
4398000 103
4399000 103
4400000 103
4401000 103
4402000 103
4403000 103
4404000 103
4405000 103
4406000 103
4407000 103
4408000 103
4409000 103
4410000 103
4411000 103
4412000 103
4413000 103
4414000 103
4415000 103
4416000 103
4417000 103
4418000 103
4419000 103
4420000 103
4421000 103
4422000 103
4423000 103
4424000 103
4425000 103
4426000 103
4427000 103
4428000 103
4429000 103
4430000 103
4431000 103
4432000 103
4433000 103
4434000 103
4435000 103
4436000 103
4437000 103
4438000 103
4439000 103
4440000 103
4441000 103
4442000 103
4443000 103
4444000 103
4445000 103
4446000 103
4447000 103
4448000 103
4449000 103
4450000 103
4451000 103
4452000 103
4453000 103
4454000 103
4455000 103
4456000 103
4457000 104
4458000 104
4459000 104
4460000 104
4461000 104
4462000 104
4463000 104
4464000 104
4465000 104
4466000 104
4467000 104
4468000 104
4469000 104
4470000 104
4471000 104
4472000 104
4473000 104
4474000 104
4475000 105
4476000 105
4477000 105
4478000 105
4479000 105
4480000 105
4481000 105
4482000 105
4483000 105
4484000 105
4485000 105
4486000 105
4487000 105
4488000 105
4489000 105
4490000 105
4491000 105
4492000 105
4493000 105
4494000 105
4495000 105
4496000 105
4497000 106
4498000 106
4499000 106
4500000 106
4501000 106
4502000 106
4503000 106
4504000 106
4505000 106
4506000 106
4507000 106
4508000 106
4509000 106
4510000 106
4511000 106
4512000 106
4513000 106
4514000 106
4515000 106
4516000 106
4517000 106
4518000 106
4519000 106
4520000 106
4521000 106
4522000 106
4523000 106
4524000 106
4525000 106
4526000 106
4527000 106
4528000 106
4529000 106
4530000 106
4531000 106
4532000 106
4533000 106
4534000 107
4535000 107
4536000 107
4537000 107
4538000 107
4539000 107
4540000 107
4541000 107
4542000 107
4543000 107
4544000 107
4545000 107
4546000 107
4547000 107
4548000 107
4549000 107
4550000 107
4551000 107
4552000 107
4553000 107
4554000 107
4555000 107
4556000 107
4557000 108
4558000 108
4559000 108
4560000 108
4561000 108
4562000 108
4563000 108
4564000 108
4565000 108
4566000 108
4567000 108
4568000 108
4569000 108
4570000 108
4571000 108
4572000 108
4573000 108
4574000 108
4575000 108
4576000 108
4577000 109
4578000 109
4579000 109
4580000 109
4581000 109
4582000 109
4583000 109
4584000 109
4585000 109
4586000 109
4587000 109
4588000 109
4589000 109
4590000 109
4591000 109
4592000 109
4593000 109
4594000 109
4595000 109
4596000 109
4597000 110
4598000 110
4599000 110
4600000 110
4601000 110
4602000 110
4603000 110
4604000 110
4605000 110
4606000 110
4607000 110
4608000 110
4609000 110
4610000 110
4611000 110
4612000 110
4613000 110
4614000 110
4615000 110
4616000 110
4617000 110
4618000 110
4619000 110
4620000 110
4621000 110
4622000 110
4623000 110
4624000 110
4625000 110
4626000 110
4627000 110
4628000 110
4629000 111
4630000 111
4631000 111
4632000 111
4633000 111
4634000 111
4635000 111
4636000 111
4637000 111
4638000 111
4639000 111
4640000 111
4641000 111
4642000 111
4643000 111
4644000 111
4645000 111
4646000 111
4647000 111
4648000 112
4649000 112
4650000 112
4651000 112
4652000 112
4653000 112
4654000 112
4655000 112
4656000 112
4657000 112
4658000 112
4659000 112
4660000 113
4661000 113
4662000 113
4663000 113
4664000 113
4665000 113
4666000 113
4667000 113
4668000 113
4669000 113
4670000 113
4671000 113
4672000 113
4673000 113
4674000 114
4675000 114
4676000 114
4677000 114
4678000 114
4679000 114
4680000 114
4681000 114
4682000 114
4683000 114
4684000 114
4685000 114
4686000 114
4687000 114
4688000 114
4689000 114
4690000 114
4691000 114
4692000 114
4693000 114
4694000 114
4695000 114
4696000 114
4697000 114
4698000 114
4699000 115
4700000 115
4701000 115
4702000 115
4703000 115
4704000 115
4705000 115
4706000 115
4707000 115
4708000 115
4709000 115
4710000 115
4711000 115
4712000 115
4713000 115
4714000 115
4715000 115
4716000 115
4717000 115
4718000 115
4719000 115
4720000 115
4721000 115
4722000 115
4723000 115
4724000 115
4725000 115
4726000 115
4727000 115
4728000 115
4729000 115
4730000 115
4731000 115
4732000 115
4733000 115
4734000 115
4735000 115
4736000 116
4737000 116
4738000 116
4739000 116
4740000 116
4741000 116
4742000 116
4743000 116
4744000 116
4745000 116
4746000 116
4747000 116
4748000 116
4749000 116
4750000 116
4751000 116
4752000 116
4753000 117
4754000 117
4755000 117
4756000 117
4757000 117
4758000 117
4759000 117
4760000 117
4761000 117
4762000 117
4763000 117
4764000 117
4765000 117
4766000 117
4767000 117
4768000 117
4769000 117
4770000 118
4771000 118
4772000 118
4773000 118
4774000 118
4775000 118
4776000 118
4777000 118
4778000 118
4779000 118
4780000 118
4781000 118
4782000 118
4783000 118
4784000 118
4785000 118
4786000 118
4787000 118
4788000 118
4789000 118
4790000 118
4791000 118
4792000 118
4793000 118
4794000 118
4795000 118
4796000 118
4797000 118
4798000 118
4799000 118
4800000 119
4801000 119
4802000 119
4803000 119
4804000 119
4805000 119
4806000 119
4807000 119
4808000 119
4809000 119
4810000 119
4811000 119
4812000 119
4813000 119
4814000 119
4815000 119
4816000 119
4817000 119
4818000 119
4819000 119
4820000 119
4821000 120
4822000 120
4823000 120
4824000 120
4825000 120
4826000 120
4827000 120
4828000 120
4829000 120
4830000 120
4831000 120
4832000 120
4833000 120
4834000 120
4835000 120
4836000 120
4837000 120
4838000 120
4839000 121
4840000 121
4841000 121
4842000 121
4843000 121
4844000 121
4845000 121
4846000 121
4847000 121
4848000 121
4849000 121
4850000 121
4851000 121
4852000 121
4853000 121
4854000 121
4855000 121
4856000 121
4857000 121
4858000 121
4859000 121
4860000 122
4861000 122
4862000 122
4863000 122
4864000 122
4865000 122
4866000 122
4867000 122
4868000 122
4869000 122
4870000 122
4871000 122
4872000 122
4873000 122
4874000 122
4875000 122
4876000 122
4877000 122
4878000 122
4879000 122
4880000 122
4881000 122
4882000 122
4883000 122
4884000 122
4885000 122
4886000 122
4887000 122
4888000 122
4889000 122
4890000 122
4891000 122
4892000 122
4893000 122
4894000 122
4895000 122
4896000 122
4897000 122
4898000 122
4899000 122
4900000 122
4901000 122
4902000 122
4903000 122
4904000 122
4905000 122
4906000 122
4907000 122
4908000 122
4909000 122
4910000 122
4911000 122
4912000 122
4913000 122
4914000 122
4915000 122
4916000 122
4917000 122
4918000 122
4919000 122
4920000 122
4921000 122
4922000 122
4923000 122
4924000 122
4925000 122
4926000 122
4927000 122
4928000 122
4929000 122
4930000 122
4931000 122
4932000 122
4933000 122
4934000 122
4935000 122
4936000 122
4937000 122
4938000 123
4939000 123
4940000 123
4941000 123
4942000 123
4943000 123
4944000 123
4945000 123
4946000 123
4947000 123
4948000 123
4949000 123
4950000 123
4951000 123
4952000 123
4953000 123
4954000 123
4955000 123
4956000 123
4957000 123
4958000 123
4959000 124
4960000 124
4961000 124
4962000 124
4963000 124
4964000 124
4965000 124
4966000 124
4967000 124
4968000 124
4969000 124
4970000 125
4971000 125
4972000 125
4973000 125
4974000 125
4975000 125
4976000 125
4977000 125
4978000 125
4979000 125
4980000 125
4981000 125
4982000 125
4983000 125
4984000 125
4985000 125
4986000 125
4987000 125
4988000 125
4989000 125
4990000 125
4991000 125
4992000 125
4993000 125
4994000 125
4995000 125
4996000 125
4997000 125
4998000 125
4999000 125
5000000 125
