0 0
5000 1
10000 2
15000 3
20000 4
25000 5
31000 6
37000 7
42000 8
48000 9
53000 10
58000 11
66000 12
72000 13
77000 14
82000 15
88000 16
93000 17
100000 18
105000 19
110000 20
115000 21
121000 22
127000 23
132000 24
137000 25
142000 26
147000 27
153000 28
159000 29
164000 30
169000 31
174000 32
180000 33
185000 34
191000 35
197000 36
202000 37
208000 38
213000 39
218000 40
223000 41
229000 42
234000 43
240000 44
245000 45
250000 46
255000 47
262000 48
267000 49
272000 50
277000 51
282000 52
287000 53
292000 54
298000 55
303000 56
309000 57
314000 58
320000 59
325000 60
330000 61
337000 62
343000 63
348000 64
353000 65
358000 66
363000 67
369000 68
374000 69
380000 70
385000 71
391000 72
397000 73
404000 74
409000 75
414000 76
419000 77
425000 78
431000 79
436000 80
442000 81
447000 82
452000 83
457000 84
462000 85
468000 86
473000 87
478000 88
484000 89
490000 90
496000 91
502000 92
507000 93
513000 94
518000 95
524000 96
529000 97
534000 98
540000 99
545000 100
550000 101
555000 102
560000 103
566000 104
571000 105
576000 106
581000 107
588000 108
593000 109
599000 110
604000 111
609000 112
613000 113
618000 114
625000 115
630000 116
635000 117
640000 118
646000 119
651000 120
656000 121
661000 122
667000 123
671000 124
678000 125
683000 126
689000 127
697000 128
702000 129
708000 130
714000 131
720000 132
725000 133
732000 134
737000 135
742000 136
748000 137
753000 138
758000 139
764000 140
769000 141
774000 142
779000 143
786000 144
792000 145
798000 146
803000 147
809000 148
815000 149
820000 150
825000 151
830000 152
837000 153
843000 154
849000 155
855000 156
860000 157
865000 158
870000 159
876000 160
882000 161
887000 162
892000 163
898000 164
903000 165
909000 166
915000 167
921000 168
926000 169
931000 170
936000 171
941000 172
948000 173
954000 174
961000 175
1222000 176
1228000 177
1234000 178
1240000 179
1245000 180
1250000 181
1255000 182
1261000 183
1266000 184
1271000 185
1276000 186
1283000 187
1288000 188
1293000 189
1298000 190
1303000 191
1311000 192
1316000 193
1322000 194
1326000 195
1331000 196
1338000 197
1343000 198
1349000 199
1355000 200
1360000 201
1365000 202
1371000 203
1377000 204
1382000 205
1387000 206
1393000 207
1398000 208
1403000 209
1409000 210
1414000 211
1420000 212
1426000 213
1433000 214
1438000 215
1443000 216
1451000 217
1456000 218
1462000 219
1468000 220
1474000 221
1479000 222
1485000 223
1490000 224
1495000 225
1502000 226
1507000 227
1513000 228
1518000 229
1523000 230
1528000 231
1533000 232
1538000 233
1544000 234
1549000 235
1555000 236
1561000 237
1566000 238
1573000 239
1579000 240
1585000 241
1590000 242
1596000 243
1602000 244
1608000 245
1614000 246
1619000 247
1625000 248
1630000 249
1635000 250
1641000 251
1648000 252
1653000 253
1659000 254
1664000 255
1669000 256
1674000 257
1679000 258
1684000 259
1691000 260
1696000 261
1703000 262
1708000 263
1713000 264
1719000 265
1725000 266
1730000 267
1737000 268
1742000 269
1747000 270
1753000 271
1758000 272
1764000 273
1770000 274
1775000 275
1781000 276
1787000 277
1792000 278
1797000 279
1803000 280
1808000 281
1814000 282
1821000 283
1827000 284
1832000 285
1837000 286
1844000 287
1849000 288
1855000 289
1861000 290
1866000 291
1872000 292
1878000 293
1883000 294
1888000 295
1892000 296
1897000 297
1902000 298
1908000 299
1913000 300
1918000 301
1924000 302
1930000 303
1936000 304
1941000 305
1946000 306
1951000 307
1956000 308
1961000 309
1967000 310
1973000 311
1980000 312
1985000 313
1990000 314
1995000 315
2002000 316
2008000 317
2014000 318
2020000 319
2032000 320
2037000 321
2044000 322
2051000 323
2057000 324
2062000 325
2069000 326
2074000 327
2079000 328
2085000 329
2090000 330
2096000 331
2101000 332
2107000 333
2114000 334
2119000 335
2126000 336
2131000 337
2138000 338
2143000 339
2172000 340
2177000 341
2181000 342
2186000 343
2191000 344
2197000 345
2202000 346
2207000 347
2213000 348
2219000 349
2224000 350
2229000 351
2234000 352
2239000 353
2244000 354
2250000 355
2255000 356
2260000 357
2265000 358
2269000 359
2275000 360
2282000 361
2287000 362
2292000 363
2297000 364
2303000 365
2308000 366
2314000 367
2319000 368
2326000 369
2332000 370
2337000 371
2344000 372
2349000 373
2354000 374
2359000 375
2364000 376
2371000 377
2376000 378
2381000 379
2387000 380
2393000 381
2399000 382
2405000 383
2411000 384
2417000 385
2422000 386
2428000 387
2433000 388
2439000 389
2444000 390
2450000 391
2457000 392
2463000 393
2468000 394
2473000 395
2479000 396
2484000 397
2489000 398
2494000 399
2500000 400
2506000 401
2511000 402
2516000 403
2527000 404
2532000 405
2537000 406
2543000 407
2549000 408
2554000 409
2560000 410
2565000 411
2570000 412
2575000 413
2581000 414
2586000 415
2591000 416
2596000 417
2601000 418
2606000 419
2611000 420
2616000 421
2621000 422
2627000 423
2633000 424
2639000 425
2644000 426
2650000 427
2655000 428
2660000 429
2665000 430
2670000 431
2676000 432
2681000 433
2686000 434
2693000 435
2698000 436
2703000 437
2708000 438
2712000 439
2718000 440
2723000 441
2728000 442
2733000 443
2738000 444
2743000 445
2749000 446
2754000 447
2760000 448
2766000 449
2771000 450
2776000 451
2783000 452
2788000 453
2794000 454
2800000 455
2807000 456
2812000 457
2817000 458
2832000 459
2836000 460
2841000 461
2846000 462
2852000 463
2858000 464
2866000 465
2871000 466
2876000 467
2881000 468
2886000 469
2891000 470
2897000 471
2903000 472
2908000 473
2914000 474
2919000 475
2925000 476
2931000 477
2936000 478
2941000 479
2947000 480
2952000 481
2958000 482
2964000 483
2969000 484
2974000 485
2979000 486
2984000 487
2989000 488
2994000 489
2999000 490
3004000 491
3009000 492
3015000 493
3021000 494
3026000 495
3032000 496
3038000 497
3044000 498
3049000 499
3054000 500
3060000 501
3066000 502
3071000 503
3076000 504
3082000 505
3087000 506
3092000 507
3098000 508
3106000 509
3110000 510
3118000 511
3123000 512
3129000 513
3134000 514
3139000 515
3144000 516
3150000 517
3155000 518
3161000 519
3167000 520
3173000 521
3178000 522
3183000 523
3188000 524
3194000 525
3198000 526
3203000 527
3209000 528
3215000 529
3220000 530
3225000 531
3231000 532
3237000 533
3242000 534
3247000 535
3252000 536
3257000 537
3263000 538
3268000 539
3273000 540
3278000 541
3284000 542
3289000 543
3294000 544
3299000 545
3304000 546
3309000 547
3314000 548
3319000 549
3324000 550
3330000 551
3335000 552
3340000 553
3345000 554
3351000 555
3356000 556
3361000 557
3368000 558
3373000 559
3379000 560
3384000 561
3389000 562
3395000 563
3401000 564
3406000 565
3411000 566
3417000 567
3422000 568
3427000 569
3433000 570
3438000 571
3443000 572
3448000 573
3453000 574
3458000 575
3463000 576
3468000 577
3473000 578
3478000 579
3483000 580
3489000 581
3495000 582
3501000 583
3507000 584
3519000 585
3526000 586
3531000 587
3536000 588
3541000 589
3546000 590
3552000 591
3557000 592
3562000 593
3568000 594
3574000 595
3582000 596
3588000 597
3594000 598
3599000 599
3605000 600
3611000 601
3617000 602
3623000 603
3628000 604
3633000 605
3638000 606
3643000 607
3649000 608
3655000 609
3661000 610
3666000 611
3671000 612
3676000 613
3681000 614
3687000 615
3692000 616
3697000 617
3704000 618
3709000 619
3715000 620
3721000 621
3727000 622
3733000 623
3739000 624
3745000 625
3750000 626
3755000 627
3762000 628
3768000 629
3774000 630
3779000 631
3784000 632
3790000 633
3795000 634
3801000 635
3808000 636
3813000 637
3818000 638
3824000 639
3830000 640
3835000 641
3841000 642
3846000 643
3851000 644
3858000 645
3865000 646
3871000 647
3876000 648
3884000 649
3891000 650
3896000 651
3901000 652
3906000 653
3911000 654
3917000 655
3922000 656
3927000 657
3933000 658
3938000 659
3945000 660
3950000 661
3956000 662
3960000 663
3966000 664
3972000 665
3977000 666
3983000 667
3988000 668
3992000 669
3999000 670
4005000 671
4011000 672
4018000 673
4024000 674
4030000 675
4036000 676
4041000 677
4050000 678
4055000 679
4060000 680
4066000 681
4071000 682
4077000 683
4082000 684
4087000 685
4092000 686
4098000 687
4104000 688
4109000 689
4114000 690
4119000 691
4124000 692
4129000 693
4134000 694
4139000 695
4145000 696
4150000 697
4156000 698
4161000 699
4166000 700
4171000 701
4176000 702
4182000 703
4187000 704
4193000 705
4198000 706
4204000 707
4209000 708
4214000 709
4219000 710
4224000 711
4229000 712
4234000 713
4240000 714
4245000 715
4250000 716
4255000 717
4260000 718
4266000 719
4271000 720
4277000 721
4282000 722
4287000 723
4292000 724
4299000 725
4305000 726
4310000 727
4316000 728
4322000 729
4327000 730
4333000 731
4340000 732
4345000 733
4350000 734
4355000 735
4361000 736
4367000 737
4373000 738
4378000 739
4385000 740
4390000 741
4395000 742
4400000 743
4405000 744
4412000 745
4418000 746
4423000 747
4428000 748
4434000 749
4439000 750
4444000 751
4449000 752
4454000 753
4459000 754
4465000 755
4470000 756
4476000 757
4481000 758
4487000 759
4492000 760
4497000 761
4502000 762
4507000 763
4512000 764
4519000 765
4525000 766
4530000 767
4537000 768
4542000 769
4547000 770
4552000 771
4559000 772
4564000 773
4574000 774
4579000 775
4585000 776
4591000 777
4597000 778
4602000 779
4608000 780
4613000 781
4619000 782
4624000 783
4630000 784
4635000 785
4640000 786
4648000 787
4654000 788
4659000 789
4664000 790
4669000 791
4674000 792
4679000 793
4685000 794
4692000 795
4697000 796
4703000 797
4708000 798
4713000 799
4719000 800
4724000 801
4729000 802
4735000 803
4740000 804
4745000 805
4750000 806
4757000 807
4762000 808
4768000 809
4774000 810
4780000 811
4785000 812
4790000 813
4795000 814
4801000 815
4807000 816
4813000 817
4819000 818
4824000 819
4829000 820
4834000 821
4839000 822
4844000 823
4850000 824
4855000 825
4860000 826
