0 0
1000 0
2000 0
3000 0
4000 0
5000 0
6000 0
7000 0
8000 0
9000 0
10000 0
11000 0
12000 0
13000 0
14000 0
15000 0
16000 0
17000 0
18000 0
19000 0
20000 0
21000 0
22000 0
23000 0
24000 0
25000 0
26000 0
27000 0
28000 0
29000 0
30000 0
31000 0
32000 0
33000 0
34000 0
35000 0
36000 0
37000 0
38000 0
39000 0
40000 0
41000 0
42000 0
43000 0
44000 0
45000 0
46000 0
47000 0
48000 0
49000 0
50000 0
51000 0
52000 0
53000 0
54000 0
55000 0
56000 0
57000 0
58000 0
59000 0
60000 0
61000 0
62000 0
63000 0
64000 0
65000 0
66000 0
67000 0
68000 0
69000 0
70000 0
71000 0
72000 0
73000 0
74000 0
75000 0
76000 0
77000 0
78000 0
79000 0
80000 0
81000 1
82000 1
83000 1
84000 1
85000 1
86000 1
87000 1
88000 1
89000 1
90000 1
91000 1
92000 1
93000 1
94000 1
95000 1
96000 1
97000 1
98000 1
99000 1
100000 1
101000 1
102000 1
103000 1
104000 1
105000 1
106000 1
107000 1
108000 1
109000 1
110000 1
111000 1
112000 1
113000 1
114000 1
115000 1
116000 1
117000 1
118000 1
119000 1
120000 1
121000 1
122000 1
123000 1
124000 1
125000 1
126000 1
127000 1
128000 1
129000 1
130000 1
131000 1
132000 1
133000 1
134000 1
135000 1
136000 1
137000 1
138000 1
139000 1
140000 1
141000 1
142000 1
143000 1
144000 1
145000 1
146000 1
147000 1
148000 1
149000 1
150000 1
151000 1
152000 1
153000 1
154000 1
155000 1
156000 1
157000 1
158000 1
159000 1
160000 1
161000 1
162000 1
163000 1
164000 1
165000 1
166000 1
167000 1
168000 1
169000 1
170000 1
171000 1
172000 1
173000 1
174000 1
175000 1
176000 1
177000 1
178000 1
179000 1
180000 1
181000 1
182000 1
183000 1
184000 1
185000 1
186000 1
187000 1
188000 1
189000 1
190000 1
191000 1
192000 1
193000 1
194000 1
195000 1
196000 1
197000 1
198000 1
199000 1
200000 1
201000 1
202000 1
203000 1
204000 1
205000 1
206000 1
207000 1
208000 1
209000 1
210000 1
211000 1
212000 1
213000 1
214000 1
215000 1
216000 1
217000 1
218000 1
219000 1
220000 1
221000 1
222000 1
223000 1
224000 1
225000 1
226000 1
227000 1
228000 1
229000 1
230000 1
231000 1
232000 1
233000 1
234000 1
235000 1
236000 1
237000 1
238000 1
239000 1
240000 1
241000 1
242000 1
243000 1
244000 1
245000 1
246000 1
247000 1
248000 1
249000 1
250000 1
251000 1
252000 1
253000 1
254000 1
255000 1
256000 1
257000 1
258000 1
259000 1
260000 1
261000 1
262000 1
263000 1
264000 1
265000 1
266000 1
267000 1
268000 1
269000 1
270000 1
271000 1
272000 1
273000 1
274000 1
275000 1
276000 1
277000 1
278000 1
279000 1
280000 1
281000 1
282000 1
283000 1
284000 1
285000 1
286000 1
287000 1
288000 1
289000 1
290000 1
291000 1
292000 1
293000 1
294000 1
295000 1
296000 1
297000 1
298000 1
299000 1
300000 1
301000 1
302000 1
303000 1
304000 1
305000 1
306000 1
307000 1
308000 1
309000 1
310000 1
311000 1
312000 1
313000 1
314000 1
315000 1
316000 1
317000 1
318000 1
319000 1
320000 1
321000 1
322000 1
323000 1
324000 1
325000 2
326000 2
327000 2
328000 2
329000 2
330000 2
331000 2
332000 2
333000 2
334000 2
335000 2
336000 2
337000 2
338000 2
339000 2
340000 2
341000 2
342000 2
343000 2
344000 2
345000 2
346000 2
347000 2
348000 2
349000 2
350000 2
351000 2
352000 2
353000 2
354000 2
355000 2
356000 2
357000 2
358000 2
359000 2
360000 2
361000 2
362000 2
363000 2
364000 2
365000 2
366000 2
367000 2
368000 2
369000 2
370000 2
371000 2
372000 2
373000 2
374000 2
375000 2
376000 2
377000 2
378000 2
379000 2
380000 2
381000 2
382000 2
383000 2
384000 2
385000 2
386000 2
387000 2
388000 2
389000 2
390000 2
391000 2
392000 2
393000 2
394000 2
395000 2
396000 2
397000 2
398000 2
399000 2
400000 2
401000 2
402000 2
403000 2
404000 2
405000 2
406000 2
407000 2
408000 2
409000 2
410000 2
411000 2
412000 2
413000 2
414000 2
415000 2
416000 2
417000 2
418000 2
419000 2
420000 2
421000 2
422000 2
423000 2
424000 2
425000 2
426000 2
427000 2
428000 2
429000 2
430000 2
431000 2
432000 2
433000 2
434000 2
435000 2
436000 2
437000 2
438000 2
439000 2
440000 2
441000 2
442000 2
443000 2
444000 2
445000 2
446000 2
447000 2
448000 2
449000 2
450000 2
451000 2
452000 2
453000 2
454000 2
455000 2
456000 2
457000 2
458000 2
459000 2
460000 2
461000 2
462000 2
463000 2
464000 2
465000 2
466000 2
467000 2
468000 2
469000 2
470000 2
471000 2
472000 2
473000 2
474000 2
475000 2
476000 2
477000 2
478000 2
479000 2
480000 2
481000 2
482000 2
483000 2
484000 2
485000 2
486000 2
487000 2
488000 2
489000 2
490000 2
491000 2
492000 2
493000 2
494000 2
495000 2
496000 2
497000 2
498000 2
499000 2
500000 2
501000 2
502000 2
503000 2
504000 2
505000 2
506000 2
507000 2
508000 2
509000 2
510000 2
511000 2
512000 2
513000 2
514000 2
515000 2
516000 2
517000 2
518000 2
519000 2
520000 2
521000 2
522000 2
523000 2
524000 2
525000 2
526000 2
527000 2
528000 2
529000 2
530000 2
531000 2
532000 2
533000 2
534000 2
535000 2
536000 2
537000 2
538000 2
539000 2
540000 2
541000 2
542000 2
543000 2
544000 2
545000 2
546000 2
547000 2
548000 2
549000 2
550000 2
551000 2
552000 2
553000 2
554000 2
555000 2
556000 2
557000 2
558000 2
559000 2
560000 2
561000 2
562000 2
563000 2
564000 2
565000 2
566000 2
567000 2
568000 2
569000 2
570000 2
571000 2
572000 2
573000 2
574000 2
575000 2
576000 2
577000 2
578000 2
579000 2
580000 2
581000 2
582000 2
583000 2
584000 2
585000 2
586000 2
587000 2
588000 2
589000 2
590000 2
591000 2
592000 2
593000 2
594000 2
595000 2
596000 2
597000 2
598000 2
599000 2
600000 2
601000 2
602000 2
603000 2
604000 2
605000 2
606000 2
607000 2
608000 2
609000 2
610000 2
611000 2
612000 2
613000 2
614000 2
615000 2
616000 2
617000 2
618000 2
619000 2
620000 2
621000 2
622000 2
623000 2
624000 2
625000 2
626000 2
627000 2
628000 2
629000 2
630000 2
631000 2
632000 2
633000 2
634000 2
635000 2
636000 2
637000 2
638000 2
639000 2
640000 2
641000 2
642000 2
643000 2
644000 2
645000 2
646000 2
647000 2
648000 2
649000 2
650000 2
651000 2
652000 2
653000 2
654000 2
655000 2
656000 2
657000 2
658000 2
659000 2
660000 2
661000 2
662000 2
663000 2
664000 2
665000 2
666000 2
667000 2
668000 2
669000 2
670000 2
671000 2
672000 2
673000 2
674000 2
675000 2
676000 2
677000 2
678000 2
679000 2
680000 2
681000 2
682000 2
683000 2
684000 2
685000 2
686000 2
687000 2
688000 2
689000 2
690000 2
691000 2
692000 2
693000 2
694000 2
695000 2
696000 2
697000 2
698000 2
699000 2
700000 2
701000 2
702000 2
703000 2
704000 2
705000 2
706000 2
707000 2
708000 2
709000 2
710000 2
711000 2
712000 2
713000 2
714000 2
715000 2
716000 2
717000 2
718000 2
719000 2
720000 2
721000 2
722000 2
723000 2
724000 2
725000 2
726000 2
727000 2
728000 2
729000 2
730000 2
731000 2
732000 2
733000 2
734000 2
735000 2
736000 2
737000 2
738000 2
739000 2
740000 2
741000 2
742000 2
743000 2
744000 2
745000 2
746000 2
747000 2
748000 2
749000 2
750000 2
751000 2
752000 2
753000 2
754000 2
755000 2
756000 2
757000 2
758000 2
759000 2
760000 2
761000 2
762000 2
763000 2
764000 2
765000 2
766000 2
767000 2
768000 2
769000 2
770000 2
771000 2
772000 2
773000 2
774000 2
775000 2
776000 2
777000 2
778000 2
779000 2
780000 2
781000 2
782000 2
783000 2
784000 2
785000 2
786000 2
787000 2
788000 2
789000 2
790000 2
791000 2
792000 2
793000 2
794000 2
795000 2
796000 2
797000 2
798000 2
799000 2
800000 2
801000 2
802000 2
803000 2
804000 2
805000 2
806000 2
807000 2
808000 2
809000 2
810000 2
811000 2
812000 2
813000 2
814000 2
815000 2
816000 2
817000 2
818000 2
819000 2
820000 2
821000 2
822000 2
823000 2
824000 2
825000 2
826000 2
827000 2
828000 2
829000 2
830000 2
831000 2
832000 2
833000 2
834000 2
835000 2
836000 2
837000 2
838000 2
839000 2
840000 2
841000 2
842000 2
843000 2
844000 2
845000 2
846000 2
847000 2
848000 2
849000 2
850000 2
851000 2
852000 2
853000 2
854000 2
855000 2
856000 2
857000 2
858000 2
859000 2
860000 2
861000 2
862000 2
863000 2
864000 2
865000 2
866000 2
867000 2
868000 2
869000 2
870000 2
871000 2
872000 2
873000 2
874000 2
875000 2
876000 2
877000 2
878000 2
879000 2
880000 2
881000 2
882000 2
883000 2
884000 2
885000 2
886000 2
887000 2
888000 2
889000 2
890000 2
891000 2
892000 2
893000 2
894000 2
895000 2
896000 2
897000 2
898000 2
899000 2
900000 2
901000 2
902000 2
903000 2
904000 2
905000 2
906000 2
907000 2
908000 2
909000 2
910000 2
911000 2
912000 2
913000 2
914000 2
915000 2
916000 2
917000 2
918000 2
919000 2
920000 2
921000 2
922000 2
923000 2
924000 2
925000 2
926000 2
927000 2
928000 2
929000 2
930000 2
931000 2
932000 2
933000 2
934000 2
935000 2
936000 2
937000 2
938000 2
939000 2
940000 2
941000 2
942000 2
943000 2
944000 2
945000 2
946000 2
947000 2
948000 2
949000 2
950000 2
951000 2
952000 2
953000 2
954000 2
955000 2
956000 2
957000 2
958000 2
959000 2
960000 2
961000 2
962000 2
963000 2
964000 2
965000 2
966000 2
967000 2
968000 2
969000 2
970000 2
971000 2
972000 2
973000 2
974000 2
975000 2
976000 2
977000 2
978000 2
979000 2
980000 2
981000 2
982000 2
983000 2
984000 2
985000 2
986000 2
987000 2
988000 2
989000 2
990000 2
991000 2
992000 2
993000 2
994000 2
995000 2
996000 2
997000 2
998000 2
999000 2
1000000 2
1001000 2
1002000 2
1003000 2
1004000 2
1005000 2
1006000 2
1007000 2
1008000 2
1009000 2
1010000 2
1011000 2
1012000 2
1013000 2
1014000 2
1015000 2
1016000 2
1017000 2
1018000 2
1019000 2
1020000 2
1021000 2
1022000 2
1023000 2
1024000 2
1025000 2
1026000 2
1027000 2
1028000 2
1029000 2
1030000 2
1031000 2
1032000 2
1033000 2
1034000 2
1035000 2
1036000 2
1037000 2
1038000 2
1039000 2
1040000 2
1041000 2
1042000 2
1043000 2
1044000 2
1045000 2
1046000 2
1047000 2
1048000 2
1049000 2
1050000 2
1051000 2
1052000 2
1053000 2
1054000 2
1055000 2
1056000 2
1057000 2
1058000 2
1059000 2
1060000 2
1061000 2
1062000 2
1063000 2
1064000 2
1065000 2
1066000 2
1067000 2
1068000 2
1069000 2
1070000 2
1071000 2
1072000 2
1073000 2
1074000 2
1075000 2
1076000 2
1077000 2
1078000 2
1079000 2
1080000 2
1081000 2
1082000 2
1083000 2
1084000 2
1085000 2
1086000 2
1087000 2
1088000 2
1089000 2
1090000 2
1091000 2
1092000 2
1093000 2
1094000 2
1095000 2
1096000 2
1097000 2
1098000 2
1099000 2
1100000 2
1101000 2
1102000 2
1103000 2
1104000 2
1105000 2
1106000 2
1107000 2
1108000 2
1109000 2
1110000 2
1111000 2
1112000 2
1113000 2
1114000 2
1115000 2
1116000 2
1117000 2
1118000 2
1119000 2
1120000 2
1121000 2
1122000 2
1123000 2
1124000 2
1125000 2
1126000 2
1127000 2
1128000 2
1129000 2
1130000 2
1131000 2
1132000 2
1133000 2
1134000 2
1135000 2
1136000 2
1137000 2
1138000 2
1139000 2
1140000 2
1141000 2
1142000 2
1143000 2
1144000 2
1145000 2
1146000 2
1147000 2
1148000 2
1149000 2
1150000 2
1151000 2
1152000 2
1153000 2
1154000 2
1155000 2
1156000 2
1157000 2
1158000 3
1159000 3
1160000 3
1161000 3
1162000 3
1163000 3
1164000 3
1165000 3
1166000 3
1167000 3
1168000 3
1169000 3
1170000 3
1171000 3
1172000 3
1173000 3
1174000 3
1175000 3
1176000 3
1177000 3
1178000 3
1179000 3
1180000 3
1181000 3
1182000 3
1183000 3
1184000 3
1185000 3
1186000 3
1187000 3
1188000 4
1189000 4
1190000 4
1191000 4
1192000 4
1193000 4
1194000 4
1195000 4
1196000 4
1197000 4
1198000 4
1199000 4
1200000 4
1201000 4
1202000 4
1203000 4
1204000 4
1205000 4
1206000 4
1207000 4
1208000 4
1209000 4
1210000 4
1211000 4
1212000 4
1213000 4
1214000 4
1215000 4
1216000 4
1217000 4
1218000 4
1219000 4
1220000 4
1221000 4
1222000 4
1223000 4
1224000 4
1225000 4
1226000 4
1227000 4
1228000 4
1229000 4
1230000 4
1231000 4
1232000 4
1233000 4
1234000 4
1235000 4
1236000 4
1237000 4
1238000 4
1239000 4
1240000 4
1241000 4
1242000 4
1243000 4
1244000 4
1245000 4
1246000 4
1247000 4
1248000 4
1249000 4
1250000 4
1251000 4
1252000 4
1253000 4
1254000 4
1255000 4
1256000 4
1257000 4
1258000 4
1259000 4
1260000 4
1261000 4
1262000 4
1263000 4
1264000 4
1265000 4
1266000 4
1267000 4
1268000 4
1269000 4
1270000 4
1271000 4
1272000 4
1273000 4
1274000 4
1275000 4
1276000 4
1277000 4
1278000 4
1279000 4
1280000 4
1281000 4
1282000 4
1283000 4
1284000 4
1285000 4
1286000 4
1287000 4
1288000 4
1289000 4
1290000 4
1291000 4
1292000 4
1293000 4
1294000 4
1295000 4
1296000 4
1297000 4
1298000 4
1299000 4
1300000 4
1301000 4
1302000 4
1303000 4
1304000 4
1305000 4
1306000 4
1307000 4
1308000 4
1309000 4
1310000 4
1311000 4
1312000 4
1313000 4
1314000 4
1315000 4
1316000 4
1317000 4
1318000 4
1319000 4
1320000 4
1321000 4
1322000 4
1323000 4
1324000 4
1325000 4
1326000 4
1327000 4
1328000 4
1329000 4
1330000 4
1331000 4
1332000 4
1333000 4
1334000 4
1335000 4
1336000 4
1337000 4
1338000 4
1339000 4
1340000 4
1341000 4
1342000 4
1343000 4
1344000 4
1345000 4
1346000 4
1347000 4
1348000 4
1349000 4
1350000 4
1351000 4
1352000 4
1353000 4
1354000 4
1355000 4
1356000 4
1357000 4
1358000 4
1359000 4
1360000 4
1361000 4
1362000 4
1363000 4
1364000 4
1365000 4
1366000 4
1367000 4
1368000 4
1369000 4
1370000 4
1371000 4
1372000 4
1373000 4
1374000 4
1375000 4
1376000 4
1377000 4
1378000 4
1379000 4
1380000 4
1381000 4
1382000 4
1383000 4
1384000 4
1385000 4
1386000 4
1387000 4
1388000 4
1389000 4
1390000 4
1391000 4
1392000 4
1393000 4
1394000 4
1395000 4
1396000 4
1397000 4
1398000 4
1399000 4
1400000 4
1401000 4
1402000 4
1403000 4
1404000 4
1405000 4
1406000 4
1407000 4
1408000 4
1409000 4
1410000 4
1411000 4
1412000 4
1413000 4
1414000 4
1415000 4
1416000 4
1417000 4
1418000 4
1419000 4
1420000 4
1421000 4
1422000 4
1423000 4
1424000 4
1425000 4
1426000 4
1427000 4
1428000 4
1429000 4
1430000 4
1431000 4
1432000 4
1433000 4
1434000 4
1435000 4
1436000 4
1437000 4
1438000 4
1439000 4
1440000 4
1441000 4
1442000 4
1443000 4
1444000 4
1445000 4
1446000 4
1447000 4
1448000 4
1449000 4
1450000 4
1451000 4
1452000 4
1453000 4
1454000 4
1455000 4
1456000 4
1457000 4
1458000 4
1459000 4
1460000 4
1461000 4
1462000 4
1463000 4
1464000 4
1465000 4
1466000 4
1467000 4
1468000 4
1469000 4
1470000 4
1471000 4
1472000 4
1473000 4
1474000 4
1475000 4
1476000 4
1477000 4
1478000 4
1479000 4
1480000 4
1481000 4
1482000 4
1483000 4
1484000 4
1485000 4
1486000 4
1487000 4
1488000 4
1489000 4
1490000 4
1491000 4
1492000 4
1493000 4
1494000 4
1495000 4
1496000 4
1497000 4
1498000 4
1499000 4
1500000 4
1501000 4
1502000 4
1503000 4
1504000 4
1505000 4
1506000 4
1507000 4
1508000 4
1509000 4
1510000 4
1511000 4
1512000 4
1513000 4
1514000 4
1515000 4
1516000 4
1517000 4
1518000 4
1519000 4
1520000 4
1521000 4
1522000 4
1523000 4
1524000 4
1525000 4
1526000 4
1527000 4
1528000 4
1529000 4
1530000 4
1531000 4
1532000 4
1533000 4
1534000 4
1535000 4
1536000 4
1537000 4
1538000 4
1539000 4
1540000 4
1541000 4
1542000 4
1543000 4
1544000 4
1545000 4
1546000 4
1547000 4
1548000 4
1549000 4
1550000 4
1551000 4
1552000 4
1553000 4
1554000 4
1555000 4
1556000 4
1557000 4
1558000 4
1559000 4
1560000 4
1561000 4
1562000 4
1563000 4
1564000 4
1565000 4
1566000 4
1567000 4
1568000 4
1569000 4
1570000 4
1571000 4
1572000 4
1573000 4
1574000 4
1575000 4
1576000 4
1577000 4
1578000 4
1579000 4
1580000 4
1581000 4
1582000 4
1583000 4
1584000 4
1585000 4
1586000 4
1587000 4
1588000 4
1589000 4
1590000 4
1591000 4
1592000 4
1593000 4
1594000 4
1595000 4
1596000 4
1597000 4
1598000 4
1599000 4
1600000 4
1601000 4
1602000 4
1603000 4
1604000 4
1605000 4
1606000 4
1607000 4
1608000 4
1609000 4
1610000 4
1611000 4
1612000 4
1613000 4
1614000 4
1615000 4
1616000 4
1617000 4
1618000 4
1619000 4
1620000 4
1621000 4
1622000 4
1623000 4
1624000 4
1625000 4
1626000 4
1627000 4
1628000 4
1629000 4
1630000 4
1631000 4
1632000 4
1633000 4
1634000 4
1635000 4
1636000 4
1637000 4
1638000 4
1639000 4
1640000 4
1641000 4
1642000 4
1643000 4
1644000 4
1645000 4
1646000 4
1647000 4
1648000 4
1649000 4
1650000 4
1651000 4
1652000 4
1653000 4
1654000 4
1655000 4
1656000 4
1657000 4
1658000 4
1659000 4
1660000 4
1661000 4
1662000 4
1663000 4
1664000 4
1665000 4
1666000 4
1667000 4
1668000 4
1669000 4
1670000 4
1671000 4
1672000 4
1673000 4
1674000 4
1675000 4
1676000 4
1677000 4
1678000 4
1679000 4
1680000 4
1681000 4
1682000 4
1683000 4
1684000 4
1685000 4
1686000 4
1687000 4
1688000 4
1689000 4
1690000 4
1691000 4
1692000 4
1693000 4
1694000 4
1695000 4
1696000 4
1697000 4
1698000 4
1699000 4
1700000 4
1701000 4
1702000 4
1703000 4
1704000 4
1705000 4
1706000 4
1707000 4
1708000 4
1709000 4
1710000 4
1711000 4
1712000 4
1713000 4
1714000 4
1715000 4
1716000 4
1717000 4
1718000 4
1719000 4
1720000 4
1721000 4
1722000 4
1723000 4
1724000 4
1725000 4
1726000 4
1727000 4
1728000 4
1729000 4
1730000 4
1731000 4
1732000 4
1733000 4
1734000 4
1735000 4
1736000 4
1737000 4
1738000 4
1739000 4
1740000 4
1741000 4
1742000 4
1743000 4
1744000 4
1745000 4
1746000 4
1747000 4
1748000 4
1749000 4
1750000 4
1751000 4
1752000 4
1753000 4
1754000 4
1755000 4
1756000 4
1757000 4
1758000 4
1759000 4
1760000 4
1761000 4
1762000 4
1763000 4
1764000 4
1765000 4
1766000 4
1767000 4
1768000 4
1769000 4
1770000 4
1771000 4
1772000 4
1773000 4
1774000 4
1775000 4
1776000 4
1777000 4
1778000 4
1779000 4
1780000 4
1781000 4
1782000 4
1783000 4
1784000 4
1785000 4
1786000 4
1787000 4
1788000 4
1789000 4
1790000 4
1791000 4
1792000 4
1793000 4
1794000 4
1795000 4
1796000 4
1797000 4
1798000 4
1799000 4
1800000 4
1801000 4
1802000 4
1803000 4
1804000 4
1805000 4
1806000 4
1807000 4
1808000 4
1809000 4
1810000 4
1811000 4
1812000 4
1813000 4
1814000 4
1815000 4
1816000 4
1817000 4
1818000 4
1819000 4
1820000 4
1821000 4
1822000 4
1823000 4
1824000 4
1825000 4
1826000 4
1827000 4
1828000 4
1829000 4
1830000 4
1831000 4
1832000 4
1833000 4
1834000 4
1835000 4
1836000 4
1837000 4
1838000 4
1839000 4
1840000 4
1841000 4
1842000 4
1843000 4
1844000 4
1845000 4
1846000 4
1847000 4
1848000 4
1849000 4
1850000 4
1851000 4
1852000 4
1853000 4
1854000 4
1855000 4
1856000 4
1857000 4
1858000 4
1859000 4
1860000 4
1861000 4
1862000 4
1863000 4
1864000 4
1865000 4
1866000 4
1867000 4
1868000 4
1869000 4
1870000 4
1871000 4
1872000 4
1873000 4
1874000 4
1875000 4
1876000 4
1877000 4
1878000 4
1879000 4
1880000 4
1881000 4
1882000 4
1883000 4
1884000 4
1885000 4
1886000 4
1887000 4
1888000 4
1889000 4
1890000 4
1891000 4
1892000 4
1893000 4
1894000 4
1895000 4
1896000 4
1897000 4
1898000 4
1899000 4
1900000 4
1901000 4
1902000 4
1903000 4
1904000 4
1905000 4
1906000 4
1907000 4
1908000 4
1909000 4
1910000 4
1911000 4
1912000 4
1913000 4
1914000 4
1915000 4
1916000 4
1917000 4
1918000 4
1919000 4
1920000 4
1921000 4
1922000 4
1923000 4
1924000 4
1925000 4
1926000 4
1927000 4
1928000 4
1929000 4
1930000 4
1931000 4
1932000 4
1933000 4
1934000 4
1935000 4
1936000 4
1937000 4
1938000 4
1939000 4
1940000 4
1941000 4
1942000 4
1943000 4
1944000 4
1945000 4
1946000 4
1947000 4
1948000 4
1949000 4
1950000 4
1951000 4
1952000 4
1953000 4
1954000 4
1955000 4
1956000 4
1957000 4
1958000 4
1959000 4
1960000 4
1961000 4
1962000 4
1963000 4
1964000 4
1965000 4
1966000 4
1967000 4
1968000 4
1969000 4
1970000 4
1971000 4
1972000 4
1973000 4
1974000 4
1975000 4
1976000 4
1977000 4
1978000 4
1979000 4
1980000 4
1981000 4
1982000 4
1983000 4
1984000 4
1985000 4
1986000 4
1987000 4
1988000 4
1989000 4
1990000 4
1991000 4
1992000 4
1993000 4
1994000 4
1995000 4
1996000 4
1997000 4
1998000 4
1999000 4
2000000 4
2001000 4
2002000 4
2003000 4
2004000 4
2005000 4
2006000 4
2007000 4
2008000 4
2009000 4
2010000 4
2011000 4
2012000 4
2013000 4
2014000 4
2015000 4
2016000 4
2017000 4
2018000 4
2019000 4
2020000 4
2021000 4
2022000 4
2023000 4
2024000 4
2025000 4
2026000 4
2027000 4
2028000 4
2029000 4
2030000 4
2031000 4
2032000 4
2033000 4
2034000 4
2035000 4
2036000 4
2037000 4
2038000 4
2039000 4
2040000 4
2041000 4
2042000 4
2043000 4
2044000 4
2045000 4
2046000 4
2047000 4
2048000 4
2049000 4
2050000 4
2051000 4
2052000 4
2053000 4
2054000 4
2055000 4
2056000 4
2057000 4
2058000 4
2059000 4
2060000 4
2061000 4
2062000 4
2063000 4
2064000 4
2065000 4
2066000 4
2067000 4
2068000 4
2069000 4
2070000 4
2071000 4
2072000 4
2073000 4
2074000 4
2075000 4
2076000 4
2077000 4
2078000 4
2079000 4
2080000 4
2081000 4
2082000 4
2083000 4
2084000 4
2085000 4
2086000 4
2087000 4
2088000 4
2089000 4
2090000 4
2091000 4
2092000 4
2093000 4
2094000 4
2095000 4
2096000 4
2097000 4
2098000 4
2099000 4
2100000 4
2101000 4
2102000 4
2103000 4
2104000 4
2105000 4
2106000 4
2107000 4
2108000 4
2109000 4
2110000 4
2111000 4
2112000 4
2113000 4
2114000 4
2115000 4
2116000 4
2117000 4
2118000 4
2119000 4
2120000 4
2121000 4
2122000 4
2123000 4
2124000 4
2125000 4
2126000 4
2127000 4
2128000 4
2129000 4
2130000 4
2131000 4
2132000 4
2133000 4
2134000 4
2135000 4
2136000 4
2137000 4
2138000 4
2139000 4
2140000 4
2141000 4
2142000 4
2143000 4
2144000 4
2145000 4
2146000 4
2147000 4
2148000 4
2149000 4
2150000 4
2151000 4
2152000 4
2153000 4
2154000 4
2155000 4
2156000 4
2157000 4
2158000 4
2159000 4
2160000 4
2161000 4
2162000 4
2163000 4
2164000 4
2165000 4
2166000 4
2167000 4
2168000 4
2169000 4
2170000 4
2171000 4
2172000 4
2173000 4
2174000 4
2175000 4
2176000 4
2177000 4
2178000 4
2179000 4
2180000 4
2181000 4
2182000 4
2183000 4
2184000 4
2185000 4
2186000 4
2187000 4
2188000 4
2189000 4
2190000 4
2191000 4
2192000 4
2193000 4
2194000 4
2195000 4
2196000 4
2197000 4
2198000 4
2199000 4
2200000 4
2201000 4
2202000 4
2203000 4
2204000 4
2205000 4
2206000 4
2207000 4
2208000 4
2209000 4
2210000 4
2211000 4
2212000 4
2213000 4
2214000 4
2215000 4
2216000 4
2217000 4
2218000 4
2219000 4
2220000 4
2221000 4
2222000 4
2223000 4
2224000 4
2225000 4
2226000 4
2227000 4
2228000 4
2229000 4
2230000 4
2231000 4
2232000 4
2233000 4
2234000 4
2235000 4
2236000 4
2237000 4
2238000 4
2239000 4
2240000 4
2241000 4
2242000 4
2243000 4
2244000 4
2245000 4
2246000 4
2247000 4
2248000 4
2249000 4
2250000 4
2251000 4
2252000 4
2253000 4
2254000 4
2255000 4
2256000 4
2257000 4
2258000 4
2259000 4
2260000 4
2261000 4
2262000 4
2263000 4
2264000 4
2265000 4
2266000 4
2267000 4
2268000 4
2269000 4
2270000 4
2271000 4
2272000 4
2273000 4
2274000 4
2275000 4
2276000 4
2277000 4
2278000 4
2279000 4
2280000 4
2281000 4
2282000 4
2283000 4
2284000 4
2285000 4
2286000 4
2287000 4
2288000 4
2289000 4
2290000 4
2291000 4
2292000 4
2293000 4
2294000 4
2295000 4
2296000 4
2297000 4
2298000 4
2299000 4
2300000 4
2301000 4
2302000 4
2303000 4
2304000 4
2305000 4
2306000 4
2307000 4
2308000 4
2309000 4
2310000 4
2311000 4
2312000 4
2313000 4
2314000 4
2315000 4
2316000 4
2317000 4
2318000 4
2319000 4
2320000 4
2321000 4
2322000 4
2323000 4
2324000 4
2325000 4
2326000 4
2327000 4
2328000 4
2329000 4
2330000 4
2331000 4
2332000 4
2333000 4
2334000 4
2335000 4
2336000 4
2337000 4
2338000 4
2339000 4
2340000 4
2341000 4
2342000 4
2343000 4
2344000 4
2345000 4
2346000 4
2347000 4
2348000 4
2349000 4
2350000 4
2351000 4
2352000 4
2353000 4
2354000 4
2355000 4
2356000 4
2357000 4
2358000 4
2359000 4
2360000 4
2361000 4
2362000 4
2363000 4
2364000 4
2365000 4
2366000 4
2367000 4
2368000 4
2369000 4
2370000 4
2371000 4
2372000 4
2373000 4
2374000 4
2375000 4
2376000 4
2377000 4
2378000 4
2379000 4
2380000 4
2381000 4
2382000 4
2383000 4
2384000 4
2385000 4
2386000 4
2387000 4
2388000 4
2389000 4
2390000 4
2391000 4
2392000 4
2393000 4
2394000 4
2395000 4
2396000 4
2397000 4
2398000 4
2399000 4
2400000 4
2401000 4
2402000 4
2403000 4
2404000 4
2405000 4
2406000 4
2407000 4
2408000 4
2409000 4
2410000 4
2411000 4
2412000 4
2413000 4
2414000 4
2415000 4
2416000 4
2417000 4
2418000 4
2419000 4
2420000 4
2421000 4
2422000 4
2423000 4
2424000 4
2425000 4
2426000 4
2427000 4
2428000 4
2429000 4
2430000 4
2431000 4
2432000 4
2433000 4
2434000 4
2435000 4
2436000 4
2437000 4
2438000 4
2439000 4
2440000 4
2441000 4
2442000 4
2443000 4
2444000 4
2445000 4
2446000 4
2447000 4
2448000 4
2449000 4
2450000 4
2451000 4
2452000 4
2453000 4
2454000 4
2455000 4
2456000 4
2457000 4
2458000 4
2459000 4
2460000 4
2461000 4
2462000 4
2463000 4
2464000 4
2465000 4
2466000 4
2467000 4
2468000 4
2469000 4
2470000 4
2471000 4
2472000 4
2473000 4
2474000 4
2475000 4
2476000 4
2477000 4
2478000 4
2479000 4
2480000 4
2481000 4
2482000 4
2483000 4
2484000 4
2485000 4
2486000 4
2487000 4
2488000 4
2489000 4
2490000 4
2491000 4
2492000 4
2493000 4
2494000 4
2495000 4
2496000 4
2497000 4
2498000 4
2499000 4
2500000 4
2501000 4
2502000 4
2503000 4
2504000 4
2505000 4
2506000 4
2507000 4
2508000 4
2509000 4
2510000 4
2511000 4
2512000 4
2513000 4
2514000 4
2515000 4
2516000 4
2517000 4
2518000 4
2519000 4
2520000 4
2521000 4
2522000 4
2523000 4
2524000 4
2525000 4
2526000 4
2527000 4
2528000 4
2529000 4
2530000 4
2531000 4
2532000 4
2533000 4
2534000 4
2535000 4
2536000 4
2537000 4
2538000 4
2539000 4
2540000 4
2541000 4
2542000 4
2543000 4
2544000 4
2545000 4
2546000 4
2547000 4
2548000 4
2549000 4
2550000 4
2551000 4
2552000 4
2553000 4
2554000 4
2555000 4
2556000 4
2557000 4
2558000 4
2559000 4
2560000 4
2561000 4
2562000 4
2563000 4
2564000 4
2565000 4
2566000 4
2567000 4
2568000 4
2569000 4
2570000 4
2571000 4
2572000 4
2573000 4
2574000 4
2575000 4
2576000 4
2577000 4
2578000 4
2579000 4
2580000 4
2581000 4
2582000 4
2583000 4
2584000 4
2585000 4
2586000 4
2587000 4
2588000 4
2589000 4
2590000 4
2591000 4
2592000 4
2593000 4
2594000 4
2595000 4
2596000 4
2597000 4
2598000 4
2599000 4
2600000 4
2601000 4
2602000 4
2603000 4
2604000 4
2605000 4
2606000 4
2607000 4
2608000 4
2609000 4
2610000 4
2611000 4
2612000 4
2613000 4
2614000 4
2615000 4
2616000 4
2617000 4
2618000 4
2619000 4
2620000 4
2621000 4
2622000 4
2623000 4
2624000 4
2625000 4
2626000 4
2627000 4
2628000 4
2629000 4
2630000 4
2631000 4
2632000 4
2633000 4
2634000 4
2635000 4
2636000 4
2637000 4
2638000 4
2639000 4
2640000 4
2641000 4
2642000 4
2643000 4
2644000 4
2645000 4
2646000 4
2647000 4
2648000 4
2649000 4
2650000 4
2651000 4
2652000 4
2653000 4
2654000 4
2655000 4
2656000 4
2657000 4
2658000 4
2659000 4
2660000 4
2661000 4
2662000 4
2663000 4
2664000 4
2665000 4
2666000 4
2667000 4
2668000 4
2669000 4
2670000 4
2671000 4
2672000 4
2673000 4
2674000 4
2675000 4
2676000 4
2677000 4
2678000 4
2679000 4
2680000 4
2681000 4
2682000 4
2683000 4
2684000 4
2685000 4
2686000 4
2687000 4
2688000 4
2689000 4
2690000 4
2691000 4
2692000 4
2693000 4
2694000 4
2695000 4
2696000 4
2697000 4
2698000 4
2699000 4
2700000 4
2701000 4
2702000 4
2703000 4
2704000 4
2705000 4
2706000 4
2707000 4
2708000 4
2709000 4
2710000 4
2711000 4
2712000 4
2713000 4
2714000 4
2715000 4
2716000 4
2717000 4
2718000 4
2719000 4
2720000 4
2721000 4
2722000 4
2723000 4
2724000 4
2725000 4
2726000 4
2727000 4
2728000 4
2729000 4
2730000 4
2731000 4
2732000 4
2733000 4
2734000 4
2735000 4
2736000 4
2737000 4
2738000 4
2739000 4
2740000 4
2741000 4
2742000 4
2743000 4
2744000 4
2745000 4
2746000 4
2747000 4
2748000 4
2749000 4
2750000 4
2751000 4
2752000 4
2753000 4
2754000 4
2755000 4
2756000 4
2757000 4
2758000 4
2759000 4
2760000 4
2761000 4
2762000 4
2763000 4
2764000 4
2765000 4
2766000 4
2767000 4
2768000 4
2769000 4
2770000 4
2771000 4
2772000 4
2773000 4
2774000 4
2775000 4
2776000 4
2777000 4
2778000 4
2779000 4
2780000 4
2781000 4
2782000 4
2783000 4
2784000 4
2785000 4
2786000 4
2787000 4
2788000 4
2789000 4
2790000 4
2791000 4
2792000 4
2793000 4
2794000 4
2795000 4
2796000 4
2797000 4
2798000 4
2799000 4
2800000 4
2801000 4
2802000 4
2803000 4
2804000 4
2805000 4
2806000 4
2807000 4
2808000 4
2809000 4
2810000 4
2811000 4
2812000 4
2813000 4
2814000 4
2815000 4
2816000 4
2817000 4
2818000 4
2819000 4
2820000 4
2821000 4
2822000 4
2823000 4
2824000 4
2825000 4
2826000 4
2827000 4
2828000 4
2829000 4
2830000 4
2831000 4
2832000 4
2833000 4
2834000 4
2835000 4
2836000 4
2837000 4
2838000 4
2839000 4
2840000 4
2841000 4
2842000 4
2843000 4
2844000 4
2845000 4
2846000 4
2847000 4
2848000 4
2849000 4
2850000 4
2851000 4
2852000 4
2853000 4
2854000 4
2855000 4
2856000 4
2857000 4
2858000 4
2859000 4
2860000 4
2861000 4
2862000 4
2863000 4
2864000 4
2865000 4
2866000 4
2867000 4
2868000 4
2869000 4
2870000 4
2871000 4
2872000 4
2873000 4
2874000 4
2875000 4
2876000 4
2877000 4
2878000 4
2879000 4
2880000 4
2881000 4
2882000 4
2883000 4
2884000 4
2885000 4
2886000 4
2887000 4
2888000 4
2889000 4
2890000 4
2891000 4
2892000 4
2893000 4
2894000 4
2895000 4
2896000 4
2897000 4
2898000 4
2899000 4
2900000 4
2901000 4
2902000 4
2903000 4
2904000 4
2905000 4
2906000 4
2907000 4
2908000 4
2909000 4
2910000 4
2911000 4
2912000 4
2913000 4
2914000 4
2915000 4
2916000 4
2917000 4
2918000 4
2919000 4
2920000 4
2921000 4
2922000 4
2923000 4
2924000 4
2925000 4
2926000 4
2927000 4
2928000 4
2929000 4
2930000 4
2931000 4
2932000 4
2933000 4
2934000 4
2935000 4
2936000 4
2937000 4
2938000 4
2939000 4
2940000 4
2941000 4
2942000 4
2943000 4
2944000 4
2945000 4
2946000 4
2947000 4
2948000 4
2949000 4
2950000 4
2951000 4
2952000 4
2953000 4
2954000 4
2955000 4
2956000 4
2957000 4
2958000 4
2959000 4
2960000 4
2961000 4
2962000 4
2963000 4
2964000 4
2965000 4
2966000 4
2967000 4
2968000 4
2969000 4
2970000 4
2971000 4
2972000 4
2973000 4
2974000 4
2975000 4
2976000 4
2977000 4
2978000 4
2979000 4
2980000 4
2981000 4
2982000 4
2983000 4
2984000 4
2985000 4
2986000 4
2987000 4
2988000 4
2989000 4
2990000 4
2991000 4
2992000 4
2993000 4
2994000 4
2995000 4
2996000 4
2997000 4
2998000 4
2999000 4
3000000 4
3001000 4
3002000 4
3003000 4
3004000 4
3005000 4
3006000 4
3007000 4
3008000 4
3009000 4
3010000 4
3011000 4
3012000 4
3013000 4
3014000 4
3015000 4
3016000 4
3017000 4
3018000 4
3019000 4
3020000 4
3021000 4
3022000 4
3023000 4
3024000 4
3025000 4
3026000 4
3027000 4
3028000 4
3029000 4
3030000 4
3031000 4
3032000 4
3033000 4
3034000 4
3035000 4
3036000 4
3037000 4
3038000 4
3039000 4
3040000 4
3041000 4
3042000 4
3043000 4
3044000 4
3045000 4
3046000 4
3047000 4
3048000 4
3049000 4
3050000 4
3051000 4
3052000 4
3053000 4
3054000 4
3055000 4
3056000 4
3057000 4
3058000 4
3059000 4
3060000 4
3061000 4
3062000 4
3063000 4
3064000 4
3065000 4
3066000 4
3067000 4
3068000 4
3069000 4
3070000 4
3071000 4
3072000 4
3073000 4
3074000 4
3075000 4
3076000 4
3077000 4
3078000 4
3079000 4
3080000 4
3081000 4
3082000 4
3083000 4
3084000 4
3085000 4
3086000 4
3087000 4
3088000 4
3089000 4
3090000 4
3091000 4
3092000 4
3093000 4
3094000 4
3095000 4
3096000 4
3097000 4
3098000 4
3099000 4
3100000 4
3101000 4
3102000 4
3103000 4
3104000 4
3105000 4
3106000 4
3107000 4
3108000 4
3109000 4
3110000 4
3111000 4
3112000 4
3113000 4
3114000 4
3115000 4
3116000 4
3117000 5
3118000 5
3119000 5
3120000 5
3121000 5
3122000 5
3123000 5
3124000 5
3125000 5
3126000 5
3127000 5
3128000 5
3129000 6
3130000 6
3131000 6
3132000 6
3133000 6
3134000 6
3135000 6
3136000 6
3137000 6
3138000 6
3139000 6
3140000 6
3141000 7
3142000 7
3143000 7
3144000 7
3145000 7
3146000 7
3147000 7
3148000 7
3149000 8
3150000 8
3151000 8
3152000 8
3153000 8
3154000 8
3155000 8
3156000 8
3157000 8
3158000 8
3159000 8
3160000 8
3161000 9
3162000 9
3163000 9
3164000 9
3165000 9
3166000 9
3167000 9
3168000 9
3169000 9
3170000 9
3171000 9
3172000 9
3173000 9
3174000 9
3175000 9
3176000 9
3177000 9
3178000 9
3179000 9
3180000 9
3181000 9
3182000 9
3183000 9
3184000 9
3185000 9
3186000 9
3187000 9
3188000 9
3189000 9
3190000 9
3191000 9
3192000 9
3193000 9
3194000 9
3195000 9
3196000 9
3197000 9
3198000 9
3199000 9
3200000 9
3201000 9
3202000 9
3203000 9
3204000 9
3205000 9
3206000 9
3207000 10
3208000 10
3209000 10
3210000 10
3211000 10
3212000 10
3213000 10
3214000 10
3215000 10
3216000 10
3217000 10
3218000 10
3219000 10
3220000 10
3221000 10
3222000 10
3223000 10
3224000 10
3225000 10
3226000 10
3227000 10
3228000 11
3229000 11
3230000 11
3231000 11
3232000 11
3233000 11
3234000 11
3235000 11
3236000 11
3237000 11
3238000 11
3239000 11
3240000 11
3241000 11
3242000 11
3243000 11
3244000 11
3245000 11
3246000 11
3247000 11
3248000 11
3249000 11
3250000 11
3251000 11
3252000 11
3253000 11
3254000 11
3255000 11
3256000 11
3257000 11
3258000 11
3259000 11
3260000 11
3261000 11
3262000 11
3263000 11
3264000 11
3265000 11
3266000 11
3267000 11
3268000 11
3269000 11
3270000 11
3271000 11
3272000 11
3273000 11
3274000 11
3275000 11
3276000 11
3277000 11
3278000 11
3279000 11
3280000 11
3281000 11
3282000 11
3283000 11
3284000 11
3285000 11
3286000 11
3287000 11
3288000 11
3289000 11
3290000 11
3291000 11
3292000 11
3293000 11
3294000 12
3295000 12
3296000 12
3297000 12
3298000 12
3299000 12
3300000 12
3301000 12
3302000 12
3303000 12
3304000 13
3305000 13
3306000 13
3307000 13
3308000 13
3309000 13
3310000 13
3311000 13
3312000 13
3313000 13
3314000 13
3315000 13
3316000 14
3317000 14
3318000 14
3319000 14
3320000 14
3321000 14
3322000 15
3323000 15
3324000 15
3325000 15
3326000 15
3327000 15
3328000 15
3329000 15
3330000 15
3331000 15
3332000 15
3333000 15
3334000 15
3335000 15
3336000 16
3337000 16
3338000 16
3339000 16
3340000 16
3341000 16
3342000 16
3343000 16
3344000 16
3345000 17
3346000 17
3347000 17
3348000 17
3349000 17
3350000 17
3351000 18
3352000 18
3353000 18
3354000 18
3355000 18
3356000 18
3357000 18
3358000 19
3359000 19
3360000 19
3361000 19
3362000 19
3363000 19
3364000 19
3365000 19
3366000 19
3367000 19
3368000 19
3369000 20
3370000 20
3371000 20
3372000 20
3373000 20
3374000 20
3375000 20
3376000 21
3377000 21
3378000 21
3379000 21
3380000 21
3381000 21
3382000 21
3383000 21
3384000 21
3385000 21
3386000 21
3387000 21
3388000 21
3389000 21
3390000 22
3391000 22
3392000 22
3393000 22
3394000 22
3395000 22
3396000 23
3397000 23
3398000 23
3399000 23
3400000 23
3401000 23
3402000 23
3403000 23
3404000 24
3405000 24
3406000 24
3407000 24
3408000 24
3409000 24
3410000 25
3411000 25
3412000 25
3413000 25
3414000 25
3415000 26
3416000 26
3417000 26
3418000 26
3419000 26
3420000 26
3421000 26
3422000 26
3423000 26
3424000 26
3425000 26
3426000 27
3427000 27
3428000 27
3429000 27
3430000 27
3431000 27
3432000 27
3433000 27
3434000 27
3435000 27
3436000 27
3437000 27
3438000 27
3439000 27
3440000 27
3441000 27
3442000 27
3443000 27
3444000 27
3445000 27
3446000 27
3447000 27
3448000 27
3449000 27
3450000 27
3451000 27
3452000 27
3453000 27
3454000 27
3455000 27
3456000 27
3457000 27
3458000 27
3459000 27
3460000 27
3461000 27
3462000 27
3463000 27
3464000 27
3465000 27
3466000 27
3467000 27
3468000 27
3469000 27
3470000 27
3471000 27
3472000 27
3473000 27
3474000 27
3475000 27
3476000 27
3477000 27
3478000 27
3479000 27
3480000 27
3481000 27
3482000 27
3483000 27
3484000 27
3485000 27
3486000 27
3487000 27
3488000 27
3489000 27
3490000 27
3491000 27
3492000 27
3493000 27
3494000 27
3495000 27
3496000 27
3497000 27
3498000 27
3499000 27
3500000 27
3501000 27
3502000 27
3503000 27
3504000 27
3505000 27
3506000 27
3507000 27
3508000 27
3509000 27
3510000 27
3511000 27
3512000 27
3513000 27
3514000 27
3515000 27
3516000 27
3517000 27
3518000 27
3519000 27
3520000 27
3521000 27
3522000 27
3523000 27
3524000 27
3525000 27
3526000 27
3527000 27
3528000 27
3529000 27
3530000 27
3531000 27
3532000 27
3533000 27
3534000 27
3535000 27
3536000 27
3537000 27
3538000 27
3539000 27
3540000 27
3541000 27
3542000 27
3543000 27
3544000 27
3545000 27
3546000 27
3547000 27
3548000 27
3549000 27
3550000 27
3551000 27
3552000 27
3553000 27
3554000 27
3555000 27
3556000 27
3557000 27
3558000 27
3559000 27
3560000 27
3561000 27
3562000 27
3563000 27
3564000 27
3565000 27
3566000 27
3567000 27
3568000 27
3569000 27
3570000 27
3571000 27
3572000 27
3573000 27
3574000 27
3575000 27
3576000 27
3577000 27
3578000 27
3579000 27
3580000 27
3581000 27
3582000 27
3583000 27
3584000 27
3585000 27
3586000 27
3587000 27
3588000 27
3589000 27
3590000 27
3591000 27
3592000 27
3593000 27
3594000 27
3595000 27
3596000 27
3597000 27
3598000 27
3599000 27
3600000 27
3601000 27
3602000 27
3603000 27
3604000 27
3605000 27
3606000 27
3607000 27
3608000 27
3609000 27
3610000 27
3611000 27
3612000 27
3613000 27
3614000 27
3615000 27
3616000 27
3617000 27
3618000 27
3619000 27
3620000 27
3621000 27
3622000 27
3623000 27
3624000 27
3625000 27
3626000 27
3627000 27
3628000 27
3629000 27
3630000 27
3631000 27
3632000 27
3633000 27
3634000 27
3635000 27
3636000 27
3637000 27
3638000 27
3639000 27
3640000 27
3641000 27
3642000 27
3643000 27
3644000 27
3645000 27
3646000 27
3647000 27
3648000 27
3649000 27
3650000 27
3651000 27
3652000 27
3653000 27
3654000 27
3655000 27
3656000 27
3657000 27
3658000 27
3659000 27
3660000 27
3661000 27
3662000 27
3663000 27
3664000 27
3665000 27
3666000 27
3667000 27
3668000 27
3669000 27
3670000 27
3671000 27
3672000 27
3673000 27
3674000 27
3675000 27
3676000 27
3677000 27
3678000 27
3679000 27
3680000 27
3681000 27
3682000 27
3683000 27
3684000 27
3685000 27
3686000 27
3687000 27
3688000 27
3689000 27
3690000 27
3691000 27
3692000 27
3693000 27
3694000 27
3695000 27
3696000 27
3697000 27
3698000 27
3699000 27
3700000 27
3701000 27
3702000 27
3703000 27
3704000 27
3705000 27
3706000 27
3707000 27
3708000 27
3709000 27
3710000 27
3711000 27
3712000 27
3713000 27
3714000 27
3715000 27
3716000 27
3717000 27
3718000 27
3719000 27
3720000 27
3721000 27
3722000 27
3723000 27
3724000 27
3725000 27
3726000 27
3727000 27
3728000 27
3729000 27
3730000 27
3731000 27
3732000 27
3733000 27
3734000 27
3735000 27
3736000 27
3737000 27
3738000 27
3739000 27
3740000 27
3741000 27
3742000 27
3743000 27
3744000 27
3745000 27
3746000 27
3747000 27
3748000 27
3749000 27
3750000 27
3751000 27
3752000 27
3753000 27
3754000 27
3755000 27
3756000 27
3757000 27
3758000 27
3759000 27
3760000 27
3761000 27
3762000 27
3763000 27
3764000 27
3765000 27
3766000 27
3767000 27
3768000 27
3769000 27
3770000 27
3771000 27
3772000 27
3773000 27
3774000 27
3775000 27
3776000 27
3777000 27
3778000 27
3779000 27
3780000 27
3781000 27
3782000 27
3783000 27
3784000 27
3785000 27
3786000 27
3787000 27
3788000 27
3789000 27
3790000 27
3791000 27
3792000 27
3793000 27
3794000 27
3795000 27
3796000 27
3797000 27
3798000 27
3799000 27
3800000 27
3801000 27
3802000 27
3803000 27
3804000 27
3805000 27
3806000 27
3807000 27
3808000 27
3809000 27
3810000 27
3811000 27
3812000 27
3813000 27
3814000 27
3815000 27
3816000 27
3817000 27
3818000 27
3819000 27
3820000 27
3821000 27
3822000 27
3823000 27
3824000 27
3825000 27
3826000 27
3827000 27
3828000 27
3829000 27
3830000 27
3831000 27
3832000 27
3833000 27
3834000 27
3835000 27
3836000 27
3837000 27
3838000 27
3839000 27
3840000 27
3841000 27
3842000 27
3843000 27
3844000 27
3845000 27
3846000 27
3847000 27
3848000 27
3849000 27
3850000 27
3851000 27
3852000 27
3853000 27
3854000 27
3855000 27
3856000 27
3857000 27
3858000 27
3859000 27
3860000 27
3861000 27
3862000 27
3863000 27
3864000 27
3865000 27
3866000 27
3867000 27
3868000 27
3869000 27
3870000 27
3871000 27
3872000 27
3873000 27
3874000 27
3875000 27
3876000 27
3877000 27
3878000 27
3879000 27
3880000 27
3881000 27
3882000 27
3883000 27
3884000 27
3885000 27
3886000 27
3887000 27
3888000 27
3889000 27
3890000 27
3891000 27
3892000 27
3893000 27
3894000 27
3895000 27
3896000 27
3897000 27
3898000 27
3899000 27
3900000 27
3901000 27
3902000 27
3903000 27
3904000 27
3905000 27
3906000 27
3907000 27
3908000 27
3909000 27
3910000 27
3911000 27
3912000 27
3913000 27
3914000 27
3915000 27
3916000 27
3917000 27
3918000 27
3919000 27
3920000 27
3921000 27
3922000 27
3923000 27
3924000 27
3925000 27
3926000 27
3927000 27
3928000 27
3929000 27
3930000 27
3931000 27
3932000 27
3933000 27
3934000 27
3935000 27
3936000 27
3937000 27
3938000 27
3939000 27
3940000 27
3941000 27
3942000 27
3943000 27
3944000 27
3945000 27
3946000 27
3947000 27
3948000 27
3949000 27
3950000 27
3951000 27
3952000 27
3953000 27
3954000 27
3955000 27
3956000 27
3957000 27
3958000 27
3959000 27
3960000 27
3961000 27
3962000 27
3963000 27
3964000 27
3965000 27
3966000 27
3967000 27
3968000 27
3969000 27
3970000 27
3971000 27
3972000 27
3973000 27
3974000 27
3975000 27
3976000 27
3977000 27
3978000 27
3979000 27
3980000 27
3981000 27
3982000 27
3983000 27
3984000 27
3985000 27
3986000 27
3987000 27
3988000 27
3989000 27
3990000 27
3991000 27
3992000 27
3993000 27
3994000 27
3995000 27
3996000 27
3997000 27
3998000 27
3999000 27
4000000 27
4001000 27
4002000 27
4003000 27
4004000 27
4005000 27
4006000 27
4007000 27
4008000 27
4009000 27
4010000 27
4011000 27
4012000 27
4013000 27
4014000 27
4015000 27
4016000 27
4017000 27
4018000 27
4019000 27
4020000 27
4021000 27
4022000 27
4023000 27
4024000 27
4025000 27
4026000 27
4027000 27
4028000 27
4029000 27
4030000 27
4031000 27
4032000 27
4033000 27
4034000 27
4035000 27
4036000 27
4037000 27
4038000 27
4039000 27
4040000 27
4041000 27
4042000 27
4043000 27
4044000 27
4045000 27
4046000 27
4047000 27
4048000 27
4049000 27
4050000 27
4051000 27
4052000 27
4053000 27
4054000 27
4055000 27
4056000 27
4057000 27
4058000 27
4059000 27
4060000 27
4061000 27
4062000 27
4063000 27
4064000 27
4065000 27
4066000 27
4067000 27
4068000 27
4069000 27
4070000 27
4071000 27
4072000 27
4073000 27
4074000 27
4075000 27
4076000 27
4077000 27
4078000 27
4079000 27
4080000 27
4081000 27
4082000 27
4083000 27
4084000 27
4085000 27
4086000 27
4087000 27
4088000 27
4089000 27
4090000 27
4091000 27
4092000 27
4093000 27
4094000 27
4095000 27
4096000 27
4097000 27
4098000 27
4099000 27
4100000 27
4101000 27
4102000 27
4103000 27
4104000 27
4105000 27
4106000 27
4107000 27
4108000 27
4109000 27
4110000 27
4111000 27
4112000 27
4113000 27
4114000 27
4115000 27
4116000 27
4117000 27
4118000 27
4119000 27
4120000 27
4121000 27
4122000 27
4123000 27
4124000 27
4125000 27
4126000 27
4127000 27
4128000 27
4129000 27
4130000 27
4131000 27
4132000 27
4133000 27
4134000 27
4135000 27
4136000 27
4137000 27
4138000 27
4139000 27
4140000 27
4141000 27
4142000 27
4143000 27
4144000 27
4145000 27
4146000 27
4147000 27
4148000 27
4149000 27
4150000 27
4151000 27
4152000 27
4153000 27
4154000 27
4155000 27
4156000 27
4157000 27
4158000 27
4159000 27
4160000 27
4161000 27
4162000 27
4163000 27
4164000 27
4165000 27
4166000 27
4167000 27
4168000 27
4169000 27
4170000 27
4171000 27
4172000 27
4173000 27
4174000 27
4175000 27
4176000 27
4177000 27
4178000 27
4179000 27
4180000 27
4181000 27
4182000 27
4183000 27
4184000 27
4185000 27
4186000 27
4187000 27
4188000 27
4189000 27
4190000 27
4191000 27
4192000 27
4193000 27
4194000 27
4195000 27
4196000 27
4197000 27
4198000 27
4199000 27
4200000 27
4201000 27
4202000 27
4203000 27
4204000 27
4205000 27
4206000 27
4207000 27
4208000 27
4209000 27
4210000 27
4211000 27
4212000 27
4213000 27
4214000 27
4215000 27
4216000 27
4217000 27
4218000 27
4219000 27
4220000 27
4221000 27
4222000 27
4223000 27
4224000 27
4225000 27
4226000 27
4227000 27
4228000 27
4229000 27
4230000 27
4231000 27
4232000 27
4233000 27
4234000 27
4235000 27
4236000 27
4237000 27
4238000 27
4239000 27
4240000 27
4241000 27
4242000 27
4243000 27
4244000 27
4245000 27
4246000 27
4247000 27
4248000 27
4249000 27
4250000 27
4251000 27
4252000 27
4253000 27
4254000 27
4255000 27
4256000 27
4257000 27
4258000 27
4259000 27
4260000 27
4261000 27
4262000 27
4263000 27
4264000 27
4265000 27
4266000 27
4267000 27
4268000 27
4269000 27
4270000 27
4271000 27
4272000 27
4273000 27
4274000 27
4275000 27
4276000 27
4277000 27
4278000 27
4279000 27
4280000 27
4281000 27
4282000 27
4283000 27
4284000 27
4285000 27
4286000 27
4287000 27
4288000 27
4289000 27
4290000 27
4291000 27
4292000 27
4293000 27
4294000 27
4295000 27
4296000 27
4297000 27
4298000 27
4299000 27
4300000 27
4301000 27
4302000 27
4303000 27
4304000 27
4305000 27
4306000 27
4307000 27
4308000 27
4309000 27
4310000 27
4311000 27
4312000 27
4313000 27
4314000 27
4315000 27
4316000 27
4317000 27
4318000 27
4319000 27
4320000 27
4321000 27
4322000 27
4323000 27
4324000 27
4325000 27
4326000 27
4327000 27
4328000 27
4329000 27
4330000 27
4331000 27
4332000 27
4333000 27
4334000 27
4335000 27
4336000 27
4337000 27
4338000 27
4339000 27
4340000 27
4341000 27
4342000 27
4343000 27
4344000 27
4345000 27
4346000 27
4347000 27
4348000 27
4349000 27
4350000 27
4351000 27
4352000 27
4353000 27
4354000 27
4355000 27
4356000 27
4357000 27
4358000 27
4359000 27
4360000 27
4361000 27
4362000 27
4363000 27
4364000 27
4365000 27
4366000 27
4367000 27
4368000 27
4369000 27
4370000 27
4371000 27
4372000 27
4373000 27
4374000 27
4375000 27
4376000 27
4377000 27
4378000 27
4379000 27
4380000 27
4381000 27
4382000 27
4383000 27
4384000 27
4385000 27
4386000 27
4387000 27
4388000 27
4389000 27
4390000 27
4391000 27
4392000 27
4393000 27
4394000 27
4395000 27
4396000 27
4397000 27
4398000 27
4399000 27
4400000 27
4401000 27
4402000 27
4403000 27
4404000 27
4405000 27
4406000 27
4407000 27
4408000 27
4409000 27
4410000 27
4411000 27
4412000 27
4413000 27
4414000 27
4415000 27
4416000 27
4417000 27
4418000 27
4419000 27
4420000 27
4421000 27
4422000 27
4423000 27
4424000 27
4425000 27
4426000 27
4427000 27
4428000 27
4429000 27
4430000 27
4431000 27
4432000 27
4433000 27
4434000 27
4435000 27
4436000 27
4437000 27
4438000 27
4439000 27
4440000 27
4441000 27
4442000 27
4443000 27
4444000 27
4445000 27
4446000 27
4447000 27
4448000 27
4449000 27
4450000 27
4451000 27
4452000 27
4453000 27
4454000 27
4455000 27
4456000 27
4457000 27
4458000 27
4459000 27
4460000 27
4461000 27
4462000 27
4463000 27
4464000 27
4465000 27
4466000 27
4467000 27
4468000 27
4469000 27
4470000 27
4471000 27
4472000 27
4473000 27
4474000 27
4475000 27
4476000 27
4477000 27
4478000 27
4479000 27
4480000 27
4481000 27
4482000 27
4483000 27
4484000 27
4485000 27
4486000 27
4487000 27
4488000 27
4489000 27
4490000 27
4491000 27
4492000 27
4493000 27
4494000 27
4495000 27
4496000 27
4497000 27
4498000 27
4499000 27
4500000 27
4501000 27
4502000 27
4503000 27
4504000 27
4505000 27
4506000 27
4507000 27
4508000 27
4509000 27
4510000 27
4511000 27
4512000 27
4513000 27
4514000 27
4515000 27
4516000 27
4517000 27
4518000 27
4519000 27
4520000 27
4521000 27
4522000 27
4523000 27
4524000 27
4525000 27
4526000 27
4527000 27
4528000 27
4529000 27
4530000 27
4531000 27
4532000 27
4533000 27
4534000 27
4535000 27
4536000 27
4537000 27
4538000 27
4539000 27
4540000 27
4541000 27
4542000 27
4543000 27
4544000 27
4545000 27
4546000 27
4547000 27
4548000 27
4549000 27
4550000 27
4551000 27
4552000 27
4553000 27
4554000 27
4555000 27
4556000 27
4557000 27
4558000 27
4559000 27
4560000 27
4561000 27
4562000 27
4563000 27
4564000 27
4565000 27
4566000 27
4567000 27
4568000 27
4569000 27
4570000 27
4571000 27
4572000 27
4573000 27
4574000 27
4575000 27
4576000 27
4577000 27
4578000 27
4579000 27
4580000 27
4581000 27
4582000 27
4583000 27
4584000 27
4585000 27
4586000 27
4587000 27
4588000 27
4589000 27
4590000 27
4591000 27
4592000 27
4593000 27
4594000 27
4595000 27
4596000 27
4597000 27
4598000 27
4599000 27
4600000 27
4601000 27
4602000 27
4603000 27
4604000 27
4605000 27
4606000 27
4607000 27
4608000 27
4609000 27
4610000 27
4611000 27
4612000 27
4613000 27
4614000 27
4615000 27
4616000 27
4617000 27
4618000 27
4619000 27
4620000 27
4621000 27
4622000 27
4623000 27
4624000 27
4625000 27
4626000 27
4627000 27
4628000 27
4629000 27
4630000 27
4631000 27
4632000 27
4633000 27
4634000 27
4635000 27
4636000 27
4637000 27
4638000 27
4639000 27
4640000 27
4641000 27
4642000 27
4643000 27
4644000 27
4645000 27
4646000 27
4647000 27
4648000 27
4649000 27
4650000 27
4651000 27
4652000 27
4653000 27
4654000 27
4655000 27
4656000 27
4657000 27
4658000 27
4659000 27
4660000 27
4661000 27
4662000 27
4663000 27
4664000 27
4665000 27
4666000 27
4667000 27
4668000 27
4669000 27
4670000 27
4671000 27
4672000 27
4673000 27
4674000 27
4675000 27
4676000 27
4677000 27
4678000 27
4679000 27
4680000 27
4681000 27
4682000 27
4683000 27
4684000 27
4685000 27
4686000 27
4687000 27
4688000 27
4689000 27
4690000 27
4691000 27
4692000 27
4693000 27
4694000 27
4695000 27
4696000 27
4697000 27
4698000 27
4699000 27
4700000 27
4701000 27
4702000 27
4703000 27
4704000 27
4705000 27
4706000 27
4707000 27
4708000 27
4709000 27
4710000 27
4711000 27
4712000 27
4713000 27
4714000 27
4715000 27
4716000 27
4717000 27
4718000 27
4719000 27
4720000 27
4721000 27
4722000 27
4723000 27
4724000 27
4725000 27
4726000 27
4727000 27
4728000 27
4729000 27
4730000 27
4731000 27
4732000 27
4733000 27
4734000 27
4735000 27
4736000 27
4737000 27
4738000 27
4739000 27
4740000 27
4741000 27
4742000 27
4743000 27
4744000 27
4745000 27
4746000 27
4747000 27
4748000 27
4749000 27
4750000 27
4751000 27
4752000 27
4753000 27
4754000 27
4755000 27
4756000 27
4757000 27
4758000 27
4759000 27
4760000 27
4761000 27
4762000 27
4763000 27
4764000 27
4765000 27
4766000 27
4767000 27
4768000 27
4769000 27
4770000 27
4771000 27
4772000 27
4773000 27
4774000 27
4775000 27
4776000 27
4777000 27
4778000 27
4779000 27
4780000 27
4781000 27
4782000 27
4783000 27
4784000 27
4785000 27
4786000 27
4787000 27
4788000 27
4789000 27
4790000 27
4791000 27
4792000 27
4793000 27
4794000 27
4795000 27
4796000 27
4797000 27
4798000 27
4799000 27
4800000 27
4801000 27
4802000 27
4803000 27
4804000 27
4805000 27
4806000 27
4807000 27
4808000 27
4809000 27
4810000 27
4811000 27
4812000 27
4813000 27
4814000 27
4815000 27
4816000 27
4817000 27
4818000 27
4819000 27
4820000 27
4821000 27
4822000 27
4823000 27
4824000 27
4825000 27
4826000 27
4827000 27
4828000 27
4829000 27
4830000 27
4831000 27
4832000 27
4833000 27
4834000 27
4835000 27
4836000 27
4837000 27
4838000 27
4839000 27
4840000 27
4841000 27
4842000 27
4843000 27
4844000 27
4845000 27
4846000 27
4847000 27
4848000 27
4849000 27
4850000 27
4851000 27
4852000 27
4853000 27
4854000 27
4855000 27
4856000 27
4857000 27
4858000 27
4859000 27
4860000 27
4861000 27
4862000 27
4863000 27
4864000 27
4865000 27
4866000 27
4867000 27
4868000 27
4869000 27
4870000 27
4871000 27
4872000 27
4873000 27
4874000 27
4875000 27
4876000 27
4877000 27
4878000 27
4879000 27
4880000 27
4881000 27
4882000 27
4883000 27
4884000 27
4885000 27
4886000 27
4887000 27
4888000 27
4889000 27
4890000 27
4891000 27
4892000 27
4893000 27
4894000 27
4895000 27
4896000 27
4897000 27
4898000 27
4899000 27
4900000 27
4901000 27
4902000 27
4903000 27
4904000 27
4905000 27
4906000 27
4907000 27
4908000 27
4909000 27
4910000 27
4911000 27
4912000 27
4913000 27
4914000 27
4915000 27
4916000 27
4917000 27
4918000 27
4919000 27
4920000 27
4921000 27
4922000 27
4923000 27
4924000 27
4925000 27
4926000 27
4927000 27
4928000 27
4929000 27
4930000 27
4931000 27
4932000 27
4933000 27
4934000 27
4935000 27
4936000 27
4937000 27
4938000 27
4939000 27
4940000 27
4941000 27
4942000 27
4943000 27
4944000 27
4945000 27
4946000 27
4947000 27
4948000 27
4949000 27
4950000 27
4951000 27
4952000 27
4953000 27
4954000 27
4955000 27
4956000 27
4957000 27
4958000 27
4959000 27
4960000 27
4961000 27
4962000 27
4963000 27
4964000 27
4965000 27
4966000 27
4967000 27
4968000 27
4969000 27
4970000 27
4971000 27
4972000 27
4973000 27
4974000 27
4975000 27
4976000 27
4977000 27
4978000 27
4979000 27
4980000 27
4981000 27
4982000 27
4983000 27
4984000 27
4985000 27
4986000 27
4987000 27
4988000 27
4989000 27
4990000 27
4991000 27
4992000 27
4993000 27
4994000 27
4995000 27
4996000 27
4997000 27
4998000 27
4999000 27
5000000 27
