0 0
1000 0
2000 0
3000 0
4000 0
5000 0
6000 0
7000 0
8000 0
9000 0
10000 0
11000 0
12000 0
13000 0
14000 0
15000 0
16000 0
17000 0
18000 0
19000 0
20000 0
21000 0
22000 0
23000 0
24000 0
25000 0
26000 0
27000 0
28000 0
29000 0
30000 0
31000 0
32000 0
33000 0
34000 0
35000 0
36000 0
37000 0
38000 0
39000 0
40000 0
41000 0
42000 0
43000 0
44000 0
45000 0
46000 0
47000 0
48000 0
49000 0
50000 0
51000 0
52000 0
53000 0
54000 0
55000 0
56000 0
57000 0
58000 0
59000 0
60000 0
61000 0
62000 0
63000 0
64000 0
65000 0
66000 0
67000 0
68000 0
69000 0
70000 0
71000 0
72000 0
73000 0
74000 0
75000 0
76000 0
77000 0
78000 0
79000 0
80000 0
81000 0
82000 0
83000 0
84000 0
85000 0
86000 0
87000 0
88000 0
89000 0
90000 0
91000 0
92000 0
93000 0
94000 0
95000 0
96000 0
97000 0
98000 0
99000 0
100000 0
101000 0
102000 0
103000 0
104000 0
105000 0
106000 0
107000 0
108000 0
109000 0
110000 0
111000 0
112000 0
113000 0
114000 0
115000 0
116000 0
117000 0
118000 0
119000 0
120000 0
121000 0
122000 0
123000 0
124000 0
125000 0
126000 0
127000 0
128000 0
129000 0
130000 0
131000 0
132000 0
133000 0
134000 0
135000 0
136000 0
137000 0
138000 0
139000 0
140000 0
141000 0
142000 0
143000 0
144000 0
145000 0
146000 0
147000 0
148000 0
149000 0
150000 0
151000 0
152000 0
153000 0
154000 0
155000 0
156000 0
157000 0
158000 0
159000 0
160000 0
161000 0
162000 0
163000 0
164000 0
165000 0
166000 0
167000 0
168000 0
169000 0
170000 0
171000 0
172000 0
173000 0
174000 0
175000 0
176000 0
177000 0
178000 0
179000 0
180000 0
181000 0
182000 0
183000 0
184000 0
185000 0
186000 0
187000 0
188000 0
189000 0
190000 0
191000 0
192000 0
193000 0
194000 0
195000 0
196000 0
197000 0
198000 0
199000 0
200000 0
201000 0
202000 0
203000 0
204000 0
205000 0
206000 0
207000 0
208000 0
209000 0
210000 0
211000 0
212000 0
213000 0
214000 0
215000 0
216000 0
217000 0
218000 0
219000 0
220000 0
221000 0
222000 0
223000 0
224000 0
225000 0
226000 0
227000 0
228000 0
229000 0
230000 0
231000 0
232000 0
233000 0
234000 0
235000 0
236000 0
237000 0
238000 0
239000 0
240000 0
241000 0
242000 0
243000 0
244000 0
245000 0
246000 0
247000 0
248000 0
249000 0
250000 0
251000 0
252000 0
253000 0
254000 0
255000 0
256000 0
257000 0
258000 0
259000 0
260000 0
261000 0
262000 0
263000 0
264000 0
265000 0
266000 0
267000 0
268000 0
269000 0
270000 0
271000 0
272000 0
273000 0
274000 0
275000 0
276000 0
277000 0
278000 0
279000 0
280000 0
281000 0
282000 0
283000 0
284000 0
285000 0
286000 0
287000 0
288000 0
289000 0
290000 0
291000 0
292000 0
293000 0
294000 0
295000 0
296000 0
297000 0
298000 0
299000 0
300000 0
301000 0
302000 0
303000 0
304000 0
305000 0
306000 0
307000 0
308000 0
309000 0
310000 0
311000 0
312000 0
313000 0
314000 0
315000 0
316000 0
317000 0
318000 0
319000 0
320000 0
321000 0
322000 0
323000 0
324000 0
325000 0
326000 0
327000 0
328000 0
329000 0
330000 0
331000 0
332000 0
333000 0
334000 0
335000 0
336000 0
337000 0
338000 0
339000 0
340000 0
341000 0
342000 0
343000 0
344000 0
345000 0
346000 0
347000 0
348000 0
349000 0
350000 0
351000 0
352000 0
353000 0
354000 0
355000 0
356000 0
357000 0
358000 0
359000 0
360000 0
361000 0
362000 0
363000 0
364000 0
365000 0
366000 0
367000 0
368000 0
369000 0
370000 0
371000 0
372000 0
373000 0
374000 0
375000 0
376000 0
377000 0
378000 0
379000 0
380000 0
381000 0
382000 0
383000 0
384000 0
385000 0
386000 0
387000 0
388000 0
389000 0
390000 0
391000 0
392000 0
393000 0
394000 0
395000 0
396000 0
397000 0
398000 0
399000 0
400000 0
401000 0
402000 0
403000 0
404000 0
405000 0
406000 0
407000 0
408000 0
409000 0
410000 0
411000 0
412000 0
413000 0
414000 0
415000 0
416000 0
417000 0
418000 0
419000 0
420000 0
421000 0
422000 0
423000 0
424000 0
425000 0
426000 0
427000 0
428000 0
429000 0
430000 0
431000 0
432000 0
433000 0
434000 0
435000 0
436000 0
437000 0
438000 0
439000 0
440000 0
441000 0
442000 0
443000 0
444000 0
445000 0
446000 0
447000 0
448000 0
449000 0
450000 0
451000 0
452000 0
453000 0
454000 0
455000 0
456000 0
457000 0
458000 0
459000 0
460000 0
461000 0
462000 0
463000 0
464000 0
465000 0
466000 0
467000 0
468000 0
469000 0
470000 0
471000 0
472000 0
473000 0
474000 0
475000 0
476000 0
477000 0
478000 0
479000 0
480000 0
481000 0
482000 0
483000 0
484000 0
485000 0
486000 0
487000 0
488000 0
489000 0
490000 0
491000 0
492000 0
493000 0
494000 0
495000 0
496000 0
497000 0
498000 0
499000 0
500000 0
501000 0
502000 0
503000 0
504000 0
505000 0
506000 0
507000 0
508000 0
509000 0
510000 0
511000 0
512000 0
513000 0
514000 0
515000 0
516000 0
517000 0
518000 0
519000 0
520000 0
521000 0
522000 0
523000 0
524000 0
525000 0
526000 0
527000 0
528000 0
529000 0
530000 0
531000 0
532000 0
533000 0
534000 0
535000 0
536000 0
537000 0
538000 0
539000 0
540000 0
541000 0
542000 0
543000 0
544000 0
545000 0
546000 0
547000 0
548000 0
549000 0
550000 0
551000 0
552000 0
553000 0
554000 0
555000 0
556000 0
557000 0
558000 0
559000 0
560000 0
561000 0
562000 0
563000 0
564000 0
565000 0
566000 0
567000 0
568000 0
569000 0
570000 0
571000 0
572000 0
573000 0
574000 0
575000 0
576000 0
577000 0
578000 0
579000 0
580000 0
581000 0
582000 0
583000 0
584000 0
585000 0
586000 0
587000 0
588000 0
589000 0
590000 0
591000 0
592000 0
593000 0
594000 0
595000 0
596000 0
597000 0
598000 0
599000 0
600000 0
601000 0
602000 0
603000 0
604000 0
605000 0
606000 0
607000 0
608000 0
609000 0
610000 0
611000 0
612000 0
613000 0
614000 0
615000 0
616000 0
617000 0
618000 0
619000 0
620000 0
621000 0
622000 0
623000 0
624000 0
625000 0
626000 0
627000 0
628000 0
629000 0
630000 0
631000 0
632000 0
633000 0
634000 0
635000 0
636000 0
637000 0
638000 0
639000 0
640000 0
641000 0
642000 0
643000 0
644000 0
645000 0
646000 0
647000 0
648000 0
649000 0
650000 0
651000 0
652000 0
653000 0
654000 0
655000 0
656000 0
657000 0
658000 0
659000 0
660000 0
661000 0
662000 0
663000 0
664000 0
665000 0
666000 0
667000 0
668000 0
669000 0
670000 0
671000 0
672000 0
673000 0
674000 0
675000 0
676000 0
677000 0
678000 0
679000 0
680000 0
681000 0
682000 0
683000 0
684000 0
685000 0
686000 0
687000 0
688000 0
689000 0
690000 0
691000 0
692000 0
693000 0
694000 0
695000 0
696000 0
697000 0
698000 0
699000 0
700000 0
701000 0
702000 0
703000 0
704000 0
705000 0
706000 0
707000 0
708000 0
709000 0
710000 0
711000 0
712000 0
713000 0
714000 0
715000 0
716000 0
717000 0
718000 0
719000 0
720000 0
721000 0
722000 0
723000 0
724000 0
725000 0
726000 0
727000 0
728000 0
729000 0
730000 0
731000 0
732000 0
733000 0
734000 0
735000 0
736000 0
737000 0
738000 0
739000 0
740000 0
741000 0
742000 0
743000 0
744000 0
745000 0
746000 0
747000 0
748000 0
749000 0
750000 0
751000 0
752000 0
753000 0
754000 0
755000 0
756000 0
757000 0
758000 0
759000 0
760000 0
761000 0
762000 0
763000 0
764000 0
765000 0
766000 0
767000 0
768000 0
769000 0
770000 0
771000 0
772000 0
773000 0
774000 0
775000 0
776000 0
777000 0
778000 0
779000 0
780000 0
781000 0
782000 0
783000 0
784000 0
785000 0
786000 0
787000 0
788000 0
789000 0
790000 0
791000 0
792000 0
793000 0
794000 0
795000 0
796000 0
797000 0
798000 0
799000 0
800000 0
801000 0
802000 0
803000 0
804000 0
805000 0
806000 0
807000 0
808000 0
809000 0
810000 0
811000 0
812000 0
813000 0
814000 0
815000 0
816000 0
817000 0
818000 0
819000 0
820000 0
821000 0
822000 0
823000 0
824000 0
825000 0
826000 0
827000 0
828000 0
829000 0
830000 0
831000 0
832000 0
833000 0
834000 0
835000 0
836000 0
837000 0
838000 0
839000 0
840000 0
841000 0
842000 0
843000 0
844000 0
845000 0
846000 0
847000 0
848000 0
849000 0
850000 0
851000 0
852000 0
853000 0
854000 0
855000 0
856000 0
857000 0
858000 0
859000 0
860000 0
861000 0
862000 0
863000 0
864000 0
865000 0
866000 0
867000 0
868000 0
869000 0
870000 0
871000 0
872000 0
873000 0
874000 0
875000 0
876000 0
877000 0
878000 0
879000 0
880000 0
881000 0
882000 0
883000 0
884000 0
885000 0
886000 0
887000 0
888000 0
889000 0
890000 0
891000 0
892000 0
893000 0
894000 0
895000 0
896000 0
897000 0
898000 0
899000 0
900000 0
901000 0
902000 0
903000 0
904000 0
905000 0
906000 0
907000 0
908000 0
909000 0
910000 0
911000 0
912000 0
913000 0
914000 0
915000 0
916000 0
917000 0
918000 0
919000 0
920000 0
921000 0
922000 0
923000 0
924000 0
925000 0
926000 0
927000 0
928000 0
929000 0
930000 0
931000 0
932000 0
933000 0
934000 0
935000 0
936000 0
937000 0
938000 0
939000 0
940000 0
941000 0
942000 0
943000 0
944000 0
945000 0
946000 0
947000 0
948000 0
949000 0
950000 0
951000 0
952000 0
953000 0
954000 0
955000 0
956000 0
957000 0
958000 0
959000 0
960000 0
961000 0
962000 0
963000 0
964000 0
965000 0
966000 0
967000 0
968000 0
969000 0
970000 0
971000 0
972000 0
973000 0
974000 0
975000 0
976000 0
977000 0
978000 0
979000 0
980000 0
981000 0
982000 0
983000 0
984000 0
985000 0
986000 0
987000 0
988000 0
989000 0
990000 0
991000 0
992000 0
993000 0
994000 0
995000 0
996000 0
997000 0
998000 0
999000 0
1000000 0
1001000 0
1002000 0
1003000 0
1004000 0
1005000 0
1006000 0
1007000 0
1008000 0
1009000 0
1010000 0
1011000 0
1012000 0
1013000 0
1014000 0
1015000 0
1016000 0
1017000 0
1018000 0
1019000 0
1020000 0
1021000 0
1022000 0
1023000 0
1024000 0
1025000 0
1026000 0
1027000 0
1028000 0
1029000 0
1030000 0
1031000 0
1032000 0
1033000 0
1034000 0
1035000 0
1036000 0
1037000 0
1038000 0
1039000 0
1040000 0
1041000 0
1042000 0
1043000 0
1044000 0
1045000 0
1046000 0
1047000 0
1048000 0
1049000 0
1050000 0
1051000 0
1052000 0
1053000 0
1054000 0
1055000 0
1056000 0
1057000 0
1058000 0
1059000 0
1060000 0
1061000 0
1062000 0
1063000 0
1064000 0
1065000 0
1066000 0
1067000 0
1068000 0
1069000 0
1070000 0
1071000 0
1072000 0
1073000 0
1074000 0
1075000 0
1076000 0
1077000 0
1078000 0
1079000 0
1080000 0
1081000 0
1082000 0
1083000 0
1084000 0
1085000 0
1086000 0
1087000 0
1088000 0
1089000 0
1090000 0
1091000 0
1092000 0
1093000 0
1094000 0
1095000 0
1096000 0
1097000 0
1098000 0
1099000 0
1100000 0
1101000 0
1102000 0
1103000 0
1104000 0
1105000 0
1106000 0
1107000 0
1108000 0
1109000 0
1110000 0
1111000 0
1112000 0
1113000 0
1114000 0
1115000 0
1116000 0
1117000 0
1118000 0
1119000 0
1120000 0
1121000 0
1122000 0
1123000 0
1124000 0
1125000 0
1126000 0
1127000 0
1128000 0
1129000 0
1130000 0
1131000 0
1132000 0
1133000 0
1134000 0
1135000 0
1136000 0
1137000 0
1138000 0
1139000 0
1140000 0
1141000 0
1142000 0
1143000 0
1144000 0
1145000 0
1146000 0
1147000 0
1148000 0
1149000 0
1150000 0
1151000 0
1152000 0
1153000 0
1154000 0
1155000 0
1156000 0
1157000 0
1158000 0
1159000 0
1160000 0
1161000 0
1162000 0
1163000 0
1164000 0
1165000 0
1166000 0
1167000 0
1168000 0
1169000 0
1170000 0
1171000 0
1172000 0
1173000 0
1174000 0
1175000 0
1176000 0
1177000 0
1178000 0
1179000 0
1180000 0
1181000 0
1182000 0
1183000 0
1184000 0
1185000 0
1186000 0
1187000 0
1188000 0
1189000 0
1190000 0
1191000 0
1192000 0
1193000 0
1194000 0
1195000 0
1196000 0
1197000 0
1198000 0
1199000 0
1200000 0
1201000 0
1202000 0
1203000 0
1204000 0
1205000 0
1206000 0
1207000 0
1208000 0
1209000 0
1210000 0
1211000 0
1212000 0
1213000 0
1214000 0
1215000 0
1216000 0
1217000 0
1218000 0
1219000 0
1220000 0
1221000 0
1222000 0
1223000 0
1224000 0
1225000 0
1226000 0
1227000 0
1228000 0
1229000 0
1230000 0
1231000 0
1232000 0
1233000 0
1234000 0
1235000 0
1236000 0
1237000 0
1238000 0
1239000 0
1240000 0
1241000 0
1242000 0
1243000 0
1244000 0
1245000 0
1246000 0
1247000 0
1248000 0
1249000 0
1250000 0
1251000 0
1252000 0
1253000 0
1254000 0
1255000 0
1256000 0
1257000 0
1258000 0
1259000 0
1260000 0
1261000 0
1262000 0
1263000 0
1264000 0
1265000 0
1266000 0
1267000 0
1268000 0
1269000 0
1270000 0
1271000 0
1272000 0
1273000 0
1274000 0
1275000 0
1276000 0
1277000 0
1278000 0
1279000 0
1280000 0
1281000 0
1282000 0
1283000 0
1284000 0
1285000 0
1286000 0
1287000 0
1288000 0
1289000 0
1290000 0
1291000 0
1292000 0
1293000 0
1294000 0
1295000 0
1296000 0
1297000 0
1298000 0
1299000 0
1300000 0
1301000 0
1302000 0
1303000 0
1304000 0
1305000 0
1306000 0
1307000 0
1308000 0
1309000 0
1310000 0
1311000 0
1312000 0
1313000 0
1314000 0
1315000 0
1316000 0
1317000 0
1318000 0
1319000 0
1320000 0
1321000 0
1322000 0
1323000 0
1324000 0
1325000 0
1326000 0
1327000 0
1328000 0
1329000 0
1330000 0
1331000 0
1332000 0
1333000 0
1334000 0
1335000 0
1336000 0
1337000 0
1338000 0
1339000 0
1340000 0
1341000 0
1342000 0
1343000 0
1344000 0
1345000 0
1346000 0
1347000 0
1348000 0
1349000 0
1350000 0
1351000 0
1352000 0
1353000 0
1354000 0
1355000 0
1356000 0
1357000 0
1358000 0
1359000 0
1360000 0
1361000 0
1362000 0
1363000 0
1364000 0
1365000 0
1366000 0
1367000 0
1368000 0
1369000 0
1370000 0
1371000 0
1372000 0
1373000 0
1374000 0
1375000 0
1376000 0
1377000 0
1378000 0
1379000 0
1380000 0
1381000 0
1382000 0
1383000 0
1384000 0
1385000 0
1386000 0
1387000 0
1388000 0
1389000 0
1390000 0
1391000 0
1392000 0
1393000 0
1394000 0
1395000 0
1396000 0
1397000 0
1398000 0
1399000 0
1400000 0
1401000 0
1402000 0
1403000 0
1404000 0
1405000 0
1406000 0
1407000 0
1408000 0
1409000 0
1410000 0
1411000 0
1412000 0
1413000 0
1414000 0
1415000 0
1416000 0
1417000 0
1418000 0
1419000 0
1420000 0
1421000 0
1422000 0
1423000 0
1424000 0
1425000 0
1426000 0
1427000 0
1428000 0
1429000 0
1430000 0
1431000 0
1432000 0
1433000 0
1434000 0
1435000 0
1436000 0
1437000 0
1438000 0
1439000 0
1440000 0
1441000 0
1442000 0
1443000 0
1444000 0
1445000 0
1446000 0
1447000 0
1448000 0
1449000 0
1450000 0
1451000 0
1452000 0
1453000 0
1454000 0
1455000 0
1456000 0
1457000 0
1458000 0
1459000 0
1460000 0
1461000 0
1462000 0
1463000 0
1464000 0
1465000 0
1466000 0
1467000 0
1468000 0
1469000 0
1470000 0
1471000 0
1472000 0
1473000 0
1474000 0
1475000 0
1476000 0
1477000 0
1478000 0
1479000 0
1480000 0
1481000 0
1482000 0
1483000 0
1484000 0
1485000 0
1486000 0
1487000 0
1488000 0
1489000 0
1490000 0
1491000 0
1492000 0
1493000 0
1494000 0
1495000 0
1496000 0
1497000 0
1498000 0
1499000 0
1500000 0
1501000 0
1502000 0
1503000 0
1504000 0
1505000 0
1506000 0
1507000 0
1508000 0
1509000 0
1510000 0
1511000 0
1512000 0
1513000 0
1514000 0
1515000 0
1516000 0
1517000 0
1518000 0
1519000 0
1520000 0
1521000 0
1522000 0
1523000 0
1524000 0
1525000 0
1526000 0
1527000 0
1528000 0
1529000 0
1530000 0
1531000 0
1532000 0
1533000 0
1534000 0
1535000 0
1536000 0
1537000 0
1538000 0
1539000 0
1540000 0
1541000 0
1542000 0
1543000 0
1544000 0
1545000 0
1546000 0
1547000 0
1548000 0
1549000 0
1550000 0
1551000 0
1552000 0
1553000 0
1554000 0
1555000 0
1556000 0
1557000 0
1558000 0
1559000 0
1560000 0
1561000 0
1562000 0
1563000 0
1564000 0
1565000 0
1566000 0
1567000 0
1568000 0
1569000 0
1570000 0
1571000 0
1572000 0
1573000 0
1574000 0
1575000 0
1576000 0
1577000 0
1578000 0
1579000 0
1580000 0
1581000 0
1582000 0
1583000 0
1584000 0
1585000 0
1586000 0
1587000 0
1588000 0
1589000 0
1590000 0
1591000 0
1592000 0
1593000 0
1594000 0
1595000 0
1596000 0
1597000 0
1598000 0
1599000 0
1600000 0
1601000 0
1602000 0
1603000 0
1604000 0
1605000 0
1606000 0
1607000 0
1608000 0
1609000 0
1610000 0
1611000 0
1612000 0
1613000 0
1614000 0
1615000 0
1616000 0
1617000 0
1618000 0
1619000 0
1620000 0
1621000 0
1622000 0
1623000 0
1624000 0
1625000 0
1626000 0
1627000 0
1628000 0
1629000 0
1630000 0
1631000 0
1632000 0
1633000 0
1634000 0
1635000 0
1636000 0
1637000 0
1638000 0
1639000 0
1640000 0
1641000 0
1642000 0
1643000 0
1644000 0
1645000 0
1646000 0
1647000 0
1648000 0
1649000 0
1650000 0
1651000 0
1652000 0
1653000 0
1654000 0
1655000 0
1656000 0
1657000 0
1658000 0
1659000 0
1660000 0
1661000 0
1662000 0
1663000 0
1664000 0
1665000 0
1666000 0
1667000 0
1668000 0
1669000 0
1670000 0
1671000 0
1672000 0
1673000 0
1674000 0
1675000 0
1676000 0
1677000 0
1678000 0
1679000 0
1680000 0
1681000 0
1682000 0
1683000 0
1684000 0
1685000 0
1686000 0
1687000 0
1688000 0
1689000 0
1690000 0
1691000 0
1692000 0
1693000 0
1694000 0
1695000 0
1696000 0
1697000 0
1698000 0
1699000 0
1700000 0
1701000 0
1702000 0
1703000 0
1704000 0
1705000 0
1706000 0
1707000 0
1708000 0
1709000 0
1710000 0
1711000 0
1712000 0
1713000 0
1714000 0
1715000 0
1716000 0
1717000 0
1718000 0
1719000 0
1720000 0
1721000 0
1722000 0
1723000 0
1724000 0
1725000 0
1726000 0
1727000 0
1728000 0
1729000 0
1730000 0
1731000 0
1732000 0
1733000 0
1734000 0
1735000 0
1736000 0
1737000 0
1738000 0
1739000 0
1740000 0
1741000 0
1742000 0
1743000 0
1744000 0
1745000 0
1746000 0
1747000 0
1748000 0
1749000 0
1750000 0
1751000 0
1752000 0
1753000 0
1754000 0
1755000 0
1756000 0
1757000 0
1758000 0
1759000 0
1760000 0
1761000 0
1762000 0
1763000 0
1764000 0
1765000 0
1766000 0
1767000 0
1768000 0
1769000 0
1770000 0
1771000 0
1772000 0
1773000 0
1774000 0
1775000 0
1776000 0
1777000 0
1778000 0
1779000 0
1780000 0
1781000 0
1782000 0
1783000 0
1784000 0
1785000 0
1786000 0
1787000 0
1788000 0
1789000 0
1790000 0
1791000 0
1792000 0
1793000 0
1794000 0
1795000 0
1796000 0
1797000 0
1798000 0
1799000 0
1800000 0
1801000 0
1802000 0
1803000 0
1804000 0
1805000 0
1806000 0
1807000 0
1808000 0
1809000 0
1810000 0
1811000 0
1812000 0
1813000 0
1814000 0
1815000 0
1816000 0
1817000 0
1818000 0
1819000 0
1820000 0
1821000 0
1822000 0
1823000 0
1824000 0
1825000 0
1826000 0
1827000 0
1828000 0
1829000 0
1830000 0
1831000 0
1832000 0
1833000 0
1834000 0
1835000 0
1836000 0
1837000 0
1838000 0
1839000 0
1840000 0
1841000 0
1842000 0
1843000 0
1844000 0
1845000 0
1846000 0
1847000 0
1848000 0
1849000 0
1850000 0
1851000 0
1852000 0
1853000 0
1854000 0
1855000 0
1856000 0
1857000 0
1858000 0
1859000 0
1860000 0
1861000 0
1862000 0
1863000 0
1864000 0
1865000 0
1866000 0
1867000 0
1868000 0
1869000 1
1870000 1
1871000 1
1872000 1
1873000 1
1874000 1
1875000 1
1876000 1
1877000 1
1878000 1
1879000 1
1880000 1
1881000 1
1882000 1
1883000 1
1884000 1
1885000 1
1886000 1
1887000 1
1888000 1
1889000 1
1890000 1
1891000 1
1892000 1
1893000 1
1894000 1
1895000 1
1896000 1
1897000 1
1898000 1
1899000 1
1900000 1
1901000 1
1902000 1
1903000 1
1904000 1
1905000 1
1906000 1
1907000 1
1908000 1
1909000 1
1910000 1
1911000 1
1912000 1
1913000 1
1914000 1
1915000 1
1916000 1
1917000 1
1918000 1
1919000 1
1920000 1
1921000 1
1922000 1
1923000 1
1924000 1
1925000 1
1926000 1
1927000 1
1928000 1
1929000 1
1930000 1
1931000 1
1932000 1
1933000 1
1934000 1
1935000 1
1936000 1
1937000 1
1938000 1
1939000 1
1940000 1
1941000 1
1942000 1
1943000 1
1944000 1
1945000 1
1946000 1
1947000 1
1948000 1
1949000 1
1950000 1
1951000 1
1952000 1
1953000 1
1954000 1
1955000 1
1956000 1
1957000 1
1958000 1
1959000 1
1960000 1
1961000 1
1962000 1
1963000 1
1964000 1
1965000 1
1966000 1
1967000 1
1968000 1
1969000 1
1970000 1
1971000 1
1972000 1
1973000 1
1974000 1
1975000 1
1976000 1
1977000 1
1978000 1
1979000 1
1980000 1
1981000 1
1982000 1
1983000 1
1984000 1
1985000 1
1986000 1
1987000 1
1988000 1
1989000 1
1990000 1
1991000 1
1992000 1
1993000 1
1994000 1
1995000 1
1996000 1
1997000 1
1998000 1
1999000 1
2000000 1
2001000 1
2002000 1
2003000 1
2004000 1
2005000 1
2006000 1
2007000 1
2008000 1
2009000 1
2010000 1
2011000 1
2012000 1
2013000 1
2014000 1
2015000 1
2016000 1
2017000 1
2018000 1
2019000 1
2020000 1
2021000 1
2022000 1
2023000 1
2024000 1
2025000 1
2026000 1
2027000 1
2028000 1
2029000 1
2030000 1
2031000 1
2032000 1
2033000 1
2034000 1
2035000 1
2036000 1
2037000 1
2038000 1
2039000 1
2040000 1
2041000 2
2042000 2
2043000 2
2044000 2
2045000 2
2046000 2
2047000 2
2048000 2
2049000 2
2050000 2
2051000 2
2052000 2
2053000 2
2054000 2
2055000 2
2056000 2
2057000 2
2058000 2
2059000 2
2060000 2
2061000 2
2062000 2
2063000 2
2064000 2
2065000 2
2066000 2
2067000 2
2068000 2
2069000 2
2070000 2
2071000 2
2072000 2
2073000 2
2074000 2
2075000 2
2076000 2
2077000 2
2078000 2
2079000 2
2080000 2
2081000 2
2082000 2
2083000 2
2084000 2
2085000 2
2086000 2
2087000 2
2088000 2
2089000 2
2090000 2
2091000 2
2092000 2
2093000 2
2094000 2
2095000 2
2096000 2
2097000 2
2098000 2
2099000 2
2100000 2
2101000 2
2102000 2
2103000 2
2104000 2
2105000 2
2106000 2
2107000 2
2108000 2
2109000 2
2110000 2
2111000 2
2112000 2
2113000 2
2114000 2
2115000 2
2116000 2
2117000 2
2118000 2
2119000 2
2120000 2
2121000 2
2122000 2
2123000 2
2124000 2
2125000 2
2126000 2
2127000 2
2128000 2
2129000 2
2130000 2
2131000 2
2132000 2
2133000 2
2134000 2
2135000 2
2136000 2
2137000 2
2138000 2
2139000 2
2140000 2
2141000 2
2142000 2
2143000 2
2144000 2
2145000 2
2146000 2
2147000 2
2148000 2
2149000 2
2150000 2
2151000 2
2152000 2
2153000 2
2154000 2
2155000 2
2156000 2
2157000 2
2158000 2
2159000 2
2160000 2
2161000 2
2162000 2
2163000 2
2164000 2
2165000 2
2166000 2
2167000 2
2168000 2
2169000 2
2170000 2
2171000 2
2172000 2
2173000 2
2174000 2
2175000 2
2176000 2
2177000 2
2178000 2
2179000 2
2180000 2
2181000 2
2182000 2
2183000 2
2184000 2
2185000 2
2186000 2
2187000 2
2188000 2
2189000 2
2190000 2
2191000 2
2192000 2
2193000 2
2194000 2
2195000 2
2196000 2
2197000 2
2198000 2
2199000 2
2200000 2
2201000 2
2202000 2
2203000 2
2204000 2
2205000 2
2206000 2
2207000 2
2208000 2
2209000 2
2210000 2
2211000 2
2212000 2
2213000 2
2214000 2
2215000 2
2216000 2
2217000 2
2218000 2
2219000 2
2220000 2
2221000 2
2222000 2
2223000 2
2224000 2
2225000 2
2226000 2
2227000 2
2228000 2
2229000 2
2230000 2
2231000 2
2232000 2
2233000 2
2234000 2
2235000 2
2236000 2
2237000 2
2238000 2
2239000 2
2240000 2
2241000 2
2242000 2
2243000 2
2244000 2
2245000 2
2246000 2
2247000 2
2248000 2
2249000 2
2250000 2
2251000 2
2252000 2
2253000 2
2254000 2
2255000 2
2256000 2
2257000 2
2258000 2
2259000 2
2260000 2
2261000 2
2262000 2
2263000 2
2264000 2
2265000 2
2266000 2
2267000 2
2268000 2
2269000 2
2270000 2
2271000 2
2272000 2
2273000 2
2274000 2
2275000 2
2276000 2
2277000 2
2278000 2
2279000 2
2280000 2
2281000 2
2282000 2
2283000 2
2284000 2
2285000 2
2286000 2
2287000 2
2288000 2
2289000 2
2290000 2
2291000 2
2292000 2
2293000 2
2294000 2
2295000 2
2296000 2
2297000 2
2298000 2
2299000 2
2300000 2
2301000 2
2302000 2
2303000 2
2304000 2
2305000 2
2306000 2
2307000 2
2308000 2
2309000 2
2310000 2
2311000 2
2312000 2
2313000 2
2314000 2
2315000 2
2316000 2
2317000 2
2318000 2
2319000 2
2320000 2
2321000 2
2322000 2
2323000 2
2324000 2
2325000 2
2326000 2
2327000 2
2328000 2
2329000 2
2330000 2
2331000 2
2332000 2
2333000 2
2334000 2
2335000 2
2336000 2
2337000 2
2338000 2
2339000 2
2340000 2
2341000 2
2342000 2
2343000 2
2344000 2
2345000 2
2346000 2
2347000 2
2348000 2
2349000 2
2350000 2
2351000 2
2352000 2
2353000 2
2354000 2
2355000 2
2356000 2
2357000 2
2358000 2
2359000 2
2360000 2
2361000 2
2362000 2
2363000 2
2364000 2
2365000 2
2366000 2
2367000 2
2368000 2
2369000 2
2370000 2
2371000 2
2372000 2
2373000 2
2374000 2
2375000 2
2376000 2
2377000 2
2378000 2
2379000 2
2380000 2
2381000 2
2382000 2
2383000 2
2384000 2
2385000 2
2386000 2
2387000 2
2388000 2
2389000 2
2390000 2
2391000 2
2392000 2
2393000 2
2394000 2
2395000 2
2396000 2
2397000 2
2398000 2
2399000 2
2400000 2
2401000 2
2402000 2
2403000 2
2404000 2
2405000 2
2406000 3
2407000 3
2408000 3
2409000 3
2410000 3
2411000 3
2412000 3
2413000 3
2414000 3
2415000 3
2416000 3
2417000 3
2418000 3
2419000 3
2420000 3
2421000 3
2422000 3
2423000 3
2424000 3
2425000 3
2426000 3
2427000 3
2428000 3
2429000 3
2430000 3
2431000 3
2432000 3
2433000 3
2434000 3
2435000 3
2436000 3
2437000 3
2438000 3
2439000 3
2440000 3
2441000 3
2442000 3
2443000 3
2444000 3
2445000 3
2446000 3
2447000 3
2448000 3
2449000 3
2450000 3
2451000 3
2452000 3
2453000 3
2454000 3
2455000 3
2456000 3
2457000 3
2458000 3
2459000 3
2460000 3
2461000 3
2462000 3
2463000 3
2464000 3
2465000 3
2466000 3
2467000 3
2468000 3
2469000 3
2470000 3
2471000 3
2472000 3
2473000 3
2474000 3
2475000 3
2476000 3
2477000 3
2478000 3
2479000 3
2480000 3
2481000 3
2482000 3
2483000 3
2484000 3
2485000 3
2486000 3
2487000 3
2488000 3
2489000 3
2490000 3
2491000 3
2492000 3
2493000 3
2494000 3
2495000 3
2496000 3
2497000 3
2498000 3
2499000 3
2500000 3
2501000 3
2502000 3
2503000 3
2504000 3
2505000 3
2506000 3
2507000 3
2508000 3
2509000 3
2510000 3
2511000 3
2512000 3
2513000 3
2514000 3
2515000 3
2516000 3
2517000 3
2518000 3
2519000 3
2520000 3
2521000 3
2522000 3
2523000 3
2524000 3
2525000 3
2526000 3
2527000 3
2528000 3
2529000 3
2530000 3
2531000 3
2532000 3
2533000 3
2534000 3
2535000 3
2536000 3
2537000 3
2538000 3
2539000 3
2540000 3
2541000 3
2542000 3
2543000 3
2544000 3
2545000 3
2546000 3
2547000 3
2548000 3
2549000 3
2550000 3
2551000 3
2552000 3
2553000 3
2554000 3
2555000 3
2556000 3
2557000 3
2558000 3
2559000 3
2560000 3
2561000 3
2562000 3
2563000 3
2564000 3
2565000 3
2566000 3
2567000 3
2568000 3
2569000 3
2570000 3
2571000 3
2572000 3
2573000 3
2574000 3
2575000 3
2576000 3
2577000 3
2578000 3
2579000 3
2580000 3
2581000 3
2582000 3
2583000 3
2584000 3
2585000 3
2586000 3
2587000 3
2588000 3
2589000 3
2590000 3
2591000 3
2592000 3
2593000 3
2594000 3
2595000 3
2596000 3
2597000 3
2598000 3
2599000 3
2600000 3
2601000 3
2602000 3
2603000 3
2604000 3
2605000 3
2606000 3
2607000 3
2608000 3
2609000 3
2610000 3
2611000 3
2612000 3
2613000 3
2614000 3
2615000 3
2616000 3
2617000 3
2618000 3
2619000 3
2620000 3
2621000 3
2622000 3
2623000 3
2624000 3
2625000 3
2626000 3
2627000 3
2628000 3
2629000 3
2630000 3
2631000 3
2632000 3
2633000 3
2634000 3
2635000 3
2636000 3
2637000 3
2638000 3
2639000 3
2640000 3
2641000 3
2642000 3
2643000 3
2644000 3
2645000 3
2646000 3
2647000 3
2648000 3
2649000 3
2650000 3
2651000 3
2652000 3
2653000 3
2654000 3
2655000 3
2656000 3
2657000 3
2658000 3
2659000 3
2660000 3
2661000 3
2662000 3
2663000 3
2664000 3
2665000 3
2666000 3
2667000 3
2668000 3
2669000 3
2670000 3
2671000 3
2672000 3
2673000 3
2674000 3
2675000 3
2676000 3
2677000 3
2678000 3
2679000 3
2680000 3
2681000 3
2682000 3
2683000 3
2684000 3
2685000 3
2686000 3
2687000 3
2688000 3
2689000 3
2690000 3
2691000 3
2692000 3
2693000 3
2694000 3
2695000 3
2696000 3
2697000 3
2698000 3
2699000 3
2700000 3
2701000 3
2702000 3
2703000 3
2704000 3
2705000 3
2706000 3
2707000 3
2708000 3
2709000 3
2710000 3
2711000 3
2712000 3
2713000 3
2714000 3
2715000 3
2716000 3
2717000 3
2718000 3
2719000 3
2720000 3
2721000 3
2722000 3
2723000 3
2724000 3
2725000 3
2726000 3
2727000 3
2728000 3
2729000 3
2730000 3
2731000 3
2732000 3
2733000 3
2734000 3
2735000 3
2736000 3
2737000 3
2738000 3
2739000 3
2740000 3
2741000 3
2742000 3
2743000 3
2744000 3
2745000 3
2746000 3
2747000 3
2748000 3
2749000 3
2750000 3
2751000 3
2752000 3
2753000 3
2754000 3
2755000 3
2756000 3
2757000 3
2758000 3
2759000 3
2760000 3
2761000 3
2762000 3
2763000 3
2764000 3
2765000 3
2766000 3
2767000 3
2768000 3
2769000 3
2770000 3
2771000 3
2772000 3
2773000 3
2774000 3
2775000 3
2776000 3
2777000 3
2778000 3
2779000 3
2780000 3
2781000 3
2782000 3
2783000 3
2784000 3
2785000 3
2786000 3
2787000 3
2788000 3
2789000 3
2790000 3
2791000 3
2792000 3
2793000 3
2794000 3
2795000 3
2796000 3
2797000 3
2798000 3
2799000 3
2800000 3
2801000 3
2802000 3
2803000 3
2804000 3
2805000 3
2806000 3
2807000 3
2808000 3
2809000 3
2810000 3
2811000 3
2812000 3
2813000 3
2814000 3
2815000 3
2816000 3
2817000 3
2818000 3
2819000 3
2820000 3
2821000 3
2822000 3
2823000 3
2824000 3
2825000 3
2826000 3
2827000 3
2828000 3
2829000 3
2830000 3
2831000 3
2832000 3
2833000 3
2834000 3
2835000 3
2836000 3
2837000 3
2838000 3
2839000 3
2840000 3
2841000 3
2842000 3
2843000 3
2844000 3
2845000 3
2846000 3
2847000 3
2848000 3
2849000 3
2850000 3
2851000 3
2852000 3
2853000 3
2854000 3
2855000 3
2856000 3
2857000 3
2858000 3
2859000 3
2860000 3
2861000 3
2862000 3
2863000 3
2864000 3
2865000 3
2866000 3
2867000 3
2868000 3
2869000 3
2870000 3
2871000 3
2872000 3
2873000 3
2874000 3
2875000 3
2876000 3
2877000 3
2878000 3
2879000 3
2880000 3
2881000 3
2882000 3
2883000 3
2884000 3
2885000 3
2886000 3
2887000 3
2888000 3
2889000 3
2890000 3
2891000 3
2892000 3
2893000 3
2894000 3
2895000 3
2896000 3
2897000 3
2898000 3
2899000 3
2900000 3
2901000 3
2902000 3
2903000 3
2904000 3
2905000 3
2906000 3
2907000 3
2908000 3
2909000 3
2910000 3
2911000 3
2912000 3
2913000 3
2914000 3
2915000 3
2916000 3
2917000 3
2918000 3
2919000 3
2920000 3
2921000 3
2922000 3
2923000 3
2924000 3
2925000 3
2926000 3
2927000 3
2928000 3
2929000 3
2930000 3
2931000 3
2932000 3
2933000 3
2934000 3
2935000 3
2936000 3
2937000 3
2938000 3
2939000 3
2940000 3
2941000 3
2942000 3
2943000 3
2944000 3
2945000 3
2946000 3
2947000 3
2948000 3
2949000 3
2950000 3
2951000 3
2952000 3
2953000 3
2954000 3
2955000 3
2956000 3
2957000 3
2958000 3
2959000 3
2960000 3
2961000 3
2962000 3
2963000 3
2964000 3
2965000 3
2966000 3
2967000 3
2968000 3
2969000 3
2970000 3
2971000 3
2972000 3
2973000 3
2974000 3
2975000 3
2976000 3
2977000 3
2978000 3
2979000 3
2980000 3
2981000 3
2982000 3
2983000 3
2984000 3
2985000 3
2986000 3
2987000 3
2988000 3
2989000 3
2990000 3
2991000 3
2992000 3
2993000 3
2994000 3
2995000 3
2996000 3
2997000 3
2998000 3
2999000 3
3000000 3
3001000 3
3002000 3
3003000 3
3004000 3
3005000 3
3006000 3
3007000 3
3008000 3
3009000 3
3010000 3
3011000 3
3012000 3
3013000 3
3014000 3
3015000 3
3016000 3
3017000 3
3018000 3
3019000 3
3020000 3
3021000 3
3022000 3
3023000 3
3024000 3
3025000 3
3026000 3
3027000 3
3028000 3
3029000 3
3030000 3
3031000 3
3032000 3
3033000 3
3034000 3
3035000 3
3036000 3
3037000 3
3038000 3
3039000 3
3040000 3
3041000 3
3042000 3
3043000 3
3044000 3
3045000 3
3046000 3
3047000 3
3048000 3
3049000 3
3050000 3
3051000 3
3052000 3
3053000 3
3054000 3
3055000 3
3056000 3
3057000 3
3058000 3
3059000 3
3060000 3
3061000 3
3062000 3
3063000 3
3064000 3
3065000 3
3066000 3
3067000 3
3068000 3
3069000 3
3070000 3
3071000 3
3072000 3
3073000 3
3074000 3
3075000 3
3076000 3
3077000 3
3078000 3
3079000 3
3080000 3
3081000 3
3082000 3
3083000 3
3084000 3
3085000 3
3086000 3
3087000 3
3088000 3
3089000 3
3090000 3
3091000 3
3092000 3
3093000 3
3094000 3
3095000 3
3096000 3
3097000 3
3098000 3
3099000 3
3100000 3
3101000 3
3102000 3
3103000 3
3104000 3
3105000 3
3106000 3
3107000 3
3108000 3
3109000 3
3110000 3
3111000 3
3112000 3
3113000 3
3114000 3
3115000 3
3116000 3
3117000 3
3118000 3
3119000 3
3120000 3
3121000 3
3122000 3
3123000 3
3124000 3
3125000 3
3126000 3
3127000 3
3128000 3
3129000 3
3130000 3
3131000 3
3132000 3
3133000 3
3134000 3
3135000 3
3136000 3
3137000 3
3138000 3
3139000 3
3140000 3
3141000 3
3142000 3
3143000 3
3144000 3
3145000 3
3146000 3
3147000 3
3148000 3
3149000 3
3150000 3
3151000 3
3152000 3
3153000 3
3154000 3
3155000 3
3156000 3
3157000 3
3158000 3
3159000 3
3160000 3
3161000 3
3162000 3
3163000 3
3164000 3
3165000 3
3166000 3
3167000 3
3168000 3
3169000 3
3170000 3
3171000 3
3172000 3
3173000 3
3174000 3
3175000 3
3176000 3
3177000 3
3178000 3
3179000 3
3180000 3
3181000 3
3182000 3
3183000 3
3184000 3
3185000 3
3186000 3
3187000 3
3188000 3
3189000 3
3190000 3
3191000 3
3192000 3
3193000 3
3194000 3
3195000 3
3196000 3
3197000 3
3198000 3
3199000 3
3200000 3
3201000 3
3202000 3
3203000 3
3204000 3
3205000 3
3206000 3
3207000 3
3208000 3
3209000 3
3210000 3
3211000 3
3212000 3
3213000 3
3214000 3
3215000 3
3216000 3
3217000 3
3218000 3
3219000 3
3220000 3
3221000 3
3222000 3
3223000 3
3224000 3
3225000 3
3226000 3
3227000 3
3228000 3
3229000 3
3230000 3
3231000 3
3232000 4
3233000 4
3234000 4
3235000 4
3236000 4
3237000 4
3238000 4
3239000 4
3240000 4
3241000 4
3242000 4
3243000 4
3244000 4
3245000 4
3246000 4
3247000 4
3248000 4
3249000 4
3250000 4
3251000 4
3252000 4
3253000 4
3254000 4
3255000 4
3256000 4
3257000 4
3258000 4
3259000 4
3260000 4
3261000 4
3262000 4
3263000 4
3264000 4
3265000 4
3266000 4
3267000 4
3268000 4
3269000 4
3270000 4
3271000 4
3272000 4
3273000 4
3274000 4
3275000 4
3276000 5
3277000 5
3278000 5
3279000 5
3280000 5
3281000 5
3282000 5
3283000 5
3284000 5
3285000 5
3286000 5
3287000 5
3288000 5
3289000 5
3290000 5
3291000 5
3292000 5
3293000 5
3294000 5
3295000 5
3296000 5
3297000 5
3298000 5
3299000 5
3300000 5
3301000 5
3302000 5
3303000 5
3304000 5
3305000 5
3306000 5
3307000 5
3308000 5
3309000 5
3310000 5
3311000 5
3312000 5
3313000 5
3314000 5
3315000 5
3316000 5
3317000 5
3318000 5
3319000 5
3320000 5
3321000 5
3322000 5
3323000 5
3324000 5
3325000 5
3326000 5
3327000 5
3328000 5
3329000 5
3330000 5
3331000 5
3332000 5
3333000 5
3334000 5
3335000 5
3336000 5
3337000 5
3338000 5
3339000 5
3340000 5
3341000 5
3342000 5
3343000 5
3344000 5
3345000 5
3346000 5
3347000 5
3348000 5
3349000 5
3350000 5
3351000 5
3352000 5
3353000 5
3354000 5
3355000 5
3356000 5
3357000 5
3358000 5
3359000 5
3360000 5
3361000 5
3362000 5
3363000 5
3364000 5
3365000 5
3366000 5
3367000 5
3368000 5
3369000 5
3370000 5
3371000 5
3372000 5
3373000 5
3374000 5
3375000 5
3376000 5
3377000 5
3378000 5
3379000 5
3380000 5
3381000 5
3382000 5
3383000 5
3384000 5
3385000 5
3386000 5
3387000 5
3388000 5
3389000 5
3390000 5
3391000 5
3392000 5
3393000 5
3394000 5
3395000 5
3396000 5
3397000 5
3398000 5
3399000 5
3400000 5
3401000 5
3402000 5
3403000 5
3404000 5
3405000 5
3406000 5
3407000 5
3408000 5
3409000 5
3410000 5
3411000 5
3412000 5
3413000 5
3414000 5
3415000 5
3416000 5
3417000 5
3418000 5
3419000 5
3420000 5
3421000 5
3422000 5
3423000 5
3424000 5
3425000 5
3426000 5
3427000 5
3428000 5
3429000 5
3430000 5
3431000 5
3432000 5
3433000 5
3434000 5
3435000 5
3436000 5
3437000 5
3438000 5
3439000 5
3440000 5
3441000 5
3442000 5
3443000 5
3444000 5
3445000 5
3446000 5
3447000 5
3448000 5
3449000 5
3450000 5
3451000 5
3452000 5
3453000 5
3454000 5
3455000 5
3456000 5
3457000 5
3458000 5
3459000 5
3460000 5
3461000 5
3462000 5
3463000 5
3464000 5
3465000 5
3466000 5
3467000 5
3468000 5
3469000 5
3470000 5
3471000 5
3472000 5
3473000 5
3474000 5
3475000 5
3476000 5
3477000 5
3478000 5
3479000 5
3480000 5
3481000 5
3482000 5
3483000 5
3484000 5
3485000 5
3486000 5
3487000 5
3488000 5
3489000 5
3490000 5
3491000 5
3492000 5
3493000 5
3494000 5
3495000 5
3496000 5
3497000 5
3498000 5
3499000 5
3500000 5
3501000 5
3502000 5
3503000 5
3504000 5
3505000 5
3506000 5
3507000 5
3508000 5
3509000 5
3510000 5
3511000 5
3512000 5
3513000 5
3514000 5
3515000 5
3516000 5
3517000 5
3518000 5
3519000 5
3520000 5
3521000 5
3522000 5
3523000 5
3524000 5
3525000 5
3526000 5
3527000 5
3528000 5
3529000 5
3530000 5
3531000 5
3532000 5
3533000 5
3534000 5
3535000 5
3536000 5
3537000 5
3538000 5
3539000 5
3540000 5
3541000 5
3542000 5
3543000 5
3544000 5
3545000 5
3546000 5
3547000 5
3548000 5
3549000 5
3550000 5
3551000 5
3552000 5
3553000 5
3554000 5
3555000 5
3556000 5
3557000 5
3558000 5
3559000 5
3560000 5
3561000 5
3562000 5
3563000 5
3564000 5
3565000 5
3566000 5
3567000 5
3568000 5
3569000 5
3570000 5
3571000 5
3572000 5
3573000 5
3574000 5
3575000 5
3576000 5
3577000 5
3578000 5
3579000 5
3580000 5
3581000 5
3582000 5
3583000 5
3584000 5
3585000 5
3586000 5
3587000 5
3588000 5
3589000 5
3590000 5
3591000 5
3592000 5
3593000 5
3594000 5
3595000 5
3596000 5
3597000 5
3598000 5
3599000 5
3600000 5
3601000 5
3602000 5
3603000 5
3604000 5
3605000 5
3606000 5
3607000 5
3608000 5
3609000 5
3610000 5
3611000 5
3612000 5
3613000 5
3614000 5
3615000 5
3616000 5
3617000 5
3618000 5
3619000 5
3620000 5
3621000 5
3622000 5
3623000 5
3624000 5
3625000 5
3626000 5
3627000 5
3628000 5
3629000 5
3630000 5
3631000 5
3632000 5
3633000 5
3634000 5
3635000 5
3636000 5
3637000 5
3638000 5
3639000 5
3640000 5
3641000 5
3642000 5
3643000 5
3644000 5
3645000 5
3646000 5
3647000 5
3648000 5
3649000 5
3650000 5
3651000 5
3652000 5
3653000 5
3654000 5
3655000 5
3656000 5
3657000 5
3658000 5
3659000 5
3660000 5
3661000 5
3662000 5
3663000 5
3664000 5
3665000 5
3666000 5
3667000 5
3668000 5
3669000 5
3670000 5
3671000 5
3672000 5
3673000 5
3674000 5
3675000 5
3676000 5
3677000 5
3678000 5
3679000 5
3680000 5
3681000 5
3682000 5
3683000 5
3684000 5
3685000 5
3686000 5
3687000 5
3688000 5
3689000 5
3690000 5
3691000 5
3692000 5
3693000 5
3694000 5
3695000 5
3696000 5
3697000 5
3698000 5
3699000 5
3700000 5
3701000 5
3702000 5
3703000 5
3704000 5
3705000 5
3706000 5
3707000 5
3708000 5
3709000 5
3710000 5
3711000 5
3712000 5
3713000 5
3714000 5
3715000 5
3716000 5
3717000 5
3718000 5
3719000 5
3720000 5
3721000 5
3722000 5
3723000 5
3724000 5
3725000 5
3726000 5
3727000 5
3728000 5
3729000 5
3730000 5
3731000 5
3732000 5
3733000 5
3734000 5
3735000 5
3736000 5
3737000 5
3738000 5
3739000 5
3740000 5
3741000 5
3742000 5
3743000 5
3744000 5
3745000 5
3746000 5
3747000 5
3748000 5
3749000 5
3750000 5
3751000 5
3752000 5
3753000 5
3754000 5
3755000 5
3756000 5
3757000 5
3758000 5
3759000 5
3760000 5
3761000 5
3762000 5
3763000 5
3764000 5
3765000 5
3766000 5
3767000 5
3768000 5
3769000 5
3770000 5
3771000 5
3772000 5
3773000 5
3774000 5
3775000 5
3776000 5
3777000 5
3778000 5
3779000 5
3780000 5
3781000 5
3782000 5
3783000 5
3784000 5
3785000 5
3786000 5
3787000 5
3788000 5
3789000 5
3790000 5
3791000 5
3792000 5
3793000 5
3794000 5
3795000 5
3796000 5
3797000 5
3798000 5
3799000 5
3800000 5
3801000 5
3802000 5
3803000 5
3804000 5
3805000 5
3806000 5
3807000 5
3808000 5
3809000 5
3810000 5
3811000 5
3812000 5
3813000 5
3814000 5
3815000 5
3816000 5
3817000 5
3818000 5
3819000 5
3820000 5
3821000 5
3822000 5
3823000 5
3824000 5
3825000 5
3826000 5
3827000 5
3828000 5
3829000 5
3830000 5
3831000 5
3832000 5
3833000 5
3834000 5
3835000 5
3836000 5
3837000 5
3838000 5
3839000 5
3840000 5
3841000 5
3842000 5
3843000 5
3844000 5
3845000 5
3846000 5
3847000 5
3848000 5
3849000 5
3850000 5
3851000 5
3852000 5
3853000 5
3854000 5
3855000 5
3856000 5
3857000 5
3858000 5
3859000 5
3860000 5
3861000 5
3862000 5
3863000 5
3864000 5
3865000 5
3866000 5
3867000 5
3868000 5
3869000 5
3870000 5
3871000 5
3872000 5
3873000 5
3874000 5
3875000 5
3876000 5
3877000 5
3878000 5
3879000 5
3880000 5
3881000 5
3882000 5
3883000 5
3884000 5
3885000 5
3886000 5
3887000 5
3888000 5
3889000 5
3890000 5
3891000 5
3892000 5
3893000 5
3894000 5
3895000 5
3896000 5
3897000 5
3898000 5
3899000 5
3900000 5
3901000 5
3902000 5
3903000 5
3904000 5
3905000 5
3906000 5
3907000 5
3908000 5
3909000 5
3910000 5
3911000 5
3912000 5
3913000 5
3914000 5
3915000 5
3916000 5
3917000 5
3918000 5
3919000 5
3920000 5
3921000 5
3922000 5
3923000 5
3924000 5
3925000 5
3926000 5
3927000 5
3928000 5
3929000 5
3930000 5
3931000 5
3932000 5
3933000 5
3934000 5
3935000 5
3936000 5
3937000 5
3938000 5
3939000 5
3940000 5
3941000 5
3942000 5
3943000 5
3944000 5
3945000 5
3946000 5
3947000 5
3948000 5
3949000 5
3950000 5
3951000 5
3952000 5
3953000 5
3954000 5
3955000 5
3956000 5
3957000 5
3958000 5
3959000 5
3960000 5
3961000 5
3962000 5
3963000 5
3964000 5
3965000 5
3966000 5
3967000 5
3968000 5
3969000 5
3970000 5
3971000 5
3972000 5
3973000 5
3974000 5
3975000 5
3976000 5
3977000 5
3978000 5
3979000 5
3980000 5
3981000 5
3982000 5
3983000 5
3984000 5
3985000 5
3986000 5
3987000 5
3988000 5
3989000 5
3990000 5
3991000 5
3992000 5
3993000 5
3994000 5
3995000 5
3996000 5
3997000 5
3998000 5
3999000 5
4000000 5
4001000 5
4002000 5
4003000 5
4004000 5
4005000 5
4006000 5
4007000 5
4008000 5
4009000 5
4010000 5
4011000 5
4012000 5
4013000 5
4014000 5
4015000 5
4016000 5
4017000 5
4018000 5
4019000 5
4020000 5
4021000 5
4022000 5
4023000 5
4024000 5
4025000 5
4026000 5
4027000 5
4028000 5
4029000 5
4030000 5
4031000 5
4032000 5
4033000 5
4034000 5
4035000 5
4036000 5
4037000 5
4038000 5
4039000 5
4040000 5
4041000 5
4042000 5
4043000 5
4044000 5
4045000 5
4046000 5
4047000 5
4048000 5
4049000 5
4050000 5
4051000 5
4052000 5
4053000 5
4054000 5
4055000 5
4056000 5
4057000 5
4058000 5
4059000 5
4060000 5
4061000 5
4062000 5
4063000 5
4064000 5
4065000 5
4066000 5
4067000 5
4068000 5
4069000 5
4070000 5
4071000 5
4072000 5
4073000 5
4074000 5
4075000 5
4076000 5
4077000 5
4078000 5
4079000 5
4080000 5
4081000 5
4082000 5
4083000 5
4084000 5
4085000 5
4086000 5
4087000 5
4088000 5
4089000 5
4090000 5
4091000 5
4092000 5
4093000 5
4094000 5
4095000 5
4096000 5
4097000 5
4098000 5
4099000 5
4100000 5
4101000 5
4102000 5
4103000 5
4104000 5
4105000 5
4106000 5
4107000 5
4108000 5
4109000 5
4110000 5
4111000 5
4112000 5
4113000 5
4114000 5
4115000 5
4116000 5
4117000 5
4118000 5
4119000 5
4120000 5
4121000 5
4122000 5
4123000 5
4124000 5
4125000 5
4126000 5
4127000 5
4128000 5
4129000 5
4130000 5
4131000 5
4132000 5
4133000 5
4134000 5
4135000 5
4136000 5
4137000 5
4138000 5
4139000 5
4140000 5
4141000 5
4142000 5
4143000 5
4144000 5
4145000 5
4146000 5
4147000 5
4148000 5
4149000 5
4150000 5
4151000 5
4152000 5
4153000 5
4154000 5
4155000 5
4156000 5
4157000 5
4158000 5
4159000 5
4160000 5
4161000 5
4162000 5
4163000 5
4164000 5
4165000 5
4166000 5
4167000 5
4168000 5
4169000 5
4170000 5
4171000 5
4172000 5
4173000 5
4174000 5
4175000 5
4176000 5
4177000 5
4178000 5
4179000 5
4180000 5
4181000 5
4182000 5
4183000 5
4184000 5
4185000 5
4186000 5
4187000 5
4188000 5
4189000 5
4190000 5
4191000 5
4192000 5
4193000 5
4194000 5
4195000 5
4196000 5
4197000 5
4198000 5
4199000 5
4200000 5
4201000 5
4202000 5
4203000 5
4204000 5
4205000 5
4206000 5
4207000 5
4208000 5
4209000 5
4210000 5
4211000 5
4212000 5
4213000 5
4214000 5
4215000 5
4216000 5
4217000 5
4218000 5
4219000 5
4220000 5
4221000 5
4222000 5
4223000 5
4224000 5
4225000 5
4226000 5
4227000 5
4228000 5
4229000 5
4230000 5
4231000 5
4232000 5
4233000 5
4234000 5
4235000 5
4236000 5
4237000 5
4238000 5
4239000 5
4240000 5
4241000 5
4242000 5
4243000 5
4244000 5
4245000 5
4246000 5
4247000 5
4248000 5
4249000 5
4250000 5
4251000 5
4252000 5
4253000 5
4254000 5
4255000 5
4256000 5
4257000 5
4258000 5
4259000 5
4260000 5
4261000 5
4262000 5
4263000 5
4264000 5
4265000 5
4266000 5
4267000 5
4268000 5
4269000 5
4270000 5
4271000 5
4272000 5
4273000 5
4274000 5
4275000 5
4276000 5
4277000 5
4278000 5
4279000 5
4280000 5
4281000 5
4282000 5
4283000 5
4284000 5
4285000 5
4286000 5
4287000 5
4288000 5
4289000 5
4290000 5
4291000 5
4292000 6
4293000 6
4294000 6
4295000 6
4296000 6
4297000 6
4298000 6
4299000 6
4300000 6
4301000 6
4302000 6
4303000 6
4304000 6
4305000 6
4306000 6
4307000 6
4308000 6
4309000 6
4310000 6
4311000 6
4312000 6
4313000 6
4314000 6
4315000 6
4316000 6
4317000 6
4318000 6
4319000 6
4320000 6
4321000 6
4322000 6
4323000 6
4324000 6
4325000 6
4326000 6
4327000 6
4328000 6
4329000 6
4330000 6
4331000 6
4332000 6
4333000 6
4334000 6
4335000 6
4336000 6
4337000 6
4338000 6
4339000 6
4340000 6
4341000 6
4342000 6
4343000 6
4344000 6
4345000 6
4346000 6
4347000 6
4348000 6
4349000 6
4350000 6
4351000 6
4352000 6
4353000 6
4354000 6
4355000 6
4356000 6
4357000 6
4358000 6
4359000 6
4360000 6
4361000 6
4362000 6
4363000 6
4364000 6
4365000 6
4366000 6
4367000 6
4368000 6
4369000 6
4370000 6
4371000 6
4372000 6
4373000 6
4374000 6
4375000 6
4376000 6
4377000 6
4378000 6
4379000 6
4380000 6
4381000 6
4382000 6
4383000 6
4384000 6
4385000 6
4386000 6
4387000 6
4388000 6
4389000 6
4390000 6
4391000 6
4392000 6
4393000 6
4394000 6
4395000 6
4396000 6
4397000 6
4398000 6
4399000 6
4400000 6
4401000 6
4402000 6
4403000 6
4404000 6
4405000 6
4406000 6
4407000 6
4408000 6
4409000 6
4410000 6
4411000 6
4412000 6
4413000 6
4414000 6
4415000 6
4416000 6
4417000 6
4418000 6
4419000 6
4420000 6
4421000 6
4422000 6
4423000 6
4424000 6
4425000 6
4426000 6
4427000 6
4428000 6
4429000 6
4430000 6
4431000 6
4432000 6
4433000 6
4434000 6
4435000 6
4436000 6
4437000 6
4438000 6
4439000 6
4440000 6
4441000 6
4442000 6
4443000 6
4444000 6
4445000 6
4446000 6
4447000 6
4448000 6
4449000 6
4450000 6
4451000 6
4452000 6
4453000 6
4454000 6
4455000 6
4456000 6
4457000 6
4458000 6
4459000 6
4460000 6
4461000 6
4462000 6
4463000 6
4464000 6
4465000 6
4466000 6
4467000 6
4468000 6
4469000 6
4470000 6
4471000 6
4472000 6
4473000 6
4474000 6
4475000 6
4476000 6
4477000 6
4478000 6
4479000 6
4480000 6
4481000 6
4482000 6
4483000 6
4484000 6
4485000 6
4486000 6
4487000 6
4488000 6
4489000 6
4490000 6
4491000 6
4492000 6
4493000 6
4494000 6
4495000 6
4496000 6
4497000 6
4498000 6
4499000 6
4500000 6
4501000 6
4502000 6
4503000 6
4504000 6
4505000 6
4506000 6
4507000 6
4508000 6
4509000 6
4510000 6
4511000 6
4512000 6
4513000 6
4514000 6
4515000 6
4516000 6
4517000 6
4518000 6
4519000 6
4520000 6
4521000 6
4522000 6
4523000 6
4524000 6
4525000 6
4526000 6
4527000 6
4528000 6
4529000 6
4530000 6
4531000 6
4532000 6
4533000 6
4534000 6
4535000 6
4536000 6
4537000 6
4538000 6
4539000 6
4540000 6
4541000 6
4542000 6
4543000 6
4544000 6
4545000 6
4546000 6
4547000 6
4548000 6
4549000 6
4550000 6
4551000 6
4552000 6
4553000 6
4554000 6
4555000 6
4556000 6
4557000 6
4558000 6
4559000 6
4560000 6
4561000 6
4562000 6
4563000 6
4564000 6
4565000 6
4566000 6
4567000 6
4568000 6
4569000 6
4570000 6
4571000 6
4572000 6
4573000 6
4574000 6
4575000 6
4576000 6
4577000 6
4578000 6
4579000 6
4580000 6
4581000 6
4582000 6
4583000 6
4584000 6
4585000 6
4586000 6
4587000 6
4588000 6
4589000 6
4590000 6
4591000 6
4592000 6
4593000 6
4594000 6
4595000 6
4596000 6
4597000 6
4598000 6
4599000 6
4600000 6
4601000 6
4602000 6
4603000 6
4604000 6
4605000 6
4606000 6
4607000 6
4608000 6
4609000 6
4610000 6
4611000 6
4612000 6
4613000 6
4614000 6
4615000 6
4616000 6
4617000 6
4618000 6
4619000 6
4620000 6
4621000 6
4622000 6
4623000 6
4624000 6
4625000 6
4626000 6
4627000 6
4628000 6
4629000 6
4630000 6
4631000 6
4632000 6
4633000 6
4634000 6
4635000 6
4636000 6
4637000 6
4638000 6
4639000 6
4640000 6
4641000 6
4642000 6
4643000 6
4644000 6
4645000 6
4646000 6
4647000 6
4648000 6
4649000 6
4650000 6
4651000 6
4652000 6
4653000 6
4654000 6
4655000 6
4656000 6
4657000 6
4658000 6
4659000 6
4660000 6
4661000 6
4662000 6
4663000 6
4664000 6
4665000 6
4666000 6
4667000 6
4668000 6
4669000 6
4670000 6
4671000 6
4672000 6
4673000 6
4674000 6
4675000 6
4676000 6
4677000 6
4678000 6
4679000 6
4680000 6
4681000 6
4682000 6
4683000 6
4684000 6
4685000 6
4686000 6
4687000 6
4688000 6
4689000 6
4690000 6
4691000 6
4692000 6
4693000 6
4694000 6
4695000 6
4696000 6
4697000 6
4698000 6
4699000 6
4700000 6
4701000 6
4702000 6
4703000 6
4704000 6
4705000 6
4706000 6
4707000 6
4708000 6
4709000 6
4710000 6
4711000 6
4712000 6
4713000 6
4714000 6
4715000 6
4716000 6
4717000 6
4718000 6
4719000 6
4720000 6
4721000 6
4722000 6
4723000 6
4724000 6
4725000 6
4726000 6
4727000 6
4728000 6
4729000 6
4730000 6
4731000 6
4732000 6
4733000 6
4734000 6
4735000 6
4736000 6
4737000 6
4738000 6
4739000 6
4740000 6
4741000 6
4742000 6
4743000 6
4744000 6
4745000 6
4746000 6
4747000 6
4748000 6
4749000 6
4750000 6
4751000 6
4752000 6
4753000 6
4754000 6
4755000 6
4756000 6
4757000 6
4758000 6
4759000 6
4760000 6
4761000 6
4762000 6
4763000 6
4764000 6
4765000 6
4766000 6
4767000 6
4768000 6
4769000 6
4770000 6
4771000 6
4772000 6
4773000 6
4774000 6
4775000 6
4776000 6
4777000 6
4778000 6
4779000 6
4780000 6
4781000 6
4782000 6
4783000 6
4784000 6
4785000 6
4786000 6
4787000 6
4788000 6
4789000 6
4790000 6
4791000 6
4792000 6
4793000 6
4794000 6
4795000 6
4796000 6
4797000 6
4798000 6
4799000 6
4800000 6
4801000 6
4802000 6
4803000 6
4804000 6
4805000 6
4806000 6
4807000 6
4808000 6
4809000 6
4810000 6
4811000 6
4812000 6
4813000 6
4814000 6
4815000 6
4816000 6
4817000 6
4818000 6
4819000 6
4820000 6
4821000 6
4822000 6
4823000 6
4824000 6
4825000 6
4826000 6
4827000 6
4828000 6
4829000 6
4830000 6
4831000 6
4832000 6
4833000 6
4834000 6
4835000 6
4836000 6
4837000 6
4838000 6
4839000 6
4840000 6
4841000 6
4842000 6
4843000 6
4844000 6
4845000 6
4846000 6
4847000 6
4848000 6
4849000 6
4850000 6
4851000 6
4852000 6
4853000 6
4854000 6
4855000 6
4856000 6
4857000 6
4858000 6
4859000 6
4860000 6
4861000 6
4862000 6
4863000 6
4864000 6
4865000 6
4866000 6
4867000 6
4868000 6
4869000 6
4870000 6
4871000 6
4872000 6
4873000 6
4874000 6
4875000 6
4876000 6
4877000 6
4878000 6
4879000 6
4880000 6
4881000 6
4882000 6
4883000 6
4884000 6
4885000 6
4886000 6
4887000 6
4888000 6
4889000 6
4890000 6
4891000 6
4892000 6
4893000 6
4894000 6
4895000 6
4896000 6
4897000 6
4898000 6
4899000 6
4900000 6
4901000 6
4902000 6
4903000 6
4904000 6
4905000 6
4906000 6
4907000 6
4908000 6
4909000 6
4910000 6
4911000 6
4912000 6
4913000 6
4914000 6
4915000 6
4916000 6
4917000 6
4918000 6
4919000 6
4920000 6
4921000 6
4922000 6
4923000 6
4924000 6
4925000 6
4926000 6
4927000 6
4928000 6
4929000 6
4930000 6
4931000 6
4932000 6
4933000 6
4934000 6
4935000 6
4936000 6
4937000 6
4938000 6
4939000 6
4940000 6
4941000 6
4942000 6
4943000 6
4944000 6
4945000 6
4946000 6
4947000 6
4948000 6
4949000 6
4950000 6
4951000 6
4952000 6
4953000 6
4954000 6
4955000 6
4956000 6
4957000 6
4958000 6
4959000 6
4960000 6
4961000 6
4962000 6
4963000 6
4964000 6
4965000 6
4966000 6
4967000 6
4968000 6
4969000 6
4970000 6
4971000 6
4972000 6
4973000 6
4974000 6
4975000 6
4976000 6
4977000 6
4978000 6
4979000 6
4980000 6
4981000 6
4982000 6
4983000 6
4984000 6
4985000 6
4986000 6
4987000 6
4988000 6
4989000 6
4990000 6
4991000 6
4992000 6
4993000 6
4994000 6
4995000 6
4996000 6
4997000 6
4998000 6
4999000 6
5000000 6
