0 0
1000 0
2000 0
3000 0
4000 0
5000 0
6000 0
7000 0
8000 0
9000 0
10000 0
11000 0
12000 0
13000 0
14000 0
15000 0
16000 0
17000 0
18000 0
19000 0
20000 0
21000 0
22000 0
23000 0
24000 0
25000 0
26000 0
27000 0
28000 0
29000 0
30000 0
31000 0
32000 0
33000 0
34000 0
35000 0
36000 0
37000 0
38000 0
39000 0
40000 0
41000 0
42000 0
43000 0
44000 0
45000 1
46000 1
47000 1
48000 1
49000 1
50000 1
51000 1
52000 1
53000 1
54000 1
55000 1
56000 1
57000 1
58000 1
59000 1
60000 2
61000 2
62000 2
63000 2
64000 2
65000 2
66000 2
67000 2
68000 2
69000 2
70000 2
71000 2
72000 2
73000 2
74000 2
75000 2
76000 3
77000 3
78000 3
79000 3
80000 3
81000 3
82000 3
83000 3
84000 3
85000 3
86000 3
87000 3
88000 4
89000 4
90000 4
91000 4
92000 4
93000 4
94000 4
95000 4
96000 4
97000 4
98000 4
99000 4
100000 4
101000 4
102000 4
103000 5
104000 5
105000 5
106000 5
107000 5
108000 5
109000 5
110000 5
111000 5
112000 5
113000 5
114000 5
115000 5
116000 5
117000 5
118000 5
119000 5
120000 5
121000 5
122000 6
123000 6
124000 6
125000 6
126000 6
127000 6
128000 6
129000 6
130000 6
131000 6
132000 6
133000 6
134000 6
135000 6
136000 7
137000 7
138000 7
139000 7
140000 7
141000 7
142000 7
143000 7
144000 7
145000 7
146000 7
147000 7
148000 7
149000 7
150000 7
151000 7
152000 8
153000 8
154000 8
155000 8
156000 8
157000 8
158000 8
159000 8
160000 8
161000 8
162000 8
163000 8
164000 9
165000 9
166000 9
167000 9
168000 9
169000 9
170000 9
171000 9
172000 9
173000 9
174000 9
175000 9
176000 9
177000 9
178000 9
179000 9
180000 9
181000 9
182000 9
183000 9
184000 9
185000 9
186000 9
187000 9
188000 9
189000 9
190000 9
191000 9
192000 9
193000 9
194000 9
195000 9
196000 10
197000 10
198000 10
199000 10
200000 10
201000 10
202000 10
203000 10
204000 10
205000 10
206000 10
207000 10
208000 10
209000 10
210000 11
211000 11
212000 11
213000 11
214000 11
215000 11
216000 11
217000 11
218000 11
219000 11
220000 11
221000 11
222000 11
223000 11
224000 11
225000 11
226000 11
227000 12
228000 12
229000 12
230000 12
231000 12
232000 12
233000 12
234000 12
235000 12
236000 12
237000 12
238000 13
239000 13
240000 13
241000 13
242000 13
243000 13
244000 13
245000 13
246000 13
247000 13
248000 13
249000 13
250000 13
251000 14
252000 14
253000 14
254000 14
255000 14
256000 14
257000 14
258000 14
259000 14
260000 14
261000 14
262000 14
263000 14
264000 15
265000 15
266000 15
267000 15
268000 15
269000 15
270000 15
271000 15
272000 15
273000 16
274000 16
275000 16
276000 16
277000 16
278000 16
279000 16
280000 16
281000 16
282000 16
283000 16
284000 16
285000 17
286000 17
287000 17
288000 17
289000 17
290000 17
291000 17
292000 17
293000 17
294000 17
295000 17
296000 18
297000 18
298000 18
299000 18
300000 18
301000 18
302000 18
303000 18
304000 18
305000 18
306000 18
307000 19
308000 19
309000 19
310000 19
311000 19
312000 19
313000 19
314000 19
315000 19
316000 19
317000 19
318000 19
319000 19
320000 19
321000 20
322000 20
323000 20
324000 20
325000 20
326000 20
327000 20
328000 20
329000 20
330000 20
331000 20
332000 20
333000 20
334000 20
335000 20
336000 20
337000 20
338000 20
339000 21
340000 21
341000 21
342000 21
343000 21
344000 21
345000 21
346000 21
347000 21
348000 21
349000 21
350000 21
351000 22
352000 22
353000 22
354000 22
355000 22
356000 22
357000 22
358000 22
359000 22
360000 22
361000 22
362000 22
363000 22
364000 22
365000 23
366000 23
367000 23
368000 23
369000 23
370000 23
371000 23
372000 23
373000 23
374000 23
375000 23
376000 23
377000 23
378000 23
379000 24
380000 24
381000 24
382000 24
383000 24
384000 24
385000 24
386000 24
387000 24
388000 24
389000 24
390000 24
391000 24
392000 24
393000 24
394000 24
395000 25
396000 25
397000 25
398000 25
399000 25
400000 25
401000 25
402000 25
403000 25
404000 25
405000 25
406000 25
407000 25
408000 25
409000 25
410000 25
411000 25
412000 25
413000 25
414000 25
415000 25
416000 26
417000 26
418000 26
419000 26
420000 26
421000 26
422000 26
423000 26
424000 26
425000 26
426000 26
427000 26
428000 26
429000 26
430000 26
431000 26
432000 26
433000 26
434000 26
435000 26
436000 27
437000 27
438000 27
439000 27
440000 27
441000 27
442000 27
443000 27
444000 27
445000 27
446000 27
447000 27
448000 27
449000 27
450000 27
451000 27
452000 27
453000 27
454000 27
455000 27
456000 27
457000 27
458000 27
459000 28
460000 28
461000 28
462000 28
463000 28
464000 28
465000 28
466000 28
467000 28
468000 28
469000 28
470000 28
471000 28
472000 28
473000 28
474000 28
475000 28
476000 28
477000 28
478000 29
479000 29
480000 29
481000 29
482000 29
483000 29
484000 29
485000 29
486000 29
487000 29
488000 29
489000 29
490000 29
491000 29
492000 29
493000 29
494000 29
495000 29
496000 29
497000 29
498000 29
499000 29
500000 29
501000 29
502000 29
503000 29
504000 29
505000 29
506000 29
507000 29
508000 29
509000 29
510000 29
511000 29
512000 29
513000 29
514000 29
515000 29
516000 29
517000 29
518000 29
519000 29
520000 29
521000 29
522000 29
523000 29
524000 29
525000 29
526000 29
527000 29
528000 29
529000 29
530000 29
531000 29
532000 29
533000 29
534000 29
535000 29
536000 29
537000 29
538000 29
539000 29
540000 29
541000 29
542000 29
543000 29
544000 29
545000 29
546000 29
547000 29
548000 29
549000 29
550000 29
551000 29
552000 29
553000 29
554000 29
555000 29
556000 29
557000 29
558000 29
559000 29
560000 29
561000 29
562000 29
563000 29
564000 29
565000 29
566000 29
567000 29
568000 29
569000 29
570000 29
571000 29
572000 29
573000 29
574000 29
575000 29
576000 29
577000 29
578000 29
579000 29
580000 29
581000 29
582000 29
583000 29
584000 29
585000 29
586000 29
587000 29
588000 29
589000 29
590000 29
591000 29
592000 29
593000 29
594000 29
595000 30
596000 30
597000 30
598000 30
599000 30
600000 30
601000 30
602000 30
603000 30
604000 30
605000 30
606000 30
607000 30
608000 30
609000 30
610000 30
611000 30
612000 30
613000 30
614000 30
615000 30
616000 30
617000 30
618000 30
619000 30
620000 30
621000 30
622000 30
623000 30
624000 30
625000 30
626000 30
627000 30
628000 30
629000 30
630000 30
631000 30
632000 30
633000 30
634000 30
635000 30
636000 30
637000 30
638000 30
639000 30
640000 30
641000 30
642000 30
643000 30
644000 30
645000 30
646000 30
647000 30
648000 30
649000 30
650000 30
651000 30
652000 30
653000 30
654000 30
655000 30
656000 30
657000 30
658000 30
659000 30
660000 30
661000 30
662000 30
663000 30
664000 30
665000 30
666000 30
667000 30
668000 30
669000 30
670000 30
671000 31
672000 31
673000 31
674000 31
675000 31
676000 31
677000 31
678000 31
679000 31
680000 31
681000 31
682000 31
683000 31
684000 31
685000 31
686000 31
687000 31
688000 31
689000 31
690000 32
691000 32
692000 32
693000 32
694000 32
695000 32
696000 32
697000 32
698000 32
699000 32
700000 33
701000 33
702000 33
703000 33
704000 33
705000 33
706000 33
707000 33
708000 33
709000 33
710000 33
711000 33
712000 33
713000 34
714000 34
715000 34
716000 34
717000 34
718000 34
719000 34
720000 34
721000 34
722000 34
723000 34
724000 35
725000 35
726000 35
727000 35
728000 35
729000 35
730000 35
731000 35
732000 35
733000 35
734000 35
735000 35
736000 35
737000 35
738000 35
739000 35
740000 35
741000 36
742000 36
743000 36
744000 36
745000 36
746000 36
747000 36
748000 36
749000 36
750000 36
751000 36
752000 36
753000 36
754000 36
755000 36
756000 37
757000 37
758000 37
759000 37
760000 37
761000 37
762000 37
763000 37
764000 37
765000 37
766000 37
767000 37
768000 37
769000 37
770000 37
771000 37
772000 38
773000 38
774000 38
775000 38
776000 38
777000 38
778000 38
779000 38
780000 38
781000 38
782000 38
783000 38
784000 38
785000 38
786000 38
787000 38
788000 38
789000 38
790000 38
791000 38
792000 38
793000 38
794000 38
795000 38
796000 38
797000 38
798000 38
799000 38
800000 38
801000 38
802000 38
803000 38
804000 38
805000 38
806000 38
807000 38
808000 38
809000 38
810000 38
811000 38
812000 38
813000 38
814000 38
815000 38
816000 38
817000 38
818000 38
819000 38
820000 38
821000 38
822000 38
823000 38
824000 38
825000 38
826000 38
827000 38
828000 38
829000 38
830000 38
831000 38
832000 38
833000 38
834000 38
835000 38
836000 38
837000 38
838000 38
839000 38
840000 38
841000 38
842000 38
843000 38
844000 38
845000 38
846000 38
847000 38
848000 38
849000 38
850000 38
851000 38
852000 38
853000 38
854000 38
855000 38
856000 38
857000 38
858000 38
859000 38
860000 38
861000 38
862000 38
863000 38
864000 38
865000 38
866000 38
867000 38
868000 38
869000 38
870000 38
871000 38
872000 38
873000 38
874000 38
875000 38
876000 38
877000 38
878000 38
879000 38
880000 38
881000 38
882000 38
883000 38
884000 38
885000 38
886000 38
887000 38
888000 38
889000 38
890000 38
891000 38
892000 38
893000 38
894000 38
895000 38
896000 38
897000 38
898000 38
899000 38
900000 38
901000 38
902000 38
903000 38
904000 38
905000 38
906000 38
907000 38
908000 38
909000 38
910000 38
911000 38
912000 38
913000 38
914000 38
915000 38
916000 38
917000 38
918000 38
919000 38
920000 38
921000 38
922000 38
923000 38
924000 38
925000 38
926000 38
927000 38
928000 38
929000 38
930000 38
931000 38
932000 38
933000 38
934000 38
935000 38
936000 38
937000 38
938000 38
939000 38
940000 38
941000 38
942000 38
943000 38
944000 38
945000 38
946000 38
947000 38
948000 38
949000 38
950000 38
951000 38
952000 38
953000 38
954000 38
955000 38
956000 38
957000 38
958000 38
959000 38
960000 38
961000 38
962000 38
963000 38
964000 38
965000 38
966000 38
967000 38
968000 38
969000 38
970000 38
971000 38
972000 38
973000 38
974000 38
975000 38
976000 38
977000 38
978000 38
979000 38
980000 38
981000 38
982000 38
983000 38
984000 38
985000 38
986000 38
987000 38
988000 38
989000 38
990000 38
991000 38
992000 38
993000 38
994000 38
995000 38
996000 38
997000 38
998000 38
999000 38
1000000 38
1001000 38
1002000 38
1003000 38
1004000 38
1005000 38
1006000 38
1007000 38
1008000 38
1009000 38
1010000 38
1011000 38
1012000 38
1013000 38
1014000 38
1015000 39
1016000 39
1017000 39
1018000 39
1019000 39
1020000 39
1021000 39
1022000 39
1023000 39
1024000 39
1025000 39
1026000 39
1027000 39
1028000 39
1029000 40
1030000 40
1031000 40
1032000 40
1033000 40
1034000 40
1035000 40
1036000 40
1037000 40
1038000 40
1039000 40
1040000 40
1041000 40
1042000 40
1043000 40
1044000 40
1045000 40
1046000 40
1047000 40
1048000 40
1049000 40
1050000 40
1051000 41
1052000 41
1053000 41
1054000 41
1055000 41
1056000 41
1057000 41
1058000 41
1059000 41
1060000 41
1061000 41
1062000 41
1063000 41
1064000 41
1065000 41
1066000 41
1067000 41
1068000 41
1069000 41
1070000 41
1071000 41
1072000 41
1073000 41
1074000 41
1075000 41
1076000 41
1077000 41
1078000 41
1079000 42
1080000 42
1081000 42
1082000 42
1083000 42
1084000 42
1085000 42
1086000 42
1087000 42
1088000 42
1089000 42
1090000 42
1091000 42
1092000 42
1093000 42
1094000 42
1095000 42
1096000 42
1097000 42
1098000 42
1099000 42
1100000 42
1101000 42
1102000 43
1103000 43
1104000 43
1105000 43
1106000 43
1107000 43
1108000 43
1109000 43
1110000 43
1111000 43
1112000 43
1113000 43
1114000 43
1115000 43
1116000 43
1117000 43
1118000 43
1119000 43
1120000 43
1121000 43
1122000 43
1123000 43
1124000 43
1125000 43
1126000 43
1127000 43
1128000 43
1129000 43
1130000 43
1131000 43
1132000 43
1133000 43
1134000 43
1135000 43
1136000 43
1137000 43
1138000 43
1139000 43
1140000 43
1141000 43
1142000 43
1143000 43
1144000 43
1145000 43
1146000 43
1147000 43
1148000 43
1149000 43
1150000 43
1151000 43
1152000 43
1153000 43
1154000 43
1155000 43
1156000 43
1157000 43
1158000 43
1159000 43
1160000 43
1161000 43
1162000 43
1163000 43
1164000 43
1165000 43
1166000 43
1167000 43
1168000 43
1169000 43
1170000 43
1171000 43
1172000 43
1173000 43
1174000 43
1175000 43
1176000 43
1177000 43
1178000 43
1179000 43
1180000 43
1181000 43
1182000 43
1183000 43
1184000 44
1185000 44
1186000 44
1187000 44
1188000 44
1189000 44
1190000 44
1191000 44
1192000 44
1193000 44
1194000 44
1195000 44
1196000 44
1197000 44
1198000 45
1199000 45
1200000 45
1201000 45
1202000 45
1203000 45
1204000 45
1205000 45
1206000 45
1207000 45
1208000 45
1209000 45
1210000 45
1211000 45
1212000 45
1213000 45
1214000 45
1215000 45
1216000 45
1217000 45
1218000 45
1219000 45
1220000 46
1221000 46
1222000 46
1223000 46
1224000 46
1225000 46
1226000 46
1227000 46
1228000 46
1229000 46
1230000 46
1231000 46
1232000 46
1233000 46
1234000 46
1235000 46
1236000 46
1237000 46
1238000 47
1239000 47
1240000 47
1241000 47
1242000 47
1243000 47
1244000 47
1245000 47
1246000 47
1247000 47
1248000 47
1249000 47
1250000 47
1251000 47
1252000 47
1253000 47
1254000 47
1255000 47
1256000 47
1257000 47
1258000 47
1259000 47
1260000 48
1261000 48
1262000 48
1263000 48
1264000 48
1265000 48
1266000 48
1267000 48
1268000 48
1269000 48
1270000 48
1271000 48
1272000 48
1273000 48
1274000 49
1275000 49
1276000 49
1277000 49
1278000 49
1279000 49
1280000 49
1281000 49
1282000 49
1283000 49
1284000 50
1285000 50
1286000 50
1287000 50
1288000 50
1289000 50
1290000 50
1291000 50
1292000 50
1293000 50
1294000 50
1295000 50
1296000 50
1297000 50
1298000 51
1299000 51
1300000 51
1301000 51
1302000 51
1303000 51
1304000 51
1305000 51
1306000 51
1307000 51
1308000 51
1309000 52
1310000 52
1311000 52
1312000 52
1313000 52
1314000 52
1315000 52
1316000 52
1317000 52
1318000 52
1319000 52
1320000 52
1321000 52
1322000 53
1323000 53
1324000 53
1325000 53
1326000 53
1327000 53
1328000 53
1329000 53
1330000 53
1331000 53
1332000 53
1333000 53
1334000 53
1335000 54
1336000 54
1337000 54
1338000 54
1339000 54
1340000 54
1341000 54
1342000 54
1343000 54
1344000 54
1345000 54
1346000 54
1347000 54
1348000 54
1349000 54
1350000 54
1351000 55
1352000 55
1353000 55
1354000 55
1355000 55
1356000 55
1357000 55
1358000 55
1359000 55
1360000 55
1361000 55
1362000 55
1363000 56
1364000 56
1365000 56
1366000 56
1367000 56
1368000 56
1369000 56
1370000 56
1371000 56
1372000 56
1373000 56
1374000 56
1375000 56
1376000 56
1377000 56
1378000 56
1379000 57
1380000 57
1381000 57
1382000 57
1383000 57
1384000 57
1385000 57
1386000 57
1387000 57
1388000 57
1389000 57
1390000 57
1391000 57
1392000 57
1393000 57
1394000 57
1395000 58
1396000 58
1397000 58
1398000 58
1399000 58
1400000 58
1401000 58
1402000 58
1403000 58
1404000 59
1405000 59
1406000 59
1407000 59
1408000 59
1409000 59
1410000 59
1411000 59
1412000 59
1413000 59
1414000 59
1415000 59
1416000 59
1417000 59
1418000 59
1419000 59
1420000 59
1421000 59
1422000 60
1423000 60
1424000 60
1425000 60
1426000 60
1427000 60
1428000 60
1429000 60
1430000 60
1431000 60
1432000 60
1433000 60
1434000 61
1435000 61
1436000 61
1437000 61
1438000 61
1439000 61
1440000 61
1441000 61
1442000 61
1443000 61
1444000 61
1445000 61
1446000 61
1447000 61
1448000 61
1449000 61
1450000 61
1451000 61
1452000 62
1453000 62
1454000 62
1455000 62
1456000 62
1457000 62
1458000 62
1459000 62
1460000 62
1461000 62
1462000 62
1463000 62
1464000 62
1465000 62
1466000 63
1467000 63
1468000 63
1469000 63
1470000 63
1471000 63
1472000 63
1473000 63
1474000 63
1475000 63
1476000 63
1477000 63
1478000 63
1479000 63
1480000 64
1481000 64
1482000 64
1483000 64
1484000 64
1485000 64
1486000 64
1487000 64
1488000 64
1489000 64
1490000 64
1491000 64
1492000 64
1493000 64
1494000 64
1495000 65
1496000 65
1497000 65
1498000 65
1499000 65
1500000 65
1501000 65
1502000 65
1503000 65
1504000 65
1505000 65
1506000 65
1507000 66
1508000 66
1509000 66
1510000 66
1511000 66
1512000 66
1513000 66
1514000 66
1515000 66
1516000 66
1517000 66
1518000 66
1519000 66
1520000 66
1521000 66
1522000 66
1523000 66
1524000 66
1525000 66
1526000 66
1527000 66
1528000 66
1529000 66
1530000 66
1531000 66
1532000 66
1533000 66
1534000 66
1535000 66
1536000 66
1537000 66
1538000 66
1539000 66
1540000 66
1541000 66
1542000 66
1543000 66
1544000 66
1545000 66
1546000 66
1547000 66
1548000 66
1549000 66
1550000 66
1551000 66
1552000 66
1553000 66
1554000 66
1555000 66
1556000 66
1557000 66
1558000 66
1559000 66
1560000 66
1561000 66
1562000 66
1563000 66
1564000 66
1565000 66
1566000 66
1567000 66
1568000 66
1569000 66
1570000 66
1571000 66
1572000 66
1573000 66
1574000 66
1575000 66
1576000 66
1577000 66
1578000 66
1579000 67
1580000 67
1581000 67
1582000 67
1583000 67
1584000 67
1585000 67
1586000 67
1587000 67
1588000 67
1589000 67
1590000 67
1591000 67
1592000 67
1593000 67
1594000 67
1595000 67
1596000 68
1597000 68
1598000 68
1599000 68
1600000 68
1601000 68
1602000 68
1603000 68
1604000 68
1605000 68
1606000 68
1607000 68
1608000 68
1609000 68
1610000 68
1611000 68
1612000 68
1613000 68
1614000 68
1615000 68
1616000 69
1617000 69
1618000 69
1619000 69
1620000 69
1621000 69
1622000 69
1623000 69
1624000 69
1625000 69
1626000 69
1627000 69
1628000 69
1629000 69
1630000 69
1631000 69
1632000 69
1633000 69
1634000 69
1635000 69
1636000 69
1637000 69
1638000 69
1639000 69
1640000 69
1641000 69
1642000 69
1643000 69
1644000 69
1645000 69
1646000 69
1647000 70
1648000 70
1649000 70
1650000 70
1651000 70
1652000 70
1653000 70
1654000 70
1655000 70
1656000 70
1657000 70
1658000 70
1659000 70
1660000 70
1661000 70
1662000 71
1663000 71
1664000 71
1665000 71
1666000 71
1667000 71
1668000 71
1669000 71
1670000 71
1671000 71
1672000 71
1673000 72
1674000 72
1675000 72
1676000 72
1677000 72
1678000 72
1679000 72
1680000 72
1681000 72
1682000 72
1683000 72
1684000 72
1685000 72
1686000 73
1687000 73
1688000 73
1689000 73
1690000 73
1691000 73
1692000 73
1693000 73
1694000 73
1695000 73
1696000 73
1697000 73
1698000 73
1699000 73
1700000 74
1701000 74
1702000 74
1703000 74
1704000 74
1705000 74
1706000 74
1707000 74
1708000 74
1709000 74
1710000 74
1711000 74
1712000 74
1713000 74
1714000 74
1715000 75
1716000 75
1717000 75
1718000 75
1719000 75
1720000 75
1721000 75
1722000 75
1723000 75
1724000 75
1725000 75
1726000 75
1727000 75
1728000 76
1729000 76
1730000 76
1731000 76
1732000 76
1733000 76
1734000 76
1735000 76
1736000 76
1737000 76
1738000 76
1739000 76
1740000 76
1741000 76
1742000 76
1743000 76
1744000 76
1745000 76
1746000 76
1747000 77
1748000 77
1749000 77
1750000 77
1751000 77
1752000 77
1753000 77
1754000 77
1755000 77
1756000 77
1757000 77
1758000 77
1759000 78
1760000 78
1761000 78
1762000 78
1763000 78
1764000 78
1765000 78
1766000 78
1767000 78
1768000 78
1769000 78
1770000 78
1771000 78
1772000 78
1773000 78
1774000 79
1775000 79
1776000 79
1777000 79
1778000 79
1779000 79
1780000 79
1781000 79
1782000 79
1783000 79
1784000 79
1785000 79
1786000 79
1787000 79
1788000 79
1789000 79
1790000 79
1791000 79
1792000 79
1793000 80
1794000 80
1795000 80
1796000 80
1797000 80
1798000 80
1799000 80
1800000 80
1801000 80
1802000 80
1803000 80
1804000 80
1805000 80
1806000 80
1807000 80
1808000 80
1809000 80
1810000 80
1811000 80
1812000 81
1813000 81
1814000 81
1815000 81
1816000 81
1817000 81
1818000 81
1819000 81
1820000 81
1821000 81
1822000 81
1823000 82
1824000 82
1825000 82
1826000 82
1827000 82
1828000 82
1829000 82
1830000 82
1831000 82
1832000 82
1833000 82
1834000 82
1835000 82
1836000 82
1837000 82
1838000 82
1839000 82
1840000 82
1841000 82
1842000 82
1843000 82
1844000 82
1845000 83
1846000 83
1847000 83
1848000 83
1849000 83
1850000 83
1851000 83
1852000 83
1853000 83
1854000 83
1855000 83
1856000 83
1857000 84
1858000 84
1859000 84
1860000 84
1861000 84
1862000 84
1863000 84
1864000 84
1865000 84
1866000 84
1867000 84
1868000 84
1869000 84
1870000 85
1871000 85
1872000 85
1873000 85
1874000 85
1875000 85
1876000 85
1877000 85
1878000 85
1879000 85
1880000 85
1881000 86
1882000 86
1883000 86
1884000 86
1885000 86
1886000 86
1887000 86
1888000 86
1889000 86
1890000 86
1891000 86
1892000 86
1893000 86
1894000 86
1895000 86
1896000 86
1897000 87
1898000 87
1899000 87
1900000 87
1901000 87
1902000 87
1903000 87
1904000 87
1905000 87
1906000 87
1907000 87
1908000 87
1909000 87
1910000 88
1911000 88
1912000 88
1913000 88
1914000 88
1915000 88
1916000 88
1917000 88
1918000 88
1919000 88
1920000 88
1921000 88
1922000 89
1923000 89
1924000 89
1925000 89
1926000 89
1927000 89
1928000 89
1929000 89
1930000 89
1931000 89
1932000 89
1933000 90
1934000 90
1935000 90
1936000 90
1937000 90
1938000 90
1939000 90
1940000 90
1941000 90
1942000 90
1943000 90
1944000 90
1945000 90
1946000 91
1947000 91
1948000 91
1949000 91
1950000 91
1951000 91
1952000 91
1953000 91
1954000 91
1955000 91
1956000 91
1957000 91
1958000 91
1959000 91
1960000 91
1961000 91
1962000 91
1963000 91
1964000 91
1965000 91
1966000 91
1967000 92
1968000 92
1969000 92
1970000 92
1971000 92
1972000 92
1973000 92
1974000 92
1975000 92
1976000 92
1977000 92
1978000 92
1979000 92
1980000 92
1981000 92
1982000 92
1983000 92
1984000 92
1985000 92
1986000 92
1987000 92
1988000 92
1989000 92
1990000 92
1991000 92
1992000 92
1993000 92
1994000 92
1995000 92
1996000 92
1997000 92
1998000 92
1999000 92
2000000 92
2001000 92
2002000 92
2003000 92
2004000 92
2005000 92
2006000 92
2007000 92
2008000 92
2009000 93
2010000 93
2011000 93
2012000 93
2013000 93
2014000 93
2015000 93
2016000 93
2017000 93
2018000 93
2019000 93
2020000 93
2021000 94
2022000 94
2023000 94
2024000 94
2025000 94
2026000 94
2027000 94
2028000 94
2029000 94
2030000 94
2031000 94
2032000 94
2033000 94
2034000 94
2035000 94
2036000 94
2037000 95
2038000 95
2039000 95
2040000 95
2041000 95
2042000 95
2043000 95
2044000 95
2045000 95
2046000 95
2047000 95
2048000 95
2049000 95
2050000 95
2051000 95
2052000 95
2053000 95
2054000 95
2055000 96
2056000 96
2057000 96
2058000 96
2059000 96
2060000 96
2061000 96
2062000 96
2063000 96
2064000 96
2065000 96
2066000 96
2067000 97
2068000 97
2069000 97
2070000 97
2071000 97
2072000 97
2073000 97
2074000 97
2075000 97
2076000 97
2077000 97
2078000 97
2079000 97
2080000 97
2081000 98
2082000 98
2083000 98
2084000 98
2085000 98
2086000 98
2087000 98
2088000 98
2089000 98
2090000 98
2091000 98
2092000 98
2093000 98
2094000 98
2095000 98
2096000 98
2097000 98
2098000 98
2099000 99
2100000 99
2101000 99
2102000 99
2103000 99
2104000 99
2105000 99
2106000 99
2107000 99
2108000 99
2109000 99
2110000 99
2111000 99
2112000 99
2113000 100
2114000 100
2115000 100
2116000 100
2117000 100
2118000 100
2119000 100
2120000 100
2121000 100
2122000 100
2123000 100
2124000 101
2125000 101
2126000 101
2127000 101
2128000 101
2129000 101
2130000 101
2131000 101
2132000 101
2133000 101
2134000 101
2135000 101
2136000 101
2137000 102
2138000 102
2139000 102
2140000 102
2141000 102
2142000 102
2143000 102
2144000 102
2145000 102
2146000 102
2147000 102
2148000 102
2149000 102
2150000 102
2151000 102
2152000 102
2153000 103
2154000 103
2155000 103
2156000 103
2157000 103
2158000 103
2159000 103
2160000 103
2161000 103
2162000 103
2163000 103
2164000 103
2165000 103
2166000 103
2167000 104
2168000 104
2169000 104
2170000 104
2171000 104
2172000 104
2173000 104
2174000 104
2175000 104
2176000 104
2177000 104
2178000 104
2179000 104
2180000 104
2181000 104
2182000 104
2183000 104
2184000 105
2185000 105
2186000 105
2187000 105
2188000 105
2189000 105
2190000 105
2191000 105
2192000 105
2193000 105
2194000 105
2195000 105
2196000 105
2197000 105
2198000 105
2199000 105
2200000 105
2201000 105
2202000 106
2203000 106
2204000 106
2205000 106
2206000 106
2207000 106
2208000 106
2209000 106
2210000 106
2211000 106
2212000 106
2213000 106
2214000 106
2215000 106
2216000 106
2217000 106
2218000 106
2219000 106
2220000 106
2221000 106
2222000 106
2223000 106
2224000 106
2225000 106
2226000 106
2227000 106
2228000 106
2229000 106
2230000 106
2231000 106
2232000 106
2233000 106
2234000 106
2235000 106
2236000 106
2237000 106
2238000 106
2239000 106
2240000 106
2241000 106
2242000 106
2243000 106
2244000 106
2245000 106
2246000 106
2247000 106
2248000 106
2249000 106
2250000 106
2251000 106
2252000 106
2253000 106
2254000 106
2255000 106
2256000 106
2257000 106
2258000 106
2259000 106
2260000 106
2261000 106
2262000 106
2263000 106
2264000 106
2265000 106
2266000 106
2267000 106
2268000 106
2269000 106
2270000 106
2271000 106
2272000 106
2273000 106
2274000 106
2275000 106
2276000 106
2277000 106
2278000 106
2279000 106
2280000 106
2281000 106
2282000 106
2283000 106
2284000 106
2285000 106
2286000 106
2287000 106
2288000 106
2289000 106
2290000 106
2291000 106
2292000 106
2293000 106
2294000 106
2295000 106
2296000 106
2297000 106
2298000 106
2299000 106
2300000 106
2301000 106
2302000 106
2303000 106
2304000 106
2305000 106
2306000 106
2307000 106
2308000 106
2309000 106
2310000 106
2311000 106
2312000 106
2313000 106
2314000 106
2315000 106
2316000 106
2317000 106
2318000 106
2319000 106
2320000 106
2321000 107
2322000 107
2323000 107
2324000 107
2325000 107
2326000 107
2327000 107
2328000 107
2329000 107
2330000 107
2331000 107
2332000 107
2333000 107
2334000 107
2335000 107
2336000 107
2337000 107
2338000 107
2339000 107
2340000 107
2341000 107
2342000 107
2343000 107
2344000 107
2345000 107
2346000 107
2347000 107
2348000 107
2349000 107
2350000 107
2351000 107
2352000 107
2353000 107
2354000 107
2355000 107
2356000 107
2357000 107
2358000 107
2359000 107
2360000 107
2361000 107
2362000 107
2363000 107
2364000 107
2365000 107
2366000 107
2367000 107
2368000 107
2369000 107
2370000 107
2371000 107
2372000 107
2373000 107
2374000 107
2375000 107
2376000 107
2377000 107
2378000 107
2379000 107
2380000 107
2381000 107
2382000 107
2383000 107
2384000 107
2385000 108
2386000 108
2387000 108
2388000 108
2389000 108
2390000 108
2391000 108
2392000 108
2393000 108
2394000 108
2395000 108
2396000 108
2397000 108
2398000 108
2399000 108
2400000 108
2401000 109
2402000 109
2403000 109
2404000 109
2405000 109
2406000 109
2407000 109
2408000 109
2409000 109
2410000 109
2411000 109
2412000 109
2413000 109
2414000 110
2415000 110
2416000 110
2417000 110
2418000 110
2419000 110
2420000 110
2421000 110
2422000 110
2423000 110
2424000 110
2425000 110
2426000 110
2427000 110
2428000 110
2429000 110
2430000 111
2431000 111
2432000 111
2433000 111
2434000 111
2435000 111
2436000 111
2437000 111
2438000 111
2439000 111
2440000 111
2441000 111
2442000 112
2443000 112
2444000 112
2445000 112
2446000 112
2447000 112
2448000 112
2449000 112
2450000 112
2451000 112
2452000 112
2453000 112
2454000 112
2455000 113
2456000 113
2457000 113
2458000 113
2459000 113
2460000 113
2461000 113
2462000 113
2463000 113
2464000 113
2465000 113
2466000 114
2467000 114
2468000 114
2469000 114
2470000 114
2471000 114
2472000 114
2473000 114
2474000 114
2475000 114
2476000 114
2477000 114
2478000 114
2479000 114
2480000 115
2481000 115
2482000 115
2483000 115
2484000 115
2485000 115
2486000 115
2487000 115
2488000 115
2489000 115
2490000 115
2491000 115
2492000 116
2493000 116
2494000 116
2495000 116
2496000 116
2497000 116
2498000 116
2499000 116
2500000 116
2501000 116
2502000 116
2503000 116
2504000 116
2505000 116
2506000 116
2507000 116
2508000 116
2509000 116
2510000 116
2511000 116
2512000 116
2513000 116
2514000 116
2515000 116
2516000 116
2517000 116
2518000 116
2519000 116
2520000 117
2521000 117
2522000 117
2523000 117
2524000 117
2525000 117
2526000 117
2527000 117
2528000 117
2529000 117
2530000 117
2531000 117
2532000 117
2533000 117
2534000 117
2535000 118
2536000 118
2537000 118
2538000 118
2539000 118
2540000 118
2541000 118
2542000 118
2543000 118
2544000 118
2545000 118
2546000 118
2547000 118
2548000 119
2549000 119
2550000 119
2551000 119
2552000 119
2553000 119
2554000 119
2555000 119
2556000 119
2557000 119
2558000 119
2559000 119
2560000 119
2561000 120
2562000 120
2563000 120
2564000 120
2565000 120
2566000 120
2567000 120
2568000 120
2569000 120
2570000 120
2571000 120
2572000 120
2573000 121
2574000 121
2575000 121
2576000 121
2577000 121
2578000 121
2579000 121
2580000 121
2581000 121
2582000 121
2583000 121
2584000 121
2585000 121
2586000 122
2587000 122
2588000 122
2589000 122
2590000 122
2591000 122
2592000 122
2593000 122
2594000 122
2595000 122
2596000 122
2597000 122
2598000 122
2599000 122
2600000 122
2601000 122
2602000 122
2603000 123
2604000 123
2605000 123
2606000 123
2607000 123
2608000 123
2609000 123
2610000 123
2611000 123
2612000 123
2613000 123
2614000 124
2615000 124
2616000 124
2617000 124
2618000 124
2619000 124
2620000 124
2621000 124
2622000 124
2623000 124
2624000 124
2625000 124
2626000 124
2627000 125
2628000 125
2629000 125
2630000 125
2631000 125
2632000 125
2633000 125
2634000 125
2635000 125
2636000 125
2637000 126
2638000 126
2639000 126
2640000 126
2641000 126
2642000 126
2643000 126
2644000 126
2645000 126
2646000 126
2647000 126
2648000 126
2649000 127
2650000 127
2651000 127
2652000 127
2653000 127
2654000 127
2655000 127
2656000 127
2657000 127
2658000 127
2659000 127
2660000 127
2661000 127
2662000 127
2663000 127
2664000 127
2665000 128
2666000 128
2667000 128
2668000 128
2669000 128
2670000 128
2671000 128
2672000 128
2673000 128
2674000 128
2675000 128
2676000 128
2677000 128
2678000 129
2679000 129
2680000 129
2681000 129
2682000 129
2683000 129
2684000 129
2685000 129
2686000 129
2687000 129
2688000 129
2689000 129
2690000 129
2691000 129
2692000 129
2693000 129
2694000 129
2695000 129
2696000 130
2697000 130
2698000 130
2699000 130
2700000 130
2701000 130
2702000 130
2703000 130
2704000 130
2705000 130
2706000 130
2707000 130
2708000 130
2709000 130
2710000 130
2711000 131
2712000 131
2713000 131
2714000 131
2715000 131
2716000 131
2717000 131
2718000 131
2719000 131
2720000 132
2721000 132
2722000 132
2723000 132
2724000 132
2725000 132
2726000 132
2727000 132
2728000 132
2729000 132
2730000 132
2731000 132
2732000 133
2733000 133
2734000 133
2735000 133
2736000 133
2737000 133
2738000 133
2739000 133
2740000 133
2741000 133
2742000 133
2743000 134
2744000 134
2745000 134
2746000 134
2747000 134
2748000 134
2749000 134
2750000 134
2751000 134
2752000 134
2753000 134
2754000 134
2755000 134
2756000 134
2757000 134
2758000 135
2759000 135
2760000 135
2761000 135
2762000 135
2763000 135
2764000 135
2765000 135
2766000 135
2767000 135
2768000 135
2769000 136
2770000 136
2771000 136
2772000 136
2773000 136
2774000 136
2775000 136
2776000 136
2777000 136
2778000 136
2779000 136
2780000 136
2781000 137
2782000 137
2783000 137
2784000 137
2785000 137
2786000 137
2787000 137
2788000 137
2789000 137
2790000 137
2791000 137
2792000 137
2793000 137
2794000 137
2795000 138
2796000 138
2797000 138
2798000 138
2799000 138
2800000 138
2801000 138
2802000 138
2803000 138
2804000 138
2805000 139
2806000 139
2807000 139
2808000 139
2809000 139
2810000 139
2811000 139
2812000 139
2813000 139
2814000 139
2815000 139
2816000 139
2817000 139
2818000 139
2819000 139
2820000 139
2821000 139
2822000 140
2823000 140
2824000 140
2825000 140
2826000 140
2827000 140
2828000 140
2829000 140
2830000 140
2831000 140
2832000 140
2833000 140
2834000 140
2835000 140
2836000 140
2837000 141
2838000 141
2839000 141
2840000 141
2841000 141
2842000 141
2843000 141
2844000 141
2845000 141
2846000 141
2847000 141
2848000 141
2849000 141
2850000 141
2851000 141
2852000 141
2853000 142
2854000 142
2855000 142
2856000 142
2857000 142
2858000 142
2859000 142
2860000 142
2861000 142
2862000 142
2863000 142
2864000 142
2865000 142
2866000 142
2867000 142
2868000 142
2869000 142
2870000 143
2871000 143
2872000 143
2873000 143
2874000 143
2875000 143
2876000 143
2877000 143
2878000 143
2879000 143
2880000 143
2881000 143
2882000 143
2883000 143
2884000 143
2885000 143
2886000 143
2887000 144
2888000 144
2889000 144
2890000 144
2891000 144
2892000 144
2893000 144
2894000 144
2895000 144
2896000 144
2897000 144
2898000 145
2899000 145
2900000 145
2901000 145
2902000 145
2903000 145
2904000 145
2905000 145
2906000 145
2907000 145
2908000 145
2909000 145
2910000 145
2911000 145
2912000 145
2913000 145
2914000 146
2915000 146
2916000 146
2917000 146
2918000 146
2919000 146
2920000 146
2921000 146
2922000 146
2923000 146
2924000 146
2925000 146
2926000 146
2927000 146
2928000 146
2929000 147
2930000 147
2931000 147
2932000 147
2933000 147
2934000 147
2935000 147
2936000 147
2937000 147
2938000 147
2939000 147
2940000 147
2941000 147
2942000 147
2943000 147
2944000 147
2945000 147
2946000 147
2947000 147
2948000 148
2949000 148
2950000 148
2951000 148
2952000 148
2953000 148
2954000 148
2955000 148
2956000 148
2957000 148
2958000 148
2959000 148
2960000 149
2961000 149
2962000 149
2963000 149
2964000 149
2965000 149
2966000 149
2967000 149
2968000 149
2969000 149
2970000 149
2971000 149
2972000 149
2973000 149
2974000 150
2975000 150
2976000 150
2977000 150
2978000 150
2979000 150
2980000 150
2981000 150
2982000 150
2983000 150
2984000 150
2985000 150
2986000 151
2987000 151
2988000 151
2989000 151
2990000 151
2991000 151
2992000 151
2993000 151
2994000 151
2995000 151
2996000 151
2997000 151
2998000 151
2999000 151
3000000 152
3001000 152
3002000 152
3003000 152
3004000 152
3005000 152
3006000 152
3007000 152
3008000 152
3009000 152
3010000 152
3011000 152
3012000 152
3013000 152
3014000 153
3015000 153
3016000 153
3017000 153
3018000 153
3019000 153
3020000 153
3021000 153
3022000 153
3023000 153
3024000 153
3025000 153
3026000 153
3027000 154
3028000 154
3029000 154
3030000 154
3031000 154
3032000 154
3033000 154
3034000 154
3035000 154
3036000 154
3037000 154
3038000 154
3039000 154
3040000 154
3041000 154
3042000 154
3043000 154
3044000 154
3045000 154
3046000 154
3047000 154
3048000 154
3049000 154
3050000 154
3051000 154
3052000 154
3053000 155
3054000 155
3055000 155
3056000 155
3057000 155
3058000 155
3059000 155
3060000 155
3061000 155
3062000 155
3063000 155
3064000 155
3065000 155
3066000 155
3067000 155
3068000 155
3069000 155
3070000 155
3071000 155
3072000 155
3073000 155
3074000 155
3075000 155
3076000 155
3077000 155
3078000 155
3079000 155
3080000 155
3081000 155
3082000 155
3083000 155
3084000 155
3085000 155
3086000 155
3087000 155
3088000 155
3089000 155
3090000 155
3091000 155
3092000 155
3093000 155
3094000 155
3095000 155
3096000 155
3097000 155
3098000 155
3099000 155
3100000 155
3101000 155
3102000 155
3103000 155
3104000 155
3105000 155
3106000 155
3107000 155
3108000 155
3109000 155
3110000 155
3111000 155
3112000 155
3113000 155
3114000 155
3115000 155
3116000 155
3117000 155
3118000 155
3119000 155
3120000 155
3121000 155
3122000 155
3123000 156
3124000 156
3125000 156
3126000 156
3127000 156
3128000 156
3129000 156
3130000 156
3131000 156
3132000 156
3133000 156
3134000 156
3135000 156
3136000 156
3137000 156
3138000 156
3139000 156
3140000 156
3141000 156
3142000 156
3143000 156
3144000 156
3145000 156
3146000 156
3147000 157
3148000 157
3149000 157
3150000 157
3151000 157
3152000 157
3153000 157
3154000 157
3155000 157
3156000 157
3157000 157
3158000 157
3159000 157
3160000 157
3161000 157
3162000 157
3163000 157
3164000 157
3165000 157
3166000 157
3167000 157
3168000 157
3169000 157
3170000 157
3171000 157
3172000 157
3173000 157
3174000 157
3175000 157
3176000 157
3177000 157
3178000 157
3179000 157
3180000 157
3181000 157
3182000 157
3183000 157
3184000 157
3185000 157
3186000 157
3187000 157
3188000 157
3189000 157
3190000 157
3191000 157
3192000 157
3193000 157
3194000 157
3195000 157
3196000 157
3197000 157
3198000 157
3199000 157
3200000 157
3201000 157
3202000 157
3203000 157
3204000 157
3205000 157
3206000 157
3207000 157
3208000 157
3209000 157
3210000 157
3211000 157
3212000 157
3213000 157
3214000 157
3215000 158
3216000 158
3217000 158
3218000 158
3219000 158
3220000 158
3221000 158
3222000 158
3223000 158
3224000 158
3225000 158
3226000 158
3227000 158
3228000 158
3229000 158
3230000 158
3231000 158
3232000 158
3233000 158
3234000 158
3235000 158
3236000 158
3237000 158
3238000 158
3239000 158
3240000 158
3241000 158
3242000 158
3243000 158
3244000 158
3245000 158
3246000 158
3247000 158
3248000 158
3249000 158
3250000 158
3251000 158
3252000 158
3253000 158
3254000 158
3255000 158
3256000 158
3257000 158
3258000 158
3259000 158
3260000 158
3261000 158
3262000 158
3263000 158
3264000 158
3265000 158
3266000 158
3267000 158
3268000 158
3269000 158
3270000 158
3271000 158
3272000 158
3273000 158
3274000 158
3275000 158
3276000 158
3277000 158
3278000 158
3279000 158
3280000 158
3281000 158
3282000 158
3283000 158
3284000 158
3285000 158
3286000 158
3287000 158
3288000 158
3289000 158
3290000 158
3291000 158
3292000 158
3293000 158
3294000 158
3295000 158
3296000 158
3297000 158
3298000 158
3299000 158
3300000 158
3301000 158
3302000 158
3303000 158
3304000 158
3305000 158
3306000 158
3307000 158
3308000 158
3309000 158
3310000 158
3311000 158
3312000 158
3313000 158
3314000 158
3315000 158
3316000 158
3317000 158
3318000 158
3319000 158
3320000 158
3321000 158
3322000 158
3323000 158
3324000 158
3325000 158
3326000 158
3327000 158
3328000 158
3329000 158
3330000 158
3331000 158
3332000 158
3333000 158
3334000 158
3335000 158
3336000 158
3337000 158
3338000 158
3339000 158
3340000 158
3341000 158
3342000 158
3343000 158
3344000 158
3345000 158
3346000 158
3347000 158
3348000 158
3349000 158
3350000 158
3351000 158
3352000 158
3353000 158
3354000 158
3355000 158
3356000 158
3357000 158
3358000 158
3359000 158
3360000 158
3361000 158
3362000 158
3363000 158
3364000 158
3365000 158
3366000 158
3367000 158
3368000 158
3369000 158
3370000 158
3371000 158
3372000 158
3373000 158
3374000 158
3375000 158
3376000 158
3377000 158
3378000 158
3379000 159
3380000 159
3381000 159
3382000 159
3383000 159
3384000 159
3385000 159
3386000 159
3387000 159
3388000 159
3389000 159
3390000 159
3391000 159
3392000 159
3393000 159
3394000 159
3395000 159
3396000 159
3397000 159
3398000 159
3399000 159
3400000 159
3401000 159
3402000 159
3403000 159
3404000 159
3405000 159
3406000 159
3407000 159
3408000 159
3409000 159
3410000 159
3411000 159
3412000 159
3413000 159
3414000 159
3415000 159
3416000 159
3417000 159
3418000 159
3419000 159
3420000 159
3421000 159
3422000 159
3423000 159
3424000 159
3425000 159
3426000 159
3427000 159
3428000 159
3429000 159
3430000 159
3431000 159
3432000 159
3433000 159
3434000 159
3435000 159
3436000 159
3437000 159
3438000 159
3439000 159
3440000 159
3441000 159
3442000 159
3443000 159
3444000 159
3445000 159
3446000 159
3447000 159
3448000 159
3449000 159
3450000 159
3451000 159
3452000 159
3453000 159
3454000 159
3455000 159
3456000 159
3457000 159
3458000 159
3459000 159
3460000 159
3461000 159
3462000 159
3463000 159
3464000 159
3465000 159
3466000 159
3467000 159
3468000 159
3469000 159
3470000 159
3471000 159
3472000 159
3473000 159
3474000 159
3475000 159
3476000 159
3477000 159
3478000 159
3479000 159
3480000 159
3481000 159
3482000 159
3483000 159
3484000 159
3485000 159
3486000 159
3487000 159
3488000 159
3489000 159
3490000 159
3491000 159
3492000 159
3493000 159
3494000 159
3495000 159
3496000 160
3497000 160
3498000 160
3499000 160
3500000 160
3501000 160
3502000 160
3503000 160
3504000 160
3505000 160
3506000 160
3507000 160
3508000 160
3509000 160
3510000 160
3511000 160
3512000 160
3513000 160
3514000 160
3515000 160
3516000 160
3517000 160
3518000 160
3519000 160
3520000 160
3521000 160
3522000 160
3523000 160
3524000 160
3525000 160
3526000 160
3527000 160
3528000 160
3529000 161
3530000 161
3531000 161
3532000 161
3533000 161
3534000 161
3535000 161
3536000 161
3537000 161
3538000 161
3539000 161
3540000 161
3541000 161
3542000 161
3543000 161
3544000 161
3545000 161
3546000 161
3547000 161
3548000 161
3549000 161
3550000 161
3551000 161
3552000 161
3553000 161
3554000 161
3555000 161
3556000 161
3557000 161
3558000 161
3559000 161
3560000 161
3561000 161
3562000 161
3563000 161
3564000 161
3565000 161
3566000 161
3567000 161
3568000 161
3569000 161
3570000 161
3571000 161
3572000 161
3573000 161
3574000 161
3575000 161
3576000 161
3577000 161
3578000 161
3579000 161
3580000 161
3581000 161
3582000 161
3583000 161
3584000 161
3585000 161
3586000 161
3587000 161
3588000 161
3589000 161
3590000 161
3591000 161
3592000 161
3593000 161
3594000 161
3595000 161
3596000 161
3597000 161
3598000 161
3599000 161
3600000 161
3601000 161
3602000 161
3603000 161
3604000 161
3605000 161
3606000 161
3607000 161
3608000 161
3609000 161
3610000 161
3611000 161
3612000 161
3613000 161
3614000 161
3615000 161
3616000 161
3617000 161
3618000 161
3619000 161
3620000 161
3621000 161
3622000 161
3623000 161
3624000 161
3625000 161
3626000 161
3627000 161
3628000 161
3629000 161
3630000 161
3631000 161
3632000 161
3633000 161
3634000 161
3635000 161
3636000 161
3637000 161
3638000 161
3639000 161
3640000 161
3641000 161
3642000 161
3643000 161
3644000 161
3645000 161
3646000 161
3647000 161
3648000 161
3649000 161
3650000 161
3651000 161
3652000 161
3653000 161
3654000 161
3655000 161
3656000 161
3657000 161
3658000 161
3659000 161
3660000 161
3661000 161
3662000 161
3663000 161
3664000 161
3665000 161
3666000 161
3667000 161
3668000 161
3669000 161
3670000 161
3671000 161
3672000 161
3673000 161
3674000 161
3675000 161
3676000 161
3677000 161
3678000 161
3679000 161
3680000 161
3681000 161
3682000 161
3683000 161
3684000 161
3685000 161
3686000 161
3687000 161
3688000 161
3689000 161
3690000 161
3691000 161
3692000 161
3693000 161
3694000 161
3695000 161
3696000 161
3697000 161
3698000 161
3699000 161
3700000 161
3701000 161
3702000 161
3703000 161
3704000 161
3705000 161
3706000 161
3707000 161
3708000 161
3709000 161
3710000 161
3711000 161
3712000 161
3713000 161
3714000 161
3715000 161
3716000 161
3717000 161
3718000 161
3719000 161
3720000 161
3721000 161
3722000 161
3723000 161
3724000 161
3725000 161
3726000 161
3727000 161
3728000 161
3729000 161
3730000 161
3731000 161
3732000 161
3733000 161
3734000 161
3735000 161
3736000 161
3737000 161
3738000 161
3739000 161
3740000 161
3741000 161
3742000 161
3743000 161
3744000 161
3745000 161
3746000 161
3747000 161
3748000 161
3749000 161
3750000 161
3751000 161
3752000 161
3753000 161
3754000 161
3755000 161
3756000 161
3757000 161
3758000 161
3759000 161
3760000 161
3761000 161
3762000 161
3763000 161
3764000 161
3765000 161
3766000 161
3767000 161
3768000 161
3769000 161
3770000 161
3771000 161
3772000 161
3773000 161
3774000 161
3775000 161
3776000 161
3777000 161
3778000 161
3779000 161
3780000 161
3781000 161
3782000 161
3783000 161
3784000 161
3785000 161
3786000 161
3787000 161
3788000 161
3789000 161
3790000 161
3791000 161
3792000 162
3793000 162
3794000 162
3795000 162
3796000 162
3797000 162
3798000 162
3799000 162
3800000 162
3801000 162
3802000 162
3803000 162
3804000 162
3805000 163
3806000 163
3807000 163
3808000 163
3809000 163
3810000 163
3811000 163
3812000 163
3813000 163
3814000 163
3815000 163
3816000 163
3817000 163
3818000 164
3819000 164
3820000 164
3821000 164
3822000 164
3823000 164
3824000 164
3825000 164
3826000 164
3827000 164
3828000 164
3829000 164
3830000 165
3831000 165
3832000 165
3833000 165
3834000 165
3835000 165
3836000 165
3837000 165
3838000 165
3839000 165
3840000 165
3841000 165
3842000 165
3843000 165
3844000 165
3845000 166
3846000 166
3847000 166
3848000 166
3849000 166
3850000 166
3851000 166
3852000 166
3853000 166
3854000 166
3855000 166
3856000 166
3857000 166
3858000 166
3859000 166
3860000 166
3861000 166
3862000 166
3863000 166
3864000 166
3865000 166
3866000 166
3867000 166
3868000 166
3869000 166
3870000 166
3871000 166
3872000 166
3873000 166
3874000 166
3875000 166
3876000 166
3877000 166
3878000 166
3879000 166
3880000 166
3881000 166
3882000 166
3883000 166
3884000 166
3885000 166
3886000 166
3887000 166
3888000 166
3889000 166
3890000 166
3891000 166
3892000 166
3893000 166
3894000 166
3895000 166
3896000 166
3897000 166
3898000 166
3899000 166
3900000 166
3901000 166
3902000 166
3903000 166
3904000 166
3905000 166
3906000 167
3907000 167
3908000 167
3909000 167
3910000 167
3911000 167
3912000 167
3913000 167
3914000 167
3915000 167
3916000 168
3917000 168
3918000 168
3919000 168
3920000 168
3921000 168
3922000 168
3923000 168
3924000 168
3925000 168
3926000 169
3927000 169
3928000 169
3929000 169
3930000 169
3931000 169
3932000 169
3933000 169
3934000 169
3935000 169
3936000 169
3937000 169
3938000 169
3939000 169
3940000 170
3941000 170
3942000 170
3943000 170
3944000 170
3945000 170
3946000 170
3947000 170
3948000 170
3949000 170
3950000 170
3951000 171
3952000 171
3953000 171
3954000 171
3955000 171
3956000 171
3957000 171
3958000 171
3959000 171
3960000 171
3961000 171
3962000 171
3963000 171
3964000 171
3965000 172
3966000 172
3967000 172
3968000 172
3969000 172
3970000 172
3971000 172
3972000 172
3973000 172
3974000 172
3975000 172
3976000 172
3977000 172
3978000 172
3979000 172
3980000 172
3981000 172
3982000 173
3983000 173
3984000 173
3985000 173
3986000 173
3987000 173
3988000 173
3989000 173
3990000 173
3991000 173
3992000 174
3993000 174
3994000 174
3995000 174
3996000 174
3997000 174
3998000 174
3999000 174
4000000 174
4001000 174
4002000 174
4003000 174
4004000 174
4005000 174
4006000 174
4007000 175
4008000 175
4009000 175
4010000 175
4011000 175
4012000 175
4013000 175
4014000 175
4015000 175
4016000 175
4017000 175
4018000 175
4019000 175
4020000 175
4021000 176
4022000 176
4023000 176
4024000 176
4025000 176
4026000 176
4027000 176
4028000 176
4029000 176
4030000 176
4031000 176
4032000 176
4033000 176
4034000 177
4035000 177
4036000 177
4037000 177
4038000 177
4039000 177
4040000 177
4041000 177
4042000 177
4043000 177
4044000 177
4045000 177
4046000 178
4047000 178
4048000 178
4049000 178
4050000 178
4051000 178
4052000 178
4053000 178
4054000 178
4055000 178
4056000 178
4057000 178
4058000 178
4059000 179
4060000 179
4061000 179
4062000 179
4063000 179
4064000 179
4065000 179
4066000 179
4067000 179
4068000 179
4069000 180
4070000 180
4071000 180
4072000 180
4073000 180
4074000 180
4075000 180
4076000 180
4077000 180
4078000 180
4079000 180
4080000 181
4081000 181
4082000 181
4083000 181
4084000 181
4085000 181
4086000 181
4087000 181
4088000 181
4089000 181
4090000 181
4091000 181
4092000 181
4093000 181
4094000 181
4095000 181
4096000 181
4097000 181
4098000 182
4099000 182
4100000 182
4101000 182
4102000 182
4103000 182
4104000 182
4105000 182
4106000 182
4107000 182
4108000 182
4109000 182
4110000 183
4111000 183
4112000 183
4113000 183
4114000 183
4115000 183
4116000 183
4117000 183
4118000 183
4119000 183
4120000 183
4121000 183
4122000 183
4123000 183
4124000 183
4125000 183
4126000 183
4127000 183
4128000 183
4129000 183
4130000 183
4131000 183
4132000 183
4133000 183
4134000 183
4135000 183
4136000 183
4137000 183
4138000 183
4139000 183
4140000 183
4141000 183
4142000 183
4143000 183
4144000 183
4145000 183
4146000 183
4147000 183
4148000 183
4149000 183
4150000 183
4151000 183
4152000 183
4153000 183
4154000 183
4155000 183
4156000 183
4157000 183
4158000 183
4159000 183
4160000 183
4161000 183
4162000 183
4163000 183
4164000 183
4165000 183
4166000 183
4167000 183
4168000 183
4169000 183
4170000 183
4171000 183
4172000 183
4173000 183
4174000 183
4175000 183
4176000 183
4177000 183
4178000 183
4179000 183
4180000 183
4181000 183
4182000 183
4183000 183
4184000 183
4185000 183
4186000 183
4187000 183
4188000 183
4189000 183
4190000 183
4191000 183
4192000 183
4193000 183
4194000 183
4195000 183
4196000 183
4197000 183
4198000 183
4199000 183
4200000 183
4201000 183
4202000 183
4203000 183
4204000 183
4205000 183
4206000 183
4207000 183
4208000 183
4209000 183
4210000 183
4211000 183
4212000 183
4213000 183
4214000 183
4215000 183
4216000 183
4217000 183
4218000 183
4219000 183
4220000 183
4221000 183
4222000 184
4223000 184
4224000 184
4225000 184
4226000 184
4227000 184
4228000 184
4229000 184
4230000 184
4231000 184
4232000 184
4233000 184
4234000 185
4235000 185
4236000 185
4237000 185
4238000 185
4239000 185
4240000 185
4241000 185
4242000 185
4243000 185
4244000 185
4245000 185
4246000 186
4247000 186
4248000 186
4249000 186
4250000 186
4251000 186
4252000 186
4253000 186
4254000 186
4255000 186
4256000 186
4257000 186
4258000 187
4259000 187
4260000 187
4261000 187
4262000 187
4263000 187
4264000 187
4265000 187
4266000 187
4267000 187
4268000 187
4269000 187
4270000 187
4271000 187
4272000 187
4273000 187
4274000 187
4275000 187
4276000 187
4277000 187
4278000 187
4279000 187
4280000 187
4281000 187
4282000 187
4283000 187
4284000 187
4285000 187
4286000 187
4287000 187
4288000 187
4289000 187
4290000 187
4291000 187
4292000 187
4293000 187
4294000 187
4295000 187
4296000 187
4297000 187
4298000 187
4299000 187
4300000 187
4301000 187
4302000 187
4303000 187
4304000 187
4305000 187
4306000 187
4307000 187
4308000 187
4309000 187
4310000 187
4311000 187
4312000 187
4313000 187
4314000 187
4315000 187
4316000 187
4317000 187
4318000 187
4319000 187
4320000 187
4321000 187
4322000 187
4323000 187
4324000 188
4325000 188
4326000 188
4327000 188
4328000 188
4329000 188
4330000 188
4331000 188
4332000 188
4333000 188
4334000 188
4335000 188
4336000 188
4337000 188
4338000 188
4339000 188
4340000 188
4341000 188
4342000 188
4343000 189
4344000 189
4345000 189
4346000 189
4347000 189
4348000 189
4349000 189
4350000 189
4351000 189
4352000 189
4353000 189
4354000 189
4355000 189
4356000 189
4357000 189
4358000 189
4359000 189
4360000 189
4361000 189
4362000 189
4363000 189
4364000 189
4365000 189
4366000 189
4367000 189
4368000 189
4369000 189
4370000 189
4371000 189
4372000 189
4373000 189
4374000 189
4375000 189
4376000 189
4377000 189
4378000 189
4379000 189
4380000 189
4381000 189
4382000 189
4383000 189
4384000 189
4385000 189
4386000 189
4387000 189
4388000 189
4389000 189
4390000 189
4391000 189
4392000 189
4393000 189
4394000 189
4395000 189
4396000 189
4397000 189
4398000 189
4399000 189
4400000 189
4401000 189
4402000 189
4403000 189
4404000 189
4405000 189
4406000 189
4407000 190
4408000 190
4409000 190
4410000 190
4411000 190
4412000 190
4413000 190
4414000 190
4415000 190
4416000 190
4417000 190
4418000 190
4419000 190
4420000 190
4421000 190
4422000 190
4423000 190
4424000 191
4425000 191
4426000 191
4427000 191
4428000 191
4429000 191
4430000 191
4431000 191
4432000 191
4433000 191
4434000 191
4435000 191
4436000 192
4437000 192
4438000 192
4439000 192
4440000 192
4441000 192
4442000 192
4443000 192
4444000 192
4445000 192
4446000 192
4447000 192
4448000 193
4449000 193
4450000 193
4451000 193
4452000 193
4453000 193
4454000 193
4455000 193
4456000 193
4457000 193
4458000 193
4459000 194
4460000 194
4461000 194
4462000 194
4463000 194
4464000 194
4465000 194
4466000 194
4467000 194
4468000 194
4469000 194
4470000 194
4471000 194
4472000 194
4473000 195
4474000 195
4475000 195
4476000 195
4477000 195
4478000 195
4479000 195
4480000 195
4481000 195
4482000 195
4483000 195
4484000 195
4485000 196
4486000 196
4487000 196
4488000 196
4489000 196
4490000 196
4491000 196
4492000 196
4493000 196
4494000 196
4495000 196
4496000 196
4497000 197
4498000 197
4499000 197
4500000 197
4501000 197
4502000 197
4503000 197
4504000 197
4505000 197
4506000 197
4507000 198
4508000 198
4509000 198
4510000 198
4511000 198
4512000 198
4513000 198
4514000 198
4515000 198
4516000 198
4517000 198
4518000 198
4519000 198
4520000 198
4521000 198
4522000 198
4523000 198
4524000 198
4525000 198
4526000 199
4527000 199
4528000 199
4529000 199
4530000 199
4531000 199
4532000 199
4533000 199
4534000 199
4535000 199
4536000 199
4537000 199
4538000 199
4539000 200
4540000 200
4541000 200
4542000 200
4543000 200
4544000 200
4545000 200
4546000 200
4547000 200
4548000 200
4549000 200
4550000 200
4551000 200
4552000 200
4553000 200
4554000 200
4555000 200
4556000 200
4557000 200
4558000 200
4559000 200
4560000 201
4561000 201
4562000 201
4563000 201
4564000 201
4565000 201
4566000 201
4567000 201
4568000 201
4569000 201
4570000 201
4571000 201
4572000 201
4573000 202
4574000 202
4575000 202
4576000 202
4577000 202
4578000 202
4579000 202
4580000 202
4581000 202
4582000 202
4583000 202
4584000 202
4585000 202
4586000 202
4587000 202
4588000 202
4589000 202
4590000 202
4591000 202
4592000 202
4593000 202
4594000 202
4595000 202
4596000 202
4597000 202
4598000 202
4599000 202
4600000 202
4601000 202
4602000 202
4603000 202
4604000 202
4605000 202
4606000 202
4607000 202
4608000 202
4609000 202
4610000 202
4611000 202
4612000 202
4613000 202
4614000 202
4615000 202
4616000 202
4617000 202
4618000 202
4619000 202
4620000 202
4621000 202
4622000 202
4623000 202
4624000 202
4625000 202
4626000 202
4627000 202
4628000 202
4629000 202
4630000 202
4631000 202
4632000 202
4633000 202
4634000 202
4635000 202
4636000 202
4637000 202
4638000 202
4639000 202
4640000 202
4641000 202
4642000 202
4643000 202
4644000 202
4645000 202
4646000 203
4647000 203
4648000 203
4649000 203
4650000 203
4651000 203
4652000 203
4653000 203
4654000 203
4655000 203
4656000 203
4657000 203
4658000 204
4659000 204
4660000 204
4661000 204
4662000 204
4663000 204
4664000 204
4665000 204
4666000 204
4667000 204
4668000 204
4669000 204
4670000 204
4671000 205
4672000 205
4673000 205
4674000 205
4675000 205
4676000 205
4677000 205
4678000 205
4679000 205
4680000 205
4681000 205
4682000 205
4683000 205
4684000 205
4685000 205
4686000 205
4687000 205
4688000 205
4689000 205
4690000 205
4691000 205
4692000 205
4693000 206
4694000 206
4695000 206
4696000 206
4697000 206
4698000 206
4699000 206
4700000 206
4701000 206
4702000 206
4703000 206
4704000 206
4705000 206
4706000 206
4707000 206
4708000 206
4709000 207
4710000 207
4711000 207
4712000 207
4713000 207
4714000 207
4715000 207
4716000 207
4717000 207
4718000 207
4719000 207
4720000 207
4721000 207
4722000 207
4723000 207
4724000 207
4725000 208
4726000 208
4727000 208
4728000 208
4729000 208
4730000 208
4731000 208
4732000 208
4733000 208
4734000 208
4735000 208
4736000 208
4737000 208
4738000 208
4739000 208
4740000 208
4741000 208
4742000 208
4743000 208
4744000 208
4745000 208
4746000 208
4747000 208
4748000 208
4749000 208
4750000 208
4751000 208
4752000 208
4753000 208
4754000 208
4755000 208
4756000 208
4757000 208
4758000 208
4759000 208
4760000 208
4761000 208
4762000 208
4763000 208
4764000 208
4765000 209
4766000 209
4767000 209
4768000 209
4769000 209
4770000 209
4771000 209
4772000 209
4773000 209
4774000 209
4775000 209
4776000 209
4777000 209
4778000 209
4779000 209
4780000 209
4781000 209
4782000 209
4783000 209
4784000 209
4785000 209
4786000 210
4787000 210
4788000 210
4789000 210
4790000 210
4791000 210
4792000 210
4793000 210
4794000 210
4795000 210
4796000 210
4797000 210
4798000 210
4799000 210
4800000 210
4801000 211
4802000 211
4803000 211
4804000 211
4805000 211
4806000 211
4807000 211
4808000 211
4809000 211
4810000 211
4811000 211
4812000 211
4813000 211
4814000 211
4815000 211
4816000 211
4817000 211
4818000 211
4819000 211
4820000 211
4821000 211
4822000 211
4823000 212
4824000 212
4825000 212
4826000 212
4827000 212
4828000 212
4829000 212
4830000 212
4831000 212
4832000 212
4833000 212
4834000 212
4835000 212
4836000 212
4837000 212
4838000 212
4839000 212
4840000 212
4841000 212
4842000 212
4843000 212
4844000 212
4845000 212
4846000 212
4847000 212
4848000 212
4849000 212
4850000 212
4851000 212
4852000 212
4853000 212
4854000 212
4855000 212
4856000 212
4857000 212
4858000 212
4859000 212
4860000 212
4861000 212
4862000 212
4863000 212
4864000 212
4865000 212
4866000 212
4867000 212
4868000 212
4869000 212
4870000 212
4871000 212
4872000 212
4873000 212
4874000 212
4875000 212
4876000 212
4877000 212
4878000 212
4879000 212
4880000 212
4881000 212
4882000 212
4883000 212
4884000 212
4885000 212
4886000 212
4887000 212
4888000 212
4889000 212
4890000 212
4891000 212
4892000 212
4893000 212
4894000 212
4895000 212
4896000 212
4897000 212
4898000 212
4899000 212
4900000 212
4901000 212
4902000 212
4903000 212
4904000 212
4905000 212
4906000 212
4907000 212
4908000 212
4909000 212
4910000 212
4911000 212
4912000 212
4913000 212
4914000 212
4915000 212
4916000 212
4917000 212
4918000 212
4919000 212
4920000 212
4921000 212
4922000 212
4923000 212
4924000 212
4925000 212
4926000 212
4927000 212
4928000 212
4929000 212
4930000 212
4931000 212
4932000 212
4933000 212
4934000 212
4935000 212
4936000 212
4937000 212
4938000 212
4939000 212
4940000 212
4941000 212
4942000 212
4943000 212
4944000 212
4945000 212
4946000 212
4947000 212
4948000 212
4949000 212
4950000 212
4951000 212
4952000 212
4953000 212
4954000 212
4955000 212
4956000 212
4957000 212
4958000 212
4959000 212
4960000 212
4961000 212
4962000 212
4963000 212
4964000 212
4965000 212
4966000 212
4967000 212
4968000 212
4969000 212
4970000 212
4971000 212
4972000 212
4973000 212
4974000 212
4975000 212
4976000 212
4977000 212
4978000 212
4979000 212
4980000 212
4981000 212
4982000 212
4983000 212
4984000 212
4985000 212
4986000 212
4987000 212
4988000 212
4989000 212
4990000 212
4991000 212
4992000 212
4993000 212
4994000 212
4995000 212
4996000 212
4997000 212
4998000 212
4999000 212
5000000 212
