0 0
1000 0
2000 0
3000 0
4000 0
5000 0
6000 0
7000 0
8000 0
9000 0
10000 0
11000 0
12000 0
13000 0
14000 0
15000 0
16000 0
17000 0
18000 0
19000 0
20000 0
21000 0
22000 0
23000 0
24000 0
25000 0
26000 0
27000 0
28000 0
29000 0
30000 0
31000 0
32000 0
33000 0
34000 0
35000 0
36000 0
37000 0
38000 0
39000 0
40000 0
41000 0
42000 0
43000 0
44000 0
45000 0
46000 0
47000 0
48000 0
49000 0
50000 0
51000 0
52000 0
53000 0
54000 0
55000 0
56000 0
57000 0
58000 0
59000 0
60000 0
61000 0
62000 0
63000 0
64000 0
65000 0
66000 0
67000 0
68000 0
69000 0
70000 0
71000 0
72000 0
73000 0
74000 0
75000 0
76000 0
77000 0
78000 0
79000 0
80000 0
81000 0
82000 0
83000 0
84000 0
85000 0
86000 0
87000 0
88000 0
89000 0
90000 0
91000 0
92000 0
93000 0
94000 0
95000 0
96000 0
97000 0
98000 0
99000 0
100000 0
101000 0
102000 0
103000 0
104000 0
105000 0
106000 0
107000 0
108000 0
109000 0
110000 0
111000 0
112000 0
113000 0
114000 0
115000 0
116000 0
117000 0
118000 0
119000 0
120000 0
121000 0
122000 0
123000 0
124000 0
125000 1
126000 1
127000 1
128000 1
129000 1
130000 1
131000 1
132000 1
133000 1
134000 1
135000 1
136000 1
137000 1
138000 1
139000 1
140000 1
141000 1
142000 1
143000 1
144000 1
145000 1
146000 1
147000 1
148000 1
149000 1
150000 1
151000 1
152000 1
153000 1
154000 1
155000 1
156000 1
157000 1
158000 1
159000 1
160000 1
161000 1
162000 1
163000 1
164000 2
165000 2
166000 2
167000 2
168000 2
169000 2
170000 2
171000 2
172000 2
173000 2
174000 2
175000 2
176000 2
177000 2
178000 2
179000 2
180000 2
181000 2
182000 2
183000 2
184000 2
185000 2
186000 2
187000 2
188000 2
189000 2
190000 2
191000 2
192000 2
193000 2
194000 2
195000 2
196000 2
197000 2
198000 2
199000 2
200000 3
201000 3
202000 3
203000 3
204000 3
205000 3
206000 3
207000 3
208000 3
209000 3
210000 3
211000 3
212000 3
213000 3
214000 3
215000 3
216000 3
217000 3
218000 3
219000 3
220000 3
221000 3
222000 3
223000 3
224000 3
225000 3
226000 3
227000 3
228000 3
229000 3
230000 3
231000 3
232000 3
233000 3
234000 3
235000 3
236000 3
237000 3
238000 3
239000 3
240000 3
241000 3
242000 3
243000 3
244000 3
245000 3
246000 3
247000 3
248000 3
249000 3
250000 3
251000 3
252000 3
253000 3
254000 3
255000 3
256000 3
257000 3
258000 3
259000 3
260000 3
261000 3
262000 3
263000 3
264000 3
265000 3
266000 3
267000 3
268000 3
269000 3
270000 3
271000 3
272000 3
273000 3
274000 3
275000 3
276000 3
277000 3
278000 3
279000 3
280000 3
281000 3
282000 3
283000 3
284000 3
285000 3
286000 3
287000 3
288000 3
289000 3
290000 3
291000 3
292000 3
293000 3
294000 3
295000 3
296000 3
297000 3
298000 3
299000 3
300000 3
301000 3
302000 3
303000 3
304000 3
305000 3
306000 3
307000 3
308000 3
309000 3
310000 3
311000 3
312000 3
313000 3
314000 3
315000 3
316000 3
317000 3
318000 3
319000 3
320000 3
321000 3
322000 3
323000 3
324000 3
325000 3
326000 3
327000 3
328000 3
329000 3
330000 3
331000 3
332000 3
333000 3
334000 3
335000 3
336000 3
337000 3
338000 3
339000 3
340000 3
341000 3
342000 3
343000 3
344000 3
345000 3
346000 3
347000 3
348000 3
349000 3
350000 3
351000 3
352000 3
353000 3
354000 3
355000 3
356000 3
357000 3
358000 3
359000 3
360000 3
361000 3
362000 3
363000 3
364000 3
365000 3
366000 3
367000 3
368000 3
369000 3
370000 3
371000 3
372000 3
373000 3
374000 3
375000 3
376000 3
377000 3
378000 3
379000 3
380000 3
381000 3
382000 3
383000 3
384000 3
385000 3
386000 3
387000 3
388000 3
389000 3
390000 3
391000 3
392000 3
393000 3
394000 3
395000 3
396000 3
397000 3
398000 3
399000 3
400000 3
401000 3
402000 3
403000 3
404000 3
405000 3
406000 3
407000 3
408000 3
409000 3
410000 3
411000 3
412000 3
413000 3
414000 3
415000 3
416000 3
417000 3
418000 3
419000 3
420000 3
421000 3
422000 3
423000 3
424000 3
425000 3
426000 3
427000 3
428000 3
429000 3
430000 3
431000 3
432000 3
433000 3
434000 3
435000 3
436000 3
437000 3
438000 3
439000 3
440000 3
441000 3
442000 3
443000 3
444000 3
445000 3
446000 3
447000 3
448000 3
449000 3
450000 3
451000 3
452000 3
453000 3
454000 3
455000 3
456000 3
457000 3
458000 3
459000 3
460000 3
461000 3
462000 3
463000 3
464000 3
465000 3
466000 3
467000 3
468000 3
469000 3
470000 3
471000 3
472000 3
473000 3
474000 3
475000 3
476000 3
477000 3
478000 3
479000 3
480000 3
481000 3
482000 3
483000 3
484000 3
485000 3
486000 3
487000 3
488000 3
489000 3
490000 3
491000 3
492000 3
493000 3
494000 3
495000 3
496000 3
497000 3
498000 3
499000 3
500000 3
501000 3
502000 3
503000 3
504000 3
505000 3
506000 3
507000 3
508000 3
509000 3
510000 3
511000 3
512000 3
513000 3
514000 3
515000 3
516000 3
517000 3
518000 3
519000 3
520000 3
521000 3
522000 3
523000 3
524000 3
525000 3
526000 3
527000 3
528000 3
529000 3
530000 3
531000 3
532000 3
533000 3
534000 3
535000 3
536000 3
537000 3
538000 3
539000 3
540000 3
541000 3
542000 3
543000 3
544000 3
545000 3
546000 3
547000 3
548000 3
549000 3
550000 3
551000 3
552000 3
553000 3
554000 3
555000 3
556000 3
557000 3
558000 3
559000 3
560000 3
561000 3
562000 3
563000 3
564000 3
565000 3
566000 3
567000 3
568000 3
569000 3
570000 3
571000 3
572000 3
573000 3
574000 3
575000 3
576000 3
577000 3
578000 3
579000 3
580000 3
581000 3
582000 3
583000 3
584000 3
585000 3
586000 3
587000 3
588000 3
589000 3
590000 3
591000 3
592000 3
593000 3
594000 3
595000 3
596000 3
597000 3
598000 3
599000 3
600000 3
601000 3
602000 3
603000 3
604000 3
605000 3
606000 3
607000 3
608000 3
609000 3
610000 3
611000 3
612000 3
613000 3
614000 3
615000 3
616000 3
617000 3
618000 3
619000 3
620000 3
621000 3
622000 3
623000 3
624000 3
625000 3
626000 3
627000 3
628000 3
629000 3
630000 3
631000 3
632000 3
633000 3
634000 3
635000 3
636000 3
637000 3
638000 3
639000 3
640000 3
641000 3
642000 3
643000 3
644000 3
645000 3
646000 3
647000 3
648000 3
649000 3
650000 3
651000 3
652000 3
653000 3
654000 3
655000 3
656000 3
657000 3
658000 3
659000 3
660000 3
661000 3
662000 3
663000 3
664000 3
665000 3
666000 3
667000 3
668000 3
669000 3
670000 3
671000 3
672000 3
673000 3
674000 3
675000 3
676000 3
677000 3
678000 3
679000 3
680000 3
681000 3
682000 3
683000 3
684000 3
685000 3
686000 3
687000 3
688000 3
689000 3
690000 3
691000 3
692000 3
693000 3
694000 3
695000 3
696000 3
697000 3
698000 3
699000 3
700000 3
701000 3
702000 3
703000 3
704000 3
705000 3
706000 3
707000 3
708000 3
709000 3
710000 3
711000 3
712000 3
713000 3
714000 3
715000 3
716000 3
717000 3
718000 3
719000 3
720000 3
721000 3
722000 3
723000 3
724000 3
725000 3
726000 3
727000 3
728000 3
729000 3
730000 3
731000 3
732000 3
733000 3
734000 3
735000 3
736000 3
737000 3
738000 3
739000 3
740000 3
741000 3
742000 3
743000 3
744000 3
745000 3
746000 3
747000 3
748000 3
749000 3
750000 3
751000 3
752000 3
753000 3
754000 3
755000 3
756000 3
757000 3
758000 3
759000 3
760000 3
761000 3
762000 3
763000 3
764000 3
765000 3
766000 3
767000 3
768000 3
769000 3
770000 3
771000 3
772000 3
773000 3
774000 3
775000 3
776000 3
777000 3
778000 3
779000 3
780000 3
781000 3
782000 3
783000 3
784000 3
785000 3
786000 3
787000 3
788000 3
789000 3
790000 3
791000 3
792000 3
793000 3
794000 3
795000 3
796000 3
797000 3
798000 3
799000 3
800000 3
801000 3
802000 3
803000 3
804000 3
805000 3
806000 3
807000 3
808000 3
809000 3
810000 3
811000 3
812000 3
813000 3
814000 3
815000 3
816000 3
817000 3
818000 3
819000 3
820000 3
821000 3
822000 3
823000 3
824000 3
825000 3
826000 3
827000 3
828000 3
829000 3
830000 3
831000 3
832000 3
833000 3
834000 3
835000 3
836000 3
837000 3
838000 3
839000 3
840000 3
841000 3
842000 3
843000 3
844000 3
845000 3
846000 3
847000 3
848000 3
849000 3
850000 3
851000 3
852000 3
853000 3
854000 3
855000 3
856000 3
857000 3
858000 3
859000 3
860000 3
861000 3
862000 3
863000 3
864000 3
865000 3
866000 3
867000 3
868000 3
869000 3
870000 3
871000 3
872000 3
873000 3
874000 3
875000 3
876000 3
877000 3
878000 3
879000 3
880000 3
881000 3
882000 3
883000 3
884000 3
885000 3
886000 3
887000 3
888000 3
889000 3
890000 3
891000 3
892000 3
893000 3
894000 3
895000 3
896000 3
897000 3
898000 3
899000 3
900000 3
901000 3
902000 3
903000 3
904000 3
905000 3
906000 3
907000 3
908000 3
909000 3
910000 3
911000 3
912000 3
913000 3
914000 3
915000 3
916000 3
917000 3
918000 3
919000 3
920000 3
921000 3
922000 3
923000 3
924000 3
925000 3
926000 3
927000 3
928000 3
929000 3
930000 3
931000 3
932000 3
933000 3
934000 3
935000 3
936000 3
937000 3
938000 3
939000 3
940000 3
941000 3
942000 3
943000 3
944000 3
945000 3
946000 3
947000 3
948000 3
949000 3
950000 3
951000 3
952000 3
953000 3
954000 3
955000 3
956000 3
957000 3
958000 3
959000 3
960000 3
961000 3
962000 3
963000 3
964000 3
965000 3
966000 3
967000 3
968000 3
969000 3
970000 3
971000 3
972000 3
973000 3
974000 3
975000 3
976000 3
977000 3
978000 3
979000 3
980000 3
981000 3
982000 3
983000 3
984000 3
985000 3
986000 3
987000 3
988000 3
989000 3
990000 3
991000 3
992000 3
993000 3
994000 3
995000 3
996000 3
997000 3
998000 3
999000 3
1000000 3
1001000 3
1002000 3
1003000 3
1004000 3
1005000 3
1006000 3
1007000 3
1008000 3
1009000 3
1010000 3
1011000 3
1012000 3
1013000 3
1014000 3
1015000 3
1016000 3
1017000 3
1018000 3
1019000 3
1020000 3
1021000 3
1022000 3
1023000 3
1024000 3
1025000 3
1026000 3
1027000 3
1028000 3
1029000 3
1030000 3
1031000 3
1032000 3
1033000 3
1034000 3
1035000 3
1036000 3
1037000 3
1038000 3
1039000 3
1040000 3
1041000 3
1042000 3
1043000 3
1044000 3
1045000 3
1046000 3
1047000 3
1048000 3
1049000 3
1050000 3
1051000 3
1052000 3
1053000 3
1054000 3
1055000 3
1056000 3
1057000 3
1058000 3
1059000 3
1060000 3
1061000 3
1062000 3
1063000 3
1064000 3
1065000 3
1066000 3
1067000 3
1068000 3
1069000 3
1070000 3
1071000 3
1072000 3
1073000 3
1074000 3
1075000 3
1076000 3
1077000 3
1078000 3
1079000 3
1080000 3
1081000 3
1082000 3
1083000 3
1084000 3
1085000 3
1086000 3
1087000 3
1088000 3
1089000 3
1090000 3
1091000 3
1092000 3
1093000 3
1094000 3
1095000 3
1096000 3
1097000 3
1098000 3
1099000 3
1100000 3
1101000 3
1102000 3
1103000 3
1104000 3
1105000 3
1106000 3
1107000 3
1108000 3
1109000 3
1110000 3
1111000 3
1112000 3
1113000 3
1114000 3
1115000 3
1116000 3
1117000 3
1118000 3
1119000 3
1120000 3
1121000 3
1122000 3
1123000 3
1124000 3
1125000 3
1126000 3
1127000 3
1128000 3
1129000 3
1130000 3
1131000 3
1132000 3
1133000 3
1134000 3
1135000 3
1136000 3
1137000 3
1138000 3
1139000 3
1140000 3
1141000 3
1142000 3
1143000 3
1144000 3
1145000 3
1146000 3
1147000 3
1148000 3
1149000 3
1150000 3
1151000 3
1152000 3
1153000 3
1154000 3
1155000 3
1156000 3
1157000 3
1158000 3
1159000 3
1160000 3
1161000 3
1162000 3
1163000 3
1164000 3
1165000 3
1166000 3
1167000 3
1168000 3
1169000 3
1170000 3
1171000 3
1172000 3
1173000 3
1174000 3
1175000 3
1176000 3
1177000 3
1178000 3
1179000 3
1180000 3
1181000 3
1182000 3
1183000 3
1184000 3
1185000 3
1186000 3
1187000 3
1188000 3
1189000 3
1190000 3
1191000 3
1192000 3
1193000 3
1194000 3
1195000 3
1196000 3
1197000 3
1198000 3
1199000 3
1200000 3
1201000 3
1202000 3
1203000 3
1204000 3
1205000 3
1206000 3
1207000 3
1208000 3
1209000 3
1210000 3
1211000 3
1212000 3
1213000 3
1214000 3
1215000 3
1216000 3
1217000 3
1218000 3
1219000 3
1220000 3
1221000 3
1222000 3
1223000 3
1224000 3
1225000 3
1226000 3
1227000 3
1228000 3
1229000 3
1230000 3
1231000 3
1232000 3
1233000 3
1234000 3
1235000 3
1236000 3
1237000 3
1238000 3
1239000 3
1240000 3
1241000 3
1242000 3
1243000 3
1244000 3
1245000 3
1246000 3
1247000 3
1248000 3
1249000 3
1250000 3
1251000 3
1252000 3
1253000 3
1254000 3
1255000 3
1256000 3
1257000 3
1258000 3
1259000 3
1260000 3
1261000 3
1262000 3
1263000 3
1264000 3
1265000 3
1266000 3
1267000 3
1268000 3
1269000 3
1270000 3
1271000 3
1272000 3
1273000 3
1274000 3
1275000 3
1276000 3
1277000 3
1278000 3
1279000 3
1280000 3
1281000 3
1282000 3
1283000 3
1284000 3
1285000 3
1286000 3
1287000 3
1288000 3
1289000 3
1290000 3
1291000 3
1292000 3
1293000 3
1294000 3
1295000 3
1296000 3
1297000 3
1298000 3
1299000 3
1300000 3
1301000 3
1302000 3
1303000 3
1304000 3
1305000 3
1306000 3
1307000 3
1308000 3
1309000 3
1310000 3
1311000 3
1312000 3
1313000 3
1314000 3
1315000 3
1316000 3
1317000 3
1318000 3
1319000 3
1320000 3
1321000 3
1322000 3
1323000 3
1324000 3
1325000 3
1326000 3
1327000 3
1328000 3
1329000 3
1330000 3
1331000 3
1332000 3
1333000 3
1334000 3
1335000 3
1336000 3
1337000 3
1338000 3
1339000 3
1340000 3
1341000 3
1342000 3
1343000 3
1344000 3
1345000 3
1346000 3
1347000 3
1348000 3
1349000 3
1350000 3
1351000 3
1352000 3
1353000 3
1354000 3
1355000 3
1356000 3
1357000 3
1358000 3
1359000 3
1360000 3
1361000 3
1362000 3
1363000 3
1364000 3
1365000 3
1366000 3
1367000 3
1368000 3
1369000 3
1370000 3
1371000 3
1372000 3
1373000 3
1374000 3
1375000 3
1376000 3
1377000 3
1378000 3
1379000 3
1380000 3
1381000 3
1382000 3
1383000 3
1384000 3
1385000 3
1386000 3
1387000 3
1388000 3
1389000 3
1390000 3
1391000 3
1392000 3
1393000 3
1394000 3
1395000 3
1396000 3
1397000 3
1398000 3
1399000 3
1400000 3
1401000 3
1402000 3
1403000 3
1404000 3
1405000 3
1406000 3
1407000 3
1408000 3
1409000 3
1410000 3
1411000 3
1412000 3
1413000 3
1414000 3
1415000 3
1416000 3
1417000 3
1418000 3
1419000 3
1420000 3
1421000 3
1422000 3
1423000 3
1424000 3
1425000 3
1426000 3
1427000 3
1428000 3
1429000 3
1430000 3
1431000 3
1432000 3
1433000 3
1434000 3
1435000 3
1436000 3
1437000 3
1438000 3
1439000 3
1440000 3
1441000 3
1442000 3
1443000 3
1444000 3
1445000 3
1446000 3
1447000 3
1448000 3
1449000 3
1450000 3
1451000 3
1452000 3
1453000 3
1454000 3
1455000 3
1456000 3
1457000 3
1458000 3
1459000 3
1460000 3
1461000 3
1462000 3
1463000 3
1464000 3
1465000 3
1466000 3
1467000 3
1468000 3
1469000 3
1470000 3
1471000 3
1472000 3
1473000 3
1474000 3
1475000 3
1476000 3
1477000 3
1478000 3
1479000 3
1480000 3
1481000 3
1482000 3
1483000 3
1484000 3
1485000 3
1486000 3
1487000 3
1488000 3
1489000 3
1490000 3
1491000 3
1492000 3
1493000 3
1494000 3
1495000 3
1496000 3
1497000 3
1498000 3
1499000 3
1500000 3
1501000 3
1502000 3
1503000 3
1504000 3
1505000 3
1506000 3
1507000 3
1508000 3
1509000 3
1510000 3
1511000 3
1512000 3
1513000 3
1514000 3
1515000 3
1516000 3
1517000 3
1518000 3
1519000 3
1520000 3
1521000 3
1522000 3
1523000 3
1524000 3
1525000 3
1526000 3
1527000 3
1528000 3
1529000 3
1530000 3
1531000 3
1532000 3
1533000 3
1534000 3
1535000 3
1536000 3
1537000 3
1538000 3
1539000 3
1540000 3
1541000 3
1542000 3
1543000 3
1544000 3
1545000 3
1546000 3
1547000 3
1548000 3
1549000 3
1550000 3
1551000 3
1552000 3
1553000 3
1554000 3
1555000 3
1556000 3
1557000 3
1558000 3
1559000 3
1560000 3
1561000 3
1562000 3
1563000 3
1564000 3
1565000 3
1566000 3
1567000 3
1568000 3
1569000 3
1570000 3
1571000 3
1572000 3
1573000 3
1574000 3
1575000 3
1576000 3
1577000 3
1578000 3
1579000 3
1580000 3
1581000 3
1582000 3
1583000 3
1584000 3
1585000 3
1586000 3
1587000 3
1588000 3
1589000 3
1590000 3
1591000 3
1592000 3
1593000 3
1594000 3
1595000 3
1596000 3
1597000 3
1598000 3
1599000 3
1600000 3
1601000 3
1602000 3
1603000 3
1604000 3
1605000 3
1606000 3
1607000 3
1608000 3
1609000 3
1610000 3
1611000 3
1612000 3
1613000 3
1614000 3
1615000 3
1616000 3
1617000 3
1618000 3
1619000 3
1620000 3
1621000 3
1622000 3
1623000 3
1624000 3
1625000 3
1626000 3
1627000 3
1628000 3
1629000 3
1630000 3
1631000 3
1632000 3
1633000 3
1634000 3
1635000 3
1636000 3
1637000 3
1638000 3
1639000 3
1640000 3
1641000 3
1642000 3
1643000 3
1644000 3
1645000 3
1646000 3
1647000 3
1648000 3
1649000 3
1650000 3
1651000 3
1652000 3
1653000 3
1654000 3
1655000 3
1656000 3
1657000 3
1658000 3
1659000 3
1660000 3
1661000 3
1662000 3
1663000 3
1664000 3
1665000 3
1666000 3
1667000 3
1668000 3
1669000 3
1670000 3
1671000 3
1672000 3
1673000 3
1674000 3
1675000 3
1676000 3
1677000 3
1678000 3
1679000 3
1680000 3
1681000 3
1682000 3
1683000 3
1684000 3
1685000 3
1686000 3
1687000 3
1688000 3
1689000 3
1690000 3
1691000 3
1692000 3
1693000 3
1694000 3
1695000 3
1696000 3
1697000 3
1698000 3
1699000 3
1700000 3
1701000 3
1702000 3
1703000 3
1704000 3
1705000 3
1706000 3
1707000 3
1708000 3
1709000 3
1710000 3
1711000 3
1712000 3
1713000 3
1714000 3
1715000 3
1716000 3
1717000 3
1718000 3
1719000 3
1720000 3
1721000 3
1722000 3
1723000 3
1724000 3
1725000 3
1726000 3
1727000 3
1728000 3
1729000 3
1730000 3
1731000 3
1732000 3
1733000 3
1734000 3
1735000 3
1736000 3
1737000 3
1738000 3
1739000 3
1740000 3
1741000 3
1742000 3
1743000 3
1744000 3
1745000 3
1746000 3
1747000 3
1748000 3
1749000 3
1750000 3
1751000 3
1752000 3
1753000 3
1754000 3
1755000 3
1756000 3
1757000 3
1758000 3
1759000 3
1760000 3
1761000 3
1762000 3
1763000 3
1764000 3
1765000 3
1766000 3
1767000 3
1768000 3
1769000 3
1770000 3
1771000 3
1772000 3
1773000 3
1774000 3
1775000 3
1776000 3
1777000 3
1778000 3
1779000 3
1780000 3
1781000 3
1782000 3
1783000 3
1784000 3
1785000 3
1786000 3
1787000 3
1788000 3
1789000 3
1790000 3
1791000 3
1792000 3
1793000 3
1794000 3
1795000 3
1796000 3
1797000 3
1798000 3
1799000 3
1800000 3
1801000 3
1802000 3
1803000 3
1804000 3
1805000 3
1806000 3
1807000 3
1808000 3
1809000 3
1810000 3
1811000 3
1812000 3
1813000 3
1814000 3
1815000 3
1816000 3
1817000 3
1818000 3
1819000 3
1820000 3
1821000 3
1822000 3
1823000 3
1824000 3
1825000 3
1826000 3
1827000 3
1828000 3
1829000 3
1830000 3
1831000 3
1832000 3
1833000 3
1834000 3
1835000 3
1836000 3
1837000 3
1838000 3
1839000 3
1840000 3
1841000 3
1842000 3
1843000 3
1844000 3
1845000 3
1846000 3
1847000 3
1848000 3
1849000 3
1850000 3
1851000 3
1852000 3
1853000 3
1854000 3
1855000 3
1856000 3
1857000 3
1858000 3
1859000 3
1860000 3
1861000 3
1862000 3
1863000 3
1864000 3
1865000 3
1866000 3
1867000 3
1868000 3
1869000 3
1870000 3
1871000 3
1872000 3
1873000 3
1874000 3
1875000 3
1876000 3
1877000 3
1878000 3
1879000 3
1880000 3
1881000 3
1882000 3
1883000 3
1884000 3
1885000 3
1886000 3
1887000 3
1888000 3
1889000 3
1890000 3
1891000 3
1892000 3
1893000 3
1894000 3
1895000 3
1896000 3
1897000 3
1898000 3
1899000 3
1900000 3
1901000 3
1902000 3
1903000 3
1904000 3
1905000 3
1906000 3
1907000 3
1908000 3
1909000 3
1910000 3
1911000 3
1912000 3
1913000 3
1914000 3
1915000 3
1916000 3
1917000 3
1918000 3
1919000 3
1920000 3
1921000 3
1922000 3
1923000 3
1924000 3
1925000 3
1926000 3
1927000 3
1928000 3
1929000 3
1930000 3
1931000 3
1932000 3
1933000 3
1934000 3
1935000 3
1936000 3
1937000 3
1938000 3
1939000 3
1940000 3
1941000 3
1942000 3
1943000 3
1944000 3
1945000 3
1946000 3
1947000 3
1948000 3
1949000 3
1950000 3
1951000 3
1952000 3
1953000 3
1954000 3
1955000 3
1956000 3
1957000 3
1958000 3
1959000 3
1960000 3
1961000 3
1962000 3
1963000 3
1964000 3
1965000 3
1966000 3
1967000 3
1968000 3
1969000 3
1970000 3
1971000 3
1972000 3
1973000 3
1974000 3
1975000 3
1976000 3
1977000 3
1978000 3
1979000 3
1980000 3
1981000 3
1982000 3
1983000 3
1984000 3
1985000 3
1986000 3
1987000 3
1988000 3
1989000 3
1990000 3
1991000 3
1992000 3
1993000 3
1994000 3
1995000 3
1996000 3
1997000 3
1998000 3
1999000 3
2000000 3
2001000 3
2002000 3
2003000 3
2004000 3
2005000 3
2006000 3
2007000 3
2008000 3
2009000 3
2010000 3
2011000 3
2012000 3
2013000 3
2014000 3
2015000 3
2016000 3
2017000 3
2018000 3
2019000 3
2020000 3
2021000 3
2022000 3
2023000 3
2024000 3
2025000 3
2026000 3
2027000 3
2028000 3
2029000 3
2030000 3
2031000 3
2032000 3
2033000 3
2034000 3
2035000 3
2036000 3
2037000 3
2038000 3
2039000 3
2040000 3
2041000 3
2042000 3
2043000 3
2044000 3
2045000 3
2046000 3
2047000 3
2048000 3
2049000 3
2050000 3
2051000 3
2052000 3
2053000 3
2054000 3
2055000 3
2056000 3
2057000 3
2058000 3
2059000 3
2060000 3
2061000 3
2062000 3
2063000 3
2064000 3
2065000 3
2066000 3
2067000 3
2068000 3
2069000 3
2070000 3
2071000 3
2072000 3
2073000 3
2074000 3
2075000 3
2076000 3
2077000 3
2078000 3
2079000 3
2080000 3
2081000 3
2082000 3
2083000 3
2084000 3
2085000 3
2086000 3
2087000 3
2088000 3
2089000 3
2090000 3
2091000 3
2092000 3
2093000 3
2094000 3
2095000 3
2096000 3
2097000 3
2098000 3
2099000 3
2100000 3
2101000 3
2102000 3
2103000 3
2104000 3
2105000 3
2106000 3
2107000 3
2108000 3
2109000 3
2110000 3
2111000 3
2112000 3
2113000 3
2114000 3
2115000 3
2116000 3
2117000 3
2118000 3
2119000 3
2120000 3
2121000 4
2122000 4
2123000 4
2124000 4
2125000 4
2126000 4
2127000 4
2128000 4
2129000 5
2130000 5
2131000 5
2132000 5
2133000 5
2134000 5
2135000 5
2136000 5
2137000 5
2138000 5
2139000 5
2140000 5
2141000 5
2142000 5
2143000 5
2144000 5
2145000 5
2146000 5
2147000 5
2148000 5
2149000 5
2150000 5
2151000 5
2152000 5
2153000 5
2154000 5
2155000 5
2156000 5
2157000 5
2158000 5
2159000 5
2160000 5
2161000 5
2162000 5
2163000 5
2164000 5
2165000 5
2166000 5
2167000 5
2168000 5
2169000 5
2170000 5
2171000 5
2172000 5
2173000 5
2174000 5
2175000 5
2176000 5
2177000 5
2178000 5
2179000 5
2180000 5
2181000 5
2182000 5
2183000 5
2184000 5
2185000 5
2186000 5
2187000 5
2188000 5
2189000 5
2190000 5
2191000 5
2192000 6
2193000 6
2194000 6
2195000 6
2196000 6
2197000 6
2198000 6
2199000 6
2200000 6
2201000 6
2202000 6
2203000 6
2204000 6
2205000 6
2206000 6
2207000 6
2208000 6
2209000 6
2210000 6
2211000 6
2212000 6
2213000 6
2214000 6
2215000 6
2216000 6
2217000 6
2218000 6
2219000 6
2220000 6
2221000 6
2222000 6
2223000 6
2224000 6
2225000 6
2226000 6
2227000 6
2228000 6
2229000 6
2230000 6
2231000 6
2232000 6
2233000 6
2234000 6
2235000 6
2236000 6
2237000 6
2238000 6
2239000 6
2240000 6
2241000 6
2242000 6
2243000 6
2244000 6
2245000 6
2246000 6
2247000 6
2248000 6
2249000 6
2250000 6
2251000 6
2252000 6
2253000 6
2254000 6
2255000 6
2256000 6
2257000 6
2258000 6
2259000 6
2260000 6
2261000 6
2262000 6
2263000 6
2264000 6
2265000 6
2266000 6
2267000 6
2268000 6
2269000 6
2270000 6
2271000 6
2272000 6
2273000 6
2274000 6
2275000 6
2276000 6
2277000 6
2278000 6
2279000 6
2280000 6
2281000 6
2282000 6
2283000 6
2284000 6
2285000 6
2286000 6
2287000 6
2288000 6
2289000 6
2290000 6
2291000 6
2292000 6
2293000 6
2294000 6
2295000 6
2296000 6
2297000 6
2298000 6
2299000 6
2300000 6
2301000 6
2302000 6
2303000 6
2304000 6
2305000 6
2306000 6
2307000 6
2308000 6
2309000 6
2310000 6
2311000 6
2312000 6
2313000 6
2314000 7
2315000 7
2316000 7
2317000 7
2318000 7
2319000 7
2320000 7
2321000 7
2322000 7
2323000 7
2324000 7
2325000 7
2326000 7
2327000 8
2328000 8
2329000 8
2330000 8
2331000 8
2332000 8
2333000 8
2334000 8
2335000 8
2336000 8
2337000 8
2338000 8
2339000 8
2340000 8
2341000 9
2342000 9
2343000 9
2344000 9
2345000 9
2346000 9
2347000 9
2348000 9
2349000 9
2350000 9
2351000 9
2352000 9
2353000 9
2354000 9
2355000 9
2356000 9
2357000 9
2358000 9
2359000 9
2360000 9
2361000 9
2362000 9
2363000 9
2364000 9
2365000 9
2366000 9
2367000 9
2368000 9
2369000 9
2370000 9
2371000 9
2372000 9
2373000 9
2374000 9
2375000 9
2376000 9
2377000 9
2378000 9
2379000 9
2380000 9
2381000 9
2382000 9
2383000 9
2384000 10
2385000 10
2386000 10
2387000 10
2388000 10
2389000 10
2390000 10
2391000 10
2392000 11
2393000 11
2394000 11
2395000 11
2396000 11
2397000 11
2398000 11
2399000 11
2400000 11
2401000 11
2402000 11
2403000 11
2404000 11
2405000 11
2406000 11
2407000 11
2408000 11
2409000 11
2410000 11
2411000 11
2412000 11
2413000 11
2414000 11
2415000 11
2416000 11
2417000 11
2418000 11
2419000 11
2420000 11
2421000 11
2422000 11
2423000 11
2424000 11
2425000 11
2426000 11
2427000 11
2428000 11
2429000 11
2430000 11
2431000 11
2432000 11
2433000 11
2434000 11
2435000 11
2436000 11
2437000 11
2438000 11
2439000 11
2440000 11
2441000 11
2442000 11
2443000 11
2444000 11
2445000 11
2446000 11
2447000 11
2448000 11
2449000 11
2450000 11
2451000 11
2452000 11
2453000 11
2454000 11
2455000 11
2456000 11
2457000 11
2458000 11
2459000 11
2460000 11
2461000 11
2462000 11
2463000 11
2464000 11
2465000 11
2466000 11
2467000 11
2468000 11
2469000 11
2470000 11
2471000 11
2472000 11
2473000 11
2474000 11
2475000 11
2476000 11
2477000 11
2478000 11
2479000 11
2480000 11
2481000 11
2482000 11
2483000 11
2484000 11
2485000 11
2486000 11
2487000 11
2488000 11
2489000 11
2490000 11
2491000 11
2492000 11
2493000 11
2494000 11
2495000 11
2496000 11
2497000 11
2498000 11
2499000 11
2500000 11
2501000 11
2502000 11
2503000 11
2504000 11
2505000 11
2506000 11
2507000 12
2508000 12
2509000 12
2510000 12
2511000 12
2512000 12
2513000 12
2514000 12
2515000 12
2516000 12
2517000 12
2518000 12
2519000 12
2520000 12
2521000 12
2522000 12
2523000 12
2524000 12
2525000 12
2526000 12
2527000 12
2528000 12
2529000 12
2530000 12
2531000 13
2532000 13
2533000 13
2534000 13
2535000 13
2536000 13
2537000 13
2538000 13
2539000 13
2540000 13
2541000 13
2542000 13
2543000 13
2544000 13
2545000 13
2546000 13
2547000 13
2548000 13
2549000 13
2550000 13
2551000 13
2552000 13
2553000 13
2554000 13
2555000 13
2556000 13
2557000 13
2558000 13
2559000 13
2560000 13
2561000 13
2562000 13
2563000 13
2564000 13
2565000 13
2566000 13
2567000 13
2568000 13
2569000 13
2570000 13
2571000 13
2572000 13
2573000 13
2574000 13
2575000 13
2576000 13
2577000 13
2578000 13
2579000 13
2580000 13
2581000 13
2582000 13
2583000 13
2584000 13
2585000 13
2586000 13
2587000 13
2588000 13
2589000 13
2590000 13
2591000 13
2592000 13
2593000 13
2594000 13
2595000 13
2596000 13
2597000 13
2598000 13
2599000 13
2600000 13
2601000 13
2602000 13
2603000 13
2604000 13
2605000 13
2606000 13
2607000 13
2608000 13
2609000 13
2610000 13
2611000 13
2612000 13
2613000 13
2614000 13
2615000 13
2616000 13
2617000 13
2618000 13
2619000 13
2620000 13
2621000 13
2622000 13
2623000 13
2624000 13
2625000 13
2626000 13
2627000 13
2628000 13
2629000 13
2630000 13
2631000 13
2632000 13
2633000 13
2634000 13
2635000 13
2636000 13
2637000 13
2638000 14
2639000 14
2640000 14
2641000 14
2642000 14
2643000 14
2644000 14
2645000 14
2646000 14
2647000 14
2648000 14
2649000 14
2650000 14
2651000 14
2652000 14
2653000 14
2654000 14
2655000 14
2656000 14
2657000 14
2658000 14
2659000 14
2660000 14
2661000 14
2662000 14
2663000 14
2664000 14
2665000 14
2666000 14
2667000 14
2668000 14
2669000 14
2670000 14
2671000 14
2672000 14
2673000 14
2674000 14
2675000 14
2676000 14
2677000 14
2678000 14
2679000 14
2680000 14
2681000 14
2682000 14
2683000 14
2684000 14
2685000 14
2686000 14
2687000 14
2688000 14
2689000 14
2690000 14
2691000 14
2692000 14
2693000 14
2694000 14
2695000 14
2696000 14
2697000 14
2698000 14
2699000 14
2700000 14
2701000 14
2702000 14
2703000 14
2704000 14
2705000 14
2706000 14
2707000 14
2708000 14
2709000 14
2710000 14
2711000 14
2712000 14
2713000 14
2714000 14
2715000 14
2716000 14
2717000 14
2718000 14
2719000 14
2720000 14
2721000 14
2722000 14
2723000 14
2724000 14
2725000 14
2726000 14
2727000 14
2728000 14
2729000 14
2730000 14
2731000 14
2732000 14
2733000 14
2734000 14
2735000 14
2736000 14
2737000 14
2738000 14
2739000 14
2740000 14
2741000 14
2742000 14
2743000 14
2744000 14
2745000 14
2746000 14
2747000 14
2748000 14
2749000 14
2750000 14
2751000 15
2752000 15
2753000 15
2754000 15
2755000 15
2756000 15
2757000 15
2758000 15
2759000 15
2760000 15
2761000 16
2762000 16
2763000 16
2764000 16
2765000 16
2766000 16
2767000 16
2768000 16
2769000 16
2770000 16
2771000 16
2772000 16
2773000 16
2774000 16
2775000 16
2776000 16
2777000 16
2778000 16
2779000 16
2780000 16
2781000 16
2782000 16
2783000 16
2784000 16
2785000 16
2786000 16
2787000 16
2788000 16
2789000 16
2790000 16
2791000 16
2792000 16
2793000 16
2794000 16
2795000 16
2796000 16
2797000 16
2798000 16
2799000 16
2800000 16
2801000 16
2802000 16
2803000 16
2804000 16
2805000 16
2806000 16
2807000 16
2808000 16
2809000 16
2810000 16
2811000 16
2812000 16
2813000 16
2814000 16
2815000 16
2816000 16
2817000 16
2818000 16
2819000 16
2820000 16
2821000 16
2822000 16
2823000 16
2824000 17
2825000 17
2826000 17
2827000 17
2828000 17
2829000 17
2830000 17
2831000 17
2832000 17
2833000 17
2834000 17
2835000 17
2836000 17
2837000 17
2838000 17
2839000 17
2840000 17
2841000 17
2842000 17
2843000 17
2844000 17
2845000 17
2846000 17
2847000 17
2848000 17
2849000 17
2850000 17
2851000 17
2852000 17
2853000 17
2854000 17
2855000 17
2856000 17
2857000 17
2858000 17
2859000 17
2860000 17
2861000 17
2862000 17
2863000 17
2864000 17
2865000 17
2866000 17
2867000 17
2868000 17
2869000 17
2870000 17
2871000 17
2872000 17
2873000 17
2874000 17
2875000 17
2876000 17
2877000 17
2878000 17
2879000 17
2880000 17
2881000 17
2882000 17
2883000 17
2884000 18
2885000 18
2886000 18
2887000 18
2888000 18
2889000 18
2890000 19
2891000 19
2892000 19
2893000 19
2894000 19
2895000 19
2896000 19
2897000 19
2898000 19
2899000 19
2900000 19
2901000 19
2902000 19
2903000 19
2904000 19
2905000 19
2906000 19
2907000 19
2908000 19
2909000 19
2910000 19
2911000 19
2912000 19
2913000 19
2914000 19
2915000 19
2916000 19
2917000 19
2918000 19
2919000 19
2920000 19
2921000 19
2922000 19
2923000 19
2924000 19
2925000 19
2926000 19
2927000 19
2928000 19
2929000 19
2930000 19
2931000 19
2932000 19
2933000 19
2934000 19
2935000 19
2936000 19
2937000 19
2938000 19
2939000 19
2940000 19
2941000 19
2942000 19
2943000 19
2944000 19
2945000 19
2946000 19
2947000 19
2948000 19
2949000 19
2950000 20
2951000 20
2952000 20
2953000 20
2954000 20
2955000 20
2956000 20
2957000 20
2958000 20
2959000 20
2960000 20
2961000 20
2962000 20
2963000 20
2964000 20
2965000 20
2966000 20
2967000 20
2968000 20
2969000 20
2970000 20
2971000 20
2972000 20
2973000 20
2974000 20
2975000 20
2976000 20
2977000 20
2978000 20
2979000 20
2980000 20
2981000 20
2982000 20
2983000 20
2984000 20
2985000 20
2986000 20
2987000 20
2988000 20
2989000 20
2990000 20
2991000 20
2992000 20
2993000 20
2994000 20
2995000 20
2996000 20
2997000 20
2998000 20
2999000 20
3000000 20
3001000 20
3002000 20
3003000 20
3004000 20
3005000 20
3006000 20
3007000 20
3008000 20
3009000 20
3010000 21
3011000 21
3012000 21
3013000 21
3014000 21
3015000 21
3016000 21
3017000 21
3018000 21
3019000 21
3020000 21
3021000 21
3022000 22
3023000 22
3024000 22
3025000 22
3026000 22
3027000 22
3028000 22
3029000 22
3030000 22
3031000 22
3032000 22
3033000 22
3034000 22
3035000 22
3036000 22
3037000 22
3038000 22
3039000 22
3040000 22
3041000 22
3042000 22
3043000 22
3044000 22
3045000 22
3046000 22
3047000 22
3048000 22
3049000 22
3050000 22
3051000 22
3052000 22
3053000 22
3054000 22
3055000 22
3056000 22
3057000 22
3058000 22
3059000 22
3060000 22
3061000 22
3062000 22
3063000 22
3064000 22
3065000 22
3066000 22
3067000 22
3068000 22
3069000 22
3070000 22
3071000 22
3072000 22
3073000 22
3074000 22
3075000 22
3076000 22
3077000 22
3078000 22
3079000 22
3080000 22
3081000 22
3082000 22
3083000 23
3084000 23
3085000 23
3086000 23
3087000 23
3088000 23
3089000 23
3090000 23
3091000 23
3092000 23
3093000 23
3094000 23
3095000 23
3096000 23
3097000 23
3098000 23
3099000 23
3100000 23
3101000 23
3102000 23
3103000 23
3104000 23
3105000 23
3106000 23
3107000 23
3108000 23
3109000 23
3110000 23
3111000 23
3112000 23
3113000 23
3114000 23
3115000 23
3116000 23
3117000 23
3118000 23
3119000 23
3120000 23
3121000 23
3122000 23
3123000 23
3124000 23
3125000 23
3126000 23
3127000 23
3128000 23
3129000 23
3130000 23
3131000 23
3132000 23
3133000 23
3134000 23
3135000 23
3136000 23
3137000 23
3138000 23
3139000 23
3140000 23
3141000 23
3142000 23
3143000 23
3144000 23
3145000 23
3146000 23
3147000 23
3148000 23
3149000 24
3150000 24
3151000 24
3152000 24
3153000 24
3154000 24
3155000 24
3156000 24
3157000 24
3158000 24
3159000 24
3160000 24
3161000 24
3162000 24
3163000 25
3164000 25
3165000 25
3166000 25
3167000 25
3168000 25
3169000 25
3170000 25
3171000 25
3172000 25
3173000 25
3174000 25
3175000 25
3176000 25
3177000 26
3178000 26
3179000 26
3180000 26
3181000 26
3182000 26
3183000 26
3184000 26
3185000 26
3186000 26
3187000 27
3188000 27
3189000 27
3190000 27
3191000 27
3192000 27
3193000 27
3194000 27
3195000 27
3196000 27
3197000 27
3198000 27
3199000 27
3200000 27
3201000 27
3202000 27
3203000 27
3204000 27
3205000 27
3206000 27
3207000 27
3208000 27
3209000 27
3210000 27
3211000 27
3212000 27
3213000 27
3214000 27
3215000 27
3216000 27
3217000 27
3218000 27
3219000 27
3220000 27
3221000 27
3222000 27
3223000 27
3224000 27
3225000 27
3226000 27
3227000 27
3228000 27
3229000 27
3230000 27
3231000 27
3232000 27
3233000 27
3234000 27
3235000 27
3236000 27
3237000 27
3238000 27
3239000 27
3240000 27
3241000 27
3242000 27
3243000 27
3244000 27
3245000 27
3246000 27
3247000 27
3248000 27
3249000 27
3250000 27
3251000 27
3252000 27
3253000 27
3254000 27
3255000 27
3256000 27
3257000 27
3258000 27
3259000 27
3260000 27
3261000 27
3262000 27
3263000 27
3264000 27
3265000 27
3266000 27
3267000 27
3268000 27
3269000 27
3270000 27
3271000 27
3272000 27
3273000 27
3274000 27
3275000 27
3276000 27
3277000 27
3278000 27
3279000 27
3280000 27
3281000 27
3282000 27
3283000 27
3284000 27
3285000 27
3286000 27
3287000 27
3288000 27
3289000 27
3290000 27
3291000 27
3292000 27
3293000 27
3294000 27
3295000 27
3296000 27
3297000 27
3298000 27
3299000 27
3300000 27
3301000 27
3302000 27
3303000 27
3304000 27
3305000 27
3306000 27
3307000 27
3308000 27
3309000 27
3310000 27
3311000 27
3312000 27
3313000 27
3314000 27
3315000 27
3316000 27
3317000 27
3318000 27
3319000 27
3320000 27
3321000 27
3322000 27
3323000 27
3324000 27
3325000 27
3326000 27
3327000 27
3328000 27
3329000 27
3330000 27
3331000 27
3332000 27
3333000 27
3334000 27
3335000 27
3336000 27
3337000 27
3338000 27
3339000 27
3340000 27
3341000 27
3342000 27
3343000 27
3344000 27
3345000 27
3346000 27
3347000 27
3348000 27
3349000 27
3350000 27
3351000 27
3352000 27
3353000 27
3354000 27
3355000 27
3356000 27
3357000 27
3358000 27
3359000 27
3360000 27
3361000 27
3362000 27
3363000 27
3364000 27
3365000 27
3366000 27
3367000 27
3368000 27
3369000 27
3370000 27
3371000 27
3372000 27
3373000 27
3374000 27
3375000 27
3376000 27
3377000 27
3378000 27
3379000 27
3380000 27
3381000 27
3382000 27
3383000 27
3384000 27
3385000 27
3386000 27
3387000 27
3388000 27
3389000 27
3390000 27
3391000 27
3392000 27
3393000 27
3394000 27
3395000 27
3396000 27
3397000 27
3398000 27
3399000 27
3400000 27
3401000 27
3402000 27
3403000 27
3404000 27
3405000 27
3406000 27
3407000 27
3408000 27
3409000 27
3410000 27
3411000 27
3412000 27
3413000 27
3414000 27
3415000 27
3416000 27
3417000 27
3418000 27
3419000 27
3420000 27
3421000 27
3422000 27
3423000 27
3424000 27
3425000 27
3426000 27
3427000 27
3428000 27
3429000 27
3430000 27
3431000 27
3432000 27
3433000 27
3434000 27
3435000 27
3436000 27
3437000 27
3438000 27
3439000 27
3440000 27
3441000 27
3442000 27
3443000 27
3444000 27
3445000 27
3446000 27
3447000 27
3448000 27
3449000 27
3450000 27
3451000 27
3452000 27
3453000 27
3454000 27
3455000 27
3456000 27
3457000 27
3458000 27
3459000 27
3460000 27
3461000 27
3462000 27
3463000 27
3464000 27
3465000 27
3466000 27
3467000 27
3468000 27
3469000 27
3470000 27
3471000 27
3472000 27
3473000 27
3474000 27
3475000 27
3476000 27
3477000 27
3478000 27
3479000 27
3480000 27
3481000 27
3482000 27
3483000 27
3484000 27
3485000 27
3486000 27
3487000 27
3488000 27
3489000 27
3490000 27
3491000 27
3492000 27
3493000 27
3494000 27
3495000 27
3496000 27
3497000 27
3498000 27
3499000 27
3500000 27
3501000 27
3502000 27
3503000 27
3504000 27
3505000 27
3506000 27
3507000 27
3508000 27
3509000 27
3510000 27
3511000 27
3512000 27
3513000 27
3514000 27
3515000 27
3516000 27
3517000 27
3518000 27
3519000 27
3520000 27
3521000 27
3522000 27
3523000 27
3524000 27
3525000 27
3526000 27
3527000 27
3528000 27
3529000 27
3530000 27
3531000 27
3532000 27
3533000 27
3534000 27
3535000 27
3536000 27
3537000 27
3538000 27
3539000 27
3540000 27
3541000 27
3542000 27
3543000 27
3544000 27
3545000 27
3546000 27
3547000 27
3548000 27
3549000 27
3550000 27
3551000 27
3552000 27
3553000 27
3554000 27
3555000 27
3556000 27
3557000 27
3558000 27
3559000 27
3560000 27
3561000 27
3562000 27
3563000 27
3564000 27
3565000 27
3566000 27
3567000 27
3568000 27
3569000 27
3570000 27
3571000 27
3572000 27
3573000 27
3574000 27
3575000 27
3576000 27
3577000 27
3578000 27
3579000 27
3580000 27
3581000 27
3582000 27
3583000 27
3584000 27
3585000 27
3586000 27
3587000 27
3588000 27
3589000 27
3590000 27
3591000 27
3592000 27
3593000 27
3594000 27
3595000 27
3596000 27
3597000 27
3598000 27
3599000 27
3600000 27
3601000 27
3602000 27
3603000 27
3604000 27
3605000 27
3606000 27
3607000 27
3608000 27
3609000 27
3610000 27
3611000 27
3612000 27
3613000 27
3614000 27
3615000 27
3616000 27
3617000 27
3618000 27
3619000 27
3620000 27
3621000 27
3622000 27
3623000 27
3624000 27
3625000 27
3626000 27
3627000 27
3628000 27
3629000 27
3630000 27
3631000 27
3632000 27
3633000 27
3634000 27
3635000 27
3636000 27
3637000 27
3638000 27
3639000 27
3640000 27
3641000 27
3642000 27
3643000 27
3644000 27
3645000 27
3646000 27
3647000 27
3648000 27
3649000 27
3650000 27
3651000 27
3652000 27
3653000 27
3654000 27
3655000 27
3656000 27
3657000 27
3658000 27
3659000 27
3660000 27
3661000 27
3662000 27
3663000 27
3664000 27
3665000 27
3666000 27
3667000 27
3668000 27
3669000 27
3670000 27
3671000 27
3672000 27
3673000 27
3674000 27
3675000 27
3676000 27
3677000 27
3678000 27
3679000 27
3680000 27
3681000 27
3682000 27
3683000 27
3684000 27
3685000 27
3686000 27
3687000 27
3688000 27
3689000 27
3690000 27
3691000 27
3692000 27
3693000 27
3694000 27
3695000 27
3696000 27
3697000 27
3698000 27
3699000 27
3700000 27
3701000 27
3702000 27
3703000 27
3704000 27
3705000 27
3706000 27
3707000 27
3708000 27
3709000 27
3710000 27
3711000 27
3712000 27
3713000 27
3714000 27
3715000 27
3716000 27
3717000 27
3718000 27
3719000 27
3720000 27
3721000 27
3722000 27
3723000 27
3724000 27
3725000 27
3726000 27
3727000 27
3728000 27
3729000 27
3730000 27
3731000 27
3732000 27
3733000 27
3734000 27
3735000 27
3736000 27
3737000 27
3738000 27
3739000 27
3740000 27
3741000 27
3742000 27
3743000 27
3744000 27
3745000 27
3746000 27
3747000 27
3748000 27
3749000 27
3750000 27
3751000 27
3752000 27
3753000 27
3754000 27
3755000 27
3756000 27
3757000 27
3758000 27
3759000 27
3760000 27
3761000 27
3762000 27
3763000 27
3764000 27
3765000 27
3766000 27
3767000 27
3768000 27
3769000 27
3770000 27
3771000 27
3772000 27
3773000 27
3774000 27
3775000 27
3776000 27
3777000 27
3778000 27
3779000 27
3780000 27
3781000 27
3782000 27
3783000 27
3784000 27
3785000 27
3786000 27
3787000 27
3788000 27
3789000 27
3790000 27
3791000 27
3792000 27
3793000 27
3794000 27
3795000 27
3796000 27
3797000 27
3798000 27
3799000 27
3800000 27
3801000 27
3802000 27
3803000 27
3804000 27
3805000 27
3806000 27
3807000 27
3808000 27
3809000 27
3810000 27
3811000 27
3812000 27
3813000 27
3814000 27
3815000 27
3816000 27
3817000 27
3818000 27
3819000 27
3820000 27
3821000 27
3822000 27
3823000 27
3824000 27
3825000 27
3826000 27
3827000 27
3828000 27
3829000 27
3830000 27
3831000 27
3832000 27
3833000 27
3834000 27
3835000 27
3836000 27
3837000 27
3838000 27
3839000 27
3840000 27
3841000 27
3842000 27
3843000 27
3844000 27
3845000 27
3846000 27
3847000 27
3848000 27
3849000 27
3850000 27
3851000 27
3852000 27
3853000 27
3854000 27
3855000 27
3856000 27
3857000 27
3858000 27
3859000 27
3860000 27
3861000 27
3862000 27
3863000 27
3864000 27
3865000 27
3866000 27
3867000 27
3868000 27
3869000 27
3870000 27
3871000 27
3872000 27
3873000 27
3874000 27
3875000 27
3876000 27
3877000 27
3878000 27
3879000 27
3880000 27
3881000 27
3882000 27
3883000 27
3884000 27
3885000 27
3886000 27
3887000 27
3888000 27
3889000 27
3890000 27
3891000 27
3892000 27
3893000 27
3894000 27
3895000 27
3896000 27
3897000 27
3898000 27
3899000 27
3900000 27
3901000 27
3902000 27
3903000 27
3904000 27
3905000 27
3906000 27
3907000 27
3908000 27
3909000 27
3910000 27
3911000 27
3912000 27
3913000 27
3914000 27
3915000 27
3916000 27
3917000 27
3918000 27
3919000 27
3920000 27
3921000 27
3922000 27
3923000 27
3924000 27
3925000 27
3926000 27
3927000 27
3928000 27
3929000 27
3930000 27
3931000 27
3932000 27
3933000 27
3934000 27
3935000 27
3936000 27
3937000 27
3938000 27
3939000 27
3940000 27
3941000 27
3942000 27
3943000 27
3944000 27
3945000 27
3946000 27
3947000 27
3948000 27
3949000 27
3950000 27
3951000 27
3952000 27
3953000 27
3954000 27
3955000 27
3956000 27
3957000 27
3958000 27
3959000 27
3960000 27
3961000 27
3962000 27
3963000 27
3964000 27
3965000 27
3966000 27
3967000 27
3968000 27
3969000 27
3970000 27
3971000 27
3972000 27
3973000 27
3974000 27
3975000 27
3976000 27
3977000 27
3978000 27
3979000 27
3980000 27
3981000 27
3982000 27
3983000 27
3984000 27
3985000 27
3986000 27
3987000 27
3988000 27
3989000 27
3990000 27
3991000 27
3992000 27
3993000 27
3994000 27
3995000 27
3996000 27
3997000 27
3998000 27
3999000 27
4000000 27
4001000 27
4002000 27
4003000 27
4004000 27
4005000 27
4006000 27
4007000 27
4008000 27
4009000 27
4010000 27
4011000 27
4012000 27
4013000 27
4014000 27
4015000 27
4016000 27
4017000 27
4018000 27
4019000 27
4020000 27
4021000 27
4022000 27
4023000 27
4024000 27
4025000 27
4026000 27
4027000 27
4028000 27
4029000 27
4030000 27
4031000 27
4032000 27
4033000 27
4034000 27
4035000 27
4036000 27
4037000 27
4038000 27
4039000 27
4040000 27
4041000 27
4042000 27
4043000 27
4044000 27
4045000 27
4046000 27
4047000 27
4048000 27
4049000 27
4050000 27
4051000 27
4052000 27
4053000 27
4054000 27
4055000 27
4056000 27
4057000 27
4058000 27
4059000 27
4060000 27
4061000 27
4062000 27
4063000 27
4064000 27
4065000 27
4066000 27
4067000 27
4068000 27
4069000 27
4070000 27
4071000 27
4072000 27
4073000 27
4074000 27
4075000 27
4076000 27
4077000 27
4078000 27
4079000 27
4080000 27
4081000 27
4082000 27
4083000 27
4084000 27
4085000 27
4086000 27
4087000 27
4088000 27
4089000 27
4090000 27
4091000 27
4092000 27
4093000 27
4094000 27
4095000 27
4096000 27
4097000 27
4098000 27
4099000 27
4100000 27
4101000 27
4102000 27
4103000 27
4104000 27
4105000 27
4106000 27
4107000 27
4108000 27
4109000 27
4110000 27
4111000 27
4112000 27
4113000 27
4114000 27
4115000 27
4116000 27
4117000 27
4118000 27
4119000 27
4120000 27
4121000 27
4122000 27
4123000 27
4124000 27
4125000 27
4126000 27
4127000 27
4128000 27
4129000 27
4130000 27
4131000 27
4132000 27
4133000 27
4134000 27
4135000 27
4136000 27
4137000 27
4138000 27
4139000 27
4140000 27
4141000 27
4142000 27
4143000 27
4144000 27
4145000 27
4146000 27
4147000 27
4148000 27
4149000 27
4150000 27
4151000 27
4152000 27
4153000 27
4154000 27
4155000 27
4156000 27
4157000 27
4158000 27
4159000 27
4160000 27
4161000 27
4162000 27
4163000 27
4164000 27
4165000 27
4166000 27
4167000 27
4168000 27
4169000 27
4170000 27
4171000 27
4172000 27
4173000 27
4174000 27
4175000 27
4176000 27
4177000 27
4178000 27
4179000 27
4180000 27
4181000 27
4182000 27
4183000 27
4184000 27
4185000 27
4186000 27
4187000 27
4188000 27
4189000 27
4190000 27
4191000 27
4192000 27
4193000 27
4194000 27
4195000 27
4196000 27
4197000 27
4198000 27
4199000 27
4200000 27
4201000 27
4202000 27
4203000 27
4204000 27
4205000 27
4206000 27
4207000 27
4208000 27
4209000 27
4210000 27
4211000 27
4212000 27
4213000 27
4214000 27
4215000 27
4216000 27
4217000 27
4218000 27
4219000 27
4220000 27
4221000 27
4222000 27
4223000 27
4224000 27
4225000 27
4226000 27
4227000 27
4228000 27
4229000 27
4230000 27
4231000 27
4232000 27
4233000 27
4234000 27
4235000 27
4236000 27
4237000 27
4238000 27
4239000 27
4240000 27
4241000 27
4242000 27
4243000 27
4244000 27
4245000 27
4246000 27
4247000 27
4248000 27
4249000 27
4250000 27
4251000 27
4252000 27
4253000 27
4254000 27
4255000 27
4256000 27
4257000 27
4258000 27
4259000 27
4260000 27
4261000 27
4262000 27
4263000 27
4264000 27
4265000 27
4266000 27
4267000 27
4268000 27
4269000 27
4270000 27
4271000 27
4272000 27
4273000 27
4274000 27
4275000 27
4276000 27
4277000 27
4278000 27
4279000 27
4280000 27
4281000 27
4282000 27
4283000 27
4284000 27
4285000 27
4286000 27
4287000 27
4288000 27
4289000 27
4290000 27
4291000 27
4292000 27
4293000 27
4294000 27
4295000 27
4296000 27
4297000 27
4298000 27
4299000 27
4300000 27
4301000 27
4302000 27
4303000 27
4304000 27
4305000 27
4306000 27
4307000 27
4308000 27
4309000 27
4310000 27
4311000 27
4312000 27
4313000 27
4314000 27
4315000 27
4316000 27
4317000 27
4318000 27
4319000 27
4320000 27
4321000 27
4322000 27
4323000 27
4324000 27
4325000 27
4326000 27
4327000 27
4328000 27
4329000 27
4330000 27
4331000 27
4332000 27
4333000 27
4334000 27
4335000 27
4336000 27
4337000 27
4338000 27
4339000 27
4340000 27
4341000 27
4342000 27
4343000 27
4344000 27
4345000 27
4346000 27
4347000 27
4348000 27
4349000 27
4350000 27
4351000 27
4352000 27
4353000 27
4354000 27
4355000 27
4356000 27
4357000 27
4358000 27
4359000 27
4360000 27
4361000 27
4362000 27
4363000 27
4364000 27
4365000 27
4366000 27
4367000 27
4368000 27
4369000 27
4370000 27
4371000 27
4372000 27
4373000 27
4374000 27
4375000 27
4376000 27
4377000 27
4378000 27
4379000 27
4380000 27
4381000 27
4382000 27
4383000 27
4384000 27
4385000 28
4386000 28
4387000 28
4388000 28
4389000 28
4390000 28
4391000 28
4392000 28
4393000 28
4394000 28
4395000 28
4396000 28
4397000 28
4398000 28
4399000 28
4400000 28
4401000 28
4402000 28
4403000 28
4404000 28
4405000 28
4406000 28
4407000 28
4408000 28
4409000 28
4410000 28
4411000 28
4412000 28
4413000 28
4414000 28
4415000 28
4416000 28
4417000 28
4418000 28
4419000 28
4420000 28
4421000 28
4422000 28
4423000 28
4424000 28
4425000 28
4426000 28
4427000 28
4428000 28
4429000 28
4430000 28
4431000 28
4432000 28
4433000 28
4434000 28
4435000 28
4436000 28
4437000 28
4438000 28
4439000 28
4440000 28
4441000 28
4442000 28
4443000 28
4444000 28
4445000 28
4446000 28
4447000 28
4448000 28
4449000 28
4450000 28
4451000 28
4452000 28
4453000 28
4454000 28
4455000 28
4456000 28
4457000 28
4458000 28
4459000 28
4460000 28
4461000 28
4462000 28
4463000 28
4464000 28
4465000 28
4466000 28
4467000 28
4468000 28
4469000 28
4470000 28
4471000 28
4472000 28
4473000 28
4474000 28
4475000 28
4476000 28
4477000 28
4478000 28
4479000 28
4480000 28
4481000 28
4482000 28
4483000 28
4484000 28
4485000 28
4486000 28
4487000 28
4488000 28
4489000 28
4490000 28
4491000 28
4492000 28
4493000 28
4494000 28
4495000 28
4496000 28
4497000 28
4498000 28
4499000 28
4500000 28
4501000 28
4502000 28
4503000 28
4504000 28
4505000 28
4506000 28
4507000 28
4508000 28
4509000 28
4510000 28
4511000 28
4512000 28
4513000 28
4514000 28
4515000 28
4516000 28
4517000 28
4518000 28
4519000 28
4520000 28
4521000 28
4522000 28
4523000 28
4524000 28
4525000 28
4526000 28
4527000 28
4528000 28
4529000 28
4530000 28
4531000 28
4532000 28
4533000 28
4534000 28
4535000 28
4536000 28
4537000 28
4538000 28
4539000 28
4540000 28
4541000 28
4542000 28
4543000 28
4544000 28
4545000 28
4546000 28
4547000 28
4548000 28
4549000 28
4550000 28
4551000 28
4552000 28
4553000 28
4554000 28
4555000 28
4556000 28
4557000 28
4558000 28
4559000 28
4560000 28
4561000 28
4562000 28
4563000 28
4564000 28
4565000 28
4566000 28
4567000 28
4568000 28
4569000 28
4570000 28
4571000 28
4572000 28
4573000 28
4574000 28
4575000 28
4576000 28
4577000 28
4578000 28
4579000 28
4580000 28
4581000 28
4582000 28
4583000 28
4584000 28
4585000 28
4586000 28
4587000 28
4588000 28
4589000 28
4590000 28
4591000 28
4592000 28
4593000 28
4594000 28
4595000 28
4596000 28
4597000 28
4598000 28
4599000 28
4600000 28
4601000 28
4602000 28
4603000 28
4604000 28
4605000 28
4606000 28
4607000 28
4608000 28
4609000 28
4610000 28
4611000 28
4612000 28
4613000 28
4614000 28
4615000 28
4616000 28
4617000 28
4618000 28
4619000 28
4620000 28
4621000 28
4622000 28
4623000 28
4624000 28
4625000 28
4626000 28
4627000 28
4628000 28
4629000 28
4630000 28
4631000 28
4632000 28
4633000 28
4634000 28
4635000 28
4636000 28
4637000 28
4638000 28
4639000 28
4640000 28
4641000 28
4642000 28
4643000 28
4644000 28
4645000 28
4646000 28
4647000 28
4648000 28
4649000 28
4650000 28
4651000 28
4652000 28
4653000 28
4654000 28
4655000 28
4656000 28
4657000 28
4658000 28
4659000 28
4660000 28
4661000 28
4662000 28
4663000 28
4664000 28
4665000 28
4666000 28
4667000 28
4668000 28
4669000 28
4670000 28
4671000 28
4672000 28
4673000 28
4674000 28
4675000 28
4676000 28
4677000 28
4678000 28
4679000 28
4680000 28
4681000 28
4682000 28
4683000 28
4684000 28
4685000 28
4686000 28
4687000 28
4688000 28
4689000 28
4690000 28
4691000 28
4692000 28
4693000 28
4694000 28
4695000 28
4696000 28
4697000 28
4698000 28
4699000 28
4700000 28
4701000 28
4702000 28
4703000 28
4704000 28
4705000 28
4706000 28
4707000 28
4708000 28
4709000 28
4710000 28
4711000 28
4712000 28
4713000 28
4714000 28
4715000 28
4716000 28
4717000 28
4718000 28
4719000 28
4720000 28
4721000 28
4722000 28
4723000 28
4724000 28
4725000 28
4726000 28
4727000 28
4728000 28
4729000 28
4730000 28
4731000 28
4732000 28
4733000 28
4734000 28
4735000 28
4736000 28
4737000 28
4738000 28
4739000 28
4740000 28
4741000 28
4742000 28
4743000 28
4744000 28
4745000 28
4746000 28
4747000 28
4748000 28
4749000 28
4750000 28
4751000 28
4752000 28
4753000 28
4754000 28
4755000 28
4756000 28
4757000 28
4758000 28
4759000 28
4760000 28
4761000 28
4762000 28
4763000 28
4764000 28
4765000 28
4766000 28
4767000 28
4768000 28
4769000 28
4770000 28
4771000 28
4772000 28
4773000 28
4774000 28
4775000 28
4776000 28
4777000 28
4778000 28
4779000 28
4780000 28
4781000 28
4782000 28
4783000 28
4784000 28
4785000 28
4786000 28
4787000 28
4788000 28
4789000 28
4790000 28
4791000 28
4792000 28
4793000 28
4794000 28
4795000 28
4796000 28
4797000 28
4798000 28
4799000 28
4800000 28
4801000 28
4802000 28
4803000 28
4804000 28
4805000 28
4806000 28
4807000 28
4808000 28
4809000 28
4810000 28
4811000 28
4812000 28
4813000 28
4814000 28
4815000 28
4816000 28
4817000 28
4818000 28
4819000 28
4820000 28
4821000 28
4822000 28
4823000 28
4824000 28
4825000 28
4826000 28
4827000 28
4828000 28
4829000 28
4830000 28
4831000 28
4832000 28
4833000 28
4834000 28
4835000 28
4836000 28
4837000 28
4838000 28
4839000 28
4840000 28
4841000 28
4842000 28
4843000 28
4844000 28
4845000 28
4846000 28
4847000 28
4848000 28
4849000 28
4850000 28
4851000 28
4852000 28
4853000 28
4854000 28
4855000 28
4856000 28
4857000 28
4858000 28
4859000 28
4860000 28
4861000 28
4862000 28
4863000 28
4864000 28
4865000 28
4866000 28
4867000 28
4868000 28
4869000 28
4870000 28
4871000 28
4872000 28
4873000 28
4874000 28
4875000 28
4876000 28
4877000 28
4878000 28
4879000 28
4880000 28
4881000 28
4882000 28
4883000 28
4884000 28
4885000 28
4886000 28
4887000 28
4888000 28
4889000 28
4890000 28
4891000 28
4892000 28
4893000 28
4894000 28
4895000 28
4896000 28
4897000 28
4898000 28
4899000 28
4900000 28
4901000 28
4902000 28
4903000 28
4904000 28
4905000 28
4906000 28
4907000 28
4908000 28
4909000 28
4910000 28
4911000 28
4912000 28
4913000 28
4914000 28
4915000 28
4916000 28
4917000 28
4918000 28
4919000 28
4920000 28
4921000 28
4922000 28
4923000 28
4924000 28
4925000 28
4926000 28
4927000 28
4928000 28
4929000 28
4930000 28
4931000 28
4932000 28
4933000 28
4934000 28
4935000 28
4936000 28
4937000 28
4938000 28
4939000 28
4940000 28
4941000 28
4942000 28
4943000 28
4944000 28
4945000 28
4946000 28
4947000 28
4948000 28
4949000 28
4950000 28
4951000 28
4952000 28
4953000 28
4954000 28
4955000 28
4956000 28
4957000 28
4958000 28
4959000 28
4960000 28
4961000 28
4962000 28
4963000 28
4964000 28
4965000 28
4966000 28
4967000 28
4968000 28
4969000 28
4970000 28
4971000 28
4972000 28
4973000 28
4974000 28
4975000 28
4976000 28
4977000 28
4978000 28
4979000 28
4980000 28
4981000 28
4982000 28
4983000 28
4984000 28
4985000 28
4986000 28
4987000 28
4988000 28
4989000 28
4990000 28
4991000 28
4992000 28
4993000 28
4994000 28
4995000 28
4996000 28
4997000 28
4998000 28
4999000 28
5000000 28
