0 0
1000 0
2000 0
3000 0
4000 0
5000 0
6000 0
7000 1
8000 1
9000 1
10000 1
11000 1
12000 1
13000 1
14000 2
15000 2
16000 2
17000 2
18000 2
19000 2
20000 2
21000 2
22000 2
23000 2
24000 2
25000 2
26000 2
27000 2
28000 2
29000 2
30000 3
31000 3
32000 3
33000 3
34000 3
35000 3
36000 3
37000 3
38000 3
39000 3
40000 4
41000 4
42000 4
43000 4
44000 4
45000 4
46000 4
47000 4
48000 4
49000 4
50000 4
51000 4
52000 4
53000 4
54000 4
55000 4
56000 4
57000 4
58000 4
59000 4
60000 4
61000 4
62000 4
63000 4
64000 4
65000 4
66000 4
67000 4
68000 4
69000 4
70000 4
71000 4
72000 4
73000 4
74000 4
75000 4
76000 4
77000 4
78000 4
79000 4
80000 4
81000 4
82000 4
83000 4
84000 4
85000 4
86000 4
87000 4
88000 4
89000 4
90000 4
91000 4
92000 4
93000 4
94000 4
95000 4
96000 4
97000 4
98000 4
99000 4
100000 4
101000 4
102000 4
103000 4
104000 4
105000 4
106000 4
107000 4
108000 4
109000 4
110000 4
111000 4
112000 4
113000 4
114000 4
115000 4
116000 4
117000 4
118000 4
119000 4
120000 4
121000 4
122000 4
123000 4
124000 4
125000 4
126000 4
127000 4
128000 4
129000 4
130000 4
131000 4
132000 4
133000 4
134000 4
135000 4
136000 4
137000 4
138000 4
139000 4
140000 4
141000 4
142000 4
143000 4
144000 4
145000 4
146000 4
147000 4
148000 4
149000 4
150000 4
151000 4
152000 4
153000 4
154000 4
155000 4
156000 4
157000 4
158000 4
159000 4
160000 4
161000 4
162000 4
163000 4
164000 4
165000 4
166000 4
167000 4
168000 4
169000 4
170000 4
171000 4
172000 4
173000 4
174000 4
175000 4
176000 4
177000 4
178000 4
179000 4
180000 4
181000 4
182000 4
183000 4
184000 4
185000 4
186000 4
187000 4
188000 4
189000 4
190000 4
191000 4
192000 4
193000 4
194000 4
195000 4
196000 4
197000 4
198000 5
199000 5
200000 5
201000 5
202000 5
203000 5
204000 5
205000 5
206000 6
207000 6
208000 6
209000 6
210000 6
211000 6
212000 6
213000 6
214000 6
215000 6
216000 7
217000 7
218000 7
219000 7
220000 7
221000 7
222000 7
223000 7
224000 7
225000 7
226000 8
227000 8
228000 8
229000 8
230000 8
231000 8
232000 9
233000 9
234000 9
235000 9
236000 9
237000 9
238000 9
239000 9
240000 9
241000 9
242000 9
243000 9
244000 9
245000 9
246000 9
247000 9
248000 9
249000 9
250000 9
251000 9
252000 9
253000 9
254000 9
255000 9
256000 9
257000 9
258000 9
259000 9
260000 9
261000 9
262000 9
263000 9
264000 9
265000 9
266000 9
267000 9
268000 9
269000 9
270000 9
271000 9
272000 9
273000 9
274000 9
275000 9
276000 9
277000 9
278000 9
279000 9
280000 9
281000 9
282000 9
283000 9
284000 9
285000 9
286000 9
287000 9
288000 9
289000 10
290000 10
291000 10
292000 10
293000 10
294000 10
295000 10
296000 10
297000 10
298000 10
299000 10
300000 10
301000 10
302000 10
303000 10
304000 10
305000 10
306000 10
307000 10
308000 10
309000 10
310000 10
311000 10
312000 10
313000 10
314000 10
315000 10
316000 10
317000 10
318000 10
319000 10
320000 10
321000 10
322000 10
323000 10
324000 10
325000 10
326000 10
327000 10
328000 10
329000 10
330000 10
331000 10
332000 10
333000 10
334000 10
335000 10
336000 10
337000 10
338000 10
339000 10
340000 10
341000 10
342000 10
343000 10
344000 10
345000 10
346000 10
347000 11
348000 11
349000 11
350000 11
351000 11
352000 11
353000 11
354000 11
355000 12
356000 12
357000 12
358000 12
359000 12
360000 12
361000 12
362000 13
363000 13
364000 13
365000 13
366000 13
367000 13
368000 13
369000 13
370000 13
371000 14
372000 14
373000 14
374000 14
375000 14
376000 14
377000 14
378000 15
379000 15
380000 15
381000 15
382000 15
383000 15
384000 15
385000 15
386000 15
387000 15
388000 15
389000 15
390000 15
391000 15
392000 15
393000 15
394000 15
395000 15
396000 15
397000 15
398000 15
399000 15
400000 15
401000 15
402000 15
403000 15
404000 15
405000 15
406000 15
407000 15
408000 15
409000 15
410000 15
411000 15
412000 15
413000 15
414000 15
415000 15
416000 15
417000 15
418000 15
419000 15
420000 15
421000 15
422000 15
423000 15
424000 15
425000 15
426000 15
427000 15
428000 15
429000 15
430000 15
431000 15
432000 15
433000 15
434000 15
435000 16
436000 16
437000 16
438000 16
439000 16
440000 16
441000 16
442000 17
443000 17
444000 17
445000 17
446000 17
447000 17
448000 17
449000 17
450000 17
451000 17
452000 17
453000 17
454000 17
455000 17
456000 17
457000 17
458000 17
459000 17
460000 17
461000 17
462000 17
463000 17
464000 17
465000 17
466000 17
467000 17
468000 17
469000 17
470000 17
471000 17
472000 17
473000 17
474000 17
475000 17
476000 17
477000 17
478000 17
479000 17
480000 17
481000 17
482000 17
483000 17
484000 17
485000 17
486000 18
487000 18
488000 18
489000 18
490000 18
491000 18
492000 18
493000 18
494000 19
495000 19
496000 19
497000 19
498000 19
499000 19
500000 19
501000 19
502000 19
503000 19
504000 19
505000 19
506000 19
507000 19
508000 19
509000 19
510000 19
511000 19
512000 19
513000 19
514000 19
515000 19
516000 19
517000 19
518000 19
519000 19
520000 19
521000 19
522000 19
523000 19
524000 19
525000 19
526000 19
527000 19
528000 19
529000 19
530000 19
531000 19
532000 19
533000 19
534000 19
535000 19
536000 19
537000 19
538000 19
539000 19
540000 19
541000 19
542000 19
543000 19
544000 19
545000 19
546000 19
547000 19
548000 19
549000 19
550000 19
551000 19
552000 19
553000 19
554000 19
555000 19
556000 19
557000 19
558000 19
559000 19
560000 19
561000 19
562000 19
563000 19
564000 19
565000 19
566000 19
567000 19
568000 19
569000 19
570000 19
571000 19
572000 19
573000 19
574000 19
575000 19
576000 19
577000 19
578000 19
579000 19
580000 19
581000 19
582000 19
583000 19
584000 19
585000 19
586000 19
587000 19
588000 19
589000 19
590000 19
591000 19
592000 19
593000 19
594000 19
595000 19
596000 19
597000 19
598000 19
599000 19
600000 19
601000 19
602000 19
603000 19
604000 19
605000 19
606000 19
607000 19
608000 19
609000 19
610000 19
611000 19
612000 19
613000 19
614000 19
615000 19
616000 19
617000 19
618000 19
619000 19
620000 19
621000 19
622000 19
623000 19
624000 19
625000 19
626000 19
627000 19
628000 19
629000 19
630000 19
631000 19
632000 19
633000 19
634000 19
635000 19
636000 19
637000 19
638000 19
639000 19
640000 19
641000 19
642000 19
643000 19
644000 19
645000 19
646000 19
647000 19
648000 19
649000 19
650000 19
651000 19
652000 19
653000 19
654000 19
655000 19
656000 19
657000 19
658000 19
659000 19
660000 19
661000 19
662000 19
663000 19
664000 19
665000 19
666000 19
667000 19
668000 19
669000 19
670000 19
671000 19
672000 19
673000 19
674000 19
675000 19
676000 19
677000 19
678000 19
679000 19
680000 19
681000 19
682000 19
683000 19
684000 19
685000 19
686000 19
687000 19
688000 19
689000 19
690000 19
691000 19
692000 19
693000 19
694000 19
695000 19
696000 19
697000 19
698000 19
699000 19
700000 19
701000 19
702000 19
703000 20
704000 20
705000 20
706000 20
707000 20
708000 20
709000 20
710000 20
711000 20
712000 20
713000 20
714000 20
715000 20
716000 20
717000 20
718000 20
719000 20
720000 20
721000 20
722000 20
723000 20
724000 20
725000 20
726000 20
727000 20
728000 20
729000 20
730000 20
731000 20
732000 20
733000 20
734000 20
735000 20
736000 20
737000 20
738000 20
739000 20
740000 20
741000 20
742000 20
743000 20
744000 20
745000 20
746000 20
747000 20
748000 20
749000 20
750000 20
751000 20
752000 20
753000 20
754000 20
755000 20
756000 20
757000 20
758000 20
759000 20
760000 20
761000 20
762000 21
763000 21
764000 21
765000 21
766000 21
767000 21
768000 21
769000 21
770000 21
771000 22
772000 22
773000 22
774000 22
775000 22
776000 22
777000 22
778000 22
779000 22
780000 22
781000 22
782000 22
783000 23
784000 23
785000 23
786000 23
787000 23
788000 23
789000 23
790000 24
791000 24
792000 24
793000 24
794000 24
795000 24
796000 24
797000 25
798000 25
799000 25
800000 25
801000 25
802000 25
803000 25
804000 25
805000 25
806000 25
807000 25
808000 25
809000 25
810000 25
811000 25
812000 25
813000 25
814000 25
815000 25
816000 25
817000 25
818000 25
819000 25
820000 25
821000 25
822000 25
823000 25
824000 25
825000 25
826000 25
827000 25
828000 25
829000 25
830000 25
831000 25
832000 25
833000 25
834000 25
835000 25
836000 25
837000 25
838000 25
839000 25
840000 25
841000 25
842000 25
843000 25
844000 25
845000 25
846000 25
847000 25
848000 25
849000 25
850000 25
851000 25
852000 25
853000 25
854000 25
855000 26
856000 26
857000 26
858000 26
859000 26
860000 26
861000 26
862000 26
863000 26
864000 26
865000 26
866000 26
867000 26
868000 26
869000 26
870000 26
871000 26
872000 26
873000 26
874000 26
875000 26
876000 26
877000 26
878000 26
879000 26
880000 26
881000 26
882000 26
883000 26
884000 26
885000 26
886000 26
887000 26
888000 26
889000 26
890000 26
891000 26
892000 26
893000 26
894000 26
895000 26
896000 26
897000 26
898000 26
899000 26
900000 26
901000 26
902000 26
903000 26
904000 26
905000 26
906000 26
907000 26
908000 26
909000 26
910000 26
911000 26
912000 26
913000 26
914000 26
915000 26
916000 26
917000 26
918000 26
919000 26
920000 26
921000 26
922000 26
923000 26
924000 26
925000 26
926000 26
927000 26
928000 26
929000 26
930000 26
931000 26
932000 26
933000 26
934000 26
935000 26
936000 26
937000 26
938000 26
939000 26
940000 26
941000 26
942000 26
943000 26
944000 26
945000 26
946000 26
947000 26
948000 26
949000 26
950000 26
951000 26
952000 26
953000 26
954000 26
955000 26
956000 26
957000 26
958000 26
959000 26
960000 26
961000 26
962000 26
963000 26
964000 26
965000 27
966000 27
967000 27
968000 27
969000 27
970000 27
971000 27
972000 28
973000 28
974000 28
975000 28
976000 28
977000 28
978000 28
979000 29
980000 29
981000 29
982000 29
983000 29
984000 29
985000 29
986000 29
987000 29
988000 29
989000 29
990000 29
991000 29
992000 29
993000 29
994000 29
995000 29
996000 29
997000 29
998000 29
999000 29
1000000 29
1001000 29
1002000 29
1003000 29
1004000 29
1005000 29
1006000 29
1007000 29
1008000 29
1009000 29
1010000 29
1011000 29
1012000 29
1013000 29
1014000 29
1015000 29
1016000 29
1017000 29
1018000 29
1019000 29
1020000 29
1021000 29
1022000 29
1023000 29
1024000 29
1025000 29
1026000 29
1027000 29
1028000 29
1029000 29
1030000 29
1031000 29
1032000 29
1033000 29
1034000 29
1035000 29
1036000 30
1037000 30
1038000 30
1039000 30
1040000 30
1041000 30
1042000 30
1043000 30
1044000 30
1045000 30
1046000 30
1047000 31
1048000 31
1049000 31
1050000 31
1051000 31
1052000 31
1053000 32
1054000 32
1055000 32
1056000 32
1057000 32
1058000 32
1059000 32
1060000 33
1061000 33
1062000 33
1063000 33
1064000 33
1065000 33
1066000 33
1067000 33
1068000 33
1069000 33
1070000 33
1071000 33
1072000 33
1073000 33
1074000 34
1075000 34
1076000 34
1077000 34
1078000 34
1079000 34
1080000 34
1081000 34
1082000 35
1083000 35
1084000 35
1085000 35
1086000 35
1087000 35
1088000 35
1089000 35
1090000 36
1091000 36
1092000 36
1093000 36
1094000 36
1095000 36
1096000 36
1097000 36
1098000 37
1099000 37
1100000 37
1101000 37
1102000 37
1103000 37
1104000 37
1105000 37
1106000 37
1107000 37
1108000 37
1109000 37
1110000 37
1111000 38
1112000 38
1113000 38
1114000 38
1115000 38
1116000 38
1117000 38
1118000 38
1119000 38
1120000 38
1121000 39
1122000 39
1123000 39
1124000 39
1125000 39
1126000 39
1127000 39
1128000 39
1129000 39
1130000 39
1131000 39
1132000 39
1133000 39
1134000 39
1135000 39
1136000 39
1137000 39
1138000 39
1139000 39
1140000 39
1141000 39
1142000 40
1143000 40
1144000 40
1145000 40
1146000 40
1147000 40
1148000 40
1149000 40
1150000 40
1151000 40
1152000 40
1153000 40
1154000 40
1155000 40
1156000 40
1157000 40
1158000 40
1159000 40
1160000 40
1161000 40
1162000 40
1163000 40
1164000 40
1165000 40
1166000 40
1167000 40
1168000 40
1169000 40
1170000 40
1171000 40
1172000 40
1173000 40
1174000 40
1175000 40
1176000 40
1177000 40
1178000 40
1179000 40
1180000 40
1181000 40
1182000 40
1183000 40
1184000 40
1185000 40
1186000 40
1187000 40
1188000 40
1189000 40
1190000 40
1191000 40
1192000 40
1193000 40
1194000 40
1195000 40
1196000 40
1197000 40
1198000 40
1199000 41
1200000 41
1201000 41
1202000 41
1203000 41
1204000 41
1205000 41
1206000 42
1207000 42
1208000 42
1209000 42
1210000 42
1211000 42
1212000 42
1213000 42
1214000 42
1215000 42
1216000 42
1217000 42
1218000 42
1219000 42
1220000 43
1221000 43
1222000 43
1223000 43
1224000 43
1225000 43
1226000 43
1227000 43
1228000 43
1229000 43
1230000 43
1231000 43
1232000 43
1233000 43
1234000 43
1235000 43
1236000 43
1237000 43
1238000 43
1239000 43
1240000 43
1241000 43
1242000 43
1243000 43
1244000 43
1245000 43
1246000 43
1247000 43
1248000 43
1249000 43
1250000 43
1251000 43
1252000 43
1253000 43
1254000 43
1255000 43
1256000 43
1257000 43
1258000 43
1259000 43
1260000 43
1261000 43
1262000 43
1263000 43
1264000 43
1265000 43
1266000 43
1267000 43
1268000 43
1269000 43
1270000 43
1271000 43
1272000 43
1273000 43
1274000 43
1275000 43
1276000 43
1277000 43
1278000 43
1279000 43
1280000 43
1281000 43
1282000 43
1283000 43
1284000 43
1285000 43
1286000 43
1287000 43
1288000 43
1289000 43
1290000 43
1291000 43
1292000 43
1293000 43
1294000 43
1295000 43
1296000 43
1297000 43
1298000 43
1299000 43
1300000 43
1301000 43
1302000 43
1303000 43
1304000 43
1305000 43
1306000 43
1307000 43
1308000 43
1309000 43
1310000 43
1311000 43
1312000 43
1313000 43
1314000 43
1315000 43
1316000 43
1317000 43
1318000 43
1319000 43
1320000 43
1321000 43
1322000 43
1323000 43
1324000 43
1325000 43
1326000 43
1327000 43
1328000 43
1329000 44
1330000 44
1331000 44
1332000 44
1333000 44
1334000 44
1335000 44
1336000 44
1337000 44
1338000 45
1339000 45
1340000 45
1341000 45
1342000 45
1343000 45
1344000 46
1345000 46
1346000 46
1347000 46
1348000 46
1349000 46
1350000 46
1351000 46
1352000 46
1353000 46
1354000 46
1355000 46
1356000 46
1357000 46
1358000 46
1359000 46
1360000 46
1361000 46
1362000 46
1363000 46
1364000 46
1365000 46
1366000 46
1367000 46
1368000 46
1369000 46
1370000 46
1371000 46
1372000 46
1373000 46
1374000 46
1375000 46
1376000 46
1377000 46
1378000 46
1379000 46
1380000 46
1381000 46
1382000 46
1383000 46
1384000 46
1385000 46
1386000 46
1387000 46
1388000 46
1389000 46
1390000 46
1391000 46
1392000 46
1393000 46
1394000 46
1395000 46
1396000 46
1397000 46
1398000 46
1399000 46
1400000 46
1401000 46
1402000 47
1403000 47
1404000 47
1405000 47
1406000 47
1407000 47
1408000 47
1409000 48
1410000 48
1411000 48
1412000 48
1413000 48
1414000 48
1415000 48
1416000 48
1417000 49
1418000 49
1419000 49
1420000 49
1421000 49
1422000 49
1423000 49
1424000 49
1425000 49
1426000 49
1427000 50
1428000 50
1429000 50
1430000 50
1431000 50
1432000 50
1433000 50
1434000 50
1435000 51
1436000 51
1437000 51
1438000 51
1439000 51
1440000 51
1441000 51
1442000 51
1443000 52
1444000 52
1445000 52
1446000 52
1447000 52
1448000 52
1449000 52
1450000 52
1451000 53
1452000 53
1453000 53
1454000 53
1455000 53
1456000 53
1457000 53
1458000 54
1459000 54
1460000 54
1461000 54
1462000 54
1463000 54
1464000 54
1465000 54
1466000 54
1467000 54
1468000 54
1469000 54
1470000 54
1471000 54
1472000 54
1473000 54
1474000 54
1475000 54
1476000 54
1477000 54
1478000 54
1479000 54
1480000 54
1481000 54
1482000 54
1483000 54
1484000 54
1485000 54
1486000 54
1487000 54
1488000 54
1489000 54
1490000 54
1491000 54
1492000 54
1493000 54
1494000 54
1495000 54
1496000 54
1497000 54
1498000 54
1499000 54
1500000 54
1501000 54
1502000 54
1503000 54
1504000 54
1505000 54
1506000 54
1507000 54
1508000 54
1509000 54
1510000 54
1511000 54
1512000 54
1513000 54
1514000 54
1515000 55
1516000 55
1517000 55
1518000 55
1519000 55
1520000 55
1521000 55
1522000 56
1523000 56
1524000 56
1525000 56
1526000 56
1527000 56
1528000 56
1529000 56
1530000 57
1531000 57
1532000 57
1533000 57
1534000 57
1535000 57
1536000 57
1537000 58
1538000 58
1539000 58
1540000 58
1541000 58
1542000 58
1543000 58
1544000 59
1545000 59
1546000 59
1547000 59
1548000 59
1549000 59
1550000 59
1551000 60
1552000 60
1553000 60
1554000 60
1555000 60
1556000 60
1557000 60
1558000 60
1559000 61
1560000 61
1561000 61
1562000 61
1563000 61
1564000 61
1565000 61
1566000 61
1567000 61
1568000 62
1569000 62
1570000 62
1571000 62
1572000 62
1573000 62
1574000 62
1575000 62
1576000 62
1577000 62
1578000 63
1579000 63
1580000 63
1581000 63
1582000 63
1583000 63
1584000 63
1585000 63
1586000 63
1587000 63
1588000 63
1589000 63
1590000 63
1591000 63
1592000 63
1593000 63
1594000 63
1595000 63
1596000 63
1597000 63
1598000 63
1599000 63
1600000 63
1601000 63
1602000 63
1603000 63
1604000 63
1605000 63
1606000 63
1607000 63
1608000 63
1609000 63
1610000 63
1611000 63
1612000 63
1613000 63
1614000 63
1615000 63
1616000 63
1617000 63
1618000 63
1619000 63
1620000 63
1621000 63
1622000 63
1623000 63
1624000 63
1625000 63
1626000 63
1627000 63
1628000 63
1629000 63
1630000 63
1631000 63
1632000 63
1633000 63
1634000 63
1635000 63
1636000 64
1637000 64
1638000 64
1639000 64
1640000 64
1641000 64
1642000 64
1643000 64
1644000 65
1645000 65
1646000 65
1647000 65
1648000 65
1649000 65
1650000 66
1651000 66
1652000 66
1653000 66
1654000 66
1655000 66
1656000 66
1657000 67
1658000 67
1659000 67
1660000 67
1661000 67
1662000 67
1663000 67
1664000 67
1665000 67
1666000 67
1667000 67
1668000 67
1669000 67
1670000 67
1671000 67
1672000 67
1673000 67
1674000 67
1675000 67
1676000 67
1677000 67
1678000 67
1679000 67
1680000 67
1681000 67
1682000 67
1683000 67
1684000 67
1685000 67
1686000 67
1687000 67
1688000 67
1689000 67
1690000 67
1691000 67
1692000 67
1693000 67
1694000 67
1695000 67
1696000 67
1697000 67
1698000 67
1699000 67
1700000 67
1701000 67
1702000 67
1703000 67
1704000 67
1705000 67
1706000 67
1707000 67
1708000 67
1709000 67
1710000 67
1711000 67
1712000 67
1713000 67
1714000 67
1715000 68
1716000 68
1717000 68
1718000 68
1719000 68
1720000 68
1721000 68
1722000 68
1723000 69
1724000 69
1725000 69
1726000 69
1727000 69
1728000 69
1729000 70
1730000 70
1731000 70
1732000 70
1733000 70
1734000 70
1735000 70
1736000 70
1737000 70
1738000 70
1739000 70
1740000 71
1741000 71
1742000 71
1743000 71
1744000 71
1745000 71
1746000 71
1747000 71
1748000 71
1749000 71
1750000 71
1751000 71
1752000 71
1753000 71
1754000 71
1755000 71
1756000 71
1757000 71
1758000 71
1759000 71
1760000 71
1761000 71
1762000 71
1763000 71
1764000 71
1765000 71
1766000 71
1767000 71
1768000 71
1769000 71
1770000 71
1771000 71
1772000 71
1773000 71
1774000 71
1775000 71
1776000 71
1777000 71
1778000 71
1779000 71
1780000 71
1781000 71
1782000 71
1783000 71
1784000 71
1785000 71
1786000 71
1787000 71
1788000 71
1789000 71
1790000 71
1791000 71
1792000 71
1793000 71
1794000 71
1795000 71
1796000 71
1797000 71
1798000 71
1799000 71
1800000 71
1801000 71
1802000 71
1803000 71
1804000 71
1805000 71
1806000 71
1807000 71
1808000 71
1809000 71
1810000 71
1811000 71
1812000 71
1813000 71
1814000 71
1815000 71
1816000 71
1817000 71
1818000 71
1819000 71
1820000 71
1821000 71
1822000 71
1823000 71
1824000 71
1825000 71
1826000 71
1827000 71
1828000 71
1829000 71
1830000 71
1831000 71
1832000 71
1833000 71
1834000 71
1835000 71
1836000 71
1837000 71
1838000 71
1839000 71
1840000 71
1841000 71
1842000 71
1843000 71
1844000 71
1845000 71
1846000 71
1847000 71
1848000 71
1849000 71
1850000 71
1851000 71
1852000 71
1853000 71
1854000 71
1855000 71
1856000 71
1857000 71
1858000 71
1859000 71
1860000 71
1861000 71
1862000 71
1863000 71
1864000 71
1865000 71
1866000 71
1867000 71
1868000 71
1869000 71
1870000 71
1871000 71
1872000 71
1873000 71
1874000 71
1875000 71
1876000 71
1877000 71
1878000 71
1879000 71
1880000 71
1881000 71
1882000 71
1883000 71
1884000 71
1885000 71
1886000 71
1887000 71
1888000 71
1889000 71
1890000 71
1891000 71
1892000 71
1893000 71
1894000 71
1895000 71
1896000 71
1897000 72
1898000 72
1899000 72
1900000 72
1901000 72
1902000 72
1903000 72
1904000 72
1905000 72
1906000 72
1907000 72
1908000 72
1909000 72
1910000 72
1911000 72
1912000 72
1913000 72
1914000 72
1915000 72
1916000 72
1917000 72
1918000 72
1919000 72
1920000 72
1921000 72
1922000 72
1923000 72
1924000 72
1925000 72
1926000 72
1927000 72
1928000 72
1929000 72
1930000 72
1931000 72
1932000 72
1933000 72
1934000 72
1935000 72
1936000 72
1937000 72
1938000 72
1939000 72
1940000 72
1941000 72
1942000 72
1943000 72
1944000 72
1945000 72
1946000 72
1947000 72
1948000 72
1949000 72
1950000 72
1951000 72
1952000 72
1953000 72
1954000 72
1955000 72
1956000 72
1957000 72
1958000 72
1959000 72
1960000 72
1961000 72
1962000 72
1963000 72
1964000 72
1965000 72
1966000 72
1967000 72
1968000 72
1969000 72
1970000 72
1971000 72
1972000 72
1973000 72
1974000 72
1975000 72
1976000 72
1977000 72
1978000 72
1979000 72
1980000 72
1981000 72
1982000 72
1983000 72
1984000 72
1985000 72
1986000 72
1987000 72
1988000 72
1989000 72
1990000 72
1991000 72
1992000 72
1993000 72
1994000 72
1995000 72
1996000 72
1997000 72
1998000 72
1999000 72
2000000 72
2001000 72
2002000 72
2003000 72
2004000 72
2005000 72
2006000 72
2007000 72
2008000 72
2009000 72
2010000 73
2011000 73
2012000 73
2013000 73
2014000 73
2015000 73
2016000 73
2017000 73
2018000 73
2019000 73
2020000 73
2021000 73
2022000 73
2023000 73
2024000 73
2025000 73
2026000 73
2027000 73
2028000 73
2029000 73
2030000 73
2031000 73
2032000 73
2033000 73
2034000 73
2035000 73
2036000 73
2037000 73
2038000 73
2039000 73
2040000 73
2041000 73
2042000 73
2043000 73
2044000 73
2045000 73
2046000 73
2047000 73
2048000 73
2049000 73
2050000 73
2051000 73
2052000 73
2053000 73
2054000 73
2055000 73
2056000 73
2057000 73
2058000 73
2059000 73
2060000 73
2061000 73
2062000 73
2063000 73
2064000 73
2065000 73
2066000 73
2067000 74
2068000 74
2069000 74
2070000 74
2071000 74
2072000 74
2073000 74
2074000 75
2075000 75
2076000 75
2077000 75
2078000 75
2079000 75
2080000 75
2081000 75
2082000 75
2083000 76
2084000 76
2085000 76
2086000 76
2087000 76
2088000 76
2089000 76
2090000 76
2091000 76
2092000 77
2093000 77
2094000 77
2095000 77
2096000 77
2097000 77
2098000 77
2099000 77
2100000 77
2101000 78
2102000 78
2103000 78
2104000 78
2105000 78
2106000 78
2107000 78
2108000 78
2109000 78
2110000 79
2111000 79
2112000 79
2113000 79
2114000 79
2115000 79
2116000 79
2117000 79
2118000 79
2119000 79
2120000 79
2121000 79
2122000 79
2123000 80
2124000 80
2125000 80
2126000 80
2127000 80
2128000 80
2129000 80
2130000 80
2131000 80
2132000 80
2133000 80
2134000 80
2135000 81
2136000 81
2137000 81
2138000 81
2139000 81
2140000 81
2141000 82
2142000 82
2143000 82
2144000 82
2145000 82
2146000 82
2147000 82
2148000 83
2149000 83
2150000 83
2151000 83
2152000 83
2153000 83
2154000 83
2155000 84
2156000 84
2157000 84
2158000 84
2159000 84
2160000 84
2161000 84
2162000 85
2163000 85
2164000 85
2165000 85
2166000 85
2167000 85
2168000 85
2169000 86
2170000 86
2171000 86
2172000 86
2173000 86
2174000 86
2175000 86
2176000 86
2177000 86
2178000 86
2179000 86
2180000 86
2181000 86
2182000 86
2183000 86
2184000 86
2185000 86
2186000 86
2187000 86
2188000 86
2189000 86
2190000 86
2191000 86
2192000 86
2193000 86
2194000 86
2195000 86
2196000 86
2197000 86
2198000 86
2199000 86
2200000 86
2201000 86
2202000 86
2203000 86
2204000 86
2205000 86
2206000 86
2207000 86
2208000 86
2209000 87
2210000 87
2211000 87
2212000 87
2213000 87
2214000 87
2215000 87
2216000 87
2217000 88
2218000 88
2219000 88
2220000 88
2221000 88
2222000 88
2223000 88
2224000 89
2225000 89
2226000 89
2227000 89
2228000 89
2229000 89
2230000 89
2231000 89
2232000 90
2233000 90
2234000 90
2235000 90
2236000 90
2237000 90
2238000 90
2239000 90
2240000 90
2241000 91
2242000 91
2243000 91
2244000 91
2245000 91
2246000 91
2247000 91
2248000 91
2249000 91
2250000 91
2251000 92
2252000 92
2253000 92
2254000 92
2255000 92
2256000 92
2257000 92
2258000 92
2259000 92
2260000 93
2261000 93
2262000 93
2263000 93
2264000 93
2265000 93
2266000 93
2267000 93
2268000 93
2269000 93
2270000 93
2271000 94
2272000 94
2273000 94
2274000 94
2275000 94
2276000 94
2277000 94
2278000 94
2279000 94
2280000 94
2281000 94
2282000 95
2283000 95
2284000 95
2285000 95
2286000 95
2287000 95
2288000 95
2289000 95
2290000 96
2291000 96
2292000 96
2293000 96
2294000 96
2295000 96
2296000 97
2297000 97
2298000 97
2299000 97
2300000 97
2301000 97
2302000 97
2303000 97
2304000 97
2305000 98
2306000 98
2307000 98
2308000 98
2309000 98
2310000 98
2311000 98
2312000 98
2313000 98
2314000 99
2315000 99
2316000 99
2317000 99
2318000 99
2319000 99
2320000 99
2321000 99
2322000 99
2323000 100
2324000 100
2325000 100
2326000 100
2327000 100
2328000 100
2329000 100
2330000 100
2331000 100
2332000 100
2333000 100
2334000 100
2335000 100
2336000 100
2337000 100
2338000 100
2339000 100
2340000 100
2341000 100
2342000 100
2343000 100
2344000 100
2345000 100
2346000 100
2347000 100
2348000 100
2349000 100
2350000 100
2351000 100
2352000 100
2353000 100
2354000 100
2355000 100
2356000 100
2357000 100
2358000 100
2359000 100
2360000 100
2361000 100
2362000 100
2363000 100
2364000 100
2365000 100
2366000 100
2367000 100
2368000 100
2369000 100
2370000 100
2371000 100
2372000 100
2373000 100
2374000 100
2375000 100
2376000 100
2377000 100
2378000 100
2379000 100
2380000 100
2381000 101
2382000 101
2383000 101
2384000 101
2385000 101
2386000 101
2387000 102
2388000 102
2389000 102
2390000 102
2391000 102
2392000 102
2393000 102
2394000 102
2395000 102
2396000 102
2397000 102
2398000 102
2399000 102
2400000 103
2401000 103
2402000 103
2403000 103
2404000 103
2405000 103
2406000 104
2407000 104
2408000 104
2409000 104
2410000 104
2411000 104
2412000 104
2413000 105
2414000 105
2415000 105
2416000 105
2417000 105
2418000 105
2419000 105
2420000 106
2421000 106
2422000 106
2423000 106
2424000 106
2425000 106
2426000 106
2427000 106
2428000 106
2429000 106
2430000 106
2431000 106
2432000 106
2433000 106
2434000 106
2435000 106
2436000 106
2437000 106
2438000 106
2439000 106
2440000 106
2441000 106
2442000 106
2443000 106
2444000 106
2445000 106
2446000 106
2447000 106
2448000 106
2449000 106
2450000 106
2451000 106
2452000 106
2453000 106
2454000 106
2455000 106
2456000 106
2457000 106
2458000 106
2459000 106
2460000 106
2461000 106
2462000 106
2463000 106
2464000 106
2465000 106
2466000 106
2467000 106
2468000 106
2469000 106
2470000 106
2471000 106
2472000 106
2473000 106
2474000 106
2475000 106
2476000 107
2477000 107
2478000 107
2479000 107
2480000 107
2481000 107
2482000 108
2483000 108
2484000 108
2485000 108
2486000 108
2487000 108
2488000 108
2489000 108
2490000 108
2491000 108
2492000 108
2493000 108
2494000 108
2495000 108
2496000 108
2497000 108
2498000 108
2499000 108
2500000 108
2501000 108
2502000 108
2503000 108
2504000 108
2505000 108
2506000 108
2507000 108
2508000 108
2509000 108
2510000 108
2511000 108
2512000 108
2513000 108
2514000 108
2515000 108
2516000 108
2517000 108
2518000 108
2519000 108
2520000 108
2521000 108
2522000 108
2523000 108
2524000 108
2525000 108
2526000 108
2527000 108
2528000 108
2529000 108
2530000 108
2531000 108
2532000 108
2533000 108
2534000 108
2535000 108
2536000 108
2537000 108
2538000 108
2539000 108
2540000 108
2541000 108
2542000 108
2543000 108
2544000 108
2545000 108
2546000 108
2547000 108
2548000 108
2549000 108
2550000 108
2551000 108
2552000 108
2553000 108
2554000 108
2555000 108
2556000 108
2557000 108
2558000 108
2559000 108
2560000 108
2561000 108
2562000 108
2563000 108
2564000 108
2565000 108
2566000 108
2567000 108
2568000 108
2569000 108
2570000 108
2571000 108
2572000 108
2573000 108
2574000 108
2575000 108
2576000 108
2577000 108
2578000 108
2579000 108
2580000 108
2581000 108
2582000 108
2583000 108
2584000 108
2585000 108
2586000 108
2587000 108
2588000 108
2589000 108
2590000 108
2591000 108
2592000 108
2593000 108
2594000 108
2595000 108
2596000 108
2597000 108
2598000 108
2599000 108
2600000 108
2601000 108
2602000 108
2603000 108
2604000 108
2605000 108
2606000 108
2607000 108
2608000 108
2609000 108
2610000 108
2611000 108
2612000 108
2613000 108
2614000 108
2615000 108
2616000 108
2617000 108
2618000 108
2619000 108
2620000 108
2621000 108
2622000 108
2623000 108
2624000 108
2625000 108
2626000 108
2627000 108
2628000 108
2629000 108
2630000 108
2631000 108
2632000 108
2633000 108
2634000 108
2635000 108
2636000 108
2637000 108
2638000 108
2639000 108
2640000 108
2641000 108
2642000 109
2643000 109
2644000 109
2645000 109
2646000 109
2647000 109
2648000 109
2649000 109
2650000 110
2651000 110
2652000 110
2653000 110
2654000 110
2655000 110
2656000 110
2657000 110
2658000 110
2659000 110
2660000 110
2661000 110
2662000 110
2663000 110
2664000 110
2665000 110
2666000 110
2667000 110
2668000 110
2669000 110
2670000 110
2671000 110
2672000 110
2673000 110
2674000 110
2675000 110
2676000 110
2677000 110
2678000 110
2679000 110
2680000 110
2681000 110
2682000 110
2683000 110
2684000 110
2685000 110
2686000 110
2687000 110
2688000 110
2689000 110
2690000 110
2691000 110
2692000 110
2693000 110
2694000 110
2695000 110
2696000 110
2697000 110
2698000 110
2699000 110
2700000 110
2701000 110
2702000 110
2703000 110
2704000 110
2705000 110
2706000 110
2707000 111
2708000 111
2709000 111
2710000 111
2711000 111
2712000 111
2713000 111
2714000 112
2715000 112
2716000 112
2717000 112
2718000 112
2719000 112
2720000 112
2721000 112
2722000 112
2723000 112
2724000 112
2725000 112
2726000 112
2727000 112
2728000 112
2729000 112
2730000 112
2731000 112
2732000 112
2733000 112
2734000 112
2735000 112
2736000 112
2737000 112
2738000 112
2739000 112
2740000 112
2741000 112
2742000 112
2743000 112
2744000 112
2745000 112
2746000 112
2747000 112
2748000 112
2749000 112
2750000 112
2751000 112
2752000 112
2753000 112
2754000 112
2755000 112
2756000 112
2757000 112
2758000 112
2759000 112
2760000 112
2761000 112
2762000 112
2763000 112
2764000 112
2765000 112
2766000 112
2767000 112
2768000 112
2769000 112
2770000 112
2771000 113
2772000 113
2773000 113
2774000 113
2775000 113
2776000 113
2777000 113
2778000 114
2779000 114
2780000 114
2781000 114
2782000 114
2783000 114
2784000 115
2785000 115
2786000 115
2787000 115
2788000 115
2789000 115
2790000 115
2791000 116
2792000 116
2793000 116
2794000 116
2795000 116
2796000 116
2797000 116
2798000 117
2799000 117
2800000 117
2801000 117
2802000 117
2803000 117
2804000 117
2805000 117
2806000 118
2807000 118
2808000 118
2809000 118
2810000 118
2811000 118
2812000 118
2813000 118
2814000 118
2815000 118
2816000 118
2817000 118
2818000 118
2819000 118
2820000 118
2821000 118
2822000 118
2823000 118
2824000 118
2825000 118
2826000 118
2827000 118
2828000 118
2829000 118
2830000 118
2831000 119
2832000 119
2833000 119
2834000 119
2835000 119
2836000 119
2837000 119
2838000 119
2839000 119
2840000 120
2841000 120
2842000 120
2843000 120
2844000 120
2845000 120
2846000 120
2847000 120
2848000 121
2849000 121
2850000 121
2851000 121
2852000 121
2853000 121
2854000 121
2855000 121
2856000 121
2857000 121
2858000 121
2859000 121
2860000 121
2861000 121
2862000 121
2863000 121
2864000 121
2865000 121
2866000 121
2867000 121
2868000 121
2869000 121
2870000 121
2871000 121
2872000 121
2873000 121
2874000 121
2875000 121
2876000 121
2877000 121
2878000 121
2879000 121
2880000 121
2881000 121
2882000 121
2883000 121
2884000 121
2885000 121
2886000 121
2887000 121
2888000 121
2889000 121
2890000 121
2891000 121
2892000 121
2893000 121
2894000 121
2895000 121
2896000 121
2897000 121
2898000 121
2899000 121
2900000 121
2901000 121
2902000 121
2903000 121
2904000 121
2905000 122
2906000 122
2907000 122
2908000 122
2909000 122
2910000 122
2911000 122
2912000 123
2913000 123
2914000 123
2915000 123
2916000 123
2917000 123
2918000 123
2919000 123
2920000 123
2921000 123
2922000 123
2923000 123
2924000 123
2925000 123
2926000 123
2927000 123
2928000 123
2929000 123
2930000 123
2931000 123
2932000 123
2933000 123
2934000 123
2935000 123
2936000 123
2937000 123
2938000 123
2939000 123
2940000 123
2941000 123
2942000 123
2943000 123
2944000 123
2945000 123
2946000 123
2947000 123
2948000 123
2949000 123
2950000 123
2951000 123
2952000 123
2953000 123
2954000 123
2955000 123
2956000 123
2957000 123
2958000 123
2959000 123
2960000 123
2961000 123
2962000 123
2963000 123
2964000 123
2965000 123
2966000 123
2967000 123
2968000 123
2969000 124
2970000 124
2971000 124
2972000 124
2973000 124
2974000 124
2975000 124
2976000 125
2977000 125
2978000 125
2979000 125
2980000 125
2981000 125
2982000 125
2983000 125
2984000 125
2985000 126
2986000 126
2987000 126
2988000 126
2989000 126
2990000 126
2991000 126
2992000 126
2993000 126
2994000 126
2995000 126
2996000 126
2997000 126
2998000 126
2999000 126
3000000 126
3001000 126
3002000 126
3003000 126
3004000 126
3005000 126
3006000 126
3007000 126
3008000 126
3009000 126
3010000 126
3011000 126
3012000 126
3013000 126
3014000 126
3015000 126
3016000 126
3017000 126
3018000 126
3019000 126
3020000 126
3021000 126
3022000 126
3023000 126
3024000 126
3025000 126
3026000 126
3027000 126
3028000 126
3029000 126
3030000 126
3031000 126
3032000 126
3033000 126
3034000 126
3035000 126
3036000 126
3037000 126
3038000 126
3039000 126
3040000 126
3041000 127
3042000 127
3043000 127
3044000 127
3045000 127
3046000 127
3047000 128
3048000 128
3049000 128
3050000 128
3051000 128
3052000 128
3053000 128
3054000 128
3055000 128
3056000 128
3057000 128
3058000 128
3059000 128
3060000 128
3061000 128
3062000 128
3063000 128
3064000 128
3065000 128
3066000 128
3067000 128
3068000 128
3069000 128
3070000 128
3071000 128
3072000 128
3073000 128
3074000 128
3075000 128
3076000 128
3077000 128
3078000 128
3079000 128
3080000 128
3081000 128
3082000 128
3083000 128
3084000 128
3085000 128
3086000 128
3087000 128
3088000 128
3089000 128
3090000 128
3091000 128
3092000 128
3093000 128
3094000 128
3095000 128
3096000 128
3097000 128
3098000 128
3099000 128
3100000 128
3101000 128
3102000 128
3103000 128
3104000 128
3105000 129
3106000 129
3107000 129
3108000 129
3109000 129
3110000 129
3111000 129
3112000 130
3113000 130
3114000 130
3115000 130
3116000 130
3117000 130
3118000 130
3119000 130
3120000 131
3121000 131
3122000 131
3123000 131
3124000 131
3125000 131
3126000 131
3127000 131
3128000 131
3129000 131
3130000 131
3131000 131
3132000 132
3133000 132
3134000 132
3135000 132
3136000 132
3137000 132
3138000 132
3139000 132
3140000 132
3141000 132
3142000 132
3143000 132
3144000 132
3145000 132
3146000 132
3147000 132
3148000 133
3149000 133
3150000 133
3151000 133
3152000 133
3153000 133
3154000 133
3155000 133
3156000 133
3157000 134
3158000 134
3159000 134
3160000 134
3161000 134
3162000 134
3163000 134
3164000 134
3165000 134
3166000 134
3167000 134
3168000 134
3169000 134
3170000 134
3171000 134
3172000 134
3173000 134
3174000 134
3175000 134
3176000 134
3177000 134
3178000 134
3179000 134
3180000 134
3181000 134
3182000 134
3183000 134
3184000 134
3185000 134
3186000 134
3187000 134
3188000 134
3189000 134
3190000 134
3191000 134
3192000 134
3193000 134
3194000 134
3195000 134
3196000 134
3197000 134
3198000 134
3199000 134
3200000 134
3201000 134
3202000 134
3203000 134
3204000 134
3205000 134
3206000 134
3207000 134
3208000 134
3209000 134
3210000 134
3211000 134
3212000 134
3213000 134
3214000 134
3215000 134
3216000 134
3217000 135
3218000 135
3219000 135
3220000 135
3221000 135
3222000 135
3223000 135
3224000 136
3225000 136
3226000 136
3227000 136
3228000 136
3229000 136
3230000 136
3231000 136
3232000 137
3233000 137
3234000 137
3235000 137
3236000 137
3237000 137
3238000 137
3239000 137
3240000 138
3241000 138
3242000 138
3243000 138
3244000 138
3245000 138
3246000 138
3247000 138
3248000 139
3249000 139
3250000 139
3251000 139
3252000 139
3253000 139
3254000 139
3255000 140
3256000 140
3257000 140
3258000 140
3259000 140
3260000 140
3261000 140
3262000 140
3263000 140
3264000 140
3265000 140
3266000 140
3267000 140
3268000 140
3269000 141
3270000 141
3271000 141
3272000 141
3273000 141
3274000 141
3275000 141
3276000 141
3277000 141
3278000 142
3279000 142
3280000 142
3281000 142
3282000 142
3283000 142
3284000 142
3285000 143
3286000 143
3287000 143
3288000 143
3289000 143
3290000 143
3291000 143
3292000 144
3293000 144
3294000 144
3295000 144
3296000 144
3297000 144
3298000 144
3299000 144
3300000 144
3301000 145
3302000 145
3303000 145
3304000 145
3305000 145
3306000 145
3307000 145
3308000 145
3309000 145
3310000 145
3311000 145
3312000 145
3313000 145
3314000 145
3315000 145
3316000 145
3317000 145
3318000 145
3319000 145
3320000 145
3321000 145
3322000 145
3323000 145
3324000 145
3325000 145
3326000 145
3327000 145
3328000 145
3329000 145
3330000 145
3331000 145
3332000 145
3333000 145
3334000 145
3335000 145
3336000 145
3337000 145
3338000 145
3339000 145
3340000 145
3341000 145
3342000 146
3343000 146
3344000 146
3345000 146
3346000 146
3347000 146
3348000 146
3349000 147
3350000 147
3351000 147
3352000 147
3353000 147
3354000 147
3355000 148
3356000 148
3357000 148
3358000 148
3359000 148
3360000 148
3361000 148
3362000 148
3363000 149
3364000 149
3365000 149
3366000 149
3367000 149
3368000 149
3369000 150
3370000 150
3371000 150
3372000 150
3373000 150
3374000 150
3375000 150
3376000 151
3377000 151
3378000 151
3379000 151
3380000 151
3381000 151
3382000 151
3383000 151
3384000 152
3385000 152
3386000 152
3387000 152
3388000 152
3389000 152
3390000 152
3391000 152
3392000 153
3393000 153
3394000 153
3395000 153
3396000 153
3397000 153
3398000 153
3399000 154
3400000 154
3401000 154
3402000 154
3403000 154
3404000 154
3405000 154
3406000 154
3407000 155
3408000 155
3409000 155
3410000 155
3411000 155
3412000 155
3413000 156
3414000 156
3415000 156
3416000 156
3417000 156
3418000 156
3419000 156
3420000 156
3421000 156
3422000 156
3423000 156
3424000 156
3425000 156
3426000 156
3427000 156
3428000 156
3429000 156
3430000 156
3431000 156
3432000 156
3433000 156
3434000 156
3435000 156
3436000 156
3437000 156
3438000 156
3439000 156
3440000 156
3441000 156
3442000 156
3443000 156
3444000 156
3445000 156
3446000 156
3447000 156
3448000 156
3449000 156
3450000 156
3451000 156
3452000 156
3453000 156
3454000 156
3455000 156
3456000 156
3457000 156
3458000 156
3459000 156
3460000 156
3461000 156
3462000 156
3463000 156
3464000 156
3465000 156
3466000 156
3467000 156
3468000 156
3469000 156
3470000 157
3471000 157
3472000 157
3473000 157
3474000 157
3475000 157
3476000 157
3477000 157
3478000 157
3479000 158
3480000 158
3481000 158
3482000 158
3483000 158
3484000 158
3485000 158
3486000 158
3487000 158
3488000 158
3489000 158
3490000 158
3491000 158
3492000 158
3493000 158
3494000 158
3495000 158
3496000 158
3497000 158
3498000 158
3499000 158
3500000 158
3501000 158
3502000 158
3503000 158
3504000 158
3505000 158
3506000 158
3507000 158
3508000 158
3509000 158
3510000 158
3511000 158
3512000 158
3513000 158
3514000 158
3515000 158
3516000 158
3517000 158
3518000 158
3519000 158
3520000 158
3521000 158
3522000 158
3523000 158
3524000 158
3525000 158
3526000 158
3527000 158
3528000 158
3529000 158
3530000 158
3531000 158
3532000 158
3533000 158
3534000 158
3535000 158
3536000 158
3537000 159
3538000 159
3539000 159
3540000 159
3541000 159
3542000 159
3543000 159
3544000 160
3545000 160
3546000 160
3547000 160
3548000 160
3549000 160
3550000 160
3551000 160
3552000 160
3553000 160
3554000 160
3555000 160
3556000 160
3557000 160
3558000 160
3559000 160
3560000 160
3561000 160
3562000 160
3563000 160
3564000 160
3565000 160
3566000 160
3567000 160
3568000 160
3569000 160
3570000 160
3571000 160
3572000 160
3573000 160
3574000 160
3575000 160
3576000 160
3577000 160
3578000 160
3579000 160
3580000 160
3581000 160
3582000 160
3583000 160
3584000 160
3585000 160
3586000 160
3587000 160
3588000 160
3589000 160
3590000 160
3591000 160
3592000 160
3593000 160
3594000 160
3595000 160
3596000 160
3597000 160
3598000 160
3599000 160
3600000 160
3601000 160
3602000 161
3603000 161
3604000 161
3605000 161
3606000 161
3607000 161
3608000 161
3609000 161
3610000 162
3611000 162
3612000 162
3613000 162
3614000 162
3615000 162
3616000 162
3617000 163
3618000 163
3619000 163
3620000 163
3621000 163
3622000 163
3623000 163
3624000 163
3625000 163
3626000 163
3627000 163
3628000 163
3629000 163
3630000 163
3631000 163
3632000 163
3633000 163
3634000 163
3635000 163
3636000 163
3637000 163
3638000 163
3639000 163
3640000 163
3641000 163
3642000 163
3643000 163
3644000 163
3645000 163
3646000 163
3647000 163
3648000 163
3649000 163
3650000 163
3651000 163
3652000 163
3653000 163
3654000 163
3655000 163
3656000 163
3657000 163
3658000 163
3659000 163
3660000 163
3661000 163
3662000 163
3663000 163
3664000 163
3665000 163
3666000 163
3667000 163
3668000 163
3669000 163
3670000 163
3671000 163
3672000 163
3673000 163
3674000 163
3675000 163
3676000 163
3677000 163
3678000 163
3679000 163
3680000 163
3681000 163
3682000 163
3683000 163
3684000 163
3685000 163
3686000 163
3687000 163
3688000 163
3689000 163
3690000 163
3691000 163
3692000 163
3693000 163
3694000 163
3695000 163
3696000 163
3697000 163
3698000 163
3699000 163
3700000 163
3701000 163
3702000 163
3703000 163
3704000 163
3705000 163
3706000 163
3707000 163
3708000 163
3709000 163
3710000 163
3711000 163
3712000 163
3713000 163
3714000 163
3715000 163
3716000 163
3717000 163
3718000 163
3719000 163
3720000 163
3721000 163
3722000 163
3723000 163
3724000 163
3725000 163
3726000 163
3727000 163
3728000 163
3729000 163
3730000 163
3731000 163
3732000 163
3733000 163
3734000 163
3735000 163
3736000 163
3737000 163
3738000 163
3739000 163
3740000 163
3741000 163
3742000 163
3743000 163
3744000 163
3745000 163
3746000 163
3747000 163
3748000 163
3749000 163
3750000 163
3751000 163
3752000 163
3753000 163
3754000 163
3755000 163
3756000 163
3757000 163
3758000 163
3759000 163
3760000 163
3761000 163
3762000 163
3763000 163
3764000 163
3765000 163
3766000 163
3767000 163
3768000 163
3769000 163
3770000 163
3771000 163
3772000 163
3773000 163
3774000 163
3775000 163
3776000 163
3777000 163
3778000 163
3779000 163
3780000 163
3781000 163
3782000 163
3783000 163
3784000 163
3785000 163
3786000 163
3787000 163
3788000 163
3789000 163
3790000 163
3791000 163
3792000 163
3793000 163
3794000 163
3795000 163
3796000 163
3797000 163
3798000 163
3799000 163
3800000 163
3801000 163
3802000 163
3803000 163
3804000 163
3805000 163
3806000 163
3807000 163
3808000 163
3809000 163
3810000 163
3811000 163
3812000 163
3813000 163
3814000 163
3815000 163
3816000 163
3817000 163
3818000 163
3819000 163
3820000 163
3821000 163
3822000 163
3823000 163
3824000 164
3825000 164
3826000 164
3827000 164
3828000 164
3829000 164
3830000 165
3831000 165
3832000 165
3833000 165
3834000 165
3835000 165
3836000 166
3837000 166
3838000 166
3839000 166
3840000 166
3841000 166
3842000 166
3843000 167
3844000 167
3845000 167
3846000 167
3847000 167
3848000 167
3849000 167
3850000 168
3851000 168
3852000 168
3853000 168
3854000 168
3855000 168
3856000 168
3857000 169
3858000 169
3859000 169
3860000 169
3861000 169
3862000 169
3863000 169
3864000 170
3865000 170
3866000 170
3867000 170
3868000 170
3869000 170
3870000 170
3871000 171
3872000 171
3873000 171
3874000 171
3875000 171
3876000 171
3877000 171
3878000 172
3879000 172
3880000 172
3881000 172
3882000 172
3883000 172
3884000 173
3885000 173
3886000 173
3887000 173
3888000 173
3889000 173
3890000 173
3891000 174
3892000 174
3893000 174
3894000 174
3895000 174
3896000 174
3897000 174
3898000 174
3899000 174
3900000 175
3901000 175
3902000 175
3903000 175
3904000 175
3905000 175
3906000 175
3907000 176
3908000 176
3909000 176
3910000 176
3911000 176
3912000 176
3913000 176
3914000 177
3915000 177
3916000 177
3917000 177
3918000 177
3919000 177
3920000 178
3921000 178
3922000 178
3923000 178
3924000 178
3925000 178
3926000 179
3927000 179
3928000 179
3929000 179
3930000 179
3931000 179
3932000 179
3933000 180
3934000 180
3935000 180
3936000 180
3937000 180
3938000 180
3939000 180
3940000 180
3941000 180
3942000 181
3943000 181
3944000 181
3945000 181
3946000 181
3947000 181
3948000 181
3949000 181
3950000 181
3951000 181
3952000 182
3953000 182
3954000 182
3955000 182
3956000 182
3957000 182
3958000 182
3959000 182
3960000 182
3961000 182
3962000 182
3963000 182
3964000 182
3965000 182
3966000 182
3967000 182
3968000 182
3969000 182
3970000 182
3971000 182
3972000 182
3973000 182
3974000 182
3975000 182
3976000 182
3977000 182
3978000 182
3979000 182
3980000 182
3981000 182
3982000 182
3983000 182
3984000 182
3985000 182
3986000 182
3987000 182
3988000 182
3989000 182
3990000 182
3991000 182
3992000 182
3993000 182
3994000 182
3995000 182
3996000 182
3997000 182
3998000 182
3999000 182
4000000 182
4001000 182
4002000 182
4003000 182
4004000 182
4005000 182
4006000 182
4007000 182
4008000 182
4009000 182
4010000 183
4011000 183
4012000 183
4013000 183
4014000 183
4015000 183
4016000 183
4017000 183
4018000 184
4019000 184
4020000 184
4021000 184
4022000 184
4023000 184
4024000 184
4025000 185
4026000 185
4027000 185
4028000 185
4029000 185
4030000 185
4031000 185
4032000 185
4033000 185
4034000 186
4035000 186
4036000 186
4037000 186
4038000 186
4039000 186
4040000 187
4041000 187
4042000 187
4043000 187
4044000 187
4045000 187
4046000 188
4047000 188
4048000 188
4049000 188
4050000 188
4051000 188
4052000 188
4053000 188
4054000 188
4055000 188
4056000 188
4057000 188
4058000 188
4059000 188
4060000 188
4061000 188
4062000 188
4063000 188
4064000 188
4065000 188
4066000 188
4067000 188
4068000 188
4069000 188
4070000 188
4071000 188
4072000 188
4073000 188
4074000 188
4075000 188
4076000 188
4077000 188
4078000 188
4079000 188
4080000 188
4081000 188
4082000 188
4083000 188
4084000 188
4085000 188
4086000 188
4087000 188
4088000 188
4089000 188
4090000 188
4091000 188
4092000 188
4093000 188
4094000 188
4095000 188
4096000 188
4097000 188
4098000 188
4099000 188
4100000 188
4101000 188
4102000 188
4103000 189
4104000 189
4105000 189
4106000 189
4107000 189
4108000 189
4109000 189
4110000 189
4111000 190
4112000 190
4113000 190
4114000 190
4115000 190
4116000 190
4117000 190
4118000 190
4119000 191
4120000 191
4121000 191
4122000 191
4123000 191
4124000 191
4125000 192
4126000 192
4127000 192
4128000 192
4129000 192
4130000 192
4131000 192
4132000 193
4133000 193
4134000 193
4135000 193
4136000 193
4137000 193
4138000 193
4139000 193
4140000 194
4141000 194
4142000 194
4143000 194
4144000 194
4145000 194
4146000 194
4147000 194
4148000 195
4149000 195
4150000 195
4151000 195
4152000 195
4153000 195
4154000 195
4155000 195
4156000 196
4157000 196
4158000 196
4159000 196
4160000 196
4161000 196
4162000 196
4163000 196
4164000 196
4165000 196
4166000 196
4167000 196
4168000 196
4169000 196
4170000 196
4171000 196
4172000 196
4173000 196
4174000 196
4175000 196
4176000 196
4177000 196
4178000 196
4179000 196
4180000 196
4181000 196
4182000 196
4183000 196
4184000 196
4185000 196
4186000 196
4187000 196
4188000 196
4189000 196
4190000 196
4191000 196
4192000 196
4193000 196
4194000 196
4195000 196
4196000 196
4197000 196
4198000 196
4199000 196
4200000 196
4201000 196
4202000 196
4203000 196
4204000 196
4205000 196
4206000 196
4207000 196
4208000 196
4209000 196
4210000 196
4211000 196
4212000 196
4213000 197
4214000 197
4215000 197
4216000 197
4217000 197
4218000 197
4219000 197
4220000 197
4221000 197
4222000 197
4223000 198
4224000 198
4225000 198
4226000 198
4227000 198
4228000 198
4229000 199
4230000 199
4231000 199
4232000 199
4233000 199
4234000 199
4235000 199
4236000 200
4237000 200
4238000 200
4239000 200
4240000 200
4241000 200
4242000 200
4243000 201
4244000 201
4245000 201
4246000 201
4247000 201
4248000 201
4249000 201
4250000 201
4251000 201
4252000 201
4253000 202
4254000 202
4255000 202
4256000 202
4257000 202
4258000 202
4259000 202
4260000 202
4261000 202
4262000 202
4263000 202
4264000 202
4265000 202
4266000 202
4267000 202
4268000 202
4269000 202
4270000 202
4271000 202
4272000 202
4273000 202
4274000 202
4275000 202
4276000 202
4277000 202
4278000 202
4279000 202
4280000 202
4281000 202
4282000 202
4283000 202
4284000 202
4285000 202
4286000 202
4287000 202
4288000 202
4289000 202
4290000 202
4291000 202
4292000 202
4293000 202
4294000 202
4295000 202
4296000 202
4297000 202
4298000 202
4299000 202
4300000 202
4301000 202
4302000 202
4303000 202
4304000 202
4305000 202
4306000 202
4307000 202
4308000 202
4309000 202
4310000 202
4311000 203
4312000 203
4313000 203
4314000 203
4315000 203
4316000 203
4317000 203
4318000 203
4319000 203
4320000 203
4321000 203
4322000 203
4323000 203
4324000 203
4325000 203
4326000 203
4327000 203
4328000 203
4329000 203
4330000 203
4331000 203
4332000 203
4333000 203
4334000 203
4335000 203
4336000 203
4337000 203
4338000 203
4339000 203
4340000 203
4341000 203
4342000 203
4343000 203
4344000 203
4345000 203
4346000 203
4347000 203
4348000 203
4349000 203
4350000 203
4351000 203
4352000 203
4353000 203
4354000 203
4355000 203
4356000 203
4357000 203
4358000 203
4359000 203
4360000 203
4361000 203
4362000 203
4363000 203
4364000 203
4365000 203
4366000 203
4367000 203
4368000 204
4369000 204
4370000 204
4371000 204
4372000 204
4373000 204
4374000 204
4375000 204
4376000 205
4377000 205
4378000 205
4379000 205
4380000 205
4381000 205
4382000 205
4383000 205
4384000 205
4385000 206
4386000 206
4387000 206
4388000 206
4389000 206
4390000 206
4391000 206
4392000 206
4393000 206
4394000 206
4395000 206
4396000 207
4397000 207
4398000 207
4399000 207
4400000 207
4401000 207
4402000 207
4403000 207
4404000 207
4405000 207
4406000 207
4407000 207
4408000 207
4409000 207
4410000 207
4411000 207
4412000 207
4413000 207
4414000 207
4415000 207
4416000 207
4417000 207
4418000 207
4419000 207
4420000 207
4421000 207
4422000 207
4423000 207
4424000 207
4425000 207
4426000 207
4427000 207
4428000 207
4429000 207
4430000 207
4431000 207
4432000 207
4433000 207
4434000 207
4435000 207
4436000 207
4437000 207
4438000 207
4439000 207
4440000 207
4441000 207
4442000 207
4443000 207
4444000 207
4445000 207
4446000 207
4447000 207
4448000 207
4449000 207
4450000 207
4451000 207
4452000 208
4453000 208
4454000 208
4455000 208
4456000 208
4457000 208
4458000 209
4459000 209
4460000 209
4461000 209
4462000 209
4463000 209
4464000 209
4465000 209
4466000 209
4467000 209
4468000 209
4469000 209
4470000 209
4471000 209
4472000 209
4473000 209
4474000 209
4475000 209
4476000 209
4477000 209
4478000 209
4479000 209
4480000 209
4481000 209
4482000 209
4483000 209
4484000 209
4485000 209
4486000 209
4487000 209
4488000 209
4489000 209
4490000 209
4491000 209
4492000 209
4493000 209
4494000 209
4495000 209
4496000 209
4497000 209
4498000 209
4499000 209
4500000 209
4501000 209
4502000 209
4503000 209
4504000 209
4505000 209
4506000 209
4507000 209
4508000 209
4509000 209
4510000 209
4511000 209
4512000 209
4513000 209
4514000 209
4515000 210
4516000 210
4517000 210
4518000 210
4519000 210
4520000 210
4521000 210
4522000 210
4523000 210
4524000 210
4525000 210
4526000 210
4527000 210
4528000 210
4529000 210
4530000 210
4531000 210
4532000 210
4533000 210
4534000 210
4535000 210
4536000 210
4537000 210
4538000 210
4539000 210
4540000 210
4541000 210
4542000 210
4543000 210
4544000 210
4545000 210
4546000 210
4547000 210
4548000 210
4549000 210
4550000 210
4551000 210
4552000 210
4553000 210
4554000 210
4555000 210
4556000 210
4557000 210
4558000 210
4559000 210
4560000 210
4561000 210
4562000 210
4563000 210
4564000 210
4565000 210
4566000 210
4567000 210
4568000 210
4569000 210
4570000 210
4571000 210
4572000 210
4573000 210
4574000 210
4575000 211
4576000 211
4577000 211
4578000 211
4579000 211
4580000 211
4581000 211
4582000 211
4583000 212
4584000 212
4585000 212
4586000 212
4587000 212
4588000 212
4589000 212
4590000 212
4591000 213
4592000 213
4593000 213
4594000 213
4595000 213
4596000 213
4597000 213
4598000 213
4599000 214
4600000 214
4601000 214
4602000 214
4603000 214
4604000 214
4605000 214
4606000 215
4607000 215
4608000 215
4609000 215
4610000 215
4611000 215
4612000 215
4613000 215
4614000 215
4615000 215
4616000 215
4617000 215
4618000 215
4619000 215
4620000 215
4621000 215
4622000 215
4623000 215
4624000 215
4625000 215
4626000 215
4627000 215
4628000 215
4629000 215
4630000 215
4631000 215
4632000 215
4633000 215
4634000 215
4635000 215
4636000 215
4637000 215
4638000 215
4639000 215
4640000 215
4641000 215
4642000 215
4643000 215
4644000 215
4645000 215
4646000 215
4647000 215
4648000 215
4649000 215
4650000 215
4651000 215
4652000 215
4653000 215
4654000 215
4655000 215
4656000 215
4657000 215
4658000 215
4659000 215
4660000 215
4661000 215
4662000 215
4663000 216
4664000 216
4665000 216
4666000 216
4667000 216
4668000 216
4669000 217
4670000 217
4671000 217
4672000 217
4673000 217
4674000 217
4675000 217
4676000 218
4677000 218
4678000 218
4679000 218
4680000 218
4681000 218
4682000 218
4683000 218
4684000 219
4685000 219
4686000 219
4687000 219
4688000 219
4689000 219
4690000 219
4691000 220
4692000 220
4693000 220
4694000 220
4695000 220
4696000 220
4697000 220
4698000 220
4699000 220
4700000 221
4701000 221
4702000 221
4703000 221
4704000 221
4705000 221
4706000 221
4707000 221
4708000 221
4709000 221
4710000 221
4711000 222
4712000 222
4713000 222
4714000 222
4715000 222
4716000 222
4717000 222
4718000 222
4719000 222
4720000 222
4721000 222
4722000 222
4723000 223
4724000 223
4725000 223
4726000 223
4727000 223
4728000 223
4729000 223
4730000 223
4731000 223
4732000 223
4733000 223
4734000 223
4735000 223
4736000 223
4737000 223
4738000 223
4739000 223
4740000 223
4741000 223
4742000 223
4743000 223
4744000 223
4745000 223
4746000 223
4747000 223
4748000 223
4749000 223
4750000 223
4751000 223
4752000 223
4753000 223
4754000 223
4755000 223
4756000 223
4757000 223
4758000 223
4759000 223
4760000 223
4761000 223
4762000 223
4763000 223
4764000 223
4765000 223
4766000 223
4767000 223
4768000 223
4769000 223
4770000 223
4771000 223
4772000 223
4773000 223
4774000 223
4775000 223
4776000 223
4777000 223
4778000 223
4779000 223
4780000 224
4781000 224
4782000 224
4783000 224
4784000 224
4785000 224
4786000 224
4787000 225
4788000 225
4789000 225
4790000 225
4791000 225
4792000 225
4793000 225
4794000 226
4795000 226
4796000 226
4797000 226
4798000 226
4799000 226
4800000 226
4801000 226
4802000 226
4803000 226
4804000 226
4805000 226
4806000 226
4807000 226
4808000 226
4809000 226
4810000 226
4811000 226
4812000 226
4813000 226
4814000 226
4815000 226
4816000 226
4817000 226
4818000 226
4819000 226
4820000 227
4821000 227
4822000 227
4823000 227
4824000 227
4825000 227
4826000 227
4827000 227
4828000 228
4829000 228
4830000 228
4831000 228
4832000 228
4833000 228
4834000 228
4835000 228
4836000 228
4837000 228
4838000 228
4839000 228
4840000 228
4841000 228
4842000 228
4843000 228
4844000 228
4845000 228
4846000 228
4847000 228
4848000 228
4849000 228
4850000 228
4851000 228
4852000 228
4853000 228
4854000 228
4855000 228
4856000 228
4857000 228
4858000 228
4859000 228
4860000 228
4861000 228
4862000 228
4863000 228
4864000 228
4865000 228
4866000 228
4867000 228
4868000 228
4869000 228
4870000 228
4871000 228
4872000 228
4873000 228
4874000 228
4875000 228
4876000 228
4877000 228
4878000 228
4879000 228
4880000 228
4881000 228
4882000 228
4883000 228
4884000 228
4885000 228
4886000 229
4887000 229
4888000 229
4889000 229
4890000 229
4891000 229
4892000 230
4893000 230
4894000 230
4895000 230
4896000 230
4897000 230
4898000 230
4899000 230
4900000 230
4901000 231
4902000 231
4903000 231
4904000 231
4905000 231
4906000 231
4907000 231
4908000 232
4909000 232
4910000 232
4911000 232
4912000 232
4913000 232
4914000 232
4915000 232
4916000 232
4917000 232
4918000 232
4919000 233
4920000 233
4921000 233
4922000 233
4923000 233
4924000 233
4925000 233
4926000 233
4927000 233
4928000 233
4929000 233
4930000 233
4931000 233
4932000 233
4933000 233
4934000 233
4935000 233
4936000 233
4937000 233
4938000 233
4939000 233
4940000 233
4941000 233
4942000 233
4943000 233
4944000 233
4945000 233
4946000 233
4947000 233
4948000 233
4949000 233
4950000 233
4951000 233
4952000 233
4953000 233
4954000 233
4955000 233
4956000 233
4957000 233
4958000 233
4959000 233
4960000 233
4961000 233
4962000 233
4963000 233
4964000 233
4965000 233
4966000 233
4967000 233
4968000 233
4969000 233
4970000 233
4971000 233
4972000 233
4973000 233
4974000 233
4975000 233
4976000 233
4977000 233
4978000 234
4979000 234
4980000 234
4981000 234
4982000 234
4983000 234
4984000 235
4985000 235
4986000 235
4987000 235
4988000 235
4989000 235
4990000 235
4991000 235
4992000 236
4993000 236
4994000 236
4995000 236
4996000 236
4997000 236
4998000 236
4999000 236
5000000 237
