0 0
1000 0
2000 0
3000 0
4000 0
5000 0
6000 0
7000 0
8000 0
9000 0
10000 0
11000 0
12000 0
13000 0
14000 0
15000 0
16000 0
17000 0
18000 0
19000 0
20000 0
21000 0
22000 0
23000 0
24000 0
25000 0
26000 0
27000 0
28000 0
29000 0
30000 0
31000 0
32000 0
33000 0
34000 0
35000 0
36000 0
37000 1
38000 1
39000 1
40000 1
41000 1
42000 1
43000 1
44000 1
45000 1
46000 1
47000 1
48000 1
49000 1
50000 1
51000 1
52000 1
53000 1
54000 1
55000 1
56000 1
57000 1
58000 1
59000 1
60000 1
61000 1
62000 1
63000 1
64000 1
65000 1
66000 1
67000 1
68000 1
69000 1
70000 1
71000 1
72000 1
73000 1
74000 1
75000 1
76000 1
77000 1
78000 1
79000 1
80000 1
81000 1
82000 1
83000 1
84000 1
85000 1
86000 1
87000 1
88000 1
89000 1
90000 1
91000 1
92000 1
93000 1
94000 1
95000 1
96000 1
97000 1
98000 1
99000 1
100000 1
101000 1
102000 1
103000 1
104000 1
105000 1
106000 1
107000 1
108000 1
109000 1
110000 1
111000 1
112000 1
113000 1
114000 1
115000 1
116000 1
117000 1
118000 1
119000 1
120000 1
121000 1
122000 1
123000 1
124000 2
125000 2
126000 2
127000 2
128000 2
129000 2
130000 2
131000 2
132000 2
133000 2
134000 2
135000 2
136000 2
137000 2
138000 2
139000 2
140000 2
141000 2
142000 2
143000 2
144000 3
145000 3
146000 3
147000 3
148000 3
149000 3
150000 3
151000 3
152000 3
153000 3
154000 3
155000 3
156000 3
157000 3
158000 3
159000 3
160000 3
161000 3
162000 3
163000 3
164000 3
165000 3
166000 4
167000 4
168000 4
169000 4
170000 4
171000 4
172000 4
173000 4
174000 4
175000 4
176000 5
177000 5
178000 5
179000 5
180000 5
181000 5
182000 5
183000 5
184000 5
185000 6
186000 6
187000 6
188000 6
189000 6
190000 6
191000 6
192000 6
193000 6
194000 7
195000 7
196000 7
197000 7
198000 7
199000 7
200000 7
201000 7
202000 7
203000 8
204000 8
205000 8
206000 8
207000 8
208000 8
209000 8
210000 8
211000 9
212000 9
213000 9
214000 9
215000 9
216000 9
217000 9
218000 9
219000 9
220000 9
221000 9
222000 10
223000 10
224000 10
225000 10
226000 10
227000 10
228000 10
229000 10
230000 10
231000 10
232000 10
233000 10
234000 11
235000 11
236000 11
237000 11
238000 11
239000 11
240000 11
241000 11
242000 11
243000 11
244000 12
245000 12
246000 12
247000 12
248000 12
249000 12
250000 12
251000 12
252000 12
253000 12
254000 13
255000 13
256000 13
257000 13
258000 13
259000 13
260000 13
261000 13
262000 13
263000 13
264000 14
265000 14
266000 14
267000 14
268000 14
269000 14
270000 14
271000 14
272000 14
273000 14
274000 14
275000 14
276000 15
277000 15
278000 15
279000 15
280000 15
281000 15
282000 15
283000 15
284000 15
285000 15
286000 16
287000 16
288000 16
289000 16
290000 16
291000 16
292000 16
293000 16
294000 16
295000 16
296000 17
297000 17
298000 17
299000 17
300000 17
301000 17
302000 17
303000 17
304000 17
305000 17
306000 18
307000 18
308000 18
309000 18
310000 18
311000 18
312000 18
313000 18
314000 18
315000 18
316000 18
317000 18
318000 18
319000 18
320000 18
321000 19
322000 19
323000 19
324000 19
325000 19
326000 19
327000 19
328000 19
329000 19
330000 20
331000 20
332000 20
333000 20
334000 20
335000 20
336000 20
337000 20
338000 20
339000 20
340000 20
341000 21
342000 21
343000 21
344000 21
345000 21
346000 21
347000 21
348000 21
349000 21
350000 22
351000 22
352000 22
353000 22
354000 22
355000 22
356000 22
357000 22
358000 22
359000 23
360000 23
361000 23
362000 23
363000 23
364000 23
365000 23
366000 23
367000 23
368000 23
369000 23
370000 23
371000 24
372000 24
373000 24
374000 24
375000 24
376000 24
377000 24
378000 24
379000 24
380000 24
381000 24
382000 25
383000 25
384000 25
385000 25
386000 25
387000 25
388000 25
389000 25
390000 25
391000 26
392000 26
393000 26
394000 26
395000 26
396000 26
397000 26
398000 26
399000 27
400000 27
401000 27
402000 27
403000 27
404000 27
405000 27
406000 27
407000 28
408000 28
409000 28
410000 28
411000 28
412000 28
413000 28
414000 28
415000 28
416000 29
417000 29
418000 29
419000 29
420000 29
421000 29
422000 29
423000 29
424000 29
425000 29
426000 30
427000 30
428000 30
429000 30
430000 30
431000 30
432000 30
433000 30
434000 30
435000 31
436000 31
437000 31
438000 31
439000 31
440000 31
441000 31
442000 31
443000 31
444000 31
445000 31
446000 32
447000 32
448000 32
449000 32
450000 32
451000 32
452000 32
453000 32
454000 32
455000 32
456000 33
457000 33
458000 33
459000 33
460000 33
461000 33
462000 33
463000 33
464000 33
465000 33
466000 33
467000 34
468000 34
469000 34
470000 34
471000 34
472000 34
473000 34
474000 34
475000 34
476000 34
477000 34
478000 34
479000 34
480000 34
481000 34
482000 35
483000 35
484000 35
485000 35
486000 35
487000 35
488000 35
489000 35
490000 35
491000 35
492000 35
493000 35
494000 35
495000 35
496000 36
497000 36
498000 36
499000 36
500000 36
501000 36
502000 36
503000 36
504000 36
505000 36
506000 36
507000 36
508000 37
509000 37
510000 37
511000 37
512000 37
513000 37
514000 37
515000 37
516000 37
517000 37
518000 37
519000 37
520000 38
521000 38
522000 38
523000 38
524000 38
525000 38
526000 38
527000 38
528000 38
529000 38
530000 38
531000 38
532000 38
533000 38
534000 38
535000 38
536000 38
537000 38
538000 38
539000 38
540000 38
541000 38
542000 38
543000 38
544000 38
545000 38
546000 38
547000 38
548000 38
549000 38
550000 38
551000 38
552000 38
553000 39
554000 39
555000 39
556000 39
557000 39
558000 39
559000 39
560000 39
561000 39
562000 39
563000 39
564000 39
565000 40
566000 40
567000 40
568000 40
569000 40
570000 40
571000 40
572000 40
573000 40
574000 40
575000 41
576000 41
577000 41
578000 41
579000 41
580000 41
581000 41
582000 41
583000 41
584000 41
585000 41
586000 42
587000 42
588000 42
589000 42
590000 42
591000 42
592000 42
593000 42
594000 42
595000 42
596000 42
597000 43
598000 43
599000 43
600000 43
601000 43
602000 43
603000 43
604000 43
605000 43
606000 43
607000 43
608000 43
609000 43
610000 44
611000 44
612000 44
613000 44
614000 44
615000 44
616000 44
617000 44
618000 44
619000 44
620000 45
621000 45
622000 45
623000 45
624000 45
625000 45
626000 45
627000 45
628000 45
629000 45
630000 46
631000 46
632000 46
633000 46
634000 46
635000 46
636000 46
637000 46
638000 46
639000 46
640000 47
641000 47
642000 47
643000 47
644000 47
645000 47
646000 47
647000 47
648000 47
649000 47
650000 47
651000 47
652000 47
653000 47
654000 48
655000 48
656000 48
657000 48
658000 48
659000 48
660000 48
661000 48
662000 48
663000 48
664000 48
665000 48
666000 49
667000 49
668000 49
669000 49
670000 49
671000 49
672000 49
673000 49
674000 49
675000 49
676000 49
677000 49
678000 49
679000 50
680000 50
681000 50
682000 50
683000 50
684000 50
685000 50
686000 50
687000 50
688000 50
689000 50
690000 51
691000 51
692000 51
693000 51
694000 51
695000 51
696000 51
697000 51
698000 51
699000 51
700000 51
701000 51
702000 51
703000 51
704000 52
705000 52
706000 52
707000 52
708000 52
709000 52
710000 52
711000 52
712000 52
713000 52
714000 52
715000 52
716000 52
717000 53
718000 53
719000 53
720000 53
721000 53
722000 53
723000 53
724000 53
725000 53
726000 53
727000 53
728000 53
729000 53
730000 53
731000 53
732000 53
733000 53
734000 53
735000 53
736000 54
737000 54
738000 54
739000 54
740000 54
741000 54
742000 54
743000 54
744000 54
745000 54
746000 55
747000 55
748000 55
749000 55
750000 55
751000 55
752000 55
753000 55
754000 55
755000 55
756000 56
757000 56
758000 56
759000 56
760000 56
761000 56
762000 56
763000 56
764000 56
765000 56
766000 56
767000 56
768000 57
769000 57
770000 57
771000 57
772000 57
773000 57
774000 57
775000 57
776000 57
777000 57
778000 57
779000 57
780000 57
781000 58
782000 58
783000 58
784000 58
785000 58
786000 58
787000 58
788000 58
789000 58
790000 58
791000 59
792000 59
793000 59
794000 59
795000 59
796000 59
797000 59
798000 59
799000 59
800000 59
801000 59
802000 59
803000 60
804000 60
805000 60
806000 60
807000 60
808000 60
809000 60
810000 60
811000 60
812000 60
813000 60
814000 60
815000 60
816000 60
817000 60
818000 61
819000 61
820000 61
821000 61
822000 61
823000 61
824000 61
825000 61
826000 61
827000 61
828000 61
829000 61
830000 61
831000 61
832000 61
833000 61
834000 61
835000 61
836000 61
837000 61
838000 61
839000 61
840000 62
841000 62
842000 62
843000 62
844000 62
845000 62
846000 62
847000 62
848000 62
849000 62
850000 62
851000 62
852000 62
853000 62
854000 62
855000 62
856000 62
857000 62
858000 62
859000 62
860000 63
861000 63
862000 63
863000 63
864000 63
865000 63
866000 63
867000 63
868000 63
869000 63
870000 63
871000 63
872000 64
873000 64
874000 64
875000 64
876000 64
877000 64
878000 64
879000 64
880000 64
881000 64
882000 64
883000 64
884000 65
885000 65
886000 65
887000 65
888000 65
889000 65
890000 65
891000 65
892000 65
893000 65
894000 65
895000 65
896000 66
897000 66
898000 66
899000 66
900000 66
901000 66
902000 66
903000 66
904000 66
905000 66
906000 66
907000 67
908000 67
909000 67
910000 67
911000 67
912000 67
913000 67
914000 67
915000 67
916000 67
917000 67
918000 67
919000 67
920000 68
921000 68
922000 68
923000 68
924000 68
925000 68
926000 68
927000 68
928000 68
929000 69
930000 69
931000 69
932000 69
933000 69
934000 69
935000 69
936000 69
937000 69
938000 70
939000 70
940000 70
941000 70
942000 70
943000 70
944000 70
945000 70
946000 70
947000 71
948000 71
949000 71
950000 71
951000 71
952000 71
953000 71
954000 71
955000 71
956000 71
957000 71
958000 72
959000 72
960000 72
961000 72
962000 72
963000 72
964000 72
965000 72
966000 72
967000 73
968000 73
969000 73
970000 73
971000 73
972000 73
973000 73
974000 73
975000 73
976000 73
977000 73
978000 73
979000 74
980000 74
981000 74
982000 74
983000 74
984000 74
985000 74
986000 74
987000 74
988000 74
989000 75
990000 75
991000 75
992000 75
993000 75
994000 75
995000 75
996000 75
997000 75
998000 75
999000 76
1000000 76
1001000 76
1002000 76
1003000 76
1004000 76
1005000 76
1006000 76
1007000 77
1008000 77
1009000 77
1010000 77
1011000 77
1012000 77
1013000 77
1014000 77
1015000 77
1016000 77
1017000 77
1018000 78
1019000 78
1020000 78
1021000 78
1022000 78
1023000 78
1024000 78
1025000 78
1026000 78
1027000 78
1028000 79
1029000 79
1030000 79
1031000 79
1032000 79
1033000 79
1034000 79
1035000 79
1036000 80
1037000 80
1038000 80
1039000 80
1040000 80
1041000 80
1042000 80
1043000 80
1044000 80
1045000 81
1046000 81
1047000 81
1048000 81
1049000 81
1050000 81
1051000 81
1052000 81
1053000 81
1054000 81
1055000 81
1056000 81
1057000 82
1058000 82
1059000 82
1060000 82
1061000 82
1062000 82
1063000 82
1064000 82
1065000 82
1066000 82
1067000 83
1068000 83
1069000 83
1070000 83
1071000 83
1072000 83
1073000 83
1074000 83
1075000 83
1076000 83
1077000 84
1078000 84
1079000 84
1080000 84
1081000 84
1082000 84
1083000 84
1084000 84
1085000 84
1086000 85
1087000 85
1088000 85
1089000 85
1090000 85
1091000 85
1092000 85
1093000 85
1094000 85
1095000 85
1096000 85
1097000 86
1098000 86
1099000 86
1100000 86
1101000 86
1102000 86
1103000 86
1104000 86
1105000 86
1106000 86
1107000 87
1108000 87
1109000 87
1110000 87
1111000 87
1112000 87
1113000 87
1114000 87
1115000 87
1116000 87
1117000 87
1118000 88
1119000 88
1120000 88
1121000 88
1122000 88
1123000 88
1124000 88
1125000 88
1126000 88
1127000 88
1128000 88
1129000 89
1130000 89
1131000 89
1132000 89
1133000 89
1134000 89
1135000 89
1136000 89
1137000 89
1138000 89
1139000 89
1140000 90
1141000 90
1142000 90
1143000 90
1144000 90
1145000 90
1146000 90
1147000 90
1148000 90
1149000 91
1150000 91
1151000 91
1152000 91
1153000 91
1154000 91
1155000 91
1156000 91
1157000 91
1158000 91
1159000 92
1160000 92
1161000 92
1162000 92
1163000 92
1164000 92
1165000 92
1166000 92
1167000 92
1168000 92
1169000 92
1170000 92
1171000 92
1172000 92
1173000 92
1174000 92
1175000 92
1176000 92
1177000 92
1178000 92
1179000 92
1180000 92
1181000 92
1182000 92
1183000 92
1184000 92
1185000 92
1186000 92
1187000 92
1188000 92
1189000 92
1190000 92
1191000 92
1192000 92
1193000 92
1194000 92
1195000 92
1196000 92
1197000 92
1198000 92
1199000 92
1200000 92
1201000 92
1202000 93
1203000 93
1204000 93
1205000 93
1206000 93
1207000 93
1208000 93
1209000 93
1210000 93
1211000 93
1212000 93
1213000 93
1214000 93
1215000 93
1216000 93
1217000 93
1218000 93
1219000 93
1220000 93
1221000 94
1222000 94
1223000 94
1224000 94
1225000 94
1226000 94
1227000 94
1228000 94
1229000 94
1230000 94
1231000 94
1232000 94
1233000 94
1234000 94
1235000 94
1236000 94
1237000 95
1238000 95
1239000 95
1240000 95
1241000 95
1242000 95
1243000 95
1244000 95
1245000 95
1246000 95
1247000 95
1248000 95
1249000 95
1250000 95
1251000 95
1252000 95
1253000 95
1254000 95
1255000 95
1256000 96
1257000 96
1258000 96
1259000 96
1260000 96
1261000 96
1262000 96
1263000 96
1264000 96
1265000 96
1266000 96
1267000 96
1268000 96
1269000 96
1270000 97
1271000 97
1272000 97
1273000 97
1274000 97
1275000 97
1276000 97
1277000 97
1278000 97
1279000 97
1280000 97
1281000 97
1282000 97
1283000 97
1284000 97
1285000 98
1286000 98
1287000 98
1288000 98
1289000 98
1290000 98
1291000 98
1292000 98
1293000 98
1294000 98
1295000 98
1296000 98
1297000 98
1298000 98
1299000 98
1300000 98
1301000 99
1302000 99
1303000 99
1304000 99
1305000 99
1306000 99
1307000 99
1308000 99
1309000 99
1310000 99
1311000 99
1312000 99
1313000 99
1314000 99
1315000 99
1316000 99
1317000 99
1318000 99
1319000 99
1320000 99
1321000 99
1322000 99
1323000 99
1324000 99
1325000 99
1326000 99
1327000 99
1328000 99
1329000 99
1330000 99
1331000 99
1332000 99
1333000 99
1334000 99
1335000 100
1336000 100
1337000 100
1338000 100
1339000 100
1340000 100
1341000 100
1342000 100
1343000 100
1344000 100
1345000 100
1346000 100
1347000 100
1348000 100
1349000 100
1350000 100
1351000 100
1352000 100
1353000 100
1354000 101
1355000 101
1356000 101
1357000 101
1358000 101
1359000 101
1360000 101
1361000 101
1362000 101
1363000 101
1364000 101
1365000 101
1366000 101
1367000 101
1368000 101
1369000 101
1370000 102
1371000 102
1372000 102
1373000 102
1374000 102
1375000 102
1376000 102
1377000 102
1378000 102
1379000 102
1380000 102
1381000 102
1382000 102
1383000 102
1384000 103
1385000 103
1386000 103
1387000 103
1388000 103
1389000 103
1390000 103
1391000 103
1392000 103
1393000 103
1394000 103
1395000 103
1396000 103
1397000 103
1398000 103
1399000 103
1400000 103
1401000 103
1402000 103
1403000 104
1404000 104
1405000 104
1406000 104
1407000 104
1408000 104
1409000 104
1410000 104
1411000 104
1412000 104
1413000 104
1414000 104
1415000 105
1416000 105
1417000 105
1418000 105
1419000 105
1420000 105
1421000 105
1422000 105
1423000 105
1424000 105
1425000 105
1426000 105
1427000 105
1428000 106
1429000 106
1430000 106
1431000 106
1432000 106
1433000 106
1434000 106
1435000 106
1436000 106
1437000 106
1438000 106
1439000 106
1440000 106
1441000 107
1442000 107
1443000 107
1444000 107
1445000 107
1446000 107
1447000 107
1448000 107
1449000 107
1450000 107
1451000 107
1452000 107
1453000 108
1454000 108
1455000 108
1456000 108
1457000 108
1458000 108
1459000 108
1460000 108
1461000 108
1462000 108
1463000 108
1464000 108
1465000 109
1466000 109
1467000 109
1468000 109
1469000 109
1470000 109
1471000 109
1472000 109
1473000 109
1474000 109
1475000 109
1476000 109
1477000 109
1478000 109
1479000 110
1480000 110
1481000 110
1482000 110
1483000 110
1484000 110
1485000 110
1486000 110
1487000 110
1488000 110
1489000 110
1490000 110
1491000 110
1492000 110
1493000 110
1494000 111
1495000 111
1496000 111
1497000 111
1498000 111
1499000 111
1500000 111
1501000 111
1502000 111
1503000 111
1504000 111
1505000 111
1506000 111
1507000 111
1508000 112
1509000 112
1510000 112
1511000 112
1512000 112
1513000 112
1514000 112
1515000 112
1516000 112
1517000 112
1518000 112
1519000 112
1520000 113
1521000 113
1522000 113
1523000 113
1524000 113
1525000 113
1526000 113
1527000 113
1528000 113
1529000 113
1530000 113
1531000 113
1532000 113
1533000 114
1534000 114
1535000 114
1536000 114
1537000 114
1538000 114
1539000 114
1540000 114
1541000 114
1542000 114
1543000 114
1544000 114
1545000 114
1546000 114
1547000 115
1548000 115
1549000 115
1550000 115
1551000 115
1552000 115
1553000 115
1554000 115
1555000 115
1556000 115
1557000 115
1558000 115
1559000 116
1560000 116
1561000 116
1562000 116
1563000 116
1564000 116
1565000 116
1566000 116
1567000 116
1568000 116
1569000 117
1570000 117
1571000 117
1572000 117
1573000 117
1574000 117
1575000 117
1576000 117
1577000 117
1578000 117
1579000 117
1580000 117
1581000 118
1582000 118
1583000 118
1584000 118
1585000 118
1586000 118
1587000 118
1588000 118
1589000 118
1590000 119
1591000 119
1592000 119
1593000 119
1594000 119
1595000 119
1596000 119
1597000 119
1598000 119
1599000 119
1600000 119
1601000 119
1602000 119
1603000 120
1604000 120
1605000 120
1606000 120
1607000 120
1608000 120
1609000 120
1610000 120
1611000 120
1612000 120
1613000 120
1614000 121
1615000 121
1616000 121
1617000 121
1618000 121
1619000 121
1620000 121
1621000 121
1622000 121
1623000 121
1624000 121
1625000 122
1626000 122
1627000 122
1628000 122
1629000 122
1630000 122
1631000 122
1632000 122
1633000 122
1634000 122
1635000 122
1636000 122
1637000 123
1638000 123
1639000 123
1640000 123
1641000 123
1642000 123
1643000 123
1644000 123
1645000 123
1646000 123
1647000 123
1648000 124
1649000 124
1650000 124
1651000 124
1652000 124
1653000 124
1654000 124
1655000 124
1656000 124
1657000 124
1658000 124
1659000 124
1660000 124
1661000 125
1662000 125
1663000 125
1664000 125
1665000 125
1666000 125
1667000 125
1668000 125
1669000 125
1670000 125
1671000 126
1672000 126
1673000 126
1674000 126
1675000 126
1676000 126
1677000 126
1678000 126
1679000 126
1680000 126
1681000 127
1682000 127
1683000 127
1684000 127
1685000 127
1686000 127
1687000 127
1688000 127
1689000 127
1690000 127
1691000 127
1692000 128
1693000 128
1694000 128
1695000 128
1696000 128
1697000 128
1698000 128
1699000 128
1700000 128
1701000 128
1702000 129
1703000 129
1704000 129
1705000 129
1706000 129
1707000 129
1708000 129
1709000 129
1710000 129
1711000 129
1712000 130
1713000 130
1714000 130
1715000 130
1716000 130
1717000 130
1718000 130
1719000 130
1720000 130
1721000 130
1722000 131
1723000 131
1724000 131
1725000 131
1726000 131
1727000 131
1728000 131
1729000 131
1730000 131
1731000 131
1732000 131
1733000 132
1734000 132
1735000 132
1736000 132
1737000 132
1738000 132
1739000 132
1740000 132
1741000 132
1742000 132
1743000 132
1744000 133
1745000 133
1746000 133
1747000 133
1748000 133
1749000 133
1750000 133
1751000 133
1752000 133
1753000 134
1754000 134
1755000 134
1756000 134
1757000 134
1758000 134
1759000 134
1760000 134
1761000 134
1762000 134
1763000 134
1764000 135
1765000 135
1766000 135
1767000 135
1768000 135
1769000 135
1770000 135
1771000 135
1772000 135
1773000 135
1774000 135
1775000 136
1776000 136
1777000 136
1778000 136
1779000 136
1780000 136
1781000 136
1782000 136
1783000 136
1784000 136
1785000 137
1786000 137
1787000 137
1788000 137
1789000 137
1790000 137
1791000 137
1792000 137
1793000 137
1794000 137
1795000 137
1796000 138
1797000 138
1798000 138
1799000 138
1800000 138
1801000 138
1802000 138
1803000 138
1804000 138
1805000 138
1806000 138
1807000 138
1808000 139
1809000 139
1810000 139
1811000 139
1812000 139
1813000 139
1814000 139
1815000 139
1816000 139
1817000 139
1818000 139
1819000 140
1820000 140
1821000 140
1822000 140
1823000 140
1824000 140
1825000 140
1826000 140
1827000 140
1828000 140
1829000 140
1830000 141
1831000 141
1832000 141
1833000 141
1834000 141
1835000 141
1836000 141
1837000 141
1838000 141
1839000 141
1840000 141
1841000 142
1842000 142
1843000 142
1844000 142
1845000 142
1846000 142
1847000 142
1848000 142
1849000 142
1850000 143
1851000 143
1852000 143
1853000 143
1854000 143
1855000 143
1856000 143
1857000 143
1858000 143
1859000 143
1860000 143
1861000 143
1862000 144
1863000 144
1864000 144
1865000 144
1866000 144
1867000 144
1868000 144
1869000 144
1870000 144
1871000 144
1872000 144
1873000 144
1874000 144
1875000 145
1876000 145
1877000 145
1878000 145
1879000 145
1880000 145
1881000 145
1882000 145
1883000 145
1884000 146
1885000 146
1886000 146
1887000 146
1888000 146
1889000 146
1890000 146
1891000 146
1892000 146
1893000 146
1894000 147
1895000 147
1896000 147
1897000 147
1898000 147
1899000 147
1900000 147
1901000 147
1902000 147
1903000 147
1904000 147
1905000 148
1906000 148
1907000 148
1908000 148
1909000 148
1910000 148
1911000 148
1912000 148
1913000 148
1914000 148
1915000 148
1916000 149
1917000 149
1918000 149
1919000 149
1920000 149
1921000 149
1922000 149
1923000 149
1924000 149
1925000 149
1926000 149
1927000 150
1928000 150
1929000 150
1930000 150
1931000 150
1932000 150
1933000 150
1934000 150
1935000 150
1936000 150
1937000 151
1938000 151
1939000 151
1940000 151
1941000 151
1942000 151
1943000 151
1944000 151
1945000 151
1946000 151
1947000 152
1948000 152
1949000 152
1950000 152
1951000 152
1952000 152
1953000 152
1954000 152
1955000 152
1956000 152
1957000 152
1958000 152
1959000 152
1960000 153
1961000 153
1962000 153
1963000 153
1964000 153
1965000 153
1966000 153
1967000 153
1968000 153
1969000 153
1970000 153
1971000 154
1972000 154
1973000 154
1974000 154
1975000 154
1976000 154
1977000 154
1978000 154
1979000 154
1980000 155
1981000 155
1982000 155
1983000 155
1984000 155
1985000 155
1986000 155
1987000 155
1988000 155
1989000 155
1990000 155
1991000 155
1992000 156
1993000 156
1994000 156
1995000 156
1996000 156
1997000 156
1998000 156
1999000 156
2000000 156
2001000 156
2002000 156
2003000 157
2004000 157
2005000 157
2006000 157
2007000 157
2008000 157
2009000 157
2010000 157
2011000 157
2012000 157
2013000 157
2014000 158
2015000 158
2016000 158
2017000 158
2018000 158
2019000 158
2020000 158
2021000 158
2022000 158
2023000 158
2024000 158
2025000 158
2026000 159
2027000 159
2028000 159
2029000 159
2030000 159
2031000 159
2032000 159
2033000 159
2034000 159
2035000 159
2036000 159
2037000 159
2038000 159
2039000 159
2040000 160
2041000 160
2042000 160
2043000 160
2044000 160
2045000 160
2046000 160
2047000 160
2048000 160
2049000 160
2050000 160
2051000 161
2052000 161
2053000 161
2054000 161
2055000 161
2056000 161
2057000 161
2058000 161
2059000 161
2060000 161
2061000 161
2062000 161
2063000 162
2064000 162
2065000 162
2066000 162
2067000 162
2068000 162
2069000 162
2070000 162
2071000 162
2072000 162
2073000 163
2074000 163
2075000 163
2076000 163
2077000 163
2078000 163
2079000 163
2080000 163
2081000 163
2082000 163
2083000 163
2084000 164
2085000 164
2086000 164
2087000 164
2088000 164
2089000 164
2090000 164
2091000 164
2092000 164
2093000 164
2094000 164
2095000 164
2096000 165
2097000 165
2098000 165
2099000 165
2100000 165
2101000 165
2102000 165
2103000 165
2104000 165
2105000 165
2106000 165
2107000 166
2108000 166
2109000 166
2110000 166
2111000 166
2112000 166
2113000 166
2114000 166
2115000 166
2116000 166
2117000 166
2118000 166
2119000 166
2120000 166
2121000 166
2122000 167
2123000 167
2124000 167
2125000 167
2126000 167
2127000 167
2128000 167
2129000 167
2130000 167
2131000 167
2132000 167
2133000 167
2134000 167
2135000 167
2136000 167
2137000 168
2138000 168
2139000 168
2140000 168
2141000 168
2142000 168
2143000 168
2144000 168
2145000 168
2146000 169
2147000 169
2148000 169
2149000 169
2150000 169
2151000 169
2152000 169
2153000 169
2154000 169
2155000 169
2156000 169
2157000 169
2158000 169
2159000 169
2160000 170
2161000 170
2162000 170
2163000 170
2164000 170
2165000 170
2166000 170
2167000 170
2168000 170
2169000 170
2170000 170
2171000 170
2172000 171
2173000 171
2174000 171
2175000 171
2176000 171
2177000 171
2178000 171
2179000 171
2180000 171
2181000 171
2182000 172
2183000 172
2184000 172
2185000 172
2186000 172
2187000 172
2188000 172
2189000 172
2190000 172
2191000 172
2192000 172
2193000 173
2194000 173
2195000 173
2196000 173
2197000 173
2198000 173
2199000 173
2200000 173
2201000 173
2202000 173
2203000 173
2204000 174
2205000 174
2206000 174
2207000 174
2208000 174
2209000 174
2210000 174
2211000 174
2212000 174
2213000 174
2214000 174
2215000 174
2216000 174
2217000 175
2218000 175
2219000 175
2220000 175
2221000 175
2222000 175
2223000 175
2224000 175
2225000 175
2226000 176
2227000 176
2228000 176
2229000 176
2230000 176
2231000 176
2232000 176
2233000 176
2234000 176
2235000 176
2236000 176
2237000 176
2238000 176
2239000 176
2240000 176
2241000 176
2242000 177
2243000 177
2244000 177
2245000 177
2246000 177
2247000 177
2248000 177
2249000 177
2250000 178
2251000 178
2252000 178
2253000 178
2254000 178
2255000 178
2256000 178
2257000 178
2258000 178
2259000 178
2260000 178
2261000 179
2262000 179
2263000 179
2264000 179
2265000 179
2266000 179
2267000 179
2268000 179
2269000 179
2270000 179
2271000 179
2272000 179
2273000 180
2274000 180
2275000 180
2276000 180
2277000 180
2278000 180
2279000 180
2280000 180
2281000 180
2282000 180
2283000 181
2284000 181
2285000 181
2286000 181
2287000 181
2288000 181
2289000 181
2290000 181
2291000 181
2292000 181
2293000 181
2294000 181
2295000 182
2296000 182
2297000 182
2298000 182
2299000 182
2300000 182
2301000 182
2302000 182
2303000 182
2304000 182
2305000 182
2306000 183
2307000 183
2308000 183
2309000 183
2310000 183
2311000 183
2312000 183
2313000 183
2314000 183
2315000 183
2316000 183
2317000 183
2318000 184
2319000 184
2320000 184
2321000 184
2322000 184
2323000 184
2324000 184
2325000 184
2326000 184
2327000 184
2328000 184
2329000 184
2330000 185
2331000 185
2332000 185
2333000 185
2334000 185
2335000 185
2336000 185
2337000 185
2338000 185
2339000 185
2340000 185
2341000 185
2342000 186
2343000 186
2344000 186
2345000 186
2346000 186
2347000 186
2348000 186
2349000 186
2350000 186
2351000 186
2352000 186
2353000 186
2354000 187
2355000 187
2356000 187
2357000 187
2358000 187
2359000 187
2360000 187
2361000 187
2362000 187
2363000 187
2364000 187
2365000 187
2366000 188
2367000 188
2368000 188
2369000 188
2370000 188
2371000 188
2372000 188
2373000 188
2374000 188
2375000 188
2376000 188
2377000 188
2378000 189
2379000 189
2380000 189
2381000 189
2382000 189
2383000 189
2384000 189
2385000 189
2386000 189
2387000 189
2388000 190
2389000 190
2390000 190
2391000 190
2392000 190
2393000 190
2394000 190
2395000 190
2396000 190
2397000 190
2398000 191
2399000 191
2400000 191
2401000 191
2402000 191
2403000 191
2404000 191
2405000 191
2406000 191
2407000 191
2408000 192
2409000 192
2410000 192
2411000 192
2412000 192
2413000 192
2414000 192
2415000 192
2416000 192
2417000 192
2418000 193
2419000 193
2420000 193
2421000 193
2422000 193
2423000 193
2424000 193
2425000 193
2426000 193
2427000 194
2428000 194
2429000 194
2430000 194
2431000 194
2432000 194
2433000 194
2434000 194
2435000 194
2436000 194
2437000 195
2438000 195
2439000 195
2440000 195
2441000 195
2442000 195
2443000 195
2444000 195
2445000 195
2446000 195
2447000 196
2448000 196
2449000 196
2450000 196
2451000 196
2452000 196
2453000 196
2454000 196
2455000 196
2456000 196
2457000 196
2458000 196
2459000 197
2460000 197
2461000 197
2462000 197
2463000 197
2464000 197
2465000 197
2466000 197
2467000 197
2468000 197
2469000 197
2470000 197
2471000 198
2472000 198
2473000 198
2474000 198
2475000 198
2476000 198
2477000 198
2478000 198
2479000 198
2480000 198
2481000 198
2482000 198
2483000 198
2484000 198
2485000 199
2486000 199
2487000 199
2488000 199
2489000 199
2490000 199
2491000 199
2492000 199
2493000 199
2494000 199
2495000 199
2496000 199
2497000 200
2498000 200
2499000 200
2500000 200
2501000 200
2502000 200
2503000 200
2504000 200
2505000 200
2506000 200
2507000 200
2508000 200
2509000 201
2510000 201
2511000 201
2512000 201
2513000 201
2514000 201
2515000 201
2516000 201
2517000 201
2518000 201
2519000 202
2520000 202
2521000 202
2522000 202
2523000 202
2524000 202
2525000 202
2526000 202
2527000 202
2528000 202
2529000 202
2530000 203
2531000 203
2532000 203
2533000 203
2534000 203
2535000 203
2536000 203
2537000 203
2538000 203
2539000 203
2540000 203
2541000 204
2542000 204
2543000 204
2544000 204
2545000 204
2546000 204
2547000 204
2548000 204
2549000 204
2550000 204
2551000 205
2552000 205
2553000 205
2554000 205
2555000 205
2556000 205
2557000 205
2558000 205
2559000 205
2560000 205
2561000 206
2562000 206
2563000 206
2564000 206
2565000 206
2566000 206
2567000 206
2568000 206
2569000 206
2570000 206
2571000 206
2572000 206
2573000 207
2574000 207
2575000 207
2576000 207
2577000 207
2578000 207
2579000 207
2580000 207
2581000 207
2582000 207
2583000 207
2584000 207
2585000 208
2586000 208
2587000 208
2588000 208
2589000 208
2590000 208
2591000 208
2592000 208
2593000 208
2594000 208
2595000 208
2596000 208
2597000 208
2598000 209
2599000 209
2600000 209
2601000 209
2602000 209
2603000 209
2604000 209
2605000 209
2606000 209
2607000 209
2608000 209
2609000 209
2610000 209
2611000 209
2612000 209
2613000 209
2614000 209
2615000 209
2616000 209
2617000 209
2618000 209
2619000 209
2620000 209
2621000 209
2622000 209
2623000 209
2624000 209
2625000 209
2626000 209
2627000 209
2628000 209
2629000 209
2630000 209
2631000 209
2632000 209
2633000 209
2634000 209
2635000 210
2636000 210
2637000 210
2638000 210
2639000 210
2640000 210
2641000 210
2642000 210
2643000 210
2644000 210
2645000 210
2646000 210
2647000 210
2648000 210
2649000 210
2650000 210
2651000 210
2652000 210
2653000 210
2654000 210
2655000 210
2656000 210
2657000 210
2658000 210
2659000 210
2660000 211
2661000 211
2662000 211
2663000 211
2664000 211
2665000 211
2666000 211
2667000 211
2668000 211
2669000 211
2670000 211
2671000 212
2672000 212
2673000 212
2674000 212
2675000 212
2676000 212
2677000 212
2678000 212
2679000 212
2680000 212
2681000 212
2682000 212
2683000 212
2684000 213
2685000 213
2686000 213
2687000 213
2688000 213
2689000 213
2690000 213
2691000 213
2692000 213
2693000 213
2694000 213
2695000 213
2696000 214
2697000 214
2698000 214
2699000 214
2700000 214
2701000 214
2702000 214
2703000 214
2704000 214
2705000 214
2706000 214
2707000 214
2708000 214
2709000 214
2710000 214
2711000 214
2712000 214
2713000 215
2714000 215
2715000 215
2716000 215
2717000 215
2718000 215
2719000 215
2720000 215
2721000 215
2722000 215
2723000 215
2724000 215
2725000 215
2726000 216
2727000 216
2728000 216
2729000 216
2730000 216
2731000 216
2732000 216
2733000 216
2734000 216
2735000 216
2736000 216
2737000 216
2738000 216
2739000 217
2740000 217
2741000 217
2742000 217
2743000 217
2744000 217
2745000 217
2746000 217
2747000 217
2748000 217
2749000 217
2750000 217
2751000 217
2752000 218
2753000 218
2754000 218
2755000 218
2756000 218
2757000 218
2758000 218
2759000 218
2760000 218
2761000 218
2762000 218
2763000 218
2764000 218
2765000 219
2766000 219
2767000 219
2768000 219
2769000 219
2770000 219
2771000 219
2772000 219
2773000 219
2774000 219
2775000 219
2776000 219
2777000 220
2778000 220
2779000 220
2780000 220
2781000 220
2782000 220
2783000 220
2784000 220
2785000 220
2786000 220
2787000 220
2788000 220
2789000 220
2790000 220
2791000 221
2792000 221
2793000 221
2794000 221
2795000 221
2796000 221
2797000 221
2798000 221
2799000 221
2800000 221
2801000 221
2802000 221
2803000 221
2804000 222
2805000 222
2806000 222
2807000 222
2808000 222
2809000 222
2810000 222
2811000 222
2812000 222
2813000 222
2814000 222
2815000 222
2816000 222
2817000 222
2818000 223
2819000 223
2820000 223
2821000 223
2822000 223
2823000 223
2824000 223
2825000 223
2826000 223
2827000 223
2828000 223
2829000 224
2830000 224
2831000 224
2832000 224
2833000 224
2834000 224
2835000 224
2836000 224
2837000 224
2838000 224
2839000 224
2840000 224
2841000 224
2842000 225
2843000 225
2844000 225
2845000 225
2846000 225
2847000 225
2848000 225
2849000 225
2850000 225
2851000 225
2852000 225
2853000 225
2854000 225
2855000 226
2856000 226
2857000 226
2858000 226
2859000 226
2860000 226
2861000 226
2862000 226
2863000 226
2864000 226
2865000 226
2866000 226
2867000 226
2868000 226
2869000 226
2870000 227
2871000 227
2872000 227
2873000 227
2874000 227
2875000 227
2876000 227
2877000 227
2878000 227
2879000 227
2880000 227
2881000 227
2882000 228
2883000 228
2884000 228
2885000 228
2886000 228
2887000 228
2888000 228
2889000 228
2890000 228
2891000 228
2892000 229
2893000 229
2894000 229
2895000 229
2896000 229
2897000 229
2898000 229
2899000 229
2900000 229
2901000 229
2902000 229
2903000 229
2904000 229
2905000 230
2906000 230
2907000 230
2908000 230
2909000 230
2910000 230
2911000 230
2912000 230
2913000 230
2914000 231
2915000 231
2916000 231
2917000 231
2918000 231
2919000 231
2920000 231
2921000 231
2922000 231
2923000 231
2924000 231
2925000 231
2926000 232
2927000 232
2928000 232
2929000 232
2930000 232
2931000 232
2932000 232
2933000 232
2934000 232
2935000 232
2936000 232
2937000 233
2938000 233
2939000 233
2940000 233
2941000 233
2942000 233
2943000 233
2944000 233
2945000 233
2946000 233
2947000 234
2948000 234
2949000 234
2950000 234
2951000 234
2952000 234
2953000 234
2954000 234
2955000 234
2956000 234
2957000 235
2958000 235
2959000 235
2960000 235
2961000 235
2962000 235
2963000 235
2964000 235
2965000 235
2966000 235
2967000 235
2968000 235
2969000 235
2970000 236
2971000 236
2972000 236
2973000 236
2974000 236
2975000 236
2976000 236
2977000 236
2978000 236
2979000 236
2980000 237
2981000 237
2982000 237
2983000 237
2984000 237
2985000 237
2986000 237
2987000 237
2988000 237
2989000 238
2990000 238
2991000 238
2992000 238
2993000 238
2994000 238
2995000 238
2996000 238
2997000 238
2998000 239
2999000 239
3000000 239
3001000 239
3002000 239
3003000 239
3004000 239
3005000 239
3006000 239
3007000 240
3008000 240
3009000 240
3010000 240
3011000 240
3012000 240
3013000 240
3014000 241
3015000 241
3016000 241
3017000 241
3018000 241
3019000 241
3020000 241
3021000 241
3022000 241
3023000 241
3024000 242
3025000 242
3026000 242
3027000 242
3028000 242
3029000 242
3030000 242
3031000 242
3032000 242
3033000 242
3034000 243
3035000 243
3036000 243
3037000 243
3038000 243
3039000 243
3040000 243
3041000 243
3042000 243
3043000 243
3044000 244
3045000 244
3046000 244
3047000 244
3048000 244
3049000 244
3050000 244
3051000 244
3052000 245
3053000 245
3054000 245
3055000 245
3056000 245
3057000 245
3058000 245
3059000 245
3060000 246
3061000 246
3062000 246
3063000 246
3064000 246
3065000 246
3066000 246
3067000 246
3068000 246
3069000 246
3070000 246
3071000 247
3072000 247
3073000 247
3074000 247
3075000 247
3076000 247
3077000 247
3078000 247
3079000 248
3080000 248
3081000 248
3082000 248
3083000 248
3084000 248
3085000 248
3086000 248
3087000 249
3088000 249
3089000 249
3090000 249
3091000 249
3092000 249
3093000 249
3094000 249
3095000 249
3096000 250
3097000 250
3098000 250
3099000 250
3100000 250
3101000 250
3102000 250
3103000 250
3104000 250
3105000 251
3106000 251
3107000 251
3108000 251
3109000 251
3110000 251
3111000 251
3112000 251
3113000 252
3114000 252
3115000 252
3116000 252
3117000 252
3118000 252
3119000 252
3120000 252
3121000 253
3122000 253
3123000 253
3124000 253
3125000 253
3126000 253
3127000 253
3128000 253
3129000 253
3130000 254
3131000 254
3132000 254
3133000 254
3134000 254
3135000 254
3136000 254
3137000 254
3138000 255
3139000 255
3140000 255
3141000 255
3142000 255
3143000 255
3144000 255
3145000 255
3146000 256
3147000 256
3148000 256
3149000 256
3150000 256
3151000 256
3152000 256
3153000 256
3154000 256
3155000 256
3156000 256
3157000 257
3158000 257
3159000 257
3160000 257
3161000 257
3162000 257
3163000 257
3164000 257
3165000 257
3166000 257
3167000 258
3168000 258
3169000 258
3170000 258
3171000 258
3172000 258
3173000 258
3174000 258
3175000 259
3176000 259
3177000 259
3178000 259
3179000 259
3180000 259
3181000 259
3182000 259
3183000 259
3184000 260
3185000 260
3186000 260
3187000 260
3188000 260
3189000 260
3190000 260
3191000 260
3192000 261
3193000 261
3194000 261
3195000 261
3196000 261
3197000 261
3198000 261
3199000 261
3200000 262
3201000 262
3202000 262
3203000 262
3204000 262
3205000 262
3206000 262
3207000 262
3208000 262
3209000 262
3210000 263
3211000 263
3212000 263
3213000 263
3214000 263
3215000 263
3216000 263
3217000 263
3218000 263
3219000 263
3220000 263
3221000 264
3222000 264
3223000 264
3224000 264
3225000 264
3226000 264
3227000 264
3228000 264
3229000 265
3230000 265
3231000 265
3232000 265
3233000 265
3234000 265
3235000 265
3236000 265
3237000 266
3238000 266
3239000 266
3240000 266
3241000 266
3242000 266
3243000 266
3244000 266
3245000 267
3246000 267
3247000 267
3248000 267
3249000 267
3250000 267
3251000 267
3252000 267
3253000 267
3254000 268
3255000 268
3256000 268
3257000 268
3258000 268
3259000 268
3260000 268
3261000 268
3262000 268
3263000 268
3264000 268
3265000 268
3266000 269
3267000 269
3268000 269
3269000 269
3270000 269
3271000 269
3272000 269
3273000 269
3274000 269
3275000 270
3276000 270
3277000 270
3278000 270
3279000 270
3280000 270
3281000 270
3282000 270
3283000 270
3284000 270
3285000 271
3286000 271
3287000 271
3288000 271
3289000 271
3290000 271
3291000 271
3292000 271
3293000 272
3294000 272
3295000 272
3296000 272
3297000 272
3298000 272
3299000 272
3300000 272
3301000 272
3302000 272
3303000 273
3304000 273
3305000 273
3306000 273
3307000 273
3308000 273
3309000 273
3310000 273
3311000 273
3312000 274
3313000 274
3314000 274
3315000 274
3316000 274
3317000 274
3318000 274
3319000 274
3320000 274
3321000 275
3322000 275
3323000 275
3324000 275
3325000 275
3326000 275
3327000 275
3328000 275
3329000 275
3330000 275
3331000 275
3332000 275
3333000 275
3334000 275
3335000 275
3336000 275
3337000 276
3338000 276
3339000 276
3340000 276
3341000 276
3342000 276
3343000 276
3344000 276
3345000 276
3346000 277
3347000 277
3348000 277
3349000 277
3350000 277
3351000 277
3352000 277
3353000 277
3354000 277
3355000 278
3356000 278
3357000 278
3358000 278
3359000 278
3360000 278
3361000 278
3362000 278
3363000 278
3364000 279
3365000 279
3366000 279
3367000 279
3368000 279
3369000 279
3370000 279
3371000 279
3372000 280
3373000 280
3374000 280
3375000 280
3376000 280
3377000 280
3378000 280
3379000 280
3380000 280
3381000 280
3382000 280
3383000 281
3384000 281
3385000 281
3386000 281
3387000 281
3388000 281
3389000 281
3390000 281
3391000 281
3392000 281
3393000 282
3394000 282
3395000 282
3396000 282
3397000 282
3398000 282
3399000 282
3400000 282
3401000 282
3402000 283
3403000 283
3404000 283
3405000 283
3406000 283
3407000 283
3408000 283
3409000 283
3410000 284
3411000 284
3412000 284
3413000 284
3414000 284
3415000 284
3416000 284
3417000 284
3418000 285
3419000 285
3420000 285
3421000 285
3422000 285
3423000 285
3424000 285
3425000 285
3426000 286
3427000 286
3428000 286
3429000 286
3430000 286
3431000 286
3432000 286
3433000 286
3434000 286
3435000 286
3436000 287
3437000 287
3438000 287
3439000 287
3440000 287
3441000 287
3442000 287
3443000 287
3444000 288
3445000 288
3446000 288
3447000 288
3448000 288
3449000 288
3450000 288
3451000 288
3452000 288
3453000 289
3454000 289
3455000 289
3456000 289
3457000 289
3458000 289
3459000 289
3460000 289
3461000 289
3462000 290
3463000 290
3464000 290
3465000 290
3466000 290
3467000 290
3468000 290
3469000 290
3470000 291
3471000 291
3472000 291
3473000 291
3474000 291
3475000 291
3476000 291
3477000 291
3478000 291
3479000 292
3480000 292
3481000 292
3482000 292
3483000 292
3484000 292
3485000 292
3486000 292
3487000 292
3488000 292
3489000 293
3490000 293
3491000 293
3492000 293
3493000 293
3494000 293
3495000 293
3496000 293
3497000 293
3498000 294
3499000 294
3500000 294
3501000 294
3502000 294
3503000 294
3504000 294
3505000 294
3506000 294
3507000 294
3508000 295
3509000 295
3510000 295
3511000 295
3512000 295
3513000 295
3514000 295
3515000 295
3516000 295
3517000 295
3518000 296
3519000 296
3520000 296
3521000 296
3522000 296
3523000 296
3524000 296
3525000 296
3526000 297
3527000 297
3528000 297
3529000 297
3530000 297
3531000 297
3532000 297
3533000 297
3534000 298
3535000 298
3536000 298
3537000 298
3538000 298
3539000 298
3540000 298
3541000 298
3542000 298
3543000 299
3544000 299
3545000 299
3546000 299
3547000 299
3548000 299
3549000 299
3550000 299
3551000 299
3552000 300
3553000 300
3554000 300
3555000 300
3556000 300
3557000 300
3558000 300
3559000 300
3560000 300
3561000 300
3562000 300
3563000 301
3564000 301
3565000 301
3566000 301
3567000 301
3568000 301
3569000 301
3570000 301
3571000 301
3572000 301
3573000 301
3574000 302
3575000 302
3576000 302
3577000 302
3578000 302
3579000 302
3580000 302
3581000 302
3582000 302
3583000 303
3584000 303
3585000 303
3586000 303
3587000 303
3588000 303
3589000 303
3590000 303
3591000 304
3592000 304
3593000 304
3594000 304
3595000 304
3596000 304
3597000 304
3598000 304
3599000 304
3600000 305
3601000 305
3602000 305
3603000 305
3604000 305
3605000 305
3606000 305
3607000 305
3608000 305
3609000 306
3610000 306
3611000 306
3612000 306
3613000 306
3614000 306
3615000 306
3616000 306
3617000 306
3618000 307
3619000 307
3620000 307
3621000 307
3622000 307
3623000 307
3624000 307
3625000 307
3626000 307
3627000 308
3628000 308
3629000 308
3630000 308
3631000 308
3632000 308
3633000 308
3634000 308
3635000 309
3636000 309
3637000 309
3638000 309
3639000 309
3640000 309
3641000 309
3642000 309
3643000 309
3644000 310
3645000 310
3646000 310
3647000 310
3648000 310
3649000 310
3650000 310
3651000 310
3652000 310
3653000 311
3654000 311
3655000 311
3656000 311
3657000 311
3658000 311
3659000 311
3660000 311
3661000 311
3662000 312
3663000 312
3664000 312
3665000 312
3666000 312
3667000 312
3668000 312
3669000 312
3670000 313
3671000 313
3672000 313
3673000 313
3674000 313
3675000 313
3676000 313
3677000 313
3678000 313
3679000 313
3680000 313
3681000 313
3682000 313
3683000 314
3684000 314
3685000 314
3686000 314
3687000 314
3688000 314
3689000 314
3690000 314
3691000 314
3692000 315
3693000 315
3694000 315
3695000 315
3696000 315
3697000 315
3698000 315
3699000 315
3700000 315
3701000 315
3702000 315
3703000 316
3704000 316
3705000 316
3706000 316
3707000 316
3708000 316
3709000 316
3710000 316
3711000 316
3712000 316
3713000 317
3714000 317
3715000 317
3716000 317
3717000 317
3718000 317
3719000 317
3720000 317
3721000 317
3722000 318
3723000 318
3724000 318
3725000 318
3726000 318
3727000 318
3728000 318
3729000 318
3730000 318
3731000 319
3732000 319
3733000 319
3734000 319
3735000 319
3736000 319
3737000 319
3738000 319
3739000 319
3740000 319
3741000 320
3742000 320
3743000 320
3744000 320
3745000 320
3746000 320
3747000 320
3748000 320
3749000 320
3750000 321
3751000 321
3752000 321
3753000 321
3754000 321
3755000 321
3756000 321
3757000 321
3758000 321
3759000 322
3760000 322
3761000 322
3762000 322
3763000 322
3764000 322
3765000 322
3766000 322
3767000 322
3768000 322
3769000 323
3770000 323
3771000 323
3772000 323
3773000 323
3774000 323
3775000 323
3776000 323
3777000 323
3778000 323
3779000 324
3780000 324
3781000 324
3782000 324
3783000 324
3784000 324
3785000 324
3786000 324
3787000 324
3788000 325
3789000 325
3790000 325
3791000 325
3792000 325
3793000 325
3794000 325
3795000 325
3796000 325
3797000 325
3798000 325
3799000 325
3800000 325
3801000 326
3802000 326
3803000 326
3804000 326
3805000 326
3806000 326
3807000 326
3808000 326
3809000 327
3810000 327
3811000 327
3812000 327
3813000 327
3814000 327
3815000 327
3816000 327
3817000 327
3818000 328
3819000 328
3820000 328
3821000 328
3822000 328
3823000 328
3824000 328
3825000 328
3826000 328
3827000 329
3828000 329
3829000 329
3830000 329
3831000 329
3832000 329
3833000 329
3834000 329
3835000 329
3836000 329
3837000 329
3838000 329
3839000 330
3840000 330
3841000 330
3842000 330
3843000 330
3844000 330
3845000 330
3846000 330
3847000 330
3848000 331
3849000 331
3850000 331
3851000 331
3852000 331
3853000 331
3854000 331
3855000 331
3856000 331
3857000 331
3858000 331
3859000 332
3860000 332
3861000 332
3862000 332
3863000 332
3864000 332
3865000 332
3866000 332
3867000 332
3868000 332
3869000 333
3870000 333
3871000 333
3872000 333
3873000 333
3874000 333
3875000 333
3876000 333
3877000 333
3878000 333
3879000 334
3880000 334
3881000 334
3882000 334
3883000 334
3884000 334
3885000 334
3886000 334
3887000 334
3888000 334
3889000 335
3890000 335
3891000 335
3892000 335
3893000 335
3894000 335
3895000 335
3896000 335
3897000 336
3898000 336
3899000 336
3900000 336
3901000 336
3902000 336
3903000 336
3904000 336
3905000 336
3906000 336
3907000 336
3908000 336
3909000 337
3910000 337
3911000 337
3912000 337
3913000 337
3914000 337
3915000 337
3916000 337
3917000 337
3918000 337
3919000 338
3920000 338
3921000 338
3922000 338
3923000 338
3924000 338
3925000 338
3926000 338
3927000 338
3928000 338
3929000 338
3930000 339
3931000 339
3932000 339
3933000 339
3934000 339
3935000 339
3936000 339
3937000 339
3938000 339
3939000 339
3940000 340
3941000 340
3942000 340
3943000 340
3944000 340
3945000 340
3946000 340
3947000 340
3948000 341
3949000 341
3950000 341
3951000 341
3952000 341
3953000 341
3954000 341
3955000 341
3956000 341
3957000 341
3958000 341
3959000 341
3960000 341
3961000 341
3962000 341
3963000 342
3964000 342
3965000 342
3966000 342
3967000 342
3968000 342
3969000 342
3970000 342
3971000 342
3972000 342
3973000 342
3974000 343
3975000 343
3976000 343
3977000 343
3978000 343
3979000 343
3980000 343
3981000 343
3982000 343
3983000 344
3984000 344
3985000 344
3986000 344
3987000 344
3988000 344
3989000 344
3990000 344
3991000 344
3992000 345
3993000 345
3994000 345
3995000 345
3996000 345
3997000 345
3998000 345
3999000 345
4000000 345
4001000 346
4002000 346
4003000 346
4004000 346
4005000 346
4006000 346
4007000 346
4008000 346
4009000 347
4010000 347
4011000 347
4012000 347
4013000 347
4014000 347
4015000 347
4016000 347
4017000 347
4018000 348
4019000 348
4020000 348
4021000 348
4022000 348
4023000 348
4024000 348
4025000 348
4026000 348
4027000 349
4028000 349
4029000 349
4030000 349
4031000 349
4032000 349
4033000 349
4034000 349
4035000 349
4036000 349
4037000 349
4038000 350
4039000 350
4040000 350
4041000 350
4042000 350
4043000 350
4044000 350
4045000 350
4046000 351
4047000 351
4048000 351
4049000 351
4050000 351
4051000 351
4052000 351
4053000 351
4054000 351
4055000 351
4056000 351
4057000 352
4058000 352
4059000 352
4060000 352
4061000 352
4062000 352
4063000 352
4064000 352
4065000 352
4066000 353
4067000 353
4068000 353
4069000 353
4070000 353
4071000 353
4072000 353
4073000 353
4074000 353
4075000 354
4076000 354
4077000 354
4078000 354
4079000 354
4080000 354
4081000 354
4082000 354
4083000 354
4084000 355
4085000 355
4086000 355
4087000 355
4088000 355
4089000 355
4090000 355
4091000 355
4092000 356
4093000 356
4094000 356
4095000 356
4096000 356
4097000 356
4098000 356
4099000 356
4100000 357
4101000 357
4102000 357
4103000 357
4104000 357
4105000 357
4106000 357
4107000 358
4108000 358
4109000 358
4110000 358
4111000 358
4112000 358
4113000 358
4114000 358
4115000 358
4116000 358
4117000 359
4118000 359
4119000 359
4120000 359
4121000 359
4122000 359
4123000 359
4124000 359
4125000 360
4126000 360
4127000 360
4128000 360
4129000 360
4130000 360
4131000 360
4132000 360
4133000 361
4134000 361
4135000 361
4136000 361
4137000 361
4138000 361
4139000 361
4140000 361
4141000 362
4142000 362
4143000 362
4144000 362
4145000 362
4146000 362
4147000 362
4148000 362
4149000 363
4150000 363
4151000 363
4152000 363
4153000 363
4154000 363
4155000 363
4156000 363
4157000 364
4158000 364
4159000 364
4160000 364
4161000 364
4162000 364
4163000 364
4164000 364
4165000 364
4166000 364
4167000 364
4168000 364
4169000 365
4170000 365
4171000 365
4172000 365
4173000 365
4174000 365
4175000 365
4176000 365
4177000 365
4178000 365
4179000 365
4180000 365
4181000 366
4182000 366
4183000 366
4184000 366
4185000 366
4186000 366
4187000 366
4188000 366
4189000 367
4190000 367
4191000 367
4192000 367
4193000 367
4194000 367
4195000 367
4196000 367
4197000 367
4198000 367
4199000 368
4200000 368
4201000 368
4202000 368
4203000 368
4204000 368
4205000 368
4206000 368
4207000 368
4208000 369
4209000 369
4210000 369
4211000 369
4212000 369
4213000 369
4214000 369
4215000 369
4216000 369
4217000 370
4218000 370
4219000 370
4220000 370
4221000 370
4222000 370
4223000 370
4224000 370
4225000 371
4226000 371
4227000 371
4228000 371
4229000 371
4230000 371
4231000 371
4232000 371
4233000 371
4234000 371
4235000 371
4236000 372
4237000 372
4238000 372
4239000 372
4240000 372
4241000 372
4242000 372
4243000 372
4244000 372
4245000 372
4246000 373
4247000 373
4248000 373
4249000 373
4250000 373
4251000 373
4252000 373
4253000 373
4254000 373
4255000 374
4256000 374
4257000 374
4258000 374
4259000 374
4260000 374
4261000 374
4262000 374
4263000 374
4264000 374
4265000 374
4266000 374
4267000 375
4268000 375
4269000 375
4270000 375
4271000 375
4272000 375
4273000 375
4274000 375
4275000 376
4276000 376
4277000 376
4278000 376
4279000 376
4280000 376
4281000 376
4282000 376
4283000 376
4284000 377
4285000 377
4286000 377
4287000 377
4288000 377
4289000 377
4290000 377
4291000 377
4292000 377
4293000 377
4294000 377
4295000 378
4296000 378
4297000 378
4298000 378
4299000 378
4300000 378
4301000 378
4302000 378
4303000 378
4304000 378
4305000 378
4306000 378
4307000 379
4308000 379
4309000 379
4310000 379
4311000 379
4312000 379
4313000 379
4314000 379
4315000 380
4316000 380
4317000 380
4318000 380
4319000 380
4320000 380
4321000 380
4322000 380
4323000 380
4324000 380
4325000 381
4326000 381
4327000 381
4328000 381
4329000 381
4330000 381
4331000 381
4332000 381
4333000 381
4334000 382
4335000 382
4336000 382
4337000 382
4338000 382
4339000 382
4340000 382
4341000 382
4342000 382
4343000 382
4344000 382
4345000 382
4346000 382
4347000 383
4348000 383
4349000 383
4350000 383
4351000 383
4352000 383
4353000 383
4354000 383
4355000 384
4356000 384
4357000 384
4358000 384
4359000 384
4360000 384
4361000 384
4362000 384
4363000 384
4364000 384
4365000 384
4366000 384
4367000 384
4368000 384
4369000 384
4370000 385
4371000 385
4372000 385
4373000 385
4374000 385
4375000 385
4376000 385
4377000 385
4378000 386
4379000 386
4380000 386
4381000 386
4382000 386
4383000 386
4384000 386
4385000 386
4386000 387
4387000 387
4388000 387
4389000 387
4390000 387
4391000 387
4392000 387
4393000 387
4394000 388
4395000 388
4396000 388
4397000 388
4398000 388
4399000 388
4400000 388
4401000 388
4402000 388
4403000 388
4404000 388
4405000 389
4406000 389
4407000 389
4408000 389
4409000 389
4410000 389
4411000 389
4412000 389
4413000 389
4414000 389
4415000 390
4416000 390
4417000 390
4418000 390
4419000 390
4420000 390
4421000 390
4422000 390
4423000 390
4424000 390
4425000 390
4426000 391
4427000 391
4428000 391
4429000 391
4430000 391
4431000 391
4432000 391
4433000 391
4434000 391
4435000 392
4436000 392
4437000 392
4438000 392
4439000 392
4440000 392
4441000 392
4442000 392
4443000 392
4444000 392
4445000 393
4446000 393
4447000 393
4448000 393
4449000 393
4450000 393
4451000 393
4452000 393
4453000 394
4454000 394
4455000 394
4456000 394
4457000 394
4458000 394
4459000 394
4460000 394
4461000 394
4462000 394
4463000 394
4464000 394
4465000 395
4466000 395
4467000 395
4468000 395
4469000 395
4470000 395
4471000 395
4472000 395
4473000 395
4474000 395
4475000 395
4476000 396
4477000 396
4478000 396
4479000 396
4480000 396
4481000 396
4482000 396
4483000 396
4484000 396
4485000 396
4486000 397
4487000 397
4488000 397
4489000 397
4490000 397
4491000 397
4492000 397
4493000 397
4494000 397
4495000 397
4496000 397
4497000 397
4498000 398
4499000 398
4500000 398
4501000 398
4502000 398
4503000 398
4504000 398
4505000 398
4506000 398
4507000 399
4508000 399
4509000 399
4510000 399
4511000 399
4512000 399
4513000 399
4514000 399
4515000 399
4516000 400
4517000 400
4518000 400
4519000 400
4520000 400
4521000 400
4522000 400
4523000 400
4524000 400
4525000 400
4526000 401
4527000 401
4528000 401
4529000 401
4530000 401
4531000 401
4532000 401
4533000 401
4534000 401
4535000 402
4536000 402
4537000 402
4538000 402
4539000 402
4540000 402
4541000 402
4542000 402
4543000 402
4544000 402
4545000 403
4546000 403
4547000 403
4548000 403
4549000 403
4550000 403
4551000 403
4552000 403
4553000 403
4554000 403
4555000 403
4556000 404
4557000 404
4558000 404
4559000 404
4560000 404
4561000 404
4562000 404
4563000 404
4564000 405
4565000 405
4566000 405
4567000 405
4568000 405
4569000 405
4570000 405
4571000 405
4572000 405
4573000 405
4574000 406
4575000 406
4576000 406
4577000 406
4578000 406
4579000 406
4580000 406
4581000 406
4582000 406
4583000 406
4584000 407
4585000 407
4586000 407
4587000 407
4588000 407
4589000 407
4590000 407
4591000 407
4592000 407
4593000 407
4594000 408
4595000 408
4596000 408
4597000 408
4598000 408
4599000 408
4600000 408
4601000 408
4602000 408
4603000 408
4604000 408
4605000 409
4606000 409
4607000 409
4608000 409
4609000 409
4610000 409
4611000 409
4612000 409
4613000 409
4614000 410
4615000 410
4616000 410
4617000 410
4618000 410
4619000 410
4620000 410
4621000 410
4622000 411
4623000 411
4624000 411
4625000 411
4626000 411
4627000 411
4628000 411
4629000 411
4630000 412
4631000 412
4632000 412
4633000 412
4634000 412
4635000 412
4636000 412
4637000 412
4638000 412
4639000 413
4640000 413
4641000 413
4642000 413
4643000 413
4644000 413
4645000 413
4646000 413
4647000 413
4648000 413
4649000 414
4650000 414
4651000 414
4652000 414
4653000 414
4654000 414
4655000 414
4656000 415
4657000 415
4658000 415
4659000 415
4660000 415
4661000 415
4662000 415
4663000 415
4664000 415
4665000 415
4666000 416
4667000 416
4668000 416
4669000 416
4670000 416
4671000 416
4672000 416
4673000 416
4674000 416
4675000 417
4676000 417
4677000 417
4678000 417
4679000 417
4680000 417
4681000 417
4682000 418
4683000 418
4684000 418
4685000 418
4686000 418
4687000 418
4688000 418
4689000 419
4690000 419
4691000 419
4692000 419
4693000 419
4694000 419
4695000 419
4696000 419
4697000 419
4698000 420
4699000 420
4700000 420
4701000 420
4702000 420
4703000 420
4704000 420
4705000 420
4706000 421
4707000 421
4708000 421
4709000 421
4710000 421
4711000 421
4712000 421
4713000 421
4714000 421
4715000 422
4716000 422
4717000 422
4718000 422
4719000 422
4720000 422
4721000 422
4722000 422
4723000 423
4724000 423
4725000 423
4726000 423
4727000 423
4728000 423
4729000 423
4730000 423
4731000 424
4732000 424
4733000 424
4734000 424
4735000 424
4736000 424
4737000 424
4738000 424
4739000 425
4740000 425
4741000 425
4742000 425
4743000 425
4744000 425
4745000 425
4746000 425
4747000 425
4748000 425
4749000 426
4750000 426
4751000 426
4752000 426
4753000 426
4754000 426
4755000 426
4756000 426
4757000 426
4758000 426
4759000 427
4760000 427
4761000 427
4762000 427
4763000 427
4764000 427
4765000 427
4766000 427
4767000 427
4768000 428
4769000 428
4770000 428
4771000 428
4772000 428
4773000 428
4774000 428
4775000 428
4776000 428
4777000 429
4778000 429
4779000 429
4780000 429
4781000 429
4782000 429
4783000 429
4784000 429
4785000 430
4786000 430
4787000 430
4788000 430
4789000 430
4790000 430
4791000 430
4792000 430
4793000 430
4794000 430
4795000 430
4796000 430
4797000 430
4798000 431
4799000 431
4800000 431
4801000 431
4802000 431
4803000 431
4804000 431
4805000 431
4806000 431
4807000 431
4808000 431
4809000 431
4810000 432
4811000 432
4812000 432
4813000 432
4814000 432
4815000 432
4816000 432
4817000 432
4818000 432
4819000 432
4820000 432
4821000 433
4822000 433
4823000 433
4824000 433
4825000 433
4826000 433
4827000 433
4828000 433
4829000 434
4830000 434
4831000 434
4832000 434
4833000 434
4834000 434
4835000 434
4836000 434
4837000 435
4838000 435
4839000 435
4840000 435
4841000 435
4842000 435
4843000 435
4844000 435
4845000 435
4846000 436
4847000 436
4848000 436
4849000 436
4850000 436
4851000 436
4852000 436
4853000 436
4854000 437
4855000 437
4856000 437
4857000 437
4858000 437
4859000 437
4860000 437
4861000 437
4862000 437
4863000 437
4864000 437
4865000 438
4866000 438
4867000 438
4868000 438
4869000 438
4870000 438
4871000 438
4872000 438
4873000 438
4874000 439
4875000 439
4876000 439
4877000 439
4878000 439
4879000 439
4880000 439
4881000 440
4882000 440
4883000 440
4884000 440
4885000 440
4886000 440
4887000 440
4888000 441
4889000 441
4890000 441
4891000 441
4892000 441
4893000 441
4894000 441
4895000 441
4896000 441
4897000 441
4898000 442
4899000 442
4900000 442
4901000 442
4902000 442
4903000 442
4904000 442
4905000 442
4906000 442
4907000 442
4908000 443
4909000 443
4910000 443
4911000 443
4912000 443
4913000 443
4914000 443
4915000 443
4916000 443
4917000 443
4918000 444
4919000 444
4920000 444
4921000 444
4922000 444
4923000 444
4924000 444
4925000 444
4926000 444
4927000 444
4928000 444
4929000 445
4930000 445
4931000 445
4932000 445
4933000 445
4934000 445
4935000 445
4936000 445
4937000 445
4938000 445
4939000 446
4940000 446
4941000 446
4942000 446
4943000 446
4944000 446
4945000 446
4946000 446
4947000 446
4948000 446
4949000 447
4950000 447
4951000 447
4952000 447
4953000 447
4954000 447
4955000 447
4956000 447
4957000 447
4958000 447
4959000 447
4960000 448
4961000 448
4962000 448
4963000 448
4964000 448
4965000 448
4966000 448
4967000 448
4968000 448
4969000 448
4970000 448
4971000 449
4972000 449
4973000 449
4974000 449
4975000 449
4976000 449
4977000 449
4978000 449
4979000 450
4980000 450
4981000 450
4982000 450
4983000 450
4984000 450
4985000 450
4986000 450
4987000 450
4988000 451
4989000 451
4990000 451
4991000 451
4992000 451
4993000 451
4994000 451
4995000 451
4996000 451
4997000 452
4998000 452
4999000 452
5000000 452
