0 0
1000 0
2000 0
3000 0
4000 0
5000 0
6000 0
7000 0
8000 0
9000 0
10000 0
11000 0
12000 1
13000 1
14000 1
15000 1
16000 1
17000 1
18000 1
19000 1
20000 1
21000 1
22000 2
23000 2
24000 2
25000 2
26000 2
27000 2
28000 2
29000 2
30000 2
31000 2
32000 2
33000 2
34000 2
35000 2
36000 2
37000 2
38000 2
39000 2
40000 2
41000 2
42000 2
43000 2
44000 2
45000 2
46000 2
47000 2
48000 2
49000 2
50000 2
51000 2
52000 2
53000 2
54000 2
55000 2
56000 2
57000 2
58000 2
59000 2
60000 2
61000 2
62000 2
63000 2
64000 2
65000 2
66000 2
67000 2
68000 2
69000 2
70000 2
71000 2
72000 2
73000 2
74000 2
75000 2
76000 2
77000 2
78000 2
79000 2
80000 2
81000 2
82000 2
83000 2
84000 2
85000 2
86000 2
87000 2
88000 2
89000 2
90000 2
91000 2
92000 2
93000 2
94000 2
95000 2
96000 2
97000 2
98000 2
99000 2
100000 2
101000 2
102000 2
103000 2
104000 2
105000 2
106000 2
107000 2
108000 2
109000 2
110000 2
111000 2
112000 2
113000 2
114000 2
115000 2
116000 2
117000 2
118000 2
119000 2
120000 2
121000 2
122000 2
123000 2
124000 2
125000 2
126000 2
127000 2
128000 2
129000 2
130000 2
131000 2
132000 2
133000 2
134000 2
135000 2
136000 2
137000 2
138000 2
139000 2
140000 2
141000 2
142000 2
143000 2
144000 2
145000 2
146000 2
147000 2
148000 2
149000 2
150000 2
151000 2
152000 2
153000 2
154000 2
155000 2
156000 2
157000 2
158000 2
159000 2
160000 2
161000 2
162000 2
163000 2
164000 2
165000 2
166000 2
167000 2
168000 2
169000 2
170000 2
171000 2
172000 2
173000 2
174000 2
175000 2
176000 2
177000 2
178000 2
179000 2
180000 2
181000 2
182000 2
183000 2
184000 2
185000 2
186000 2
187000 2
188000 2
189000 2
190000 2
191000 2
192000 2
193000 2
194000 2
195000 2
196000 2
197000 2
198000 2
199000 2
200000 2
201000 2
202000 2
203000 2
204000 2
205000 2
206000 2
207000 2
208000 2
209000 2
210000 2
211000 2
212000 2
213000 2
214000 2
215000 2
216000 2
217000 2
218000 2
219000 2
220000 2
221000 2
222000 2
223000 2
224000 2
225000 2
226000 2
227000 2
228000 2
229000 2
230000 2
231000 2
232000 2
233000 2
234000 2
235000 2
236000 2
237000 2
238000 2
239000 2
240000 2
241000 2
242000 2
243000 2
244000 2
245000 2
246000 2
247000 2
248000 2
249000 2
250000 2
251000 2
252000 2
253000 2
254000 2
255000 2
256000 2
257000 2
258000 2
259000 2
260000 2
261000 2
262000 2
263000 2
264000 2
265000 2
266000 2
267000 2
268000 2
269000 2
270000 2
271000 2
272000 2
273000 2
274000 2
275000 2
276000 2
277000 2
278000 2
279000 2
280000 2
281000 2
282000 2
283000 2
284000 2
285000 2
286000 2
287000 2
288000 2
289000 2
290000 3
291000 3
292000 3
293000 3
294000 3
295000 3
296000 3
297000 3
298000 3
299000 4
300000 4
301000 4
302000 4
303000 4
304000 4
305000 4
306000 4
307000 4
308000 4
309000 4
310000 4
311000 5
312000 5
313000 5
314000 5
315000 5
316000 5
317000 5
318000 5
319000 5
320000 5
321000 5
322000 5
323000 5
324000 5
325000 5
326000 5
327000 5
328000 5
329000 5
330000 5
331000 5
332000 5
333000 5
334000 5
335000 5
336000 5
337000 5
338000 5
339000 5
340000 5
341000 5
342000 5
343000 5
344000 5
345000 5
346000 5
347000 5
348000 5
349000 5
350000 5
351000 5
352000 5
353000 5
354000 5
355000 5
356000 5
357000 5
358000 5
359000 5
360000 5
361000 5
362000 5
363000 5
364000 5
365000 5
366000 5
367000 5
368000 5
369000 5
370000 5
371000 5
372000 5
373000 5
374000 5
375000 5
376000 5
377000 5
378000 5
379000 5
380000 5
381000 5
382000 5
383000 5
384000 5
385000 5
386000 5
387000 5
388000 5
389000 5
390000 5
391000 5
392000 5
393000 5
394000 5
395000 5
396000 5
397000 5
398000 5
399000 5
400000 5
401000 5
402000 5
403000 5
404000 5
405000 5
406000 5
407000 5
408000 5
409000 5
410000 5
411000 5
412000 5
413000 5
414000 5
415000 5
416000 5
417000 5
418000 5
419000 5
420000 5
421000 5
422000 5
423000 5
424000 5
425000 5
426000 5
427000 5
428000 5
429000 5
430000 5
431000 5
432000 5
433000 5
434000 5
435000 5
436000 5
437000 5
438000 5
439000 5
440000 5
441000 5
442000 5
443000 5
444000 5
445000 5
446000 5
447000 5
448000 5
449000 5
450000 5
451000 5
452000 5
453000 5
454000 5
455000 5
456000 5
457000 5
458000 5
459000 5
460000 5
461000 5
462000 5
463000 5
464000 5
465000 5
466000 5
467000 5
468000 5
469000 5
470000 5
471000 5
472000 5
473000 5
474000 5
475000 5
476000 5
477000 5
478000 5
479000 5
480000 5
481000 5
482000 5
483000 5
484000 5
485000 5
486000 5
487000 5
488000 5
489000 5
490000 5
491000 5
492000 5
493000 5
494000 5
495000 5
496000 5
497000 5
498000 5
499000 5
500000 5
501000 5
502000 5
503000 5
504000 5
505000 5
506000 5
507000 5
508000 5
509000 5
510000 5
511000 5
512000 5
513000 5
514000 5
515000 5
516000 5
517000 5
518000 5
519000 5
520000 5
521000 6
522000 6
523000 6
524000 6
525000 6
526000 6
527000 6
528000 6
529000 6
530000 6
531000 6
532000 6
533000 6
534000 6
535000 6
536000 6
537000 6
538000 6
539000 6
540000 6
541000 6
542000 6
543000 6
544000 6
545000 6
546000 6
547000 6
548000 6
549000 6
550000 6
551000 6
552000 6
553000 6
554000 6
555000 6
556000 6
557000 6
558000 6
559000 6
560000 6
561000 6
562000 6
563000 6
564000 6
565000 6
566000 6
567000 6
568000 6
569000 6
570000 6
571000 6
572000 6
573000 6
574000 6
575000 6
576000 6
577000 6
578000 6
579000 6
580000 6
581000 7
582000 7
583000 7
584000 7
585000 7
586000 7
587000 7
588000 7
589000 7
590000 7
591000 7
592000 7
593000 7
594000 7
595000 7
596000 7
597000 7
598000 7
599000 7
600000 7
601000 7
602000 7
603000 7
604000 7
605000 7
606000 7
607000 7
608000 7
609000 7
610000 7
611000 7
612000 7
613000 7
614000 7
615000 7
616000 7
617000 7
618000 7
619000 7
620000 7
621000 7
622000 7
623000 7
624000 7
625000 7
626000 7
627000 7
628000 7
629000 7
630000 7
631000 7
632000 7
633000 7
634000 7
635000 7
636000 7
637000 7
638000 7
639000 7
640000 7
641000 7
642000 7
643000 7
644000 7
645000 7
646000 7
647000 7
648000 7
649000 7
650000 7
651000 7
652000 7
653000 7
654000 7
655000 7
656000 7
657000 7
658000 7
659000 7
660000 7
661000 7
662000 7
663000 7
664000 7
665000 7
666000 7
667000 7
668000 7
669000 7
670000 7
671000 7
672000 7
673000 7
674000 7
675000 7
676000 7
677000 7
678000 7
679000 7
680000 7
681000 7
682000 7
683000 7
684000 7
685000 7
686000 7
687000 7
688000 7
689000 7
690000 7
691000 7
692000 7
693000 7
694000 7
695000 7
696000 7
697000 7
698000 7
699000 7
700000 7
701000 7
702000 7
703000 7
704000 7
705000 7
706000 7
707000 7
708000 7
709000 7
710000 7
711000 7
712000 7
713000 7
714000 7
715000 7
716000 7
717000 7
718000 7
719000 7
720000 7
721000 7
722000 7
723000 7
724000 7
725000 7
726000 7
727000 7
728000 7
729000 7
730000 7
731000 7
732000 7
733000 7
734000 7
735000 7
736000 7
737000 7
738000 7
739000 7
740000 7
741000 7
742000 7
743000 7
744000 7
745000 7
746000 7
747000 7
748000 8
749000 8
750000 8
751000 8
752000 8
753000 8
754000 8
755000 8
756000 8
757000 8
758000 8
759000 8
760000 8
761000 8
762000 8
763000 8
764000 8
765000 8
766000 8
767000 8
768000 8
769000 8
770000 8
771000 8
772000 8
773000 8
774000 8
775000 8
776000 8
777000 8
778000 8
779000 8
780000 8
781000 8
782000 8
783000 8
784000 8
785000 8
786000 8
787000 8
788000 8
789000 8
790000 8
791000 8
792000 8
793000 8
794000 8
795000 8
796000 8
797000 8
798000 8
799000 8
800000 8
801000 8
802000 8
803000 8
804000 8
805000 8
806000 8
807000 9
808000 9
809000 9
810000 9
811000 9
812000 9
813000 9
814000 9
815000 9
816000 9
817000 9
818000 9
819000 9
820000 9
821000 9
822000 9
823000 9
824000 9
825000 9
826000 9
827000 9
828000 9
829000 9
830000 9
831000 9
832000 9
833000 9
834000 9
835000 9
836000 9
837000 9
838000 9
839000 9
840000 9
841000 9
842000 9
843000 9
844000 9
845000 9
846000 9
847000 9
848000 9
849000 9
850000 9
851000 9
852000 9
853000 9
854000 9
855000 9
856000 9
857000 9
858000 9
859000 9
860000 9
861000 9
862000 9
863000 9
864000 9
865000 9
866000 9
867000 9
868000 9
869000 9
870000 9
871000 9
872000 9
873000 9
874000 9
875000 9
876000 9
877000 9
878000 9
879000 9
880000 9
881000 9
882000 9
883000 9
884000 9
885000 9
886000 9
887000 9
888000 9
889000 9
890000 9
891000 9
892000 9
893000 9
894000 9
895000 9
896000 9
897000 9
898000 9
899000 9
900000 9
901000 9
902000 9
903000 9
904000 9
905000 9
906000 9
907000 9
908000 9
909000 9
910000 9
911000 9
912000 9
913000 9
914000 9
915000 9
916000 9
917000 9
918000 9
919000 9
920000 9
921000 9
922000 9
923000 9
924000 9
925000 9
926000 9
927000 9
928000 9
929000 9
930000 9
931000 9
932000 9
933000 9
934000 9
935000 9
936000 9
937000 9
938000 9
939000 9
940000 9
941000 9
942000 9
943000 9
944000 9
945000 9
946000 9
947000 9
948000 9
949000 9
950000 9
951000 9
952000 9
953000 9
954000 9
955000 9
956000 9
957000 9
958000 9
959000 9
960000 9
961000 9
962000 9
963000 9
964000 9
965000 9
966000 9
967000 9
968000 9
969000 9
970000 9
971000 9
972000 9
973000 9
974000 9
975000 9
976000 9
977000 9
978000 9
979000 9
980000 9
981000 9
982000 9
983000 9
984000 9
985000 9
986000 9
987000 9
988000 9
989000 9
990000 9
991000 9
992000 9
993000 9
994000 9
995000 9
996000 9
997000 9
998000 9
999000 9
1000000 9
1001000 9
1002000 9
1003000 9
1004000 9
1005000 9
1006000 9
1007000 9
1008000 9
1009000 9
1010000 9
1011000 9
1012000 9
1013000 9
1014000 9
1015000 9
1016000 9
1017000 9
1018000 9
1019000 9
1020000 9
1021000 9
1022000 9
1023000 9
1024000 9
1025000 9
1026000 9
1027000 9
1028000 9
1029000 9
1030000 9
1031000 9
1032000 9
1033000 9
1034000 9
1035000 9
1036000 9
1037000 9
1038000 9
1039000 9
1040000 9
1041000 9
1042000 9
1043000 9
1044000 9
1045000 9
1046000 9
1047000 9
1048000 9
1049000 9
1050000 9
1051000 9
1052000 9
1053000 9
1054000 9
1055000 9
1056000 9
1057000 9
1058000 9
1059000 9
1060000 9
1061000 9
1062000 9
1063000 9
1064000 9
1065000 9
1066000 9
1067000 9
1068000 9
1069000 9
1070000 9
1071000 9
1072000 9
1073000 9
1074000 9
1075000 9
1076000 9
1077000 9
1078000 9
1079000 9
1080000 9
1081000 9
1082000 9
1083000 9
1084000 9
1085000 9
1086000 9
1087000 9
1088000 9
1089000 9
1090000 9
1091000 9
1092000 9
1093000 9
1094000 9
1095000 9
1096000 9
1097000 9
1098000 9
1099000 9
1100000 9
1101000 9
1102000 9
1103000 9
1104000 9
1105000 9
1106000 9
1107000 9
1108000 9
1109000 9
1110000 9
1111000 9
1112000 9
1113000 9
1114000 9
1115000 9
1116000 9
1117000 10
1118000 10
1119000 10
1120000 10
1121000 10
1122000 10
1123000 10
1124000 10
1125000 10
1126000 10
1127000 11
1128000 11
1129000 11
1130000 11
1131000 11
1132000 11
1133000 11
1134000 11
1135000 11
1136000 11
1137000 11
1138000 11
1139000 11
1140000 11
1141000 11
1142000 11
1143000 11
1144000 11
1145000 11
1146000 11
1147000 11
1148000 11
1149000 11
1150000 11
1151000 11
1152000 11
1153000 11
1154000 11
1155000 11
1156000 11
1157000 11
1158000 11
1159000 11
1160000 11
1161000 11
1162000 11
1163000 11
1164000 11
1165000 11
1166000 11
1167000 11
1168000 11
1169000 11
1170000 11
1171000 11
1172000 11
1173000 11
1174000 11
1175000 11
1176000 11
1177000 11
1178000 11
1179000 11
1180000 11
1181000 11
1182000 11
1183000 11
1184000 11
1185000 11
1186000 11
1187000 11
1188000 11
1189000 11
1190000 11
1191000 11
1192000 11
1193000 11
1194000 11
1195000 11
1196000 11
1197000 11
1198000 11
1199000 11
1200000 11
1201000 11
1202000 11
1203000 11
1204000 11
1205000 11
1206000 11
1207000 11
1208000 11
1209000 11
1210000 11
1211000 11
1212000 11
1213000 11
1214000 11
1215000 11
1216000 11
1217000 11
1218000 11
1219000 11
1220000 11
1221000 11
1222000 11
1223000 11
1224000 11
1225000 11
1226000 11
1227000 11
1228000 11
1229000 11
1230000 11
1231000 11
1232000 11
1233000 11
1234000 11
1235000 11
1236000 11
1237000 11
1238000 11
1239000 11
1240000 11
1241000 11
1242000 11
1243000 11
1244000 11
1245000 11
1246000 11
1247000 11
1248000 11
1249000 11
1250000 11
1251000 11
1252000 11
1253000 11
1254000 11
1255000 11
1256000 11
1257000 11
1258000 11
1259000 11
1260000 11
1261000 11
1262000 11
1263000 11
1264000 11
1265000 11
1266000 11
1267000 11
1268000 11
1269000 11
1270000 11
1271000 11
1272000 11
1273000 11
1274000 11
1275000 11
1276000 11
1277000 11
1278000 11
1279000 11
1280000 11
1281000 11
1282000 11
1283000 11
1284000 11
1285000 11
1286000 11
1287000 11
1288000 11
1289000 11
1290000 11
1291000 11
1292000 11
1293000 11
1294000 11
1295000 11
1296000 11
1297000 11
1298000 11
1299000 11
1300000 11
1301000 11
1302000 11
1303000 11
1304000 11
1305000 11
1306000 11
1307000 11
1308000 11
1309000 11
1310000 11
1311000 11
1312000 11
1313000 11
1314000 11
1315000 11
1316000 11
1317000 11
1318000 11
1319000 11
1320000 11
1321000 11
1322000 11
1323000 11
1324000 11
1325000 11
1326000 11
1327000 11
1328000 11
1329000 11
1330000 11
1331000 11
1332000 11
1333000 11
1334000 11
1335000 11
1336000 11
1337000 11
1338000 11
1339000 11
1340000 11
1341000 11
1342000 11
1343000 11
1344000 11
1345000 11
1346000 11
1347000 11
1348000 11
1349000 11
1350000 11
1351000 11
1352000 11
1353000 11
1354000 11
1355000 11
1356000 11
1357000 11
1358000 11
1359000 11
1360000 11
1361000 11
1362000 11
1363000 11
1364000 11
1365000 11
1366000 11
1367000 11
1368000 11
1369000 11
1370000 11
1371000 11
1372000 11
1373000 11
1374000 11
1375000 11
1376000 11
1377000 11
1378000 11
1379000 11
1380000 11
1381000 11
1382000 11
1383000 11
1384000 11
1385000 11
1386000 11
1387000 11
1388000 11
1389000 11
1390000 11
1391000 11
1392000 11
1393000 11
1394000 11
1395000 11
1396000 11
1397000 11
1398000 11
1399000 11
1400000 11
1401000 11
1402000 11
1403000 11
1404000 11
1405000 11
1406000 11
1407000 11
1408000 11
1409000 11
1410000 11
1411000 11
1412000 11
1413000 11
1414000 11
1415000 11
1416000 11
1417000 11
1418000 11
1419000 11
1420000 11
1421000 11
1422000 11
1423000 11
1424000 11
1425000 11
1426000 11
1427000 11
1428000 11
1429000 11
1430000 11
1431000 11
1432000 11
1433000 11
1434000 11
1435000 11
1436000 11
1437000 11
1438000 11
1439000 11
1440000 11
1441000 11
1442000 11
1443000 11
1444000 11
1445000 11
1446000 11
1447000 11
1448000 11
1449000 11
1450000 11
1451000 11
1452000 11
1453000 11
1454000 11
1455000 11
1456000 11
1457000 11
1458000 11
1459000 11
1460000 11
1461000 11
1462000 11
1463000 11
1464000 11
1465000 11
1466000 11
1467000 11
1468000 11
1469000 11
1470000 11
1471000 11
1472000 11
1473000 11
1474000 11
1475000 11
1476000 11
1477000 11
1478000 11
1479000 11
1480000 11
1481000 11
1482000 11
1483000 11
1484000 11
1485000 11
1486000 11
1487000 11
1488000 11
1489000 11
1490000 11
1491000 11
1492000 11
1493000 11
1494000 11
1495000 11
1496000 11
1497000 11
1498000 11
1499000 11
1500000 11
1501000 11
1502000 11
1503000 11
1504000 11
1505000 11
1506000 11
1507000 11
1508000 11
1509000 11
1510000 11
1511000 11
1512000 11
1513000 11
1514000 11
1515000 11
1516000 11
1517000 11
1518000 11
1519000 11
1520000 11
1521000 11
1522000 11
1523000 11
1524000 11
1525000 11
1526000 11
1527000 11
1528000 11
1529000 11
1530000 11
1531000 11
1532000 11
1533000 11
1534000 11
1535000 11
1536000 11
1537000 12
1538000 12
1539000 12
1540000 12
1541000 12
1542000 12
1543000 12
1544000 12
1545000 12
1546000 12
1547000 13
1548000 13
1549000 13
1550000 13
1551000 13
1552000 13
1553000 13
1554000 13
1555000 13
1556000 13
1557000 13
1558000 13
1559000 13
1560000 13
1561000 13
1562000 13
1563000 13
1564000 13
1565000 13
1566000 13
1567000 13
1568000 13
1569000 13
1570000 13
1571000 13
1572000 13
1573000 13
1574000 13
1575000 13
1576000 13
1577000 13
1578000 13
1579000 13
1580000 13
1581000 13
1582000 13
1583000 13
1584000 13
1585000 13
1586000 13
1587000 13
1588000 13
1589000 13
1590000 13
1591000 13
1592000 13
1593000 13
1594000 13
1595000 13
1596000 13
1597000 13
1598000 13
1599000 13
1600000 13
1601000 13
1602000 13
1603000 13
1604000 13
1605000 13
1606000 13
1607000 13
1608000 13
1609000 13
1610000 13
1611000 13
1612000 13
1613000 13
1614000 13
1615000 13
1616000 13
1617000 13
1618000 13
1619000 13
1620000 13
1621000 13
1622000 13
1623000 13
1624000 13
1625000 13
1626000 13
1627000 13
1628000 13
1629000 13
1630000 13
1631000 13
1632000 13
1633000 13
1634000 13
1635000 13
1636000 13
1637000 13
1638000 13
1639000 13
1640000 13
1641000 13
1642000 13
1643000 13
1644000 13
1645000 13
1646000 13
1647000 13
1648000 13
1649000 13
1650000 13
1651000 13
1652000 13
1653000 13
1654000 13
1655000 13
1656000 13
1657000 13
1658000 13
1659000 13
1660000 13
1661000 13
1662000 13
1663000 13
1664000 13
1665000 13
1666000 13
1667000 13
1668000 13
1669000 13
1670000 13
1671000 13
1672000 13
1673000 13
1674000 13
1675000 13
1676000 13
1677000 13
1678000 13
1679000 13
1680000 13
1681000 13
1682000 13
1683000 13
1684000 13
1685000 13
1686000 13
1687000 13
1688000 13
1689000 13
1690000 13
1691000 13
1692000 13
1693000 13
1694000 13
1695000 13
1696000 13
1697000 13
1698000 13
1699000 13
1700000 13
1701000 13
1702000 13
1703000 13
1704000 13
1705000 13
1706000 13
1707000 13
1708000 13
1709000 13
1710000 13
1711000 14
1712000 14
1713000 14
1714000 14
1715000 14
1716000 14
1717000 14
1718000 14
1719000 14
1720000 14
1721000 14
1722000 14
1723000 14
1724000 14
1725000 14
1726000 14
1727000 14
1728000 14
1729000 14
1730000 14
1731000 14
1732000 14
1733000 14
1734000 14
1735000 14
1736000 14
1737000 14
1738000 14
1739000 14
1740000 14
1741000 14
1742000 14
1743000 14
1744000 14
1745000 14
1746000 14
1747000 14
1748000 14
1749000 14
1750000 14
1751000 14
1752000 14
1753000 14
1754000 14
1755000 14
1756000 14
1757000 14
1758000 14
1759000 14
1760000 14
1761000 14
1762000 14
1763000 14
1764000 14
1765000 14
1766000 14
1767000 14
1768000 14
1769000 14
1770000 14
1771000 14
1772000 14
1773000 14
1774000 14
1775000 14
1776000 14
1777000 14
1778000 14
1779000 14
1780000 14
1781000 14
1782000 14
1783000 14
1784000 14
1785000 14
1786000 14
1787000 14
1788000 14
1789000 14
1790000 14
1791000 14
1792000 14
1793000 14
1794000 14
1795000 14
1796000 14
1797000 14
1798000 14
1799000 14
1800000 14
1801000 14
1802000 14
1803000 14
1804000 14
1805000 14
1806000 14
1807000 14
1808000 14
1809000 14
1810000 14
1811000 14
1812000 14
1813000 14
1814000 14
1815000 14
1816000 14
1817000 14
1818000 14
1819000 14
1820000 14
1821000 14
1822000 14
1823000 14
1824000 14
1825000 14
1826000 14
1827000 14
1828000 14
1829000 14
1830000 14
1831000 14
1832000 14
1833000 14
1834000 14
1835000 14
1836000 14
1837000 14
1838000 14
1839000 14
1840000 14
1841000 14
1842000 14
1843000 14
1844000 14
1845000 14
1846000 14
1847000 14
1848000 14
1849000 14
1850000 14
1851000 14
1852000 14
1853000 14
1854000 14
1855000 14
1856000 14
1857000 14
1858000 14
1859000 14
1860000 14
1861000 14
1862000 14
1863000 14
1864000 14
1865000 14
1866000 14
1867000 14
1868000 14
1869000 14
1870000 14
1871000 14
1872000 14
1873000 14
1874000 14
1875000 14
1876000 14
1877000 14
1878000 14
1879000 14
1880000 14
1881000 14
1882000 14
1883000 14
1884000 14
1885000 14
1886000 14
1887000 14
1888000 14
1889000 14
1890000 14
1891000 14
1892000 14
1893000 14
1894000 14
1895000 14
1896000 14
1897000 14
1898000 14
1899000 14
1900000 14
1901000 14
1902000 14
1903000 14
1904000 14
1905000 14
1906000 14
1907000 14
1908000 14
1909000 14
1910000 14
1911000 14
1912000 14
1913000 14
1914000 14
1915000 14
1916000 14
1917000 14
1918000 14
1919000 14
1920000 14
1921000 14
1922000 14
1923000 14
1924000 14
1925000 14
1926000 14
1927000 14
1928000 14
1929000 14
1930000 14
1931000 14
1932000 14
1933000 14
1934000 14
1935000 14
1936000 14
1937000 14
1938000 14
1939000 14
1940000 14
1941000 14
1942000 14
1943000 14
1944000 14
1945000 14
1946000 14
1947000 14
1948000 14
1949000 14
1950000 14
1951000 14
1952000 14
1953000 14
1954000 14
1955000 14
1956000 14
1957000 14
1958000 14
1959000 14
1960000 14
1961000 14
1962000 14
1963000 14
1964000 14
1965000 14
1966000 14
1967000 14
1968000 14
1969000 14
1970000 14
1971000 14
1972000 14
1973000 14
1974000 14
1975000 14
1976000 14
1977000 14
1978000 14
1979000 14
1980000 14
1981000 14
1982000 14
1983000 14
1984000 14
1985000 14
1986000 14
1987000 14
1988000 14
1989000 14
1990000 14
1991000 14
1992000 14
1993000 14
1994000 14
1995000 14
1996000 14
1997000 14
1998000 14
1999000 14
2000000 14
2001000 14
2002000 14
2003000 14
2004000 14
2005000 14
2006000 14
2007000 14
2008000 14
2009000 14
2010000 14
2011000 14
2012000 14
2013000 14
2014000 14
2015000 14
2016000 14
2017000 14
2018000 14
2019000 14
2020000 14
2021000 14
2022000 14
2023000 14
2024000 14
2025000 14
2026000 14
2027000 14
2028000 14
2029000 14
2030000 14
2031000 14
2032000 14
2033000 14
2034000 14
2035000 14
2036000 14
2037000 14
2038000 14
2039000 14
2040000 14
2041000 14
2042000 14
2043000 14
2044000 14
2045000 14
2046000 14
2047000 14
2048000 14
2049000 14
2050000 14
2051000 14
2052000 14
2053000 14
2054000 14
2055000 14
2056000 14
2057000 14
2058000 14
2059000 14
2060000 14
2061000 14
2062000 14
2063000 14
2064000 14
2065000 14
2066000 14
2067000 14
2068000 14
2069000 14
2070000 14
2071000 14
2072000 14
2073000 14
2074000 14
2075000 14
2076000 14
2077000 15
2078000 15
2079000 15
2080000 15
2081000 15
2082000 15
2083000 15
2084000 15
2085000 15
2086000 15
2087000 15
2088000 15
2089000 15
2090000 15
2091000 15
2092000 15
2093000 15
2094000 15
2095000 15
2096000 15
2097000 15
2098000 15
2099000 15
2100000 15
2101000 15
2102000 15
2103000 15
2104000 15
2105000 15
2106000 15
2107000 15
2108000 15
2109000 15
2110000 15
2111000 15
2112000 15
2113000 15
2114000 15
2115000 15
2116000 15
2117000 15
2118000 15
2119000 15
2120000 15
2121000 15
2122000 15
2123000 15
2124000 15
2125000 15
2126000 15
2127000 15
2128000 15
2129000 15
2130000 15
2131000 15
2132000 15
2133000 15
2134000 15
2135000 15
2136000 15
2137000 15
2138000 15
2139000 15
2140000 15
2141000 15
2142000 15
2143000 15
2144000 15
2145000 15
2146000 15
2147000 15
2148000 15
2149000 15
2150000 15
2151000 15
2152000 15
2153000 15
2154000 15
2155000 15
2156000 15
2157000 15
2158000 15
2159000 15
2160000 15
2161000 15
2162000 15
2163000 15
2164000 15
2165000 15
2166000 15
2167000 15
2168000 15
2169000 15
2170000 15
2171000 15
2172000 15
2173000 15
2174000 15
2175000 15
2176000 15
2177000 15
2178000 15
2179000 15
2180000 15
2181000 15
2182000 15
2183000 15
2184000 15
2185000 15
2186000 15
2187000 15
2188000 15
2189000 15
2190000 15
2191000 15
2192000 15
2193000 15
2194000 15
2195000 15
2196000 15
2197000 15
2198000 15
2199000 15
2200000 15
2201000 15
2202000 15
2203000 15
2204000 15
2205000 15
2206000 15
2207000 15
2208000 15
2209000 15
2210000 15
2211000 15
2212000 15
2213000 15
2214000 15
2215000 15
2216000 15
2217000 15
2218000 15
2219000 15
2220000 15
2221000 15
2222000 15
2223000 15
2224000 15
2225000 15
2226000 15
2227000 15
2228000 15
2229000 15
2230000 15
2231000 15
2232000 15
2233000 15
2234000 15
2235000 15
2236000 15
2237000 15
2238000 15
2239000 15
2240000 15
2241000 15
2242000 15
2243000 15
2244000 15
2245000 15
2246000 15
2247000 15
2248000 15
2249000 15
2250000 15
2251000 15
2252000 15
2253000 15
2254000 15
2255000 15
2256000 15
2257000 15
2258000 15
2259000 15
2260000 15
2261000 15
2262000 15
2263000 15
2264000 15
2265000 15
2266000 15
2267000 15
2268000 15
2269000 15
2270000 15
2271000 15
2272000 15
2273000 15
2274000 15
2275000 15
2276000 15
2277000 15
2278000 15
2279000 15
2280000 15
2281000 15
2282000 15
2283000 15
2284000 15
2285000 16
2286000 16
2287000 16
2288000 16
2289000 16
2290000 16
2291000 16
2292000 16
2293000 16
2294000 16
2295000 16
2296000 16
2297000 16
2298000 16
2299000 16
2300000 16
2301000 16
2302000 16
2303000 16
2304000 16
2305000 16
2306000 16
2307000 16
2308000 16
2309000 16
2310000 16
2311000 16
2312000 16
2313000 16
2314000 16
2315000 16
2316000 16
2317000 16
2318000 16
2319000 16
2320000 16
2321000 16
2322000 16
2323000 16
2324000 16
2325000 16
2326000 16
2327000 16
2328000 16
2329000 16
2330000 16
2331000 16
2332000 16
2333000 16
2334000 16
2335000 16
2336000 16
2337000 16
2338000 16
2339000 16
2340000 16
2341000 16
2342000 16
2343000 16
2344000 16
2345000 16
2346000 16
2347000 16
2348000 16
2349000 16
2350000 16
2351000 16
2352000 16
2353000 16
2354000 16
2355000 16
2356000 16
2357000 16
2358000 16
2359000 16
2360000 16
2361000 16
2362000 16
2363000 16
2364000 16
2365000 16
2366000 16
2367000 16
2368000 16
2369000 16
2370000 16
2371000 16
2372000 16
2373000 16
2374000 16
2375000 16
2376000 16
2377000 16
2378000 16
2379000 16
2380000 16
2381000 16
2382000 16
2383000 16
2384000 16
2385000 16
2386000 16
2387000 16
2388000 16
2389000 16
2390000 16
2391000 16
2392000 16
2393000 16
2394000 16
2395000 16
2396000 16
2397000 16
2398000 16
2399000 16
2400000 16
2401000 16
2402000 16
2403000 16
2404000 16
2405000 16
2406000 16
2407000 16
2408000 16
2409000 16
2410000 16
2411000 16
2412000 16
2413000 16
2414000 16
2415000 16
2416000 16
2417000 16
2418000 16
2419000 16
2420000 16
2421000 16
2422000 16
2423000 16
2424000 16
2425000 16
2426000 16
2427000 16
2428000 16
2429000 16
2430000 16
2431000 16
2432000 16
2433000 16
2434000 16
2435000 16
2436000 16
2437000 16
2438000 16
2439000 16
2440000 16
2441000 16
2442000 16
2443000 16
2444000 16
2445000 16
2446000 16
2447000 16
2448000 16
2449000 16
2450000 16
2451000 16
2452000 16
2453000 16
2454000 16
2455000 16
2456000 16
2457000 16
2458000 16
2459000 16
2460000 16
2461000 16
2462000 16
2463000 16
2464000 16
2465000 16
2466000 16
2467000 16
2468000 16
2469000 16
2470000 16
2471000 16
2472000 16
2473000 16
2474000 16
2475000 16
2476000 16
2477000 16
2478000 16
2479000 16
2480000 16
2481000 16
2482000 16
2483000 16
2484000 16
2485000 16
2486000 16
2487000 16
2488000 16
2489000 16
2490000 16
2491000 16
2492000 16
2493000 16
2494000 16
2495000 16
2496000 16
2497000 16
2498000 16
2499000 16
2500000 16
2501000 16
2502000 16
2503000 16
2504000 16
2505000 16
2506000 16
2507000 16
2508000 16
2509000 16
2510000 16
2511000 16
2512000 16
2513000 16
2514000 16
2515000 16
2516000 16
2517000 16
2518000 16
2519000 16
2520000 16
2521000 16
2522000 16
2523000 16
2524000 16
2525000 16
2526000 16
2527000 16
2528000 16
2529000 16
2530000 16
2531000 16
2532000 16
2533000 16
2534000 16
2535000 16
2536000 16
2537000 16
2538000 16
2539000 16
2540000 16
2541000 16
2542000 16
2543000 16
2544000 16
2545000 16
2546000 16
2547000 17
2548000 17
2549000 17
2550000 17
2551000 17
2552000 17
2553000 17
2554000 17
2555000 17
2556000 17
2557000 17
2558000 17
2559000 17
2560000 17
2561000 18
2562000 18
2563000 18
2564000 18
2565000 18
2566000 18
2567000 18
2568000 18
2569000 19
2570000 19
2571000 19
2572000 19
2573000 19
2574000 19
2575000 19
2576000 19
2577000 19
2578000 20
2579000 20
2580000 20
2581000 20
2582000 20
2583000 20
2584000 20
2585000 20
2586000 20
2587000 20
2588000 20
2589000 20
2590000 20
2591000 20
2592000 20
2593000 20
2594000 20
2595000 20
2596000 20
2597000 20
2598000 20
2599000 20
2600000 20
2601000 20
2602000 20
2603000 20
2604000 20
2605000 20
2606000 20
2607000 20
2608000 20
2609000 20
2610000 20
2611000 20
2612000 20
2613000 20
2614000 20
2615000 20
2616000 20
2617000 20
2618000 20
2619000 20
2620000 20
2621000 20
2622000 20
2623000 20
2624000 20
2625000 20
2626000 20
2627000 20
2628000 20
2629000 20
2630000 20
2631000 20
2632000 20
2633000 20
2634000 20
2635000 20
2636000 20
2637000 20
2638000 20
2639000 20
2640000 20
2641000 20
2642000 20
2643000 20
2644000 20
2645000 20
2646000 20
2647000 20
2648000 20
2649000 20
2650000 20
2651000 20
2652000 20
2653000 20
2654000 20
2655000 20
2656000 20
2657000 20
2658000 20
2659000 20
2660000 20
2661000 20
2662000 20
2663000 20
2664000 20
2665000 20
2666000 20
2667000 20
2668000 20
2669000 20
2670000 20
2671000 20
2672000 20
2673000 20
2674000 20
2675000 20
2676000 20
2677000 20
2678000 20
2679000 20
2680000 20
2681000 20
2682000 20
2683000 20
2684000 20
2685000 20
2686000 20
2687000 20
2688000 20
2689000 20
2690000 20
2691000 20
2692000 20
2693000 20
2694000 20
2695000 20
2696000 20
2697000 20
2698000 20
2699000 20
2700000 20
2701000 20
2702000 20
2703000 20
2704000 20
2705000 20
2706000 20
2707000 20
2708000 20
2709000 20
2710000 20
2711000 20
2712000 20
2713000 20
2714000 20
2715000 20
2716000 20
2717000 20
2718000 20
2719000 20
2720000 20
2721000 20
2722000 20
2723000 20
2724000 20
2725000 20
2726000 20
2727000 20
2728000 20
2729000 20
2730000 20
2731000 20
2732000 20
2733000 20
2734000 20
2735000 20
2736000 20
2737000 20
2738000 20
2739000 20
2740000 20
2741000 20
2742000 20
2743000 20
2744000 20
2745000 20
2746000 20
2747000 20
2748000 20
2749000 20
2750000 20
2751000 20
2752000 20
2753000 20
2754000 20
2755000 20
2756000 20
2757000 20
2758000 20
2759000 20
2760000 20
2761000 20
2762000 20
2763000 20
2764000 20
2765000 20
2766000 20
2767000 20
2768000 20
2769000 20
2770000 20
2771000 20
2772000 20
2773000 20
2774000 20
2775000 20
2776000 20
2777000 20
2778000 20
2779000 20
2780000 20
2781000 20
2782000 20
2783000 20
2784000 20
2785000 20
2786000 20
2787000 20
2788000 20
2789000 20
2790000 20
2791000 20
2792000 20
2793000 20
2794000 20
2795000 20
2796000 20
2797000 20
2798000 20
2799000 20
2800000 20
2801000 20
2802000 20
2803000 20
2804000 20
2805000 20
2806000 20
2807000 20
2808000 20
2809000 20
2810000 20
2811000 20
2812000 20
2813000 20
2814000 20
2815000 20
2816000 20
2817000 20
2818000 20
2819000 20
2820000 20
2821000 20
2822000 20
2823000 20
2824000 20
2825000 20
2826000 20
2827000 20
2828000 20
2829000 20
2830000 20
2831000 20
2832000 20
2833000 20
2834000 20
2835000 20
2836000 20
2837000 20
2838000 20
2839000 20
2840000 20
2841000 20
2842000 20
2843000 20
2844000 20
2845000 20
2846000 20
2847000 20
2848000 20
2849000 20
2850000 20
2851000 20
2852000 20
2853000 20
2854000 20
2855000 20
2856000 20
2857000 20
2858000 20
2859000 20
2860000 20
2861000 20
2862000 20
2863000 20
2864000 20
2865000 20
2866000 20
2867000 20
2868000 20
2869000 20
2870000 20
2871000 20
2872000 20
2873000 20
2874000 20
2875000 20
2876000 20
2877000 20
2878000 20
2879000 20
2880000 20
2881000 20
2882000 20
2883000 20
2884000 20
2885000 20
2886000 20
2887000 20
2888000 20
2889000 21
2890000 21
2891000 21
2892000 21
2893000 21
2894000 21
2895000 21
2896000 21
2897000 21
2898000 21
2899000 21
2900000 21
2901000 22
2902000 22
2903000 22
2904000 22
2905000 22
2906000 22
2907000 22
2908000 22
2909000 22
2910000 22
2911000 22
2912000 22
2913000 22
2914000 22
2915000 22
2916000 22
2917000 22
2918000 22
2919000 22
2920000 22
2921000 22
2922000 22
2923000 22
2924000 22
2925000 22
2926000 22
2927000 22
2928000 22
2929000 22
2930000 22
2931000 22
2932000 22
2933000 22
2934000 22
2935000 22
2936000 22
2937000 22
2938000 22
2939000 22
2940000 22
2941000 22
2942000 22
2943000 22
2944000 22
2945000 22
2946000 22
2947000 22
2948000 22
2949000 22
2950000 22
2951000 22
2952000 22
2953000 22
2954000 22
2955000 22
2956000 22
2957000 22
2958000 22
2959000 22
2960000 23
2961000 23
2962000 23
2963000 23
2964000 23
2965000 23
2966000 23
2967000 23
2968000 23
2969000 23
2970000 23
2971000 23
2972000 23
2973000 23
2974000 23
2975000 23
2976000 23
2977000 23
2978000 23
2979000 23
2980000 23
2981000 23
2982000 23
2983000 23
2984000 23
2985000 23
2986000 23
2987000 23
2988000 23
2989000 23
2990000 23
2991000 23
2992000 23
2993000 23
2994000 23
2995000 23
2996000 23
2997000 23
2998000 23
2999000 23
3000000 23
3001000 23
3002000 23
3003000 23
3004000 23
3005000 23
3006000 23
3007000 23
3008000 23
3009000 23
3010000 23
3011000 23
3012000 23
3013000 23
3014000 23
3015000 23
3016000 23
3017000 23
3018000 23
3019000 23
3020000 23
3021000 23
3022000 23
3023000 23
3024000 23
3025000 23
3026000 23
3027000 23
3028000 23
3029000 23
3030000 23
3031000 23
3032000 23
3033000 23
3034000 23
3035000 23
3036000 23
3037000 23
3038000 23
3039000 23
3040000 23
3041000 23
3042000 23
3043000 23
3044000 23
3045000 23
3046000 23
3047000 23
3048000 23
3049000 23
3050000 23
3051000 23
3052000 23
3053000 23
3054000 23
3055000 23
3056000 23
3057000 23
3058000 23
3059000 23
3060000 23
3061000 23
3062000 23
3063000 23
3064000 23
3065000 23
3066000 23
3067000 23
3068000 23
3069000 23
3070000 23
3071000 23
3072000 23
3073000 23
3074000 23
3075000 23
3076000 23
3077000 23
3078000 23
3079000 23
3080000 23
3081000 23
3082000 23
3083000 23
3084000 23
3085000 23
3086000 23
3087000 23
3088000 23
3089000 23
3090000 23
3091000 23
3092000 23
3093000 23
3094000 23
3095000 23
3096000 23
3097000 23
3098000 23
3099000 23
3100000 23
3101000 23
3102000 23
3103000 23
3104000 23
3105000 23
3106000 23
3107000 23
3108000 23
3109000 23
3110000 23
3111000 23
3112000 23
3113000 23
3114000 23
3115000 23
3116000 23
3117000 23
3118000 23
3119000 23
3120000 23
3121000 23
3122000 23
3123000 23
3124000 23
3125000 23
3126000 23
3127000 23
3128000 23
3129000 23
3130000 23
3131000 23
3132000 23
3133000 23
3134000 23
3135000 23
3136000 23
3137000 23
3138000 23
3139000 23
3140000 23
3141000 23
3142000 23
3143000 23
3144000 23
3145000 23
3146000 23
3147000 23
3148000 23
3149000 23
3150000 23
3151000 23
3152000 23
3153000 23
3154000 23
3155000 23
3156000 23
3157000 23
3158000 23
3159000 23
3160000 23
3161000 23
3162000 23
3163000 23
3164000 23
3165000 23
3166000 23
3167000 23
3168000 23
3169000 23
3170000 23
3171000 23
3172000 23
3173000 23
3174000 23
3175000 23
3176000 23
3177000 23
3178000 23
3179000 23
3180000 23
3181000 23
3182000 23
3183000 23
3184000 23
3185000 23
3186000 23
3187000 23
3188000 23
3189000 23
3190000 23
3191000 23
3192000 23
3193000 23
3194000 23
3195000 23
3196000 23
3197000 23
3198000 23
3199000 23
3200000 23
3201000 23
3202000 23
3203000 23
3204000 23
3205000 23
3206000 23
3207000 23
3208000 23
3209000 23
3210000 23
3211000 23
3212000 23
3213000 23
3214000 23
3215000 23
3216000 23
3217000 23
3218000 23
3219000 23
3220000 23
3221000 23
3222000 23
3223000 23
3224000 23
3225000 23
3226000 23
3227000 23
3228000 23
3229000 23
3230000 23
3231000 23
3232000 23
3233000 23
3234000 23
3235000 23
3236000 23
3237000 23
3238000 23
3239000 23
3240000 23
3241000 23
3242000 23
3243000 23
3244000 23
3245000 23
3246000 23
3247000 23
3248000 23
3249000 23
3250000 23
3251000 23
3252000 23
3253000 23
3254000 23
3255000 23
3256000 23
3257000 23
3258000 23
3259000 23
3260000 23
3261000 23
3262000 23
3263000 23
3264000 23
3265000 23
3266000 23
3267000 23
3268000 23
3269000 23
3270000 23
3271000 23
3272000 23
3273000 23
3274000 23
3275000 23
3276000 23
3277000 23
3278000 23
3279000 23
3280000 23
3281000 23
3282000 23
3283000 23
3284000 23
3285000 23
3286000 23
3287000 23
3288000 23
3289000 23
3290000 23
3291000 23
3292000 23
3293000 23
3294000 23
3295000 23
3296000 23
3297000 23
3298000 23
3299000 23
3300000 23
3301000 23
3302000 23
3303000 23
3304000 23
3305000 23
3306000 23
3307000 23
3308000 23
3309000 23
3310000 23
3311000 23
3312000 23
3313000 23
3314000 23
3315000 23
3316000 23
3317000 23
3318000 23
3319000 23
3320000 23
3321000 23
3322000 23
3323000 23
3324000 23
3325000 23
3326000 23
3327000 23
3328000 23
3329000 23
3330000 23
3331000 23
3332000 23
3333000 23
3334000 23
3335000 23
3336000 23
3337000 23
3338000 23
3339000 23
3340000 23
3341000 23
3342000 23
3343000 23
3344000 23
3345000 23
3346000 23
3347000 23
3348000 23
3349000 23
3350000 23
3351000 23
3352000 23
3353000 23
3354000 23
3355000 23
3356000 23
3357000 23
3358000 23
3359000 23
3360000 23
3361000 23
3362000 23
3363000 23
3364000 23
3365000 23
3366000 23
3367000 23
3368000 23
3369000 23
3370000 23
3371000 23
3372000 23
3373000 23
3374000 23
3375000 23
3376000 23
3377000 23
3378000 23
3379000 23
3380000 23
3381000 23
3382000 23
3383000 23
3384000 23
3385000 23
3386000 23
3387000 23
3388000 23
3389000 23
3390000 23
3391000 23
3392000 23
3393000 23
3394000 23
3395000 23
3396000 23
3397000 23
3398000 23
3399000 23
3400000 23
3401000 23
3402000 23
3403000 23
3404000 23
3405000 23
3406000 23
3407000 23
3408000 23
3409000 23
3410000 23
3411000 23
3412000 23
3413000 23
3414000 23
3415000 23
3416000 23
3417000 23
3418000 23
3419000 23
3420000 23
3421000 23
3422000 23
3423000 23
3424000 23
3425000 23
3426000 23
3427000 23
3428000 23
3429000 23
3430000 23
3431000 23
3432000 23
3433000 23
3434000 23
3435000 23
3436000 23
3437000 23
3438000 23
3439000 23
3440000 23
3441000 23
3442000 23
3443000 23
3444000 23
3445000 23
3446000 23
3447000 23
3448000 23
3449000 23
3450000 23
3451000 23
3452000 23
3453000 23
3454000 23
3455000 23
3456000 23
3457000 23
3458000 23
3459000 23
3460000 23
3461000 23
3462000 23
3463000 23
3464000 23
3465000 23
3466000 23
3467000 23
3468000 23
3469000 23
3470000 23
3471000 23
3472000 23
3473000 23
3474000 23
3475000 23
3476000 23
3477000 23
3478000 23
3479000 23
3480000 23
3481000 23
3482000 23
3483000 23
3484000 23
3485000 23
3486000 23
3487000 23
3488000 23
3489000 23
3490000 23
3491000 23
3492000 23
3493000 23
3494000 23
3495000 23
3496000 23
3497000 23
3498000 23
3499000 23
3500000 23
3501000 23
3502000 23
3503000 23
3504000 23
3505000 23
3506000 23
3507000 23
3508000 23
3509000 23
3510000 23
3511000 23
3512000 23
3513000 23
3514000 23
3515000 23
3516000 23
3517000 23
3518000 23
3519000 23
3520000 23
3521000 23
3522000 23
3523000 23
3524000 23
3525000 23
3526000 23
3527000 23
3528000 23
3529000 23
3530000 23
3531000 23
3532000 23
3533000 23
3534000 23
3535000 23
3536000 23
3537000 23
3538000 23
3539000 23
3540000 23
3541000 23
3542000 23
3543000 23
3544000 23
3545000 23
3546000 23
3547000 23
3548000 23
3549000 23
3550000 23
3551000 23
3552000 23
3553000 23
3554000 23
3555000 23
3556000 23
3557000 23
3558000 23
3559000 23
3560000 23
3561000 23
3562000 23
3563000 23
3564000 23
3565000 23
3566000 23
3567000 23
3568000 23
3569000 23
3570000 23
3571000 23
3572000 23
3573000 23
3574000 23
3575000 23
3576000 23
3577000 23
3578000 23
3579000 23
3580000 23
3581000 23
3582000 23
3583000 23
3584000 23
3585000 23
3586000 23
3587000 23
3588000 23
3589000 23
3590000 23
3591000 23
3592000 23
3593000 23
3594000 23
3595000 23
3596000 23
3597000 23
3598000 23
3599000 23
3600000 23
3601000 23
3602000 23
3603000 23
3604000 23
3605000 23
3606000 23
3607000 23
3608000 23
3609000 23
3610000 23
3611000 23
3612000 23
3613000 23
3614000 23
3615000 23
3616000 23
3617000 23
3618000 23
3619000 23
3620000 23
3621000 23
3622000 23
3623000 23
3624000 23
3625000 23
3626000 23
3627000 23
3628000 23
3629000 23
3630000 23
3631000 23
3632000 23
3633000 23
3634000 23
3635000 23
3636000 23
3637000 23
3638000 23
3639000 23
3640000 23
3641000 23
3642000 23
3643000 23
3644000 23
3645000 23
3646000 23
3647000 23
3648000 23
3649000 23
3650000 23
3651000 23
3652000 23
3653000 23
3654000 23
3655000 23
3656000 23
3657000 23
3658000 23
3659000 23
3660000 23
3661000 23
3662000 23
3663000 23
3664000 23
3665000 23
3666000 23
3667000 23
3668000 23
3669000 23
3670000 23
3671000 23
3672000 23
3673000 23
3674000 23
3675000 23
3676000 23
3677000 23
3678000 23
3679000 23
3680000 23
3681000 23
3682000 23
3683000 23
3684000 23
3685000 23
3686000 23
3687000 23
3688000 23
3689000 23
3690000 23
3691000 23
3692000 23
3693000 23
3694000 23
3695000 23
3696000 23
3697000 23
3698000 23
3699000 23
3700000 23
3701000 23
3702000 23
3703000 23
3704000 23
3705000 23
3706000 23
3707000 23
3708000 23
3709000 23
3710000 23
3711000 23
3712000 23
3713000 23
3714000 23
3715000 23
3716000 23
3717000 23
3718000 23
3719000 23
3720000 23
3721000 23
3722000 23
3723000 23
3724000 23
3725000 23
3726000 23
3727000 23
3728000 23
3729000 23
3730000 23
3731000 23
3732000 23
3733000 23
3734000 23
3735000 23
3736000 23
3737000 23
3738000 23
3739000 23
3740000 23
3741000 23
3742000 23
3743000 23
3744000 23
3745000 23
3746000 23
3747000 23
3748000 23
3749000 23
3750000 23
3751000 23
3752000 23
3753000 23
3754000 23
3755000 23
3756000 23
3757000 23
3758000 23
3759000 23
3760000 23
3761000 23
3762000 23
3763000 23
3764000 23
3765000 23
3766000 23
3767000 23
3768000 23
3769000 23
3770000 23
3771000 23
3772000 23
3773000 23
3774000 23
3775000 23
3776000 23
3777000 23
3778000 23
3779000 23
3780000 23
3781000 23
3782000 23
3783000 23
3784000 23
3785000 23
3786000 23
3787000 23
3788000 23
3789000 23
3790000 23
3791000 23
3792000 23
3793000 23
3794000 23
3795000 23
3796000 23
3797000 23
3798000 23
3799000 23
3800000 23
3801000 23
3802000 23
3803000 23
3804000 23
3805000 23
3806000 23
3807000 23
3808000 23
3809000 23
3810000 23
3811000 23
3812000 23
3813000 23
3814000 23
3815000 23
3816000 23
3817000 23
3818000 23
3819000 23
3820000 23
3821000 23
3822000 23
3823000 23
3824000 23
3825000 23
3826000 23
3827000 23
3828000 23
3829000 23
3830000 23
3831000 23
3832000 23
3833000 23
3834000 23
3835000 23
3836000 23
3837000 23
3838000 23
3839000 23
3840000 23
3841000 23
3842000 23
3843000 23
3844000 23
3845000 23
3846000 23
3847000 23
3848000 23
3849000 23
3850000 23
3851000 23
3852000 23
3853000 23
3854000 23
3855000 23
3856000 23
3857000 23
3858000 23
3859000 23
3860000 23
3861000 23
3862000 23
3863000 23
3864000 23
3865000 23
3866000 23
3867000 23
3868000 23
3869000 23
3870000 23
3871000 23
3872000 23
3873000 23
3874000 23
3875000 23
3876000 23
3877000 23
3878000 23
3879000 23
3880000 23
3881000 23
3882000 23
3883000 23
3884000 23
3885000 23
3886000 23
3887000 23
3888000 23
3889000 23
3890000 23
3891000 23
3892000 23
3893000 23
3894000 23
3895000 23
3896000 23
3897000 23
3898000 23
3899000 23
3900000 23
3901000 23
3902000 23
3903000 23
3904000 23
3905000 23
3906000 23
3907000 23
3908000 23
3909000 23
3910000 23
3911000 23
3912000 23
3913000 23
3914000 23
3915000 23
3916000 23
3917000 23
3918000 23
3919000 23
3920000 23
3921000 23
3922000 23
3923000 23
3924000 23
3925000 23
3926000 23
3927000 23
3928000 23
3929000 23
3930000 23
3931000 23
3932000 23
3933000 23
3934000 23
3935000 23
3936000 23
3937000 23
3938000 23
3939000 23
3940000 23
3941000 23
3942000 23
3943000 23
3944000 23
3945000 23
3946000 23
3947000 23
3948000 23
3949000 23
3950000 23
3951000 23
3952000 23
3953000 23
3954000 23
3955000 23
3956000 23
3957000 23
3958000 23
3959000 23
3960000 23
3961000 23
3962000 23
3963000 23
3964000 23
3965000 23
3966000 23
3967000 23
3968000 23
3969000 23
3970000 23
3971000 23
3972000 23
3973000 23
3974000 23
3975000 23
3976000 23
3977000 23
3978000 23
3979000 23
3980000 23
3981000 23
3982000 23
3983000 23
3984000 23
3985000 23
3986000 23
3987000 23
3988000 23
3989000 23
3990000 23
3991000 23
3992000 23
3993000 23
3994000 23
3995000 23
3996000 23
3997000 23
3998000 23
3999000 23
4000000 23
4001000 23
4002000 23
4003000 23
4004000 23
4005000 23
4006000 23
4007000 23
4008000 23
4009000 23
4010000 23
4011000 23
4012000 23
4013000 23
4014000 23
4015000 23
4016000 23
4017000 23
4018000 23
4019000 23
4020000 23
4021000 23
4022000 23
4023000 23
4024000 23
4025000 23
4026000 23
4027000 23
4028000 23
4029000 23
4030000 23
4031000 23
4032000 23
4033000 23
4034000 23
4035000 23
4036000 23
4037000 23
4038000 23
4039000 23
4040000 23
4041000 23
4042000 23
4043000 23
4044000 23
4045000 23
4046000 23
4047000 23
4048000 23
4049000 23
4050000 23
4051000 23
4052000 23
4053000 23
4054000 23
4055000 23
4056000 23
4057000 23
4058000 23
4059000 23
4060000 23
4061000 23
4062000 23
4063000 23
4064000 23
4065000 23
4066000 23
4067000 23
4068000 23
4069000 23
4070000 23
4071000 23
4072000 23
4073000 23
4074000 23
4075000 23
4076000 23
4077000 23
4078000 23
4079000 23
4080000 23
4081000 23
4082000 23
4083000 23
4084000 23
4085000 23
4086000 23
4087000 23
4088000 23
4089000 23
4090000 23
4091000 23
4092000 23
4093000 23
4094000 23
4095000 23
4096000 23
4097000 23
4098000 23
4099000 23
4100000 23
4101000 23
4102000 23
4103000 23
4104000 23
4105000 23
4106000 23
4107000 23
4108000 23
4109000 23
4110000 23
4111000 23
4112000 23
4113000 23
4114000 23
4115000 23
4116000 23
4117000 23
4118000 23
4119000 23
4120000 23
4121000 23
4122000 23
4123000 23
4124000 23
4125000 23
4126000 23
4127000 23
4128000 23
4129000 23
4130000 23
4131000 23
4132000 23
4133000 23
4134000 23
4135000 23
4136000 23
4137000 23
4138000 23
4139000 23
4140000 23
4141000 23
4142000 23
4143000 23
4144000 23
4145000 23
4146000 23
4147000 23
4148000 23
4149000 23
4150000 23
4151000 23
4152000 23
4153000 23
4154000 23
4155000 23
4156000 23
4157000 23
4158000 23
4159000 23
4160000 23
4161000 23
4162000 23
4163000 23
4164000 23
4165000 23
4166000 23
4167000 23
4168000 23
4169000 23
4170000 23
4171000 23
4172000 23
4173000 23
4174000 23
4175000 23
4176000 23
4177000 23
4178000 23
4179000 23
4180000 23
4181000 23
4182000 23
4183000 23
4184000 23
4185000 23
4186000 23
4187000 23
4188000 23
4189000 23
4190000 23
4191000 23
4192000 23
4193000 23
4194000 23
4195000 23
4196000 23
4197000 23
4198000 23
4199000 23
4200000 23
4201000 23
4202000 23
4203000 23
4204000 23
4205000 23
4206000 23
4207000 23
4208000 23
4209000 23
4210000 23
4211000 23
4212000 23
4213000 23
4214000 23
4215000 23
4216000 23
4217000 23
4218000 23
4219000 23
4220000 23
4221000 23
4222000 23
4223000 24
4224000 24
4225000 24
4226000 24
4227000 24
4228000 24
4229000 24
4230000 24
4231000 24
4232000 24
4233000 24
4234000 24
4235000 24
4236000 24
4237000 24
4238000 24
4239000 24
4240000 24
4241000 24
4242000 24
4243000 24
4244000 24
4245000 24
4246000 24
4247000 24
4248000 24
4249000 24
4250000 24
4251000 24
4252000 24
4253000 24
4254000 24
4255000 24
4256000 24
4257000 24
4258000 24
4259000 24
4260000 24
4261000 24
4262000 24
4263000 24
4264000 24
4265000 24
4266000 24
4267000 24
4268000 24
4269000 24
4270000 24
4271000 24
4272000 24
4273000 24
4274000 24
4275000 24
4276000 24
4277000 24
4278000 24
4279000 24
4280000 24
4281000 24
4282000 24
4283000 24
4284000 24
4285000 24
4286000 24
4287000 24
4288000 24
4289000 24
4290000 24
4291000 24
4292000 24
4293000 24
4294000 24
4295000 24
4296000 24
4297000 24
4298000 24
4299000 24
4300000 24
4301000 24
4302000 24
4303000 24
4304000 24
4305000 24
4306000 24
4307000 24
4308000 24
4309000 24
4310000 24
4311000 24
4312000 24
4313000 24
4314000 24
4315000 24
4316000 24
4317000 24
4318000 24
4319000 24
4320000 24
4321000 24
4322000 24
4323000 24
4324000 24
4325000 24
4326000 24
4327000 24
4328000 24
4329000 24
4330000 24
4331000 24
4332000 25
4333000 25
4334000 25
4335000 25
4336000 25
4337000 25
4338000 25
4339000 25
4340000 25
4341000 25
4342000 25
4343000 25
4344000 25
4345000 25
4346000 25
4347000 25
4348000 25
4349000 25
4350000 25
4351000 25
4352000 25
4353000 25
4354000 25
4355000 25
4356000 25
4357000 25
4358000 25
4359000 25
4360000 25
4361000 25
4362000 25
4363000 25
4364000 25
4365000 25
4366000 25
4367000 25
4368000 25
4369000 25
4370000 25
4371000 25
4372000 25
4373000 25
4374000 25
4375000 25
4376000 25
4377000 25
4378000 25
4379000 25
4380000 25
4381000 25
4382000 25
4383000 25
4384000 25
4385000 25
4386000 25
4387000 25
4388000 25
4389000 25
4390000 25
4391000 25
4392000 25
4393000 25
4394000 25
4395000 25
4396000 25
4397000 25
4398000 25
4399000 25
4400000 25
4401000 25
4402000 25
4403000 25
4404000 25
4405000 25
4406000 25
4407000 25
4408000 25
4409000 25
4410000 25
4411000 25
4412000 25
4413000 25
4414000 25
4415000 25
4416000 25
4417000 25
4418000 25
4419000 25
4420000 25
4421000 25
4422000 25
4423000 25
4424000 25
4425000 25
4426000 25
4427000 25
4428000 25
4429000 25
4430000 25
4431000 25
4432000 25
4433000 25
4434000 25
4435000 25
4436000 25
4437000 25
4438000 25
4439000 25
4440000 25
4441000 25
4442000 25
4443000 25
4444000 25
4445000 25
4446000 25
4447000 25
4448000 25
4449000 25
4450000 25
4451000 25
4452000 25
4453000 25
4454000 25
4455000 25
4456000 25
4457000 25
4458000 25
4459000 25
4460000 25
4461000 25
4462000 25
4463000 25
4464000 25
4465000 25
4466000 25
4467000 25
4468000 25
4469000 25
4470000 25
4471000 25
4472000 25
4473000 25
4474000 25
4475000 25
4476000 25
4477000 25
4478000 25
4479000 25
4480000 25
4481000 25
4482000 25
4483000 25
4484000 25
4485000 25
4486000 25
4487000 25
4488000 25
4489000 25
4490000 25
4491000 25
4492000 25
4493000 25
4494000 25
4495000 25
4496000 25
4497000 25
4498000 25
4499000 25
4500000 25
4501000 25
4502000 25
4503000 25
4504000 25
4505000 25
4506000 25
4507000 25
4508000 25
4509000 25
4510000 25
4511000 25
4512000 25
4513000 25
4514000 25
4515000 25
4516000 25
4517000 25
4518000 25
4519000 25
4520000 25
4521000 25
4522000 25
4523000 25
4524000 25
4525000 25
4526000 25
4527000 25
4528000 25
4529000 25
4530000 25
4531000 25
4532000 25
4533000 25
4534000 25
4535000 25
4536000 25
4537000 25
4538000 25
4539000 25
4540000 25
4541000 25
4542000 25
4543000 25
4544000 25
4545000 25
4546000 25
4547000 25
4548000 25
4549000 25
4550000 25
4551000 25
4552000 25
4553000 25
4554000 25
4555000 25
4556000 25
4557000 25
4558000 25
4559000 25
4560000 25
4561000 25
4562000 25
4563000 25
4564000 25
4565000 25
4566000 25
4567000 25
4568000 25
4569000 25
4570000 25
4571000 25
4572000 25
4573000 25
4574000 25
4575000 25
4576000 25
4577000 25
4578000 25
4579000 25
4580000 25
4581000 25
4582000 25
4583000 25
4584000 25
4585000 25
4586000 25
4587000 25
4588000 25
4589000 25
4590000 25
4591000 25
4592000 25
4593000 25
4594000 25
4595000 25
4596000 26
4597000 26
4598000 26
4599000 26
4600000 26
4601000 26
4602000 26
4603000 26
4604000 26
4605000 26
4606000 26
4607000 26
4608000 26
4609000 26
4610000 26
4611000 26
4612000 26
4613000 26
4614000 26
4615000 26
4616000 26
4617000 26
4618000 26
4619000 26
4620000 26
4621000 26
4622000 26
4623000 26
4624000 26
4625000 26
4626000 26
4627000 26
4628000 26
4629000 26
4630000 26
4631000 26
4632000 26
4633000 26
4634000 26
4635000 26
4636000 26
4637000 26
4638000 26
4639000 26
4640000 26
4641000 26
4642000 26
4643000 26
4644000 26
4645000 26
4646000 26
4647000 26
4648000 26
4649000 26
4650000 26
4651000 26
4652000 26
4653000 26
4654000 26
4655000 26
4656000 26
4657000 26
4658000 26
4659000 26
4660000 26
4661000 26
4662000 26
4663000 26
4664000 26
4665000 26
4666000 26
4667000 26
4668000 26
4669000 26
4670000 26
4671000 26
4672000 26
4673000 26
4674000 26
4675000 26
4676000 26
4677000 26
4678000 26
4679000 26
4680000 26
4681000 26
4682000 26
4683000 26
4684000 26
4685000 26
4686000 26
4687000 26
4688000 26
4689000 26
4690000 26
4691000 26
4692000 26
4693000 26
4694000 26
4695000 26
4696000 26
4697000 26
4698000 26
4699000 26
4700000 26
4701000 26
4702000 26
4703000 26
4704000 26
4705000 26
4706000 26
4707000 26
4708000 26
4709000 26
4710000 26
4711000 26
4712000 26
4713000 26
4714000 26
4715000 26
4716000 26
4717000 26
4718000 26
4719000 26
4720000 26
4721000 26
4722000 26
4723000 26
4724000 26
4725000 26
4726000 26
4727000 26
4728000 26
4729000 26
4730000 26
4731000 26
4732000 26
4733000 26
4734000 26
4735000 26
4736000 26
4737000 26
4738000 26
4739000 26
4740000 26
4741000 26
4742000 26
4743000 26
4744000 26
4745000 26
4746000 26
4747000 26
4748000 26
4749000 26
4750000 26
4751000 26
4752000 26
4753000 26
4754000 26
4755000 26
4756000 26
4757000 26
4758000 26
4759000 26
4760000 26
4761000 26
4762000 26
4763000 26
4764000 26
4765000 26
4766000 26
4767000 26
4768000 26
4769000 26
4770000 26
4771000 26
4772000 26
4773000 26
4774000 26
4775000 26
4776000 26
4777000 26
4778000 26
4779000 26
4780000 26
4781000 26
4782000 26
4783000 26
4784000 26
4785000 26
4786000 26
4787000 26
4788000 26
4789000 26
4790000 26
4791000 26
4792000 26
4793000 26
4794000 26
4795000 26
4796000 26
4797000 26
4798000 26
4799000 26
4800000 26
4801000 26
4802000 26
4803000 26
4804000 26
4805000 26
4806000 26
4807000 26
4808000 26
4809000 27
4810000 27
4811000 27
4812000 27
4813000 27
4814000 27
4815000 27
4816000 27
4817000 27
4818000 27
4819000 27
4820000 27
4821000 27
4822000 27
4823000 27
4824000 27
4825000 27
4826000 27
4827000 27
4828000 27
4829000 27
4830000 27
4831000 27
4832000 27
4833000 27
4834000 27
4835000 27
4836000 27
4837000 27
4838000 27
4839000 27
4840000 27
4841000 27
4842000 27
4843000 27
4844000 27
4845000 27
4846000 27
4847000 27
4848000 27
4849000 27
4850000 27
4851000 27
4852000 27
4853000 27
4854000 27
4855000 27
4856000 27
4857000 27
4858000 27
4859000 27
4860000 27
4861000 27
4862000 27
4863000 27
4864000 27
4865000 27
4866000 27
4867000 27
4868000 27
4869000 28
4870000 28
4871000 28
4872000 28
4873000 28
4874000 28
4875000 28
4876000 28
4877000 28
4878000 28
4879000 28
4880000 28
4881000 28
4882000 28
4883000 28
4884000 28
4885000 28
4886000 28
4887000 28
4888000 28
4889000 28
4890000 28
4891000 28
4892000 28
4893000 28
4894000 28
4895000 28
4896000 28
4897000 28
4898000 28
4899000 28
4900000 28
4901000 28
4902000 28
4903000 28
4904000 28
4905000 28
4906000 28
4907000 28
4908000 28
4909000 28
4910000 28
4911000 28
4912000 28
4913000 28
4914000 28
4915000 28
4916000 28
4917000 28
4918000 28
4919000 28
4920000 28
4921000 28
4922000 28
4923000 28
4924000 28
4925000 28
4926000 28
4927000 28
4928000 28
4929000 28
4930000 28
4931000 28
4932000 28
4933000 28
4934000 28
4935000 28
4936000 28
4937000 28
4938000 28
4939000 28
4940000 28
4941000 28
4942000 28
4943000 28
4944000 28
4945000 28
4946000 28
4947000 28
4948000 28
4949000 28
4950000 28
4951000 28
4952000 28
4953000 28
4954000 28
4955000 28
4956000 28
4957000 28
4958000 28
4959000 28
4960000 28
4961000 28
4962000 28
4963000 28
4964000 28
4965000 28
4966000 28
4967000 28
4968000 28
4969000 28
4970000 28
4971000 28
4972000 28
4973000 28
4974000 28
4975000 28
4976000 28
4977000 28
4978000 28
4979000 28
4980000 28
4981000 28
4982000 28
4983000 28
4984000 28
4985000 28
4986000 28
4987000 28
4988000 28
4989000 28
4990000 28
4991000 28
4992000 28
4993000 28
4994000 28
4995000 28
4996000 28
4997000 28
4998000 28
4999000 28
5000000 28
