0 0
1000 0
2000 0
3000 0
4000 0
5000 0
6000 0
7000 0
8000 0
9000 0
10000 0
11000 0
12000 0
13000 0
14000 0
15000 0
16000 0
17000 0
18000 0
19000 1
20000 1
21000 1
22000 1
23000 1
24000 1
25000 1
26000 1
27000 1
28000 1
29000 1
30000 1
31000 1
32000 1
33000 1
34000 1
35000 1
36000 1
37000 1
38000 1
39000 1
40000 1
41000 1
42000 1
43000 1
44000 1
45000 1
46000 1
47000 1
48000 1
49000 1
50000 1
51000 1
52000 1
53000 1
54000 1
55000 1
56000 1
57000 1
58000 1
59000 1
60000 1
61000 2
62000 2
63000 2
64000 2
65000 2
66000 2
67000 2
68000 2
69000 2
70000 2
71000 2
72000 2
73000 2
74000 2
75000 2
76000 2
77000 2
78000 2
79000 2
80000 2
81000 2
82000 2
83000 2
84000 2
85000 2
86000 2
87000 2
88000 2
89000 2
90000 2
91000 2
92000 2
93000 2
94000 2
95000 3
96000 3
97000 3
98000 3
99000 3
100000 3
101000 3
102000 3
103000 3
104000 3
105000 3
106000 3
107000 3
108000 3
109000 3
110000 3
111000 3
112000 3
113000 3
114000 3
115000 3
116000 4
117000 4
118000 4
119000 4
120000 4
121000 4
122000 4
123000 4
124000 4
125000 4
126000 4
127000 4
128000 4
129000 4
130000 4
131000 4
132000 4
133000 4
134000 4
135000 4
136000 4
137000 4
138000 4
139000 4
140000 4
141000 4
142000 4
143000 4
144000 4
145000 4
146000 4
147000 4
148000 4
149000 4
150000 5
151000 5
152000 5
153000 5
154000 5
155000 5
156000 5
157000 5
158000 5
159000 5
160000 5
161000 5
162000 5
163000 5
164000 5
165000 5
166000 6
167000 6
168000 6
169000 6
170000 6
171000 6
172000 6
173000 6
174000 6
175000 6
176000 6
177000 6
178000 6
179000 6
180000 6
181000 7
182000 7
183000 7
184000 7
185000 7
186000 7
187000 7
188000 7
189000 7
190000 7
191000 7
192000 7
193000 7
194000 7
195000 7
196000 8
197000 8
198000 8
199000 8
200000 8
201000 8
202000 8
203000 8
204000 8
205000 8
206000 8
207000 9
208000 9
209000 9
210000 9
211000 9
212000 9
213000 9
214000 9
215000 9
216000 9
217000 10
218000 10
219000 10
220000 10
221000 10
222000 10
223000 10
224000 10
225000 11
226000 11
227000 11
228000 11
229000 11
230000 11
231000 11
232000 11
233000 11
234000 11
235000 11
236000 11
237000 11
238000 11
239000 11
240000 11
241000 12
242000 12
243000 12
244000 12
245000 12
246000 12
247000 12
248000 12
249000 12
250000 13
251000 13
252000 13
253000 13
254000 13
255000 13
256000 13
257000 13
258000 13
259000 13
260000 14
261000 14
262000 14
263000 14
264000 14
265000 14
266000 14
267000 14
268000 14
269000 14
270000 14
271000 15
272000 15
273000 15
274000 15
275000 15
276000 15
277000 15
278000 15
279000 15
280000 15
281000 16
282000 16
283000 16
284000 16
285000 16
286000 16
287000 16
288000 16
289000 16
290000 17
291000 17
292000 17
293000 17
294000 17
295000 17
296000 17
297000 17
298000 17
299000 18
300000 18
301000 18
302000 18
303000 18
304000 18
305000 18
306000 18
307000 18
308000 18
309000 18
310000 18
311000 18
312000 18
313000 18
314000 18
315000 18
316000 18
317000 19
318000 19
319000 19
320000 19
321000 19
322000 19
323000 19
324000 19
325000 19
326000 19
327000 19
328000 19
329000 20
330000 20
331000 20
332000 20
333000 20
334000 20
335000 20
336000 20
337000 20
338000 20
339000 20
340000 20
341000 20
342000 20
343000 21
344000 21
345000 21
346000 21
347000 21
348000 21
349000 21
350000 21
351000 22
352000 22
353000 22
354000 22
355000 22
356000 22
357000 22
358000 22
359000 22
360000 22
361000 22
362000 22
363000 22
364000 22
365000 22
366000 23
367000 23
368000 23
369000 23
370000 23
371000 23
372000 23
373000 23
374000 24
375000 24
376000 24
377000 24
378000 24
379000 24
380000 24
381000 24
382000 24
383000 24
384000 24
385000 24
386000 24
387000 24
388000 24
389000 24
390000 24
391000 25
392000 25
393000 25
394000 25
395000 25
396000 25
397000 25
398000 26
399000 26
400000 26
401000 26
402000 26
403000 26
404000 26
405000 27
406000 27
407000 27
408000 27
409000 27
410000 27
411000 27
412000 27
413000 28
414000 28
415000 28
416000 28
417000 28
418000 28
419000 28
420000 28
421000 28
422000 29
423000 29
424000 29
425000 29
426000 29
427000 29
428000 29
429000 29
430000 30
431000 30
432000 30
433000 30
434000 30
435000 30
436000 30
437000 30
438000 30
439000 30
440000 30
441000 30
442000 31
443000 31
444000 31
445000 31
446000 31
447000 31
448000 31
449000 31
450000 31
451000 31
452000 31
453000 31
454000 31
455000 31
456000 31
457000 32
458000 32
459000 32
460000 32
461000 32
462000 32
463000 32
464000 32
465000 33
466000 33
467000 33
468000 33
469000 33
470000 33
471000 33
472000 33
473000 33
474000 34
475000 34
476000 34
477000 34
478000 34
479000 34
480000 34
481000 35
482000 35
483000 35
484000 35
485000 35
486000 35
487000 35
488000 35
489000 35
490000 35
491000 35
492000 35
493000 35
494000 35
495000 35
496000 36
497000 36
498000 36
499000 36
500000 36
501000 36
502000 36
503000 36
504000 36
505000 36
506000 36
507000 36
508000 36
509000 36
510000 37
511000 37
512000 37
513000 37
514000 37
515000 37
516000 37
517000 38
518000 38
519000 38
520000 38
521000 38
522000 38
523000 38
524000 38
525000 38
526000 38
527000 38
528000 39
529000 39
530000 39
531000 39
532000 39
533000 39
534000 39
535000 39
536000 39
537000 39
538000 39
539000 39
540000 39
541000 39
542000 39
543000 39
544000 40
545000 40
546000 40
547000 40
548000 40
549000 40
550000 40
551000 40
552000 40
553000 40
554000 40
555000 40
556000 40
557000 40
558000 41
559000 41
560000 41
561000 41
562000 41
563000 41
564000 41
565000 41
566000 41
567000 41
568000 42
569000 42
570000 42
571000 42
572000 42
573000 42
574000 42
575000 42
576000 42
577000 42
578000 43
579000 43
580000 43
581000 43
582000 43
583000 43
584000 43
585000 43
586000 43
587000 43
588000 43
589000 44
590000 44
591000 44
592000 44
593000 44
594000 44
595000 44
596000 44
597000 45
598000 45
599000 45
600000 45
601000 45
602000 45
603000 45
604000 45
605000 46
606000 46
607000 46
608000 46
609000 46
610000 46
611000 46
612000 46
613000 46
614000 46
615000 47
616000 47
617000 47
618000 47
619000 47
620000 47
621000 47
622000 47
623000 47
624000 47
625000 47
626000 47
627000 48
628000 48
629000 48
630000 48
631000 48
632000 48
633000 48
634000 48
635000 48
636000 48
637000 48
638000 49
639000 49
640000 49
641000 49
642000 49
643000 49
644000 49
645000 49
646000 49
647000 49
648000 49
649000 49
650000 49
651000 49
652000 49
653000 49
654000 49
655000 49
656000 49
657000 49
658000 49
659000 49
660000 49
661000 49
662000 49
663000 49
664000 49
665000 49
666000 49
667000 49
668000 49
669000 49
670000 49
671000 49
672000 49
673000 49
674000 49
675000 49
676000 49
677000 49
678000 49
679000 49
680000 49
681000 49
682000 49
683000 49
684000 49
685000 49
686000 49
687000 49
688000 49
689000 49
690000 49
691000 49
692000 49
693000 49
694000 49
695000 49
696000 49
697000 49
698000 49
699000 49
700000 49
701000 49
702000 49
703000 49
704000 49
705000 50
706000 50
707000 50
708000 50
709000 50
710000 50
711000 50
712000 50
713000 50
714000 50
715000 50
716000 50
717000 50
718000 50
719000 50
720000 50
721000 50
722000 50
723000 50
724000 50
725000 50
726000 50
727000 50
728000 50
729000 50
730000 51
731000 51
732000 51
733000 51
734000 51
735000 51
736000 51
737000 51
738000 51
739000 51
740000 51
741000 51
742000 51
743000 51
744000 51
745000 52
746000 52
747000 52
748000 52
749000 52
750000 52
751000 52
752000 52
753000 52
754000 52
755000 52
756000 52
757000 52
758000 52
759000 52
760000 53
761000 53
762000 53
763000 53
764000 53
765000 53
766000 53
767000 53
768000 53
769000 53
770000 53
771000 53
772000 53
773000 53
774000 54
775000 54
776000 54
777000 54
778000 54
779000 54
780000 54
781000 54
782000 54
783000 54
784000 54
785000 54
786000 54
787000 54
788000 54
789000 54
790000 54
791000 55
792000 55
793000 55
794000 55
795000 55
796000 55
797000 55
798000 55
799000 55
800000 55
801000 55
802000 55
803000 55
804000 55
805000 55
806000 55
807000 55
808000 55
809000 55
810000 55
811000 55
812000 56
813000 56
814000 56
815000 56
816000 56
817000 56
818000 56
819000 56
820000 56
821000 56
822000 56
823000 56
824000 56
825000 56
826000 56
827000 56
828000 56
829000 56
830000 56
831000 56
832000 56
833000 56
834000 56
835000 56
836000 56
837000 56
838000 57
839000 57
840000 57
841000 57
842000 57
843000 57
844000 57
845000 57
846000 57
847000 57
848000 57
849000 57
850000 57
851000 57
852000 57
853000 57
854000 57
855000 57
856000 57
857000 57
858000 57
859000 57
860000 57
861000 57
862000 57
863000 57
864000 57
865000 57
866000 57
867000 57
868000 57
869000 57
870000 57
871000 57
872000 57
873000 57
874000 57
875000 57
876000 57
877000 57
878000 57
879000 57
880000 57
881000 57
882000 57
883000 57
884000 57
885000 57
886000 57
887000 57
888000 57
889000 57
890000 57
891000 57
892000 57
893000 57
894000 57
895000 57
896000 57
897000 57
898000 57
899000 57
900000 57
901000 57
902000 57
903000 57
904000 57
905000 57
906000 57
907000 57
908000 57
909000 57
910000 57
911000 57
912000 57
913000 57
914000 57
915000 57
916000 57
917000 57
918000 57
919000 57
920000 57
921000 57
922000 57
923000 57
924000 57
925000 57
926000 57
927000 57
928000 57
929000 57
930000 57
931000 57
932000 57
933000 57
934000 57
935000 57
936000 57
937000 58
938000 58
939000 58
940000 58
941000 58
942000 58
943000 58
944000 58
945000 58
946000 58
947000 58
948000 58
949000 58
950000 58
951000 58
952000 58
953000 58
954000 58
955000 58
956000 58
957000 59
958000 59
959000 59
960000 59
961000 59
962000 59
963000 59
964000 59
965000 59
966000 59
967000 59
968000 59
969000 59
970000 59
971000 60
972000 60
973000 60
974000 60
975000 60
976000 60
977000 60
978000 60
979000 60
980000 60
981000 60
982000 60
983000 60
984000 61
985000 61
986000 61
987000 61
988000 61
989000 61
990000 61
991000 61
992000 61
993000 61
994000 61
995000 62
996000 62
997000 62
998000 62
999000 62
1000000 62
1001000 62
1002000 62
1003000 62
1004000 62
1005000 62
1006000 62
1007000 62
1008000 62
1009000 62
1010000 63
1011000 63
1012000 63
1013000 63
1014000 63
1015000 63
1016000 63
1017000 63
1018000 63
1019000 63
1020000 63
1021000 63
1022000 63
1023000 63
1024000 63
1025000 64
1026000 64
1027000 64
1028000 64
1029000 64
1030000 64
1031000 64
1032000 64
1033000 64
1034000 64
1035000 64
1036000 64
1037000 64
1038000 64
1039000 64
1040000 65
1041000 65
1042000 65
1043000 65
1044000 65
1045000 65
1046000 65
1047000 65
1048000 65
1049000 65
1050000 65
1051000 65
1052000 65
1053000 66
1054000 66
1055000 66
1056000 66
1057000 66
1058000 66
1059000 66
1060000 66
1061000 66
1062000 66
1063000 66
1064000 66
1065000 66
1066000 66
1067000 66
1068000 66
1069000 66
1070000 66
1071000 66
1072000 67
1073000 67
1074000 67
1075000 67
1076000 67
1077000 67
1078000 67
1079000 67
1080000 67
1081000 67
1082000 67
1083000 67
1084000 68
1085000 68
1086000 68
1087000 68
1088000 68
1089000 68
1090000 68
1091000 68
1092000 68
1093000 68
1094000 68
1095000 69
1096000 69
1097000 69
1098000 69
1099000 69
1100000 69
1101000 69
1102000 69
1103000 69
1104000 69
1105000 69
1106000 69
1107000 70
1108000 70
1109000 70
1110000 70
1111000 70
1112000 70
1113000 70
1114000 70
1115000 70
1116000 70
1117000 70
1118000 70
1119000 70
1120000 71
1121000 71
1122000 71
1123000 71
1124000 71
1125000 71
1126000 71
1127000 71
1128000 71
1129000 71
1130000 71
1131000 72
1132000 72
1133000 72
1134000 72
1135000 72
1136000 72
1137000 72
1138000 72
1139000 72
1140000 72
1141000 72
1142000 73
1143000 73
1144000 73
1145000 73
1146000 73
1147000 73
1148000 73
1149000 73
1150000 73
1151000 73
1152000 73
1153000 73
1154000 73
1155000 74
1156000 74
1157000 74
1158000 74
1159000 74
1160000 74
1161000 74
1162000 74
1163000 74
1164000 74
1165000 74
1166000 74
1167000 74
1168000 74
1169000 75
1170000 75
1171000 75
1172000 75
1173000 75
1174000 75
1175000 75
1176000 75
1177000 75
1178000 75
1179000 75
1180000 75
1181000 76
1182000 76
1183000 76
1184000 76
1185000 76
1186000 76
1187000 76
1188000 76
1189000 76
1190000 76
1191000 76
1192000 76
1193000 76
1194000 77
1195000 77
1196000 77
1197000 77
1198000 77
1199000 77
1200000 77
1201000 77
1202000 77
1203000 77
1204000 77
1205000 77
1206000 77
1207000 77
1208000 77
1209000 77
1210000 77
1211000 77
1212000 77
1213000 77
1214000 77
1215000 77
1216000 78
1217000 78
1218000 78
1219000 78
1220000 78
1221000 78
1222000 78
1223000 78
1224000 78
1225000 78
1226000 78
1227000 78
1228000 78
1229000 78
1230000 78
1231000 78
1232000 79
1233000 79
1234000 79
1235000 79
1236000 79
1237000 79
1238000 79
1239000 79
1240000 79
1241000 79
1242000 79
1243000 79
1244000 79
1245000 79
1246000 79
1247000 79
1248000 79
1249000 79
1250000 79
1251000 79
1252000 79
1253000 80
1254000 80
1255000 80
1256000 80
1257000 80
1258000 80
1259000 80
1260000 80
1261000 80
1262000 80
1263000 80
1264000 80
1265000 80
1266000 80
1267000 80
1268000 80
1269000 80
1270000 80
1271000 80
1272000 80
1273000 80
1274000 81
1275000 81
1276000 81
1277000 81
1278000 81
1279000 81
1280000 81
1281000 81
1282000 81
1283000 81
1284000 81
1285000 81
1286000 81
1287000 81
1288000 81
1289000 81
1290000 81
1291000 81
1292000 81
1293000 81
1294000 81
1295000 82
1296000 82
1297000 82
1298000 82
1299000 82
1300000 82
1301000 82
1302000 82
1303000 82
1304000 82
1305000 82
1306000 82
1307000 82
1308000 82
1309000 82
1310000 83
1311000 83
1312000 83
1313000 83
1314000 83
1315000 83
1316000 83
1317000 83
1318000 83
1319000 83
1320000 83
1321000 83
1322000 83
1323000 83
1324000 84
1325000 84
1326000 84
1327000 84
1328000 84
1329000 84
1330000 84
1331000 85
1332000 85
1333000 85
1334000 85
1335000 85
1336000 85
1337000 85
1338000 86
1339000 86
1340000 86
1341000 86
1342000 86
1343000 86
1344000 86
1345000 86
1346000 86
1347000 86
1348000 86
1349000 86
1350000 86
1351000 86
1352000 87
1353000 87
1354000 87
1355000 87
1356000 87
1357000 87
1358000 87
1359000 87
1360000 87
1361000 87
1362000 87
1363000 88
1364000 88
1365000 88
1366000 88
1367000 88
1368000 88
1369000 89
1370000 89
1371000 89
1372000 89
1373000 89
1374000 89
1375000 89
1376000 89
1377000 89
1378000 89
1379000 90
1380000 90
1381000 90
1382000 90
1383000 90
1384000 90
1385000 90
1386000 91
1387000 91
1388000 91
1389000 91
1390000 91
1391000 91
1392000 91
1393000 91
1394000 91
1395000 91
1396000 91
1397000 91
1398000 91
1399000 91
1400000 91
1401000 92
1402000 92
1403000 92
1404000 92
1405000 92
1406000 92
1407000 92
1408000 92
1409000 92
1410000 92
1411000 92
1412000 92
1413000 92
1414000 92
1415000 92
1416000 93
1417000 93
1418000 93
1419000 93
1420000 93
1421000 93
1422000 93
1423000 93
1424000 94
1425000 94
1426000 94
1427000 94
1428000 94
1429000 94
1430000 94
1431000 94
1432000 94
1433000 94
1434000 95
1435000 95
1436000 95
1437000 95
1438000 95
1439000 95
1440000 95
1441000 95
1442000 95
1443000 95
1444000 95
1445000 95
1446000 95
1447000 96
1448000 96
1449000 96
1450000 96
1451000 96
1452000 96
1453000 96
1454000 96
1455000 96
1456000 97
1457000 97
1458000 97
1459000 97
1460000 97
1461000 97
1462000 97
1463000 97
1464000 97
1465000 98
1466000 98
1467000 98
1468000 98
1469000 98
1470000 98
1471000 99
1472000 99
1473000 99
1474000 99
1475000 99
1476000 99
1477000 99
1478000 99
1479000 99
1480000 99
1481000 99
1482000 100
1483000 100
1484000 100
1485000 100
1486000 100
1487000 100
1488000 100
1489000 100
1490000 100
1491000 100
1492000 101
1493000 101
1494000 101
1495000 101
1496000 101
1497000 101
1498000 101
1499000 101
1500000 101
1501000 101
1502000 102
1503000 102
1504000 102
1505000 102
1506000 102
1507000 102
1508000 102
1509000 102
1510000 102
1511000 102
1512000 102
1513000 103
1514000 103
1515000 103
1516000 103
1517000 103
1518000 103
1519000 103
1520000 103
1521000 104
1522000 104
1523000 104
1524000 104
1525000 104
1526000 104
1527000 104
1528000 104
1529000 104
1530000 104
1531000 104
1532000 105
1533000 105
1534000 105
1535000 105
1536000 105
1537000 105
1538000 105
1539000 105
1540000 105
1541000 105
1542000 106
1543000 106
1544000 106
1545000 106
1546000 106
1547000 106
1548000 106
1549000 106
1550000 106
1551000 107
1552000 107
1553000 107
1554000 107
1555000 107
1556000 107
1557000 107
1558000 107
1559000 108
1560000 108
1561000 108
1562000 108
1563000 108
1564000 108
1565000 108
1566000 108
1567000 108
1568000 108
1569000 109
1570000 109
1571000 109
1572000 109
1573000 109
1574000 109
1575000 109
1576000 109
1577000 110
1578000 110
1579000 110
1580000 110
1581000 110
1582000 110
1583000 110
1584000 110
1585000 110
1586000 111
1587000 111
1588000 111
1589000 111
1590000 111
1591000 111
1592000 111
1593000 111
1594000 112
1595000 112
1596000 112
1597000 112
1598000 112
1599000 112
1600000 112
1601000 112
1602000 112
1603000 112
1604000 113
1605000 113
1606000 113
1607000 113
1608000 113
1609000 113
1610000 113
1611000 113
1612000 113
1613000 114
1614000 114
1615000 114
1616000 114
1617000 114
1618000 114
1619000 114
1620000 115
1621000 115
1622000 115
1623000 115
1624000 115
1625000 115
1626000 115
1627000 115
1628000 115
1629000 115
1630000 116
1631000 116
1632000 116
1633000 116
1634000 116
1635000 116
1636000 116
1637000 116
1638000 116
1639000 117
1640000 117
1641000 117
1642000 117
1643000 117
1644000 117
1645000 117
1646000 117
1647000 117
1648000 117
1649000 118
1650000 118
1651000 118
1652000 118
1653000 118
1654000 118
1655000 118
1656000 118
1657000 118
1658000 119
1659000 119
1660000 119
1661000 119
1662000 119
1663000 119
1664000 119
1665000 119
1666000 120
1667000 120
1668000 120
1669000 120
1670000 120
1671000 120
1672000 120
1673000 120
1674000 120
1675000 120
1676000 121
1677000 121
1678000 121
1679000 121
1680000 121
1681000 121
1682000 121
1683000 121
1684000 121
1685000 121
1686000 121
1687000 122
1688000 122
1689000 122
1690000 122
1691000 122
1692000 122
1693000 122
1694000 122
1695000 122
1696000 122
1697000 123
1698000 123
1699000 123
1700000 123
1701000 123
1702000 123
1703000 123
1704000 124
1705000 124
1706000 124
1707000 124
1708000 124
1709000 124
1710000 124
1711000 124
1712000 125
1713000 125
1714000 125
1715000 125
1716000 125
1717000 125
1718000 125
1719000 125
1720000 126
1721000 126
1722000 126
1723000 126
1724000 126
1725000 126
1726000 126
1727000 127
1728000 127
1729000 127
1730000 127
1731000 127
1732000 127
1733000 127
1734000 127
1735000 127
1736000 128
1737000 128
1738000 128
1739000 128
1740000 128
1741000 128
1742000 128
1743000 128
1744000 128
1745000 128
1746000 128
1747000 129
1748000 129
1749000 129
1750000 129
1751000 129
1752000 129
1753000 129
1754000 129
1755000 129
1756000 129
1757000 130
1758000 130
1759000 130
1760000 130
1761000 130
1762000 130
1763000 130
1764000 130
1765000 130
1766000 131
1767000 131
1768000 131
1769000 131
1770000 131
1771000 131
1772000 131
1773000 131
1774000 131
1775000 132
1776000 132
1777000 132
1778000 132
1779000 132
1780000 132
1781000 132
1782000 132
1783000 132
1784000 132
1785000 132
1786000 132
1787000 132
1788000 132
1789000 133
1790000 133
1791000 133
1792000 133
1793000 133
1794000 133
1795000 133
1796000 133
1797000 133
1798000 134
1799000 134
1800000 134
1801000 134
1802000 134
1803000 134
1804000 134
1805000 134
1806000 134
1807000 135
1808000 135
1809000 135
1810000 135
1811000 135
1812000 135
1813000 135
1814000 135
1815000 135
1816000 135
1817000 135
1818000 135
1819000 135
1820000 135
1821000 135
1822000 135
1823000 135
1824000 136
1825000 136
1826000 136
1827000 136
1828000 136
1829000 136
1830000 136
1831000 136
1832000 137
1833000 137
1834000 137
1835000 137
1836000 137
1837000 137
1838000 137
1839000 137
1840000 137
1841000 137
1842000 137
1843000 137
1844000 138
1845000 138
1846000 138
1847000 138
1848000 138
1849000 138
1850000 138
1851000 138
1852000 138
1853000 139
1854000 139
1855000 139
1856000 139
1857000 139
1858000 139
1859000 139
1860000 139
1861000 139
1862000 139
1863000 139
1864000 139
1865000 140
1866000 140
1867000 140
1868000 140
1869000 140
1870000 140
1871000 140
1872000 140
1873000 140
1874000 140
1875000 141
1876000 141
1877000 141
1878000 141
1879000 141
1880000 141
1881000 141
1882000 141
1883000 141
1884000 141
1885000 142
1886000 142
1887000 142
1888000 142
1889000 142
1890000 142
1891000 142
1892000 142
1893000 142
1894000 142
1895000 142
1896000 143
1897000 143
1898000 143
1899000 143
1900000 143
1901000 143
1902000 143
1903000 143
1904000 143
1905000 143
1906000 143
1907000 144
1908000 144
1909000 144
1910000 144
1911000 144
1912000 144
1913000 144
1914000 144
1915000 144
1916000 144
1917000 145
1918000 145
1919000 145
1920000 145
1921000 145
1922000 145
1923000 145
1924000 145
1925000 145
1926000 145
1927000 145
1928000 146
1929000 146
1930000 146
1931000 146
1932000 146
1933000 146
1934000 146
1935000 146
1936000 146
1937000 147
1938000 147
1939000 147
1940000 147
1941000 147
1942000 147
1943000 147
1944000 147
1945000 147
1946000 148
1947000 148
1948000 148
1949000 148
1950000 148
1951000 148
1952000 148
1953000 148
1954000 148
1955000 148
1956000 148
1957000 148
1958000 149
1959000 149
1960000 149
1961000 149
1962000 149
1963000 149
1964000 149
1965000 149
1966000 149
1967000 149
1968000 149
1969000 149
1970000 149
1971000 149
1972000 149
1973000 149
1974000 149
1975000 150
1976000 150
1977000 150
1978000 150
1979000 150
1980000 150
1981000 150
1982000 150
1983000 150
1984000 150
1985000 150
1986000 150
1987000 150
1988000 151
1989000 151
1990000 151
1991000 151
1992000 151
1993000 151
1994000 151
1995000 151
1996000 151
1997000 152
1998000 152
1999000 152
2000000 152
2001000 152
2002000 152
2003000 152
2004000 152
2005000 152
2006000 152
2007000 152
2008000 153
2009000 153
2010000 153
2011000 153
2012000 153
2013000 153
2014000 153
2015000 153
2016000 153
2017000 153
2018000 154
2019000 154
2020000 154
2021000 154
2022000 154
2023000 154
2024000 154
2025000 154
2026000 154
2027000 154
2028000 154
2029000 154
2030000 154
2031000 154
2032000 155
2033000 155
2034000 155
2035000 155
2036000 155
2037000 155
2038000 155
2039000 155
2040000 155
2041000 156
2042000 156
2043000 156
2044000 156
2045000 156
2046000 156
2047000 156
2048000 156
2049000 156
2050000 156
2051000 156
2052000 156
2053000 156
2054000 156
2055000 157
2056000 157
2057000 157
2058000 157
2059000 157
2060000 157
2061000 157
2062000 157
2063000 157
2064000 157
2065000 157
2066000 157
2067000 157
2068000 157
2069000 157
2070000 157
2071000 158
2072000 158
2073000 158
2074000 158
2075000 158
2076000 158
2077000 158
2078000 158
2079000 158
2080000 158
2081000 158
2082000 159
2083000 159
2084000 159
2085000 159
2086000 159
2087000 159
2088000 159
2089000 159
2090000 159
2091000 159
2092000 159
2093000 159
2094000 159
2095000 160
2096000 160
2097000 160
2098000 160
2099000 160
2100000 160
2101000 160
2102000 160
2103000 160
2104000 160
2105000 160
2106000 160
2107000 161
2108000 161
2109000 161
2110000 161
2111000 161
2112000 161
2113000 161
2114000 161
2115000 161
2116000 161
2117000 161
2118000 161
2119000 162
2120000 162
2121000 162
2122000 162
2123000 162
2124000 162
2125000 162
2126000 162
2127000 162
2128000 163
2129000 163
2130000 163
2131000 163
2132000 163
2133000 163
2134000 163
2135000 163
2136000 163
2137000 163
2138000 163
2139000 163
2140000 164
2141000 164
2142000 164
2143000 164
2144000 164
2145000 164
2146000 164
2147000 164
2148000 165
2149000 165
2150000 165
2151000 165
2152000 165
2153000 165
2154000 165
2155000 165
2156000 165
2157000 165
2158000 165
2159000 166
2160000 166
2161000 166
2162000 166
2163000 166
2164000 166
2165000 166
2166000 166
2167000 166
2168000 166
2169000 167
2170000 167
2171000 167
2172000 167
2173000 167
2174000 167
2175000 167
2176000 167
2177000 167
2178000 167
2179000 167
2180000 167
2181000 167
2182000 168
2183000 168
2184000 168
2185000 168
2186000 168
2187000 168
2188000 168
2189000 168
2190000 168
2191000 168
2192000 168
2193000 168
2194000 168
2195000 168
2196000 168
2197000 169
2198000 169
2199000 169
2200000 169
2201000 169
2202000 169
2203000 169
2204000 169
2205000 169
2206000 170
2207000 170
2208000 170
2209000 170
2210000 170
2211000 170
2212000 170
2213000 170
2214000 170
2215000 170
2216000 170
2217000 170
2218000 170
2219000 170
2220000 170
2221000 170
2222000 171
2223000 171
2224000 171
2225000 171
2226000 171
2227000 171
2228000 171
2229000 171
2230000 171
2231000 171
2232000 171
2233000 171
2234000 171
2235000 171
2236000 171
2237000 171
2238000 172
2239000 172
2240000 172
2241000 172
2242000 172
2243000 172
2244000 172
2245000 172
2246000 172
2247000 172
2248000 172
2249000 172
2250000 173
2251000 173
2252000 173
2253000 173
2254000 173
2255000 173
2256000 173
2257000 173
2258000 173
2259000 174
2260000 174
2261000 174
2262000 174
2263000 174
2264000 174
2265000 174
2266000 175
2267000 175
2268000 175
2269000 175
2270000 175
2271000 175
2272000 175
2273000 175
2274000 175
2275000 175
2276000 175
2277000 175
2278000 175
2279000 175
2280000 175
2281000 175
2282000 176
2283000 176
2284000 176
2285000 176
2286000 176
2287000 176
2288000 176
2289000 176
2290000 177
2291000 177
2292000 177
2293000 177
2294000 177
2295000 177
2296000 177
2297000 177
2298000 177
2299000 177
2300000 177
2301000 177
2302000 178
2303000 178
2304000 178
2305000 178
2306000 178
2307000 178
2308000 178
2309000 178
2310000 178
2311000 178
2312000 178
2313000 178
2314000 178
2315000 178
2316000 178
2317000 178
2318000 178
2319000 178
2320000 178
2321000 178
2322000 178
2323000 178
2324000 178
2325000 179
2326000 179
2327000 179
2328000 179
2329000 179
2330000 179
2331000 179
2332000 179
2333000 179
2334000 179
2335000 179
2336000 179
2337000 179
2338000 179
2339000 179
2340000 179
2341000 179
2342000 179
2343000 179
2344000 179
2345000 179
2346000 179
2347000 180
2348000 180
2349000 180
2350000 180
2351000 180
2352000 180
2353000 180
2354000 181
2355000 181
2356000 181
2357000 181
2358000 181
2359000 181
2360000 181
2361000 181
2362000 182
2363000 182
2364000 182
2365000 182
2366000 182
2367000 182
2368000 182
2369000 182
2370000 182
2371000 183
2372000 183
2373000 183
2374000 183
2375000 183
2376000 183
2377000 183
2378000 183
2379000 183
2380000 183
2381000 184
2382000 184
2383000 184
2384000 184
2385000 184
2386000 184
2387000 184
2388000 184
2389000 184
2390000 184
2391000 184
2392000 184
2393000 184
2394000 185
2395000 185
2396000 185
2397000 185
2398000 185
2399000 185
2400000 185
2401000 185
2402000 185
2403000 185
2404000 185
2405000 185
2406000 186
2407000 186
2408000 186
2409000 186
2410000 186
2411000 186
2412000 186
2413000 186
2414000 186
2415000 186
2416000 186
2417000 186
2418000 186
2419000 186
2420000 186
2421000 186
2422000 186
2423000 186
2424000 186
2425000 186
2426000 187
2427000 187
2428000 187
2429000 187
2430000 187
2431000 187
2432000 187
2433000 187
2434000 187
2435000 187
2436000 188
2437000 188
2438000 188
2439000 188
2440000 188
2441000 188
2442000 188
2443000 188
2444000 188
2445000 188
2446000 188
2447000 189
2448000 189
2449000 189
2450000 189
2451000 189
2452000 189
2453000 189
2454000 189
2455000 189
2456000 190
2457000 190
2458000 190
2459000 190
2460000 190
2461000 190
2462000 190
2463000 191
2464000 191
2465000 191
2466000 191
2467000 191
2468000 191
2469000 191
2470000 191
2471000 191
2472000 192
2473000 192
2474000 192
2475000 192
2476000 192
2477000 192
2478000 192
2479000 192
2480000 192
2481000 192
2482000 192
2483000 192
2484000 192
2485000 192
2486000 192
2487000 192
2488000 192
2489000 192
2490000 192
2491000 192
2492000 192
2493000 193
2494000 193
2495000 193
2496000 193
2497000 193
2498000 193
2499000 193
2500000 193
2501000 193
2502000 194
2503000 194
2504000 194
2505000 194
2506000 194
2507000 194
2508000 194
2509000 194
2510000 194
2511000 194
2512000 195
2513000 195
2514000 195
2515000 195
2516000 195
2517000 195
2518000 195
2519000 195
2520000 195
2521000 195
2522000 195
2523000 195
2524000 196
2525000 196
2526000 196
2527000 196
2528000 196
2529000 196
2530000 196
2531000 196
2532000 196
2533000 196
2534000 196
2535000 196
2536000 196
2537000 196
2538000 196
2539000 196
2540000 196
2541000 196
2542000 196
2543000 196
2544000 196
2545000 196
2546000 197
2547000 197
2548000 197
2549000 197
2550000 197
2551000 197
2552000 197
2553000 197
2554000 197
2555000 197
2556000 197
2557000 197
2558000 198
2559000 198
2560000 198
2561000 198
2562000 198
2563000 198
2564000 198
2565000 198
2566000 198
2567000 198
2568000 198
2569000 198
2570000 198
2571000 198
2572000 199
2573000 199
2574000 199
2575000 199
2576000 199
2577000 199
2578000 199
2579000 199
2580000 199
2581000 199
2582000 199
2583000 199
2584000 199
2585000 199
2586000 199
2587000 199
2588000 200
2589000 200
2590000 200
2591000 200
2592000 200
2593000 200
2594000 200
2595000 200
2596000 200
2597000 200
2598000 201
2599000 201
2600000 201
2601000 201
2602000 201
2603000 201
2604000 201
2605000 201
2606000 202
2607000 202
2608000 202
2609000 202
2610000 202
2611000 202
2612000 202
2613000 202
2614000 202
2615000 202
2616000 203
2617000 203
2618000 203
2619000 203
2620000 203
2621000 203
2622000 203
2623000 203
2624000 203
2625000 203
2626000 203
2627000 203
2628000 203
2629000 204
2630000 204
2631000 204
2632000 204
2633000 204
2634000 204
2635000 204
2636000 204
2637000 204
2638000 205
2639000 205
2640000 205
2641000 205
2642000 205
2643000 205
2644000 205
2645000 205
2646000 205
2647000 206
2648000 206
2649000 206
2650000 206
2651000 206
2652000 206
2653000 206
2654000 206
2655000 206
2656000 206
2657000 206
2658000 207
2659000 207
2660000 207
2661000 207
2662000 207
2663000 207
2664000 207
2665000 207
2666000 207
2667000 207
2668000 207
2669000 208
2670000 208
2671000 208
2672000 208
2673000 208
2674000 208
2675000 208
2676000 208
2677000 208
2678000 208
2679000 208
2680000 208
2681000 208
2682000 208
2683000 208
2684000 208
2685000 208
2686000 208
2687000 208
2688000 209
2689000 209
2690000 209
2691000 209
2692000 209
2693000 209
2694000 209
2695000 209
2696000 209
2697000 209
2698000 209
2699000 209
2700000 210
2701000 210
2702000 210
2703000 210
2704000 210
2705000 210
2706000 210
2707000 210
2708000 210
2709000 210
2710000 210
2711000 210
2712000 210
2713000 210
2714000 210
2715000 210
2716000 210
2717000 211
2718000 211
2719000 211
2720000 211
2721000 211
2722000 211
2723000 211
2724000 211
2725000 211
2726000 211
2727000 211
2728000 211
2729000 211
2730000 211
2731000 212
2732000 212
2733000 212
2734000 212
2735000 212
2736000 212
2737000 212
2738000 212
2739000 212
2740000 212
2741000 212
2742000 212
2743000 212
2744000 212
2745000 212
2746000 212
2747000 212
2748000 213
2749000 213
2750000 213
2751000 213
2752000 213
2753000 213
2754000 213
2755000 213
2756000 213
2757000 213
2758000 213
2759000 213
2760000 213
2761000 213
2762000 213
2763000 214
2764000 214
2765000 214
2766000 214
2767000 214
2768000 214
2769000 214
2770000 214
2771000 214
2772000 214
2773000 214
2774000 214
2775000 214
2776000 214
2777000 215
2778000 215
2779000 215
2780000 215
2781000 215
2782000 215
2783000 215
2784000 215
2785000 215
2786000 215
2787000 215
2788000 216
2789000 216
2790000 216
2791000 216
2792000 216
2793000 216
2794000 216
2795000 216
2796000 217
2797000 217
2798000 217
2799000 217
2800000 217
2801000 217
2802000 217
2803000 217
2804000 217
2805000 217
2806000 217
2807000 218
2808000 218
2809000 218
2810000 218
2811000 218
2812000 218
2813000 218
2814000 218
2815000 218
2816000 218
2817000 218
2818000 219
2819000 219
2820000 219
2821000 219
2822000 219
2823000 219
2824000 219
2825000 219
2826000 219
2827000 219
2828000 220
2829000 220
2830000 220
2831000 220
2832000 220
2833000 220
2834000 220
2835000 220
2836000 220
2837000 220
2838000 221
2839000 221
2840000 221
2841000 221
2842000 221
2843000 221
2844000 221
2845000 221
2846000 221
2847000 221
2848000 221
2849000 222
2850000 222
2851000 222
2852000 222
2853000 222
2854000 222
2855000 222
2856000 222
2857000 222
2858000 222
2859000 222
2860000 222
2861000 222
2862000 222
2863000 222
2864000 222
2865000 223
2866000 223
2867000 223
2868000 223
2869000 223
2870000 223
2871000 223
2872000 223
2873000 223
2874000 223
2875000 223
2876000 224
2877000 224
2878000 224
2879000 224
2880000 224
2881000 224
2882000 224
2883000 224
2884000 224
2885000 224
2886000 224
2887000 224
2888000 224
2889000 224
2890000 225
2891000 225
2892000 225
2893000 225
2894000 225
2895000 225
2896000 225
2897000 225
2898000 226
2899000 226
2900000 226
2901000 226
2902000 226
2903000 226
2904000 226
2905000 226
2906000 226
2907000 226
2908000 226
2909000 226
2910000 226
2911000 226
2912000 226
2913000 227
2914000 227
2915000 227
2916000 227
2917000 227
2918000 227
2919000 227
2920000 227
2921000 227
2922000 227
2923000 227
2924000 228
2925000 228
2926000 228
2927000 228
2928000 228
2929000 228
2930000 228
2931000 228
2932000 228
2933000 228
2934000 228
2935000 228
2936000 228
2937000 228
2938000 228
2939000 229
2940000 229
2941000 229
2942000 229
2943000 229
2944000 229
2945000 229
2946000 229
2947000 229
2948000 229
2949000 229
2950000 229
2951000 229
2952000 229
2953000 230
2954000 230
2955000 230
2956000 230
2957000 230
2958000 230
2959000 230
2960000 230
2961000 231
2962000 231
2963000 231
2964000 231
2965000 231
2966000 231
2967000 231
2968000 231
2969000 231
2970000 232
2971000 232
2972000 232
2973000 232
2974000 232
2975000 232
2976000 232
2977000 232
2978000 232
2979000 232
2980000 232
2981000 232
2982000 232
2983000 232
2984000 232
2985000 233
2986000 233
2987000 233
2988000 233
2989000 233
2990000 233
2991000 233
2992000 233
2993000 233
2994000 234
2995000 234
2996000 234
2997000 234
2998000 234
2999000 234
3000000 234
3001000 234
3002000 234
3003000 234
3004000 234
3005000 234
3006000 234
3007000 234
3008000 234
3009000 234
3010000 234
3011000 235
3012000 235
3013000 235
3014000 235
3015000 235
3016000 235
3017000 235
3018000 235
3019000 235
3020000 235
3021000 235
3022000 235
3023000 235
3024000 236
3025000 236
3026000 236
3027000 236
3028000 236
3029000 236
3030000 236
3031000 236
3032000 236
3033000 236
3034000 236
3035000 237
3036000 237
3037000 237
3038000 237
3039000 237
3040000 237
3041000 237
3042000 237
3043000 237
3044000 237
3045000 237
3046000 237
3047000 237
3048000 238
3049000 238
3050000 238
3051000 238
3052000 238
3053000 238
3054000 238
3055000 238
3056000 238
3057000 238
3058000 238
3059000 238
3060000 238
3061000 239
3062000 239
3063000 239
3064000 239
3065000 239
3066000 239
3067000 239
3068000 239
3069000 239
3070000 239
3071000 239
3072000 239
3073000 239
3074000 240
3075000 240
3076000 240
3077000 240
3078000 240
3079000 240
3080000 240
3081000 240
3082000 240
3083000 240
3084000 240
3085000 241
3086000 241
3087000 241
3088000 241
3089000 241
3090000 241
3091000 241
3092000 241
3093000 241
3094000 241
3095000 242
3096000 242
3097000 242
3098000 242
3099000 242
3100000 242
3101000 242
3102000 242
3103000 242
3104000 242
3105000 242
3106000 243
3107000 243
3108000 243
3109000 243
3110000 243
3111000 243
3112000 243
3113000 243
3114000 243
3115000 244
3116000 244
3117000 244
3118000 244
3119000 244
3120000 244
3121000 244
3122000 244
3123000 244
3124000 245
3125000 245
3126000 245
3127000 245
3128000 245
3129000 245
3130000 245
3131000 245
3132000 245
3133000 245
3134000 245
3135000 246
3136000 246
3137000 246
3138000 246
3139000 246
3140000 246
3141000 246
3142000 246
3143000 246
3144000 246
3145000 246
3146000 246
3147000 246
3148000 246
3149000 246
3150000 247
3151000 247
3152000 247
3153000 247
3154000 247
3155000 247
3156000 247
3157000 247
3158000 247
3159000 248
3160000 248
3161000 248
3162000 248
3163000 248
3164000 248
3165000 248
3166000 248
3167000 248
3168000 249
3169000 249
3170000 249
3171000 249
3172000 249
3173000 249
3174000 249
3175000 249
3176000 249
3177000 249
3178000 249
3179000 249
3180000 250
3181000 250
3182000 250
3183000 250
3184000 250
3185000 250
3186000 250
3187000 250
3188000 250
3189000 250
3190000 250
3191000 250
3192000 251
3193000 251
3194000 251
3195000 251
3196000 251
3197000 251
3198000 251
3199000 251
3200000 251
3201000 251
3202000 252
3203000 252
3204000 252
3205000 252
3206000 252
3207000 252
3208000 252
3209000 252
3210000 252
3211000 252
3212000 252
3213000 252
3214000 252
3215000 253
3216000 253
3217000 253
3218000 253
3219000 253
3220000 253
3221000 253
3222000 253
3223000 253
3224000 253
3225000 253
3226000 253
3227000 254
3228000 254
3229000 254
3230000 254
3231000 254
3232000 254
3233000 254
3234000 254
3235000 254
3236000 254
3237000 254
3238000 254
3239000 254
3240000 254
3241000 254
3242000 254
3243000 254
3244000 254
3245000 254
3246000 254
3247000 255
3248000 255
3249000 255
3250000 255
3251000 255
3252000 255
3253000 255
3254000 255
3255000 255
3256000 255
3257000 255
3258000 255
3259000 255
3260000 256
3261000 256
3262000 256
3263000 256
3264000 256
3265000 256
3266000 256
3267000 256
3268000 256
3269000 256
3270000 256
3271000 257
3272000 257
3273000 257
3274000 257
3275000 257
3276000 257
3277000 257
3278000 257
3279000 258
3280000 258
3281000 258
3282000 258
3283000 258
3284000 258
3285000 258
3286000 258
3287000 258
3288000 258
3289000 258
3290000 258
3291000 258
3292000 259
3293000 259
3294000 259
3295000 259
3296000 259
3297000 259
3298000 259
3299000 259
3300000 259
3301000 259
3302000 259
3303000 259
3304000 259
3305000 259
3306000 260
3307000 260
3308000 260
3309000 260
3310000 260
3311000 260
3312000 260
3313000 260
3314000 260
3315000 260
3316000 260
3317000 261
3318000 261
3319000 261
3320000 261
3321000 261
3322000 261
3323000 261
3324000 261
3325000 261
3326000 261
3327000 261
3328000 261
3329000 261
3330000 261
3331000 261
3332000 262
3333000 262
3334000 262
3335000 262
3336000 262
3337000 262
3338000 262
3339000 262
3340000 262
3341000 262
3342000 262
3343000 262
3344000 262
3345000 263
3346000 263
3347000 263
3348000 263
3349000 263
3350000 263
3351000 263
3352000 263
3353000 264
3354000 264
3355000 264
3356000 264
3357000 264
3358000 264
3359000 264
3360000 264
3361000 264
3362000 264
3363000 264
3364000 264
3365000 265
3366000 265
3367000 265
3368000 265
3369000 265
3370000 265
3371000 265
3372000 265
3373000 265
3374000 265
3375000 266
3376000 266
3377000 266
3378000 266
3379000 266
3380000 266
3381000 266
3382000 266
3383000 266
3384000 266
3385000 267
3386000 267
3387000 267
3388000 267
3389000 267
3390000 267
3391000 267
3392000 267
3393000 267
3394000 268
3395000 268
3396000 268
3397000 268
3398000 268
3399000 268
3400000 268
3401000 268
3402000 268
3403000 268
3404000 268
3405000 268
3406000 268
3407000 269
3408000 269
3409000 269
3410000 269
3411000 269
3412000 269
3413000 269
3414000 269
3415000 269
3416000 269
3417000 270
3418000 270
3419000 270
3420000 270
3421000 270
3422000 270
3423000 270
3424000 270
3425000 270
3426000 270
3427000 271
3428000 271
3429000 271
3430000 271
3431000 271
3432000 271
3433000 271
3434000 271
3435000 271
3436000 271
3437000 271
3438000 271
3439000 271
3440000 271
3441000 271
3442000 272
3443000 272
3444000 272
3445000 272
3446000 272
3447000 272
3448000 272
3449000 272
3450000 272
3451000 273
3452000 273
3453000 273
3454000 273
3455000 273
3456000 273
3457000 273
3458000 273
3459000 273
3460000 273
3461000 273
3462000 273
3463000 273
3464000 273
3465000 274
3466000 274
3467000 274
3468000 274
3469000 274
3470000 274
3471000 274
3472000 274
3473000 274
3474000 274
3475000 275
3476000 275
3477000 275
3478000 275
3479000 275
3480000 275
3481000 275
3482000 275
3483000 275
3484000 276
3485000 276
3486000 276
3487000 276
3488000 276
3489000 276
3490000 276
3491000 276
3492000 276
3493000 276
3494000 276
3495000 277
3496000 277
3497000 277
3498000 277
3499000 277
3500000 277
3501000 277
3502000 277
3503000 277
3504000 277
3505000 278
3506000 278
3507000 278
3508000 278
3509000 278
3510000 278
3511000 278
3512000 278
3513000 278
3514000 278
3515000 279
3516000 279
3517000 279
3518000 279
3519000 279
3520000 279
3521000 279
3522000 279
3523000 279
3524000 279
3525000 280
3526000 280
3527000 280
3528000 280
3529000 280
3530000 280
3531000 280
3532000 280
3533000 280
3534000 280
3535000 280
3536000 280
3537000 280
3538000 280
3539000 280
3540000 281
3541000 281
3542000 281
3543000 281
3544000 281
3545000 281
3546000 281
3547000 281
3548000 281
3549000 282
3550000 282
3551000 282
3552000 282
3553000 282
3554000 282
3555000 282
3556000 282
3557000 282
3558000 282
3559000 282
3560000 282
3561000 283
3562000 283
3563000 283
3564000 283
3565000 283
3566000 283
3567000 283
3568000 283
3569000 283
3570000 283
3571000 284
3572000 284
3573000 284
3574000 284
3575000 284
3576000 284
3577000 284
3578000 284
3579000 284
3580000 284
3581000 285
3582000 285
3583000 285
3584000 285
3585000 285
3586000 285
3587000 285
3588000 285
3589000 285
3590000 286
3591000 286
3592000 286
3593000 286
3594000 286
3595000 286
3596000 286
3597000 286
3598000 286
3599000 286
3600000 286
3601000 287
3602000 287
3603000 287
3604000 287
3605000 287
3606000 287
3607000 287
3608000 287
3609000 287
3610000 288
3611000 288
3612000 288
3613000 288
3614000 288
3615000 288
3616000 288
3617000 289
3618000 289
3619000 289
3620000 289
3621000 289
3622000 289
3623000 289
3624000 290
3625000 290
3626000 290
3627000 290
3628000 290
3629000 290
3630000 290
3631000 290
3632000 291
3633000 291
3634000 291
3635000 291
3636000 291
3637000 291
3638000 291
3639000 291
3640000 292
3641000 292
3642000 292
3643000 292
3644000 292
3645000 292
3646000 292
3647000 293
3648000 293
3649000 293
3650000 293
3651000 293
3652000 293
3653000 293
3654000 293
3655000 294
3656000 294
3657000 294
3658000 294
3659000 294
3660000 294
3661000 294
3662000 294
3663000 295
3664000 295
3665000 295
3666000 295
3667000 295
3668000 295
3669000 295
3670000 295
3671000 296
3672000 296
3673000 296
3674000 296
3675000 296
3676000 296
3677000 296
3678000 296
3679000 296
3680000 296
3681000 296
3682000 296
3683000 296
3684000 296
3685000 296
3686000 296
3687000 297
3688000 297
3689000 297
3690000 297
3691000 297
3692000 297
3693000 297
3694000 297
3695000 298
3696000 298
3697000 298
3698000 298
3699000 298
3700000 298
3701000 298
3702000 298
3703000 299
3704000 299
3705000 299
3706000 299
3707000 299
3708000 299
3709000 299
3710000 299
3711000 299
3712000 299
3713000 300
3714000 300
3715000 300
3716000 300
3717000 300
3718000 300
3719000 300
3720000 301
3721000 301
3722000 301
3723000 301
3724000 301
3725000 301
3726000 301
3727000 301
3728000 301
3729000 302
3730000 302
3731000 302
3732000 302
3733000 302
3734000 302
3735000 302
3736000 303
3737000 303
3738000 303
3739000 303
3740000 303
3741000 303
3742000 303
3743000 303
3744000 304
3745000 304
3746000 304
3747000 304
3748000 304
3749000 304
3750000 304
3751000 305
3752000 305
3753000 305
3754000 305
3755000 305
3756000 305
3757000 305
3758000 306
3759000 306
3760000 306
3761000 306
3762000 306
3763000 306
3764000 306
3765000 306
3766000 306
3767000 307
3768000 307
3769000 307
3770000 307
3771000 307
3772000 307
3773000 307
3774000 307
3775000 308
3776000 308
3777000 308
3778000 308
3779000 308
3780000 308
3781000 308
3782000 309
3783000 309
3784000 309
3785000 309
3786000 309
3787000 309
3788000 309
3789000 310
3790000 310
3791000 310
3792000 310
3793000 310
3794000 310
3795000 310
3796000 310
3797000 311
3798000 311
3799000 311
3800000 311
3801000 311
3802000 311
3803000 311
3804000 311
3805000 311
3806000 311
3807000 311
3808000 311
3809000 312
3810000 312
3811000 312
3812000 312
3813000 312
3814000 312
3815000 312
3816000 313
3817000 313
3818000 313
3819000 313
3820000 313
3821000 313
3822000 313
3823000 313
3824000 313
3825000 314
3826000 314
3827000 314
3828000 314
3829000 314
3830000 314
3831000 314
3832000 314
3833000 315
3834000 315
3835000 315
3836000 315
3837000 315
3838000 315
3839000 315
3840000 316
3841000 316
3842000 316
3843000 316
3844000 316
3845000 316
3846000 316
3847000 317
3848000 317
3849000 317
3850000 317
3851000 317
3852000 317
3853000 317
3854000 318
3855000 318
3856000 318
3857000 318
3858000 318
3859000 318
3860000 318
3861000 319
3862000 319
3863000 319
3864000 319
3865000 319
3866000 319
3867000 319
3868000 320
3869000 320
3870000 320
3871000 320
3872000 320
3873000 320
3874000 321
3875000 321
3876000 321
3877000 321
3878000 321
3879000 321
3880000 321
3881000 321
3882000 322
3883000 322
3884000 322
3885000 322
3886000 322
3887000 322
3888000 322
3889000 322
3890000 322
3891000 323
3892000 323
3893000 323
3894000 323
3895000 323
3896000 323
3897000 323
3898000 323
3899000 323
3900000 323
3901000 324
3902000 324
3903000 324
3904000 324
3905000 324
3906000 324
3907000 324
3908000 324
3909000 325
3910000 325
3911000 325
3912000 325
3913000 325
3914000 325
3915000 325
3916000 326
3917000 326
3918000 326
3919000 326
3920000 326
3921000 326
3922000 326
3923000 326
3924000 327
3925000 327
3926000 327
3927000 327
3928000 327
3929000 327
3930000 327
3931000 327
3932000 327
3933000 328
3934000 328
3935000 328
3936000 328
3937000 328
3938000 328
3939000 328
3940000 328
3941000 329
3942000 329
3943000 329
3944000 329
3945000 329
3946000 329
3947000 329
3948000 329
3949000 330
3950000 330
3951000 330
3952000 330
3953000 330
3954000 330
3955000 330
3956000 330
3957000 331
3958000 331
3959000 331
3960000 331
3961000 331
3962000 331
3963000 331
3964000 331
3965000 332
3966000 332
3967000 332
3968000 332
3969000 332
3970000 332
3971000 332
3972000 332
3973000 333
3974000 333
3975000 333
3976000 333
3977000 333
3978000 333
3979000 333
3980000 333
3981000 334
3982000 334
3983000 334
3984000 334
3985000 334
3986000 334
3987000 334
3988000 334
3989000 335
3990000 335
3991000 335
3992000 335
3993000 335
3994000 335
3995000 335
3996000 336
3997000 336
3998000 336
3999000 336
4000000 336
4001000 336
4002000 336
4003000 336
4004000 337
4005000 337
4006000 337
4007000 337
4008000 337
4009000 337
4010000 337
4011000 337
4012000 337
4013000 338
4014000 338
4015000 338
4016000 338
4017000 338
4018000 338
4019000 338
4020000 339
4021000 339
4022000 339
4023000 339
4024000 339
4025000 339
4026000 339
4027000 340
4028000 340
4029000 340
4030000 340
4031000 340
4032000 340
4033000 340
4034000 341
4035000 341
4036000 341
4037000 341
4038000 341
4039000 341
4040000 342
4041000 342
4042000 342
4043000 342
4044000 342
4045000 342
4046000 342
4047000 342
4048000 342
4049000 342
4050000 343
4051000 343
4052000 343
4053000 343
4054000 343
4055000 343
4056000 343
4057000 343
4058000 343
4059000 344
4060000 344
4061000 344
4062000 344
4063000 344
4064000 344
4065000 344
4066000 344
4067000 344
4068000 344
4069000 344
4070000 345
4071000 345
4072000 345
4073000 345
4074000 345
4075000 345
4076000 345
4077000 345
4078000 345
4079000 345
4080000 345
4081000 345
4082000 345
4083000 345
4084000 345
4085000 345
4086000 345
4087000 345
4088000 345
4089000 345
4090000 345
4091000 345
4092000 346
4093000 346
4094000 346
4095000 346
4096000 346
4097000 346
4098000 346
4099000 346
4100000 346
4101000 346
4102000 346
4103000 346
4104000 346
4105000 346
4106000 346
4107000 346
4108000 346
4109000 346
4110000 346
4111000 346
4112000 346
4113000 347
4114000 347
4115000 347
4116000 347
4117000 347
4118000 347
4119000 347
4120000 347
4121000 347
4122000 347
4123000 347
4124000 347
4125000 347
4126000 347
4127000 347
4128000 347
4129000 347
4130000 348
4131000 348
4132000 348
4133000 348
4134000 348
4135000 348
4136000 348
4137000 348
4138000 348
4139000 348
4140000 348
4141000 348
4142000 348
4143000 348
4144000 348
4145000 348
4146000 348
4147000 348
4148000 348
4149000 348
4150000 348
4151000 348
4152000 348
4153000 348
4154000 348
4155000 348
4156000 348
4157000 348
4158000 348
4159000 348
4160000 348
4161000 348
4162000 348
4163000 348
4164000 348
4165000 349
4166000 349
4167000 349
4168000 349
4169000 349
4170000 349
4171000 349
4172000 349
4173000 349
4174000 349
4175000 349
4176000 349
4177000 349
4178000 349
4179000 349
4180000 349
4181000 349
4182000 349
4183000 349
4184000 349
4185000 349
4186000 349
4187000 349
4188000 349
4189000 349
4190000 349
4191000 349
4192000 349
4193000 350
4194000 350
4195000 350
4196000 350
4197000 350
4198000 350
4199000 350
4200000 350
4201000 350
4202000 350
4203000 350
4204000 350
4205000 350
4206000 350
4207000 351
4208000 351
4209000 351
4210000 351
4211000 351
4212000 351
4213000 351
4214000 351
4215000 351
4216000 351
4217000 351
4218000 351
4219000 351
4220000 351
4221000 351
4222000 351
4223000 351
4224000 351
4225000 352
4226000 352
4227000 352
4228000 352
4229000 352
4230000 352
4231000 352
4232000 352
4233000 352
4234000 352
4235000 352
4236000 352
4237000 352
4238000 352
4239000 352
4240000 353
4241000 353
4242000 353
4243000 353
4244000 353
4245000 353
4246000 353
4247000 353
4248000 353
4249000 353
4250000 353
4251000 353
4252000 353
4253000 353
4254000 353
4255000 353
4256000 353
4257000 353
4258000 353
4259000 353
4260000 353
4261000 353
4262000 353
4263000 353
4264000 353
4265000 353
4266000 353
4267000 354
4268000 354
4269000 354
4270000 354
4271000 354
4272000 354
4273000 354
4274000 354
4275000 354
4276000 354
4277000 354
4278000 354
4279000 354
4280000 354
4281000 354
4282000 354
4283000 354
4284000 354
4285000 354
4286000 354
4287000 354
4288000 354
4289000 354
4290000 355
4291000 355
4292000 355
4293000 355
4294000 355
4295000 355
4296000 355
4297000 355
4298000 355
4299000 355
4300000 355
4301000 355
4302000 355
4303000 356
4304000 356
4305000 356
4306000 356
4307000 356
4308000 356
4309000 356
4310000 356
4311000 356
4312000 356
4313000 356
4314000 356
4315000 356
4316000 356
4317000 356
4318000 356
4319000 356
4320000 356
4321000 357
4322000 357
4323000 357
4324000 357
4325000 357
4326000 357
4327000 357
4328000 357
4329000 357
4330000 357
4331000 357
4332000 357
4333000 358
4334000 358
4335000 358
4336000 358
4337000 358
4338000 358
4339000 358
4340000 358
4341000 358
4342000 358
4343000 358
4344000 358
4345000 358
4346000 358
4347000 358
4348000 358
4349000 358
4350000 358
4351000 358
4352000 358
4353000 358
4354000 358
4355000 358
4356000 359
4357000 359
4358000 359
4359000 359
4360000 359
4361000 359
4362000 359
4363000 359
4364000 359
4365000 359
4366000 359
4367000 359
4368000 359
4369000 359
4370000 360
4371000 360
4372000 360
4373000 360
4374000 360
4375000 360
4376000 360
4377000 360
4378000 360
4379000 360
4380000 360
4381000 360
4382000 360
4383000 360
4384000 360
4385000 360
4386000 360
4387000 360
4388000 360
4389000 360
4390000 360
4391000 360
4392000 360
4393000 360
4394000 360
4395000 360
4396000 360
4397000 360
4398000 360
4399000 360
4400000 360
4401000 360
4402000 360
4403000 360
4404000 360
4405000 360
4406000 360
4407000 360
4408000 360
4409000 360
4410000 360
4411000 360
4412000 360
4413000 360
4414000 360
4415000 360
4416000 360
4417000 361
4418000 361
4419000 361
4420000 361
4421000 361
4422000 361
4423000 361
4424000 361
4425000 362
4426000 362
4427000 362
4428000 362
4429000 362
4430000 362
4431000 362
4432000 362
4433000 362
4434000 362
4435000 362
4436000 362
4437000 362
4438000 362
4439000 362
4440000 362
4441000 362
4442000 362
4443000 362
4444000 363
4445000 363
4446000 363
4447000 363
4448000 363
4449000 363
4450000 363
4451000 363
4452000 363
4453000 363
4454000 363
4455000 364
4456000 364
4457000 364
4458000 364
4459000 364
4460000 364
4461000 364
4462000 364
4463000 364
4464000 364
4465000 364
4466000 364
4467000 364
4468000 364
4469000 364
4470000 364
4471000 364
4472000 364
4473000 364
4474000 364
4475000 364
4476000 364
4477000 364
4478000 364
4479000 364
4480000 364
4481000 364
4482000 364
4483000 364
4484000 364
4485000 364
4486000 364
4487000 364
4488000 364
4489000 364
4490000 364
4491000 365
4492000 365
4493000 365
4494000 365
4495000 365
4496000 365
4497000 365
4498000 365
4499000 365
4500000 365
4501000 365
4502000 365
4503000 365
4504000 365
4505000 365
4506000 366
4507000 366
4508000 366
4509000 366
4510000 366
4511000 366
4512000 366
4513000 366
4514000 366
4515000 366
4516000 366
4517000 366
4518000 366
4519000 366
4520000 366
4521000 366
4522000 366
4523000 366
4524000 366
4525000 366
4526000 366
4527000 366
4528000 366
4529000 366
4530000 366
4531000 366
4532000 367
4533000 367
4534000 367
4535000 367
4536000 367
4537000 367
4538000 367
4539000 367
4540000 367
4541000 367
4542000 367
4543000 367
4544000 367
4545000 367
4546000 367
4547000 367
4548000 367
4549000 367
4550000 367
4551000 368
4552000 368
4553000 368
4554000 368
4555000 368
4556000 368
4557000 368
4558000 368
4559000 368
4560000 368
4561000 369
4562000 369
4563000 369
4564000 369
4565000 369
4566000 369
4567000 369
4568000 369
4569000 369
4570000 369
4571000 369
4572000 369
4573000 369
4574000 369
4575000 369
4576000 369
4577000 369
4578000 369
4579000 369
4580000 369
4581000 369
4582000 369
4583000 369
4584000 369
4585000 369
4586000 369
4587000 369
4588000 369
4589000 369
4590000 369
4591000 370
4592000 370
4593000 370
4594000 370
4595000 370
4596000 370
4597000 370
4598000 370
4599000 370
4600000 370
4601000 370
4602000 370
4603000 370
4604000 370
4605000 370
4606000 370
4607000 370
4608000 370
4609000 370
4610000 370
4611000 370
4612000 370
4613000 370
4614000 371
4615000 371
4616000 371
4617000 371
4618000 371
4619000 371
4620000 371
4621000 371
4622000 371
4623000 371
4624000 371
4625000 371
4626000 371
4627000 371
4628000 371
4629000 371
4630000 371
4631000 371
4632000 371
4633000 371
4634000 371
4635000 371
4636000 371
4637000 372
4638000 372
4639000 372
4640000 372
4641000 372
4642000 372
4643000 372
4644000 372
4645000 372
4646000 372
4647000 372
4648000 372
4649000 372
4650000 372
4651000 372
4652000 372
4653000 372
4654000 372
4655000 372
4656000 372
4657000 372
4658000 372
4659000 372
4660000 372
4661000 372
4662000 372
4663000 372
4664000 373
4665000 373
4666000 373
4667000 373
4668000 373
4669000 373
4670000 373
4671000 373
4672000 373
4673000 373
4674000 373
4675000 373
4676000 373
4677000 373
4678000 373
4679000 373
4680000 373
4681000 373
4682000 373
4683000 373
4684000 373
4685000 373
4686000 373
4687000 373
4688000 373
4689000 373
4690000 374
4691000 374
4692000 374
4693000 374
4694000 374
4695000 374
4696000 374
4697000 374
4698000 374
4699000 374
4700000 374
4701000 374
4702000 374
4703000 374
4704000 374
4705000 374
4706000 374
4707000 374
4708000 374
4709000 374
4710000 374
4711000 374
4712000 374
4713000 375
4714000 375
4715000 375
4716000 375
4717000 375
4718000 375
4719000 375
4720000 375
4721000 375
4722000 375
4723000 375
4724000 375
4725000 375
4726000 375
4727000 375
4728000 375
4729000 375
4730000 375
4731000 375
4732000 375
4733000 375
4734000 375
4735000 375
4736000 375
4737000 375
4738000 375
4739000 375
4740000 375
4741000 375
4742000 375
4743000 375
4744000 375
4745000 375
4746000 376
4747000 376
4748000 376
4749000 376
4750000 376
4751000 376
4752000 376
4753000 376
4754000 376
4755000 376
4756000 376
4757000 376
4758000 376
4759000 376
4760000 376
4761000 376
4762000 376
4763000 376
4764000 376
4765000 376
4766000 376
4767000 376
4768000 376
4769000 376
4770000 377
4771000 377
4772000 377
4773000 377
4774000 377
4775000 377
4776000 377
4777000 377
4778000 377
4779000 377
4780000 377
4781000 377
4782000 378
4783000 378
4784000 378
4785000 378
4786000 378
4787000 378
4788000 378
4789000 378
4790000 378
4791000 378
4792000 378
4793000 378
4794000 378
4795000 378
4796000 378
4797000 378
4798000 378
4799000 378
4800000 378
4801000 378
4802000 378
4803000 379
4804000 379
4805000 379
4806000 379
4807000 379
4808000 379
4809000 379
4810000 379
4811000 379
4812000 379
4813000 379
4814000 379
4815000 379
4816000 379
4817000 379
4818000 379
4819000 379
4820000 379
4821000 379
4822000 379
4823000 379
4824000 379
4825000 379
4826000 379
4827000 379
4828000 379
4829000 380
4830000 380
4831000 380
4832000 380
4833000 380
4834000 380
4835000 380
4836000 380
4837000 380
4838000 380
4839000 380
4840000 380
4841000 380
4842000 380
4843000 380
4844000 380
4845000 380
4846000 380
4847000 380
4848000 380
4849000 380
4850000 380
4851000 380
4852000 380
4853000 380
4854000 380
4855000 380
4856000 381
4857000 381
4858000 381
4859000 381
4860000 381
4861000 381
4862000 381
4863000 381
4864000 381
4865000 381
4866000 381
4867000 381
4868000 381
4869000 381
4870000 381
4871000 381
4872000 381
4873000 381
4874000 381
4875000 381
4876000 382
4877000 382
4878000 382
4879000 382
4880000 382
4881000 382
4882000 382
4883000 382
4884000 382
4885000 382
4886000 382
4887000 382
4888000 382
4889000 382
4890000 382
4891000 382
4892000 382
4893000 382
4894000 382
4895000 383
4896000 383
4897000 383
4898000 383
4899000 383
4900000 383
4901000 383
4902000 383
4903000 383
4904000 383
4905000 383
4906000 383
4907000 383
4908000 383
4909000 383
4910000 383
4911000 383
4912000 383
4913000 383
4914000 383
4915000 383
4916000 383
4917000 383
4918000 383
4919000 383
4920000 383
4921000 383
4922000 383
4923000 383
4924000 383
4925000 383
4926000 383
4927000 383
4928000 383
4929000 383
4930000 383
4931000 384
4932000 384
4933000 384
4934000 384
4935000 384
4936000 384
4937000 384
4938000 384
4939000 384
4940000 384
4941000 384
4942000 384
4943000 384
4944000 385
4945000 385
4946000 385
4947000 385
4948000 385
4949000 385
4950000 385
4951000 385
4952000 385
4953000 385
4954000 385
4955000 385
4956000 385
4957000 385
4958000 385
4959000 385
4960000 385
4961000 385
4962000 385
4963000 385
4964000 386
4965000 386
4966000 386
4967000 386
4968000 386
4969000 386
4970000 386
4971000 386
4972000 386
4973000 386
4974000 386
4975000 386
4976000 386
4977000 386
4978000 386
4979000 387
4980000 387
4981000 387
4982000 387
4983000 387
4984000 387
4985000 387
4986000 387
4987000 387
4988000 387
4989000 387
4990000 387
4991000 387
4992000 387
4993000 387
4994000 387
4995000 387
4996000 387
4997000 387
4998000 387
4999000 387
5000000 387
