0 0
1000 0
2000 0
3000 0
4000 0
5000 0
6000 0
7000 0
8000 0
9000 0
10000 0
11000 0
12000 0
13000 0
14000 0
15000 0
16000 0
17000 0
18000 0
19000 0
20000 0
21000 0
22000 0
23000 0
24000 0
25000 0
26000 0
27000 0
28000 0
29000 0
30000 0
31000 0
32000 0
33000 0
34000 0
35000 0
36000 0
37000 0
38000 0
39000 0
40000 0
41000 0
42000 0
43000 0
44000 0
45000 0
46000 0
47000 0
48000 0
49000 0
50000 0
51000 0
52000 0
53000 0
54000 0
55000 0
56000 0
57000 0
58000 0
59000 0
60000 0
61000 0
62000 0
63000 0
64000 0
65000 0
66000 0
67000 0
68000 0
69000 0
70000 0
71000 0
72000 0
73000 0
74000 0
75000 0
76000 0
77000 0
78000 0
79000 0
80000 0
81000 0
82000 0
83000 0
84000 0
85000 0
86000 0
87000 0
88000 0
89000 0
90000 0
91000 0
92000 0
93000 0
94000 0
95000 0
96000 0
97000 0
98000 0
99000 0
100000 0
101000 0
102000 0
103000 0
104000 0
105000 0
106000 0
107000 0
108000 0
109000 0
110000 0
111000 0
112000 0
113000 0
114000 0
115000 0
116000 0
117000 0
118000 0
119000 0
120000 0
121000 0
122000 0
123000 0
124000 0
125000 0
126000 0
127000 0
128000 0
129000 0
130000 0
131000 0
132000 0
133000 0
134000 0
135000 0
136000 0
137000 0
138000 0
139000 0
140000 0
141000 0
142000 0
143000 0
144000 0
145000 0
146000 0
147000 0
148000 0
149000 0
150000 0
151000 0
152000 0
153000 0
154000 0
155000 0
156000 0
157000 0
158000 0
159000 0
160000 0
161000 0
162000 0
163000 0
164000 0
165000 0
166000 0
167000 0
168000 0
169000 0
170000 0
171000 0
172000 0
173000 0
174000 0
175000 0
176000 0
177000 0
178000 0
179000 0
180000 0
181000 0
182000 0
183000 0
184000 0
185000 0
186000 0
187000 0
188000 0
189000 0
190000 0
191000 0
192000 0
193000 0
194000 0
195000 0
196000 0
197000 0
198000 0
199000 0
200000 0
201000 0
202000 0
203000 0
204000 0
205000 0
206000 0
207000 0
208000 0
209000 0
210000 0
211000 0
212000 0
213000 0
214000 0
215000 1
216000 1
217000 1
218000 1
219000 1
220000 1
221000 1
222000 1
223000 1
224000 1
225000 1
226000 1
227000 1
228000 1
229000 1
230000 1
231000 1
232000 1
233000 1
234000 1
235000 1
236000 1
237000 1
238000 1
239000 1
240000 1
241000 1
242000 1
243000 1
244000 1
245000 1
246000 1
247000 1
248000 1
249000 1
250000 1
251000 1
252000 1
253000 1
254000 1
255000 1
256000 1
257000 1
258000 1
259000 1
260000 1
261000 1
262000 1
263000 1
264000 1
265000 1
266000 1
267000 1
268000 1
269000 1
270000 1
271000 1
272000 1
273000 1
274000 1
275000 1
276000 1
277000 1
278000 1
279000 1
280000 1
281000 1
282000 1
283000 1
284000 1
285000 1
286000 1
287000 1
288000 1
289000 1
290000 1
291000 1
292000 1
293000 1
294000 1
295000 1
296000 1
297000 1
298000 1
299000 1
300000 1
301000 1
302000 1
303000 1
304000 1
305000 1
306000 1
307000 1
308000 1
309000 1
310000 1
311000 1
312000 1
313000 1
314000 1
315000 1
316000 1
317000 1
318000 1
319000 1
320000 1
321000 1
322000 1
323000 1
324000 1
325000 1
326000 1
327000 1
328000 1
329000 1
330000 1
331000 1
332000 1
333000 1
334000 1
335000 1
336000 1
337000 1
338000 1
339000 1
340000 1
341000 1
342000 1
343000 1
344000 1
345000 1
346000 1
347000 1
348000 1
349000 1
350000 1
351000 1
352000 1
353000 1
354000 1
355000 1
356000 1
357000 1
358000 1
359000 1
360000 1
361000 1
362000 1
363000 1
364000 1
365000 1
366000 1
367000 1
368000 1
369000 1
370000 1
371000 1
372000 1
373000 1
374000 1
375000 1
376000 1
377000 1
378000 2
379000 2
380000 2
381000 2
382000 2
383000 2
384000 2
385000 2
386000 2
387000 2
388000 2
389000 2
390000 2
391000 2
392000 2
393000 2
394000 2
395000 2
396000 2
397000 2
398000 2
399000 2
400000 2
401000 2
402000 2
403000 2
404000 2
405000 2
406000 2
407000 2
408000 2
409000 2
410000 2
411000 2
412000 2
413000 2
414000 2
415000 3
416000 3
417000 3
418000 3
419000 3
420000 3
421000 3
422000 3
423000 3
424000 3
425000 3
426000 3
427000 3
428000 3
429000 3
430000 3
431000 3
432000 3
433000 3
434000 3
435000 3
436000 3
437000 3
438000 3
439000 3
440000 3
441000 3
442000 3
443000 3
444000 3
445000 3
446000 3
447000 3
448000 3
449000 3
450000 3
451000 3
452000 3
453000 3
454000 3
455000 3
456000 3
457000 3
458000 3
459000 3
460000 3
461000 3
462000 3
463000 3
464000 3
465000 3
466000 3
467000 3
468000 3
469000 3
470000 3
471000 3
472000 3
473000 3
474000 3
475000 3
476000 3
477000 3
478000 3
479000 3
480000 3
481000 3
482000 3
483000 3
484000 3
485000 3
486000 4
487000 4
488000 4
489000 4
490000 4
491000 4
492000 4
493000 4
494000 4
495000 4
496000 4
497000 4
498000 4
499000 4
500000 4
501000 4
502000 4
503000 4
504000 4
505000 4
506000 4
507000 4
508000 4
509000 4
510000 4
511000 4
512000 4
513000 4
514000 4
515000 4
516000 4
517000 4
518000 4
519000 4
520000 4
521000 4
522000 4
523000 4
524000 4
525000 4
526000 4
527000 4
528000 4
529000 4
530000 4
531000 4
532000 4
533000 4
534000 4
535000 4
536000 4
537000 4
538000 4
539000 4
540000 4
541000 4
542000 4
543000 4
544000 4
545000 4
546000 4
547000 4
548000 4
549000 4
550000 4
551000 4
552000 4
553000 4
554000 4
555000 4
556000 4
557000 4
558000 4
559000 4
560000 4
561000 4
562000 4
563000 4
564000 4
565000 4
566000 4
567000 4
568000 4
569000 4
570000 4
571000 4
572000 4
573000 4
574000 4
575000 4
576000 4
577000 4
578000 4
579000 4
580000 4
581000 4
582000 4
583000 4
584000 4
585000 4
586000 4
587000 4
588000 4
589000 4
590000 4
591000 4
592000 4
593000 4
594000 4
595000 4
596000 4
597000 4
598000 4
599000 4
600000 4
601000 4
602000 4
603000 4
604000 4
605000 4
606000 4
607000 4
608000 4
609000 4
610000 4
611000 4
612000 4
613000 4
614000 4
615000 4
616000 4
617000 4
618000 4
619000 4
620000 4
621000 4
622000 4
623000 4
624000 4
625000 4
626000 4
627000 4
628000 4
629000 4
630000 4
631000 4
632000 4
633000 5
634000 5
635000 5
636000 5
637000 5
638000 5
639000 5
640000 5
641000 5
642000 5
643000 5
644000 5
645000 5
646000 5
647000 5
648000 5
649000 5
650000 5
651000 5
652000 6
653000 6
654000 6
655000 6
656000 6
657000 6
658000 6
659000 6
660000 6
661000 6
662000 6
663000 6
664000 6
665000 6
666000 6
667000 6
668000 6
669000 6
670000 6
671000 6
672000 6
673000 6
674000 6
675000 6
676000 6
677000 6
678000 6
679000 6
680000 6
681000 6
682000 6
683000 6
684000 6
685000 6
686000 6
687000 6
688000 6
689000 6
690000 6
691000 6
692000 6
693000 6
694000 6
695000 6
696000 6
697000 6
698000 6
699000 6
700000 6
701000 6
702000 6
703000 6
704000 6
705000 6
706000 6
707000 6
708000 6
709000 6
710000 6
711000 6
712000 6
713000 6
714000 6
715000 6
716000 6
717000 6
718000 6
719000 6
720000 6
721000 6
722000 6
723000 6
724000 6
725000 6
726000 6
727000 6
728000 6
729000 6
730000 6
731000 6
732000 6
733000 6
734000 6
735000 6
736000 6
737000 6
738000 6
739000 6
740000 6
741000 6
742000 6
743000 6
744000 6
745000 6
746000 6
747000 6
748000 6
749000 6
750000 6
751000 6
752000 6
753000 6
754000 6
755000 6
756000 6
757000 6
758000 6
759000 6
760000 6
761000 6
762000 6
763000 6
764000 6
765000 6
766000 6
767000 6
768000 6
769000 6
770000 6
771000 6
772000 6
773000 6
774000 6
775000 6
776000 6
777000 6
778000 6
779000 6
780000 6
781000 6
782000 6
783000 6
784000 6
785000 6
786000 6
787000 6
788000 6
789000 6
790000 6
791000 6
792000 6
793000 6
794000 6
795000 6
796000 6
797000 6
798000 6
799000 6
800000 6
801000 6
802000 6
803000 6
804000 6
805000 6
806000 6
807000 6
808000 6
809000 6
810000 6
811000 6
812000 6
813000 6
814000 6
815000 7
816000 7
817000 7
818000 7
819000 7
820000 7
821000 7
822000 7
823000 7
824000 7
825000 7
826000 7
827000 7
828000 7
829000 7
830000 7
831000 7
832000 7
833000 7
834000 7
835000 8
836000 8
837000 8
838000 8
839000 8
840000 8
841000 8
842000 8
843000 8
844000 8
845000 8
846000 8
847000 8
848000 8
849000 8
850000 8
851000 8
852000 8
853000 8
854000 8
855000 8
856000 8
857000 8
858000 8
859000 8
860000 8
861000 8
862000 8
863000 8
864000 8
865000 8
866000 8
867000 8
868000 8
869000 8
870000 8
871000 8
872000 8
873000 8
874000 8
875000 8
876000 8
877000 8
878000 8
879000 8
880000 8
881000 8
882000 8
883000 8
884000 8
885000 8
886000 8
887000 8
888000 8
889000 8
890000 8
891000 8
892000 8
893000 8
894000 8
895000 8
896000 8
897000 8
898000 8
899000 8
900000 8
901000 8
902000 8
903000 8
904000 9
905000 9
906000 9
907000 9
908000 9
909000 9
910000 9
911000 9
912000 9
913000 9
914000 9
915000 9
916000 9
917000 9
918000 9
919000 9
920000 9
921000 9
922000 9
923000 9
924000 9
925000 9
926000 9
927000 9
928000 9
929000 9
930000 9
931000 9
932000 9
933000 9
934000 9
935000 9
936000 9
937000 9
938000 9
939000 9
940000 9
941000 9
942000 9
943000 9
944000 9
945000 9
946000 9
947000 9
948000 9
949000 9
950000 9
951000 9
952000 9
953000 9
954000 9
955000 9
956000 9
957000 9
958000 9
959000 9
960000 9
961000 9
962000 9
963000 9
964000 9
965000 9
966000 9
967000 9
968000 9
969000 10
970000 10
971000 10
972000 10
973000 10
974000 10
975000 10
976000 10
977000 10
978000 10
979000 10
980000 10
981000 10
982000 10
983000 10
984000 11
985000 11
986000 11
987000 11
988000 11
989000 11
990000 11
991000 11
992000 11
993000 11
994000 11
995000 11
996000 11
997000 11
998000 11
999000 11
1000000 11
1001000 11
1002000 11
1003000 11
1004000 11
1005000 11
1006000 11
1007000 11
1008000 11
1009000 11
1010000 11
1011000 11
1012000 11
1013000 11
1014000 11
1015000 11
1016000 11
1017000 11
1018000 11
1019000 11
1020000 11
1021000 11
1022000 11
1023000 11
1024000 11
1025000 11
1026000 11
1027000 11
1028000 11
1029000 11
1030000 11
1031000 11
1032000 11
1033000 11
1034000 11
1035000 11
1036000 11
1037000 11
1038000 11
1039000 11
1040000 11
1041000 11
1042000 11
1043000 11
1044000 11
1045000 11
1046000 11
1047000 11
1048000 11
1049000 11
1050000 11
1051000 11
1052000 11
1053000 11
1054000 11
1055000 11
1056000 11
1057000 11
1058000 11
1059000 11
1060000 11
1061000 11
1062000 11
1063000 11
1064000 11
1065000 11
1066000 11
1067000 11
1068000 11
1069000 11
1070000 11
1071000 11
1072000 11
1073000 11
1074000 11
1075000 11
1076000 11
1077000 11
1078000 11
1079000 11
1080000 11
1081000 11
1082000 11
1083000 11
1084000 11
1085000 11
1086000 11
1087000 11
1088000 11
1089000 11
1090000 11
1091000 11
1092000 11
1093000 11
1094000 11
1095000 11
1096000 11
1097000 11
1098000 11
1099000 11
1100000 11
1101000 11
1102000 11
1103000 11
1104000 11
1105000 11
1106000 11
1107000 11
1108000 11
1109000 11
1110000 11
1111000 11
1112000 11
1113000 11
1114000 11
1115000 11
1116000 11
1117000 11
1118000 11
1119000 11
1120000 11
1121000 11
1122000 11
1123000 11
1124000 11
1125000 11
1126000 11
1127000 11
1128000 11
1129000 11
1130000 11
1131000 11
1132000 11
1133000 11
1134000 11
1135000 11
1136000 11
1137000 11
1138000 11
1139000 11
1140000 11
1141000 11
1142000 11
1143000 11
1144000 11
1145000 11
1146000 11
1147000 11
1148000 11
1149000 11
1150000 11
1151000 12
1152000 12
1153000 12
1154000 12
1155000 12
1156000 12
1157000 12
1158000 12
1159000 12
1160000 12
1161000 12
1162000 12
1163000 12
1164000 12
1165000 12
1166000 12
1167000 12
1168000 12
1169000 12
1170000 12
1171000 12
1172000 12
1173000 12
1174000 12
1175000 12
1176000 12
1177000 12
1178000 12
1179000 12
1180000 12
1181000 12
1182000 12
1183000 12
1184000 12
1185000 12
1186000 12
1187000 12
1188000 12
1189000 12
1190000 12
1191000 12
1192000 12
1193000 12
1194000 12
1195000 12
1196000 12
1197000 12
1198000 12
1199000 12
1200000 12
1201000 12
1202000 12
1203000 12
1204000 12
1205000 12
1206000 12
1207000 12
1208000 12
1209000 12
1210000 12
1211000 12
1212000 12
1213000 12
1214000 12
1215000 13
1216000 13
1217000 13
1218000 13
1219000 13
1220000 13
1221000 13
1222000 13
1223000 13
1224000 13
1225000 13
1226000 13
1227000 13
1228000 13
1229000 13
1230000 13
1231000 13
1232000 13
1233000 13
1234000 13
1235000 13
1236000 13
1237000 13
1238000 13
1239000 13
1240000 13
1241000 13
1242000 13
1243000 13
1244000 13
1245000 13
1246000 13
1247000 13
1248000 13
1249000 13
1250000 13
1251000 13
1252000 13
1253000 13
1254000 13
1255000 13
1256000 13
1257000 13
1258000 13
1259000 13
1260000 13
1261000 13
1262000 13
1263000 13
1264000 13
1265000 13
1266000 13
1267000 13
1268000 13
1269000 13
1270000 13
1271000 13
1272000 13
1273000 13
1274000 13
1275000 13
1276000 13
1277000 13
1278000 13
1279000 13
1280000 13
1281000 13
1282000 13
1283000 13
1284000 13
1285000 13
1286000 13
1287000 13
1288000 13
1289000 13
1290000 13
1291000 13
1292000 13
1293000 13
1294000 13
1295000 13
1296000 13
1297000 13
1298000 13
1299000 13
1300000 13
1301000 13
1302000 13
1303000 13
1304000 13
1305000 13
1306000 13
1307000 13
1308000 13
1309000 13
1310000 13
1311000 13
1312000 13
1313000 13
1314000 13
1315000 13
1316000 13
1317000 13
1318000 13
1319000 13
1320000 13
1321000 13
1322000 13
1323000 13
1324000 13
1325000 13
1326000 13
1327000 13
1328000 13
1329000 13
1330000 13
1331000 13
1332000 13
1333000 13
1334000 13
1335000 13
1336000 13
1337000 13
1338000 13
1339000 13
1340000 13
1341000 13
1342000 13
1343000 13
1344000 13
1345000 13
1346000 13
1347000 13
1348000 13
1349000 13
1350000 13
1351000 13
1352000 13
1353000 13
1354000 13
1355000 13
1356000 13
1357000 13
1358000 13
1359000 13
1360000 13
1361000 13
1362000 13
1363000 13
1364000 13
1365000 13
1366000 13
1367000 13
1368000 13
1369000 13
1370000 13
1371000 13
1372000 13
1373000 13
1374000 13
1375000 13
1376000 13
1377000 13
1378000 13
1379000 13
1380000 13
1381000 13
1382000 13
1383000 13
1384000 13
1385000 13
1386000 13
1387000 13
1388000 13
1389000 13
1390000 13
1391000 13
1392000 13
1393000 13
1394000 13
1395000 13
1396000 13
1397000 13
1398000 13
1399000 13
1400000 13
1401000 13
1402000 13
1403000 13
1404000 13
1405000 13
1406000 13
1407000 13
1408000 13
1409000 13
1410000 13
1411000 13
1412000 13
1413000 13
1414000 13
1415000 13
1416000 13
1417000 13
1418000 13
1419000 13
1420000 13
1421000 13
1422000 13
1423000 13
1424000 13
1425000 13
1426000 13
1427000 13
1428000 13
1429000 13
1430000 13
1431000 13
1432000 13
1433000 13
1434000 13
1435000 13
1436000 13
1437000 13
1438000 13
1439000 13
1440000 13
1441000 13
1442000 13
1443000 13
1444000 13
1445000 13
1446000 13
1447000 13
1448000 13
1449000 13
1450000 13
1451000 13
1452000 13
1453000 13
1454000 13
1455000 13
1456000 13
1457000 13
1458000 13
1459000 13
1460000 13
1461000 13
1462000 13
1463000 13
1464000 13
1465000 13
1466000 13
1467000 13
1468000 13
1469000 13
1470000 13
1471000 13
1472000 13
1473000 13
1474000 13
1475000 13
1476000 13
1477000 13
1478000 13
1479000 13
1480000 13
1481000 13
1482000 13
1483000 13
1484000 13
1485000 13
1486000 13
1487000 13
1488000 13
1489000 13
1490000 13
1491000 13
1492000 13
1493000 13
1494000 13
1495000 13
1496000 13
1497000 13
1498000 13
1499000 13
1500000 13
1501000 13
1502000 13
1503000 13
1504000 13
1505000 13
1506000 13
1507000 13
1508000 13
1509000 13
1510000 13
1511000 13
1512000 13
1513000 13
1514000 13
1515000 13
1516000 13
1517000 13
1518000 13
1519000 13
1520000 13
1521000 13
1522000 13
1523000 13
1524000 13
1525000 13
1526000 13
1527000 13
1528000 13
1529000 13
1530000 13
1531000 13
1532000 13
1533000 14
1534000 14
1535000 14
1536000 14
1537000 14
1538000 14
1539000 14
1540000 14
1541000 14
1542000 14
1543000 14
1544000 14
1545000 14
1546000 14
1547000 14
1548000 14
1549000 14
1550000 14
1551000 14
1552000 14
1553000 14
1554000 14
1555000 14
1556000 14
1557000 14
1558000 14
1559000 14
1560000 14
1561000 14
1562000 14
1563000 14
1564000 14
1565000 14
1566000 14
1567000 14
1568000 14
1569000 14
1570000 14
1571000 14
1572000 14
1573000 14
1574000 14
1575000 14
1576000 14
1577000 14
1578000 14
1579000 14
1580000 14
1581000 14
1582000 14
1583000 14
1584000 14
1585000 14
1586000 14
1587000 14
1588000 14
1589000 14
1590000 14
1591000 14
1592000 14
1593000 14
1594000 14
1595000 14
1596000 14
1597000 14
1598000 14
1599000 14
1600000 14
1601000 15
1602000 15
1603000 15
1604000 15
1605000 15
1606000 15
1607000 15
1608000 15
1609000 15
1610000 15
1611000 15
1612000 15
1613000 15
1614000 15
1615000 15
1616000 15
1617000 15
1618000 15
1619000 15
1620000 15
1621000 15
1622000 15
1623000 15
1624000 15
1625000 15
1626000 15
1627000 15
1628000 15
1629000 15
1630000 15
1631000 15
1632000 15
1633000 15
1634000 15
1635000 15
1636000 15
1637000 15
1638000 15
1639000 15
1640000 15
1641000 15
1642000 15
1643000 15
1644000 15
1645000 15
1646000 15
1647000 15
1648000 15
1649000 15
1650000 15
1651000 15
1652000 15
1653000 15
1654000 15
1655000 15
1656000 15
1657000 15
1658000 15
1659000 15
1660000 15
1661000 15
1662000 15
1663000 15
1664000 15
1665000 16
1666000 16
1667000 16
1668000 16
1669000 16
1670000 16
1671000 16
1672000 16
1673000 16
1674000 16
1675000 16
1676000 16
1677000 16
1678000 17
1679000 17
1680000 17
1681000 17
1682000 17
1683000 17
1684000 17
1685000 17
1686000 17
1687000 17
1688000 17
1689000 17
1690000 17
1691000 17
1692000 17
1693000 17
1694000 17
1695000 17
1696000 17
1697000 17
1698000 17
1699000 17
1700000 17
1701000 17
1702000 17
1703000 17
1704000 17
1705000 17
1706000 17
1707000 17
1708000 17
1709000 17
1710000 17
1711000 17
1712000 17
1713000 17
1714000 17
1715000 17
1716000 17
1717000 17
1718000 17
1719000 17
1720000 17
1721000 17
1722000 17
1723000 17
1724000 17
1725000 17
1726000 17
1727000 17
1728000 17
1729000 17
1730000 17
1731000 17
1732000 17
1733000 17
1734000 17
1735000 17
1736000 17
1737000 17
1738000 17
1739000 17
1740000 17
1741000 17
1742000 17
1743000 17
1744000 18
1745000 18
1746000 18
1747000 18
1748000 18
1749000 18
1750000 18
1751000 18
1752000 18
1753000 18
1754000 18
1755000 18
1756000 18
1757000 18
1758000 18
1759000 18
1760000 18
1761000 18
1762000 18
1763000 18
1764000 18
1765000 18
1766000 18
1767000 18
1768000 18
1769000 18
1770000 18
1771000 18
1772000 18
1773000 18
1774000 18
1775000 18
1776000 18
1777000 18
1778000 18
1779000 18
1780000 18
1781000 18
1782000 18
1783000 18
1784000 18
1785000 18
1786000 18
1787000 18
1788000 18
1789000 18
1790000 18
1791000 18
1792000 18
1793000 18
1794000 18
1795000 18
1796000 18
1797000 18
1798000 18
1799000 18
1800000 18
1801000 18
1802000 18
1803000 18
1804000 18
1805000 18
1806000 18
1807000 18
1808000 18
1809000 18
1810000 18
1811000 18
1812000 18
1813000 18
1814000 18
1815000 18
1816000 18
1817000 18
1818000 18
1819000 18
1820000 18
1821000 18
1822000 18
1823000 18
1824000 18
1825000 18
1826000 18
1827000 18
1828000 18
1829000 18
1830000 18
1831000 18
1832000 18
1833000 18
1834000 18
1835000 18
1836000 18
1837000 18
1838000 18
1839000 18
1840000 18
1841000 18
1842000 18
1843000 18
1844000 18
1845000 18
1846000 18
1847000 18
1848000 18
1849000 18
1850000 18
1851000 18
1852000 18
1853000 18
1854000 18
1855000 18
1856000 18
1857000 18
1858000 18
1859000 18
1860000 18
1861000 18
1862000 18
1863000 18
1864000 18
1865000 18
1866000 18
1867000 18
1868000 18
1869000 18
1870000 18
1871000 18
1872000 18
1873000 18
1874000 18
1875000 18
1876000 18
1877000 18
1878000 18
1879000 18
1880000 18
1881000 18
1882000 18
1883000 18
1884000 18
1885000 18
1886000 18
1887000 18
1888000 18
1889000 18
1890000 18
1891000 18
1892000 18
1893000 18
1894000 18
1895000 18
1896000 18
1897000 18
1898000 18
1899000 18
1900000 18
1901000 18
1902000 18
1903000 18
1904000 18
1905000 18
1906000 19
1907000 19
1908000 19
1909000 19
1910000 19
1911000 19
1912000 19
1913000 19
1914000 19
1915000 19
1916000 19
1917000 20
1918000 20
1919000 20
1920000 20
1921000 20
1922000 20
1923000 20
1924000 20
1925000 20
1926000 20
1927000 20
1928000 20
1929000 20
1930000 20
1931000 20
1932000 20
1933000 20
1934000 20
1935000 21
1936000 21
1937000 21
1938000 21
1939000 21
1940000 21
1941000 21
1942000 21
1943000 21
1944000 21
1945000 21
1946000 21
1947000 21
1948000 21
1949000 21
1950000 21
1951000 21
1952000 21
1953000 21
1954000 21
1955000 21
1956000 21
1957000 21
1958000 21
1959000 21
1960000 21
1961000 21
1962000 21
1963000 21
1964000 21
1965000 21
1966000 21
1967000 21
1968000 21
1969000 21
1970000 21
1971000 21
1972000 21
1973000 21
1974000 21
1975000 21
1976000 21
1977000 21
1978000 21
1979000 21
1980000 21
1981000 21
1982000 21
1983000 21
1984000 21
1985000 21
1986000 21
1987000 21
1988000 21
1989000 21
1990000 21
1991000 21
1992000 21
1993000 21
1994000 21
1995000 21
1996000 21
1997000 21
1998000 22
1999000 22
2000000 22
2001000 22
2002000 22
2003000 22
2004000 22
2005000 22
2006000 22
2007000 22
2008000 22
2009000 22
2010000 22
2011000 22
2012000 22
2013000 22
2014000 22
2015000 22
2016000 22
2017000 22
2018000 22
2019000 23
2020000 23
2021000 23
2022000 23
2023000 23
2024000 23
2025000 23
2026000 23
2027000 23
2028000 23
2029000 23
2030000 23
2031000 23
2032000 23
2033000 23
2034000 23
2035000 23
2036000 23
2037000 23
2038000 23
2039000 23
2040000 23
2041000 23
2042000 23
2043000 23
2044000 23
2045000 23
2046000 23
2047000 23
2048000 23
2049000 23
2050000 23
2051000 23
2052000 23
2053000 23
2054000 23
2055000 23
2056000 23
2057000 23
2058000 23
2059000 23
2060000 23
2061000 23
2062000 23
2063000 23
2064000 23
2065000 23
2066000 23
2067000 23
2068000 23
2069000 23
2070000 23
2071000 23
2072000 23
2073000 23
2074000 23
2075000 23
2076000 23
2077000 23
2078000 23
2079000 23
2080000 23
2081000 23
2082000 23
2083000 23
2084000 23
2085000 23
2086000 23
2087000 24
2088000 24
2089000 24
2090000 24
2091000 24
2092000 24
2093000 24
2094000 24
2095000 24
2096000 24
2097000 24
2098000 24
2099000 24
2100000 24
2101000 24
2102000 24
2103000 24
2104000 24
2105000 24
2106000 24
2107000 24
2108000 24
2109000 24
2110000 24
2111000 24
2112000 24
2113000 24
2114000 24
2115000 24
2116000 24
2117000 24
2118000 24
2119000 24
2120000 24
2121000 24
2122000 24
2123000 24
2124000 24
2125000 24
2126000 24
2127000 24
2128000 24
2129000 24
2130000 24
2131000 24
2132000 24
2133000 24
2134000 24
2135000 24
2136000 24
2137000 24
2138000 24
2139000 24
2140000 24
2141000 24
2142000 24
2143000 24
2144000 24
2145000 24
2146000 24
2147000 24
2148000 24
2149000 24
2150000 24
2151000 24
2152000 24
2153000 24
2154000 24
2155000 24
2156000 24
2157000 24
2158000 24
2159000 24
2160000 24
2161000 24
2162000 24
2163000 24
2164000 24
2165000 24
2166000 24
2167000 24
2168000 24
2169000 24
2170000 24
2171000 24
2172000 24
2173000 24
2174000 24
2175000 24
2176000 24
2177000 24
2178000 24
2179000 24
2180000 24
2181000 24
2182000 24
2183000 24
2184000 24
2185000 24
2186000 24
2187000 24
2188000 24
2189000 24
2190000 24
2191000 24
2192000 24
2193000 24
2194000 24
2195000 24
2196000 24
2197000 24
2198000 24
2199000 24
2200000 24
2201000 24
2202000 24
2203000 25
2204000 25
2205000 25
2206000 25
2207000 25
2208000 25
2209000 25
2210000 25
2211000 25
2212000 25
2213000 25
2214000 25
2215000 25
2216000 25
2217000 25
2218000 25
2219000 25
2220000 25
2221000 25
2222000 25
2223000 25
2224000 25
2225000 25
2226000 25
2227000 25
2228000 25
2229000 25
2230000 25
2231000 25
2232000 25
2233000 25
2234000 25
2235000 25
2236000 25
2237000 25
2238000 25
2239000 25
2240000 25
2241000 25
2242000 25
2243000 25
2244000 25
2245000 25
2246000 25
2247000 25
2248000 25
2249000 25
2250000 25
2251000 25
2252000 25
2253000 25
2254000 25
2255000 25
2256000 25
2257000 25
2258000 25
2259000 25
2260000 25
2261000 25
2262000 25
2263000 25
2264000 25
2265000 25
2266000 25
2267000 25
2268000 25
2269000 25
2270000 25
2271000 25
2272000 25
2273000 25
2274000 25
2275000 25
2276000 25
2277000 25
2278000 25
2279000 25
2280000 25
2281000 25
2282000 25
2283000 25
2284000 25
2285000 25
2286000 25
2287000 25
2288000 25
2289000 25
2290000 25
2291000 25
2292000 25
2293000 25
2294000 25
2295000 25
2296000 25
2297000 25
2298000 25
2299000 25
2300000 25
2301000 25
2302000 25
2303000 25
2304000 25
2305000 25
2306000 25
2307000 25
2308000 25
2309000 25
2310000 25
2311000 25
2312000 25
2313000 25
2314000 25
2315000 25
2316000 25
2317000 25
2318000 25
2319000 25
2320000 25
2321000 25
2322000 25
2323000 25
2324000 25
2325000 25
2326000 25
2327000 25
2328000 25
2329000 25
2330000 25
2331000 25
2332000 25
2333000 25
2334000 25
2335000 25
2336000 25
2337000 25
2338000 25
2339000 25
2340000 25
2341000 25
2342000 25
2343000 25
2344000 25
2345000 25
2346000 25
2347000 25
2348000 25
2349000 25
2350000 25
2351000 25
2352000 25
2353000 25
2354000 25
2355000 25
2356000 25
2357000 25
2358000 25
2359000 25
2360000 25
2361000 25
2362000 25
2363000 25
2364000 25
2365000 25
2366000 25
2367000 25
2368000 25
2369000 25
2370000 25
2371000 25
2372000 25
2373000 25
2374000 25
2375000 25
2376000 25
2377000 25
2378000 25
2379000 25
2380000 25
2381000 25
2382000 25
2383000 25
2384000 25
2385000 25
2386000 25
2387000 25
2388000 25
2389000 25
2390000 25
2391000 25
2392000 25
2393000 25
2394000 25
2395000 25
2396000 25
2397000 25
2398000 25
2399000 25
2400000 25
2401000 25
2402000 25
2403000 25
2404000 25
2405000 25
2406000 25
2407000 25
2408000 25
2409000 25
2410000 25
2411000 25
2412000 25
2413000 25
2414000 25
2415000 25
2416000 26
2417000 26
2418000 26
2419000 26
2420000 26
2421000 26
2422000 26
2423000 26
2424000 26
2425000 26
2426000 26
2427000 26
2428000 26
2429000 26
2430000 26
2431000 26
2432000 26
2433000 26
2434000 26
2435000 26
2436000 26
2437000 26
2438000 26
2439000 26
2440000 26
2441000 26
2442000 26
2443000 26
2444000 26
2445000 26
2446000 26
2447000 26
2448000 26
2449000 26
2450000 26
2451000 26
2452000 26
2453000 26
2454000 26
2455000 26
2456000 26
2457000 26
2458000 26
2459000 26
2460000 26
2461000 26
2462000 26
2463000 26
2464000 26
2465000 26
2466000 26
2467000 26
2468000 26
2469000 26
2470000 26
2471000 26
2472000 26
2473000 26
2474000 26
2475000 26
2476000 26
2477000 26
2478000 26
2479000 26
2480000 26
2481000 26
2482000 26
2483000 26
2484000 26
2485000 26
2486000 26
2487000 26
2488000 26
2489000 26
2490000 26
2491000 26
2492000 26
2493000 26
2494000 26
2495000 26
2496000 26
2497000 26
2498000 26
2499000 26
2500000 26
2501000 26
2502000 26
2503000 26
2504000 26
2505000 26
2506000 26
2507000 26
2508000 26
2509000 26
2510000 26
2511000 26
2512000 26
2513000 26
2514000 26
2515000 26
2516000 27
2517000 27
2518000 27
2519000 27
2520000 27
2521000 27
2522000 27
2523000 27
2524000 27
2525000 27
2526000 27
2527000 27
2528000 27
2529000 27
2530000 28
2531000 28
2532000 28
2533000 28
2534000 28
2535000 28
2536000 28
2537000 28
2538000 28
2539000 28
2540000 28
2541000 28
2542000 28
2543000 28
2544000 28
2545000 28
2546000 28
2547000 28
2548000 28
2549000 28
2550000 28
2551000 28
2552000 28
2553000 28
2554000 28
2555000 28
2556000 28
2557000 28
2558000 28
2559000 28
2560000 28
2561000 28
2562000 28
2563000 28
2564000 28
2565000 28
2566000 28
2567000 28
2568000 28
2569000 28
2570000 28
2571000 28
2572000 28
2573000 28
2574000 28
2575000 28
2576000 28
2577000 28
2578000 28
2579000 28
2580000 28
2581000 28
2582000 28
2583000 28
2584000 28
2585000 28
2586000 28
2587000 28
2588000 28
2589000 28
2590000 28
2591000 28
2592000 28
2593000 28
2594000 28
2595000 28
2596000 28
2597000 28
2598000 28
2599000 28
2600000 28
2601000 28
2602000 28
2603000 28
2604000 28
2605000 28
2606000 28
2607000 28
2608000 28
2609000 28
2610000 28
2611000 28
2612000 28
2613000 28
2614000 28
2615000 28
2616000 28
2617000 28
2618000 28
2619000 28
2620000 28
2621000 28
2622000 28
2623000 28
2624000 28
2625000 28
2626000 28
2627000 28
2628000 28
2629000 28
2630000 28
2631000 28
2632000 28
2633000 28
2634000 28
2635000 28
2636000 28
2637000 28
2638000 28
2639000 28
2640000 28
2641000 28
2642000 28
2643000 28
2644000 29
2645000 29
2646000 29
2647000 29
2648000 29
2649000 29
2650000 29
2651000 29
2652000 29
2653000 29
2654000 29
2655000 29
2656000 29
2657000 29
2658000 29
2659000 29
2660000 29
2661000 29
2662000 29
2663000 29
2664000 29
2665000 29
2666000 29
2667000 29
2668000 29
2669000 29
2670000 29
2671000 29
2672000 29
2673000 29
2674000 29
2675000 29
2676000 29
2677000 29
2678000 29
2679000 29
2680000 29
2681000 29
2682000 29
2683000 29
2684000 29
2685000 29
2686000 29
2687000 29
2688000 29
2689000 29
2690000 29
2691000 29
2692000 29
2693000 29
2694000 29
2695000 29
2696000 29
2697000 29
2698000 29
2699000 29
2700000 29
2701000 29
2702000 29
2703000 29
2704000 29
2705000 29
2706000 29
2707000 29
2708000 29
2709000 29
2710000 29
2711000 29
2712000 29
2713000 29
2714000 29
2715000 29
2716000 29
2717000 29
2718000 29
2719000 29
2720000 29
2721000 29
2722000 29
2723000 29
2724000 29
2725000 29
2726000 29
2727000 29
2728000 29
2729000 29
2730000 29
2731000 29
2732000 29
2733000 29
2734000 29
2735000 29
2736000 29
2737000 29
2738000 29
2739000 29
2740000 29
2741000 29
2742000 30
2743000 30
2744000 30
2745000 30
2746000 30
2747000 30
2748000 30
2749000 30
2750000 30
2751000 30
2752000 30
2753000 30
2754000 30
2755000 31
2756000 31
2757000 31
2758000 31
2759000 31
2760000 31
2761000 31
2762000 31
2763000 31
2764000 31
2765000 31
2766000 31
2767000 31
2768000 31
2769000 31
2770000 32
2771000 32
2772000 32
2773000 32
2774000 32
2775000 32
2776000 32
2777000 32
2778000 32
2779000 32
2780000 32
2781000 32
2782000 32
2783000 32
2784000 32
2785000 32
2786000 32
2787000 32
2788000 32
2789000 32
2790000 32
2791000 32
2792000 32
2793000 32
2794000 32
2795000 32
2796000 32
2797000 32
2798000 32
2799000 32
2800000 32
2801000 32
2802000 32
2803000 32
2804000 32
2805000 32
2806000 32
2807000 32
2808000 32
2809000 32
2810000 32
2811000 32
2812000 32
2813000 32
2814000 32
2815000 32
2816000 32
2817000 32
2818000 32
2819000 32
2820000 32
2821000 32
2822000 32
2823000 32
2824000 32
2825000 32
2826000 32
2827000 32
2828000 32
2829000 32
2830000 32
2831000 32
2832000 32
2833000 32
2834000 32
2835000 33
2836000 33
2837000 33
2838000 33
2839000 33
2840000 33
2841000 33
2842000 33
2843000 33
2844000 33
2845000 33
2846000 33
2847000 33
2848000 34
2849000 34
2850000 34
2851000 34
2852000 34
2853000 34
2854000 34
2855000 34
2856000 34
2857000 34
2858000 34
2859000 34
2860000 34
2861000 34
2862000 34
2863000 34
2864000 34
2865000 34
2866000 34
2867000 34
2868000 34
2869000 34
2870000 34
2871000 34
2872000 34
2873000 34
2874000 34
2875000 34
2876000 34
2877000 34
2878000 34
2879000 34
2880000 34
2881000 34
2882000 34
2883000 34
2884000 34
2885000 34
2886000 34
2887000 34
2888000 34
2889000 34
2890000 34
2891000 34
2892000 34
2893000 34
2894000 34
2895000 34
2896000 34
2897000 34
2898000 34
2899000 34
2900000 34
2901000 34
2902000 34
2903000 34
2904000 34
2905000 34
2906000 34
2907000 34
2908000 34
2909000 34
2910000 34
2911000 34
2912000 34
2913000 34
2914000 34
2915000 34
2916000 34
2917000 34
2918000 34
2919000 34
2920000 34
2921000 34
2922000 34
2923000 34
2924000 34
2925000 34
2926000 34
2927000 34
2928000 34
2929000 34
2930000 34
2931000 34
2932000 34
2933000 34
2934000 34
2935000 34
2936000 34
2937000 34
2938000 34
2939000 34
2940000 34
2941000 34
2942000 34
2943000 34
2944000 34
2945000 34
2946000 34
2947000 34
2948000 34
2949000 34
2950000 34
2951000 34
2952000 34
2953000 34
2954000 34
2955000 34
2956000 34
2957000 34
2958000 34
2959000 34
2960000 34
2961000 34
2962000 34
2963000 34
2964000 34
2965000 34
2966000 34
2967000 34
2968000 34
2969000 34
2970000 34
2971000 34
2972000 34
2973000 34
2974000 34
2975000 34
2976000 34
2977000 34
2978000 34
2979000 34
2980000 34
2981000 34
2982000 34
2983000 34
2984000 34
2985000 34
2986000 34
2987000 34
2988000 34
2989000 34
2990000 34
2991000 34
2992000 34
2993000 34
2994000 34
2995000 34
2996000 34
2997000 34
2998000 34
2999000 34
3000000 34
3001000 34
3002000 34
3003000 34
3004000 34
3005000 34
3006000 34
3007000 34
3008000 34
3009000 34
3010000 34
3011000 34
3012000 34
3013000 34
3014000 34
3015000 34
3016000 34
3017000 34
3018000 34
3019000 34
3020000 34
3021000 34
3022000 34
3023000 34
3024000 34
3025000 34
3026000 34
3027000 34
3028000 34
3029000 34
3030000 34
3031000 34
3032000 34
3033000 34
3034000 34
3035000 34
3036000 34
3037000 34
3038000 34
3039000 34
3040000 34
3041000 34
3042000 34
3043000 34
3044000 34
3045000 34
3046000 34
3047000 34
3048000 34
3049000 34
3050000 34
3051000 34
3052000 34
3053000 34
3054000 34
3055000 34
3056000 34
3057000 34
3058000 34
3059000 34
3060000 34
3061000 34
3062000 34
3063000 34
3064000 34
3065000 34
3066000 34
3067000 34
3068000 34
3069000 34
3070000 34
3071000 34
3072000 34
3073000 34
3074000 34
3075000 34
3076000 34
3077000 34
3078000 34
3079000 35
3080000 35
3081000 35
3082000 35
3083000 35
3084000 35
3085000 35
3086000 35
3087000 35
3088000 35
3089000 35
3090000 35
3091000 35
3092000 35
3093000 35
3094000 35
3095000 35
3096000 35
3097000 35
3098000 35
3099000 35
3100000 35
3101000 35
3102000 35
3103000 35
3104000 35
3105000 35
3106000 35
3107000 35
3108000 35
3109000 35
3110000 35
3111000 35
3112000 35
3113000 35
3114000 35
3115000 35
3116000 35
3117000 35
3118000 35
3119000 35
3120000 35
3121000 35
3122000 35
3123000 35
3124000 35
3125000 35
3126000 35
3127000 35
3128000 35
3129000 35
3130000 35
3131000 35
3132000 35
3133000 35
3134000 35
3135000 35
3136000 35
3137000 35
3138000 35
3139000 35
3140000 35
3141000 35
3142000 35
3143000 35
3144000 35
3145000 35
3146000 35
3147000 35
3148000 35
3149000 35
3150000 35
3151000 35
3152000 35
3153000 35
3154000 35
3155000 35
3156000 35
3157000 35
3158000 35
3159000 35
3160000 35
3161000 35
3162000 35
3163000 35
3164000 35
3165000 35
3166000 35
3167000 35
3168000 35
3169000 35
3170000 35
3171000 35
3172000 35
3173000 35
3174000 35
3175000 35
3176000 35
3177000 35
3178000 35
3179000 35
3180000 35
3181000 35
3182000 35
3183000 35
3184000 35
3185000 35
3186000 35
3187000 35
3188000 35
3189000 35
3190000 35
3191000 35
3192000 35
3193000 35
3194000 35
3195000 35
3196000 35
3197000 35
3198000 35
3199000 35
3200000 35
3201000 35
3202000 35
3203000 35
3204000 35
3205000 35
3206000 35
3207000 35
3208000 35
3209000 35
3210000 35
3211000 35
3212000 35
3213000 35
3214000 35
3215000 35
3216000 35
3217000 35
3218000 35
3219000 35
3220000 35
3221000 35
3222000 35
3223000 35
3224000 35
3225000 35
3226000 35
3227000 35
3228000 35
3229000 35
3230000 35
3231000 35
3232000 35
3233000 35
3234000 35
3235000 35
3236000 35
3237000 35
3238000 35
3239000 35
3240000 35
3241000 35
3242000 36
3243000 36
3244000 36
3245000 36
3246000 36
3247000 36
3248000 36
3249000 36
3250000 36
3251000 36
3252000 36
3253000 36
3254000 36
3255000 36
3256000 36
3257000 36
3258000 36
3259000 36
3260000 36
3261000 36
3262000 36
3263000 36
3264000 36
3265000 36
3266000 36
3267000 36
3268000 36
3269000 36
3270000 36
3271000 36
3272000 36
3273000 36
3274000 36
3275000 36
3276000 36
3277000 36
3278000 36
3279000 36
3280000 36
3281000 36
3282000 36
3283000 36
3284000 36
3285000 36
3286000 36
3287000 36
3288000 36
3289000 36
3290000 36
3291000 36
3292000 36
3293000 36
3294000 36
3295000 36
3296000 36
3297000 36
3298000 36
3299000 36
3300000 36
3301000 36
3302000 36
3303000 36
3304000 36
3305000 36
3306000 36
3307000 36
3308000 36
3309000 36
3310000 36
3311000 36
3312000 36
3313000 36
3314000 36
3315000 36
3316000 36
3317000 36
3318000 36
3319000 36
3320000 36
3321000 36
3322000 36
3323000 36
3324000 36
3325000 36
3326000 36
3327000 36
3328000 36
3329000 36
3330000 36
3331000 36
3332000 36
3333000 36
3334000 36
3335000 36
3336000 36
3337000 36
3338000 36
3339000 36
3340000 36
3341000 36
3342000 36
3343000 36
3344000 36
3345000 36
3346000 36
3347000 36
3348000 36
3349000 36
3350000 36
3351000 36
3352000 36
3353000 36
3354000 36
3355000 36
3356000 36
3357000 36
3358000 36
3359000 36
3360000 36
3361000 36
3362000 36
3363000 36
3364000 36
3365000 36
3366000 36
3367000 36
3368000 36
3369000 36
3370000 36
3371000 36
3372000 36
3373000 36
3374000 36
3375000 36
3376000 36
3377000 36
3378000 36
3379000 36
3380000 36
3381000 36
3382000 36
3383000 36
3384000 36
3385000 36
3386000 36
3387000 36
3388000 36
3389000 36
3390000 36
3391000 36
3392000 36
3393000 36
3394000 36
3395000 36
3396000 36
3397000 36
3398000 36
3399000 36
3400000 36
3401000 36
3402000 36
3403000 36
3404000 36
3405000 36
3406000 36
3407000 36
3408000 36
3409000 36
3410000 36
3411000 36
3412000 36
3413000 36
3414000 36
3415000 36
3416000 36
3417000 36
3418000 36
3419000 36
3420000 36
3421000 36
3422000 36
3423000 36
3424000 36
3425000 36
3426000 36
3427000 36
3428000 36
3429000 36
3430000 36
3431000 36
3432000 36
3433000 36
3434000 36
3435000 36
3436000 36
3437000 36
3438000 36
3439000 36
3440000 36
3441000 36
3442000 36
3443000 36
3444000 36
3445000 36
3446000 36
3447000 36
3448000 36
3449000 36
3450000 36
3451000 36
3452000 36
3453000 36
3454000 36
3455000 36
3456000 36
3457000 36
3458000 36
3459000 36
3460000 36
3461000 36
3462000 36
3463000 36
3464000 36
3465000 36
3466000 36
3467000 36
3468000 36
3469000 36
3470000 36
3471000 36
3472000 36
3473000 36
3474000 36
3475000 36
3476000 36
3477000 36
3478000 36
3479000 36
3480000 36
3481000 36
3482000 36
3483000 36
3484000 36
3485000 36
3486000 36
3487000 36
3488000 36
3489000 36
3490000 36
3491000 36
3492000 36
3493000 36
3494000 36
3495000 36
3496000 36
3497000 36
3498000 36
3499000 36
3500000 36
3501000 36
3502000 36
3503000 36
3504000 36
3505000 36
3506000 36
3507000 36
3508000 36
3509000 36
3510000 36
3511000 36
3512000 36
3513000 36
3514000 36
3515000 36
3516000 36
3517000 36
3518000 36
3519000 36
3520000 36
3521000 36
3522000 36
3523000 36
3524000 36
3525000 36
3526000 36
3527000 36
3528000 36
3529000 36
3530000 36
3531000 36
3532000 36
3533000 36
3534000 36
3535000 36
3536000 36
3537000 36
3538000 36
3539000 36
3540000 36
3541000 36
3542000 36
3543000 36
3544000 36
3545000 36
3546000 36
3547000 36
3548000 36
3549000 36
3550000 36
3551000 36
3552000 36
3553000 36
3554000 36
3555000 36
3556000 36
3557000 36
3558000 36
3559000 36
3560000 36
3561000 36
3562000 36
3563000 36
3564000 36
3565000 36
3566000 36
3567000 36
3568000 36
3569000 36
3570000 36
3571000 36
3572000 36
3573000 36
3574000 36
3575000 36
3576000 36
3577000 36
3578000 36
3579000 36
3580000 36
3581000 36
3582000 36
3583000 36
3584000 36
3585000 36
3586000 36
3587000 36
3588000 36
3589000 36
3590000 36
3591000 36
3592000 36
3593000 36
3594000 36
3595000 36
3596000 36
3597000 36
3598000 36
3599000 36
3600000 36
3601000 36
3602000 36
3603000 36
3604000 36
3605000 36
3606000 36
3607000 36
3608000 36
3609000 36
3610000 36
3611000 36
3612000 36
3613000 36
3614000 36
3615000 36
3616000 36
3617000 36
3618000 36
3619000 36
3620000 36
3621000 36
3622000 36
3623000 36
3624000 36
3625000 36
3626000 36
3627000 36
3628000 36
3629000 36
3630000 36
3631000 36
3632000 36
3633000 36
3634000 36
3635000 36
3636000 36
3637000 36
3638000 36
3639000 36
3640000 36
3641000 36
3642000 36
3643000 36
3644000 36
3645000 36
3646000 36
3647000 36
3648000 36
3649000 36
3650000 36
3651000 36
3652000 36
3653000 36
3654000 36
3655000 36
3656000 36
3657000 36
3658000 36
3659000 36
3660000 36
3661000 36
3662000 36
3663000 36
3664000 36
3665000 36
3666000 36
3667000 36
3668000 36
3669000 36
3670000 36
3671000 36
3672000 36
3673000 36
3674000 36
3675000 36
3676000 36
3677000 36
3678000 36
3679000 36
3680000 36
3681000 36
3682000 36
3683000 36
3684000 36
3685000 36
3686000 36
3687000 36
3688000 36
3689000 36
3690000 36
3691000 36
3692000 36
3693000 36
3694000 36
3695000 36
3696000 36
3697000 36
3698000 36
3699000 36
3700000 36
3701000 36
3702000 36
3703000 36
3704000 36
3705000 36
3706000 37
3707000 37
3708000 37
3709000 37
3710000 37
3711000 37
3712000 37
3713000 37
3714000 37
3715000 37
3716000 37
3717000 37
3718000 37
3719000 37
3720000 37
3721000 37
3722000 37
3723000 37
3724000 37
3725000 37
3726000 37
3727000 37
3728000 37
3729000 37
3730000 37
3731000 37
3732000 37
3733000 37
3734000 37
3735000 37
3736000 37
3737000 37
3738000 37
3739000 37
3740000 37
3741000 37
3742000 37
3743000 37
3744000 37
3745000 37
3746000 37
3747000 37
3748000 37
3749000 37
3750000 37
3751000 37
3752000 37
3753000 37
3754000 37
3755000 37
3756000 37
3757000 37
3758000 37
3759000 37
3760000 37
3761000 37
3762000 37
3763000 37
3764000 37
3765000 37
3766000 37
3767000 37
3768000 38
3769000 38
3770000 38
3771000 38
3772000 38
3773000 38
3774000 38
3775000 38
3776000 38
3777000 38
3778000 38
3779000 38
3780000 38
3781000 38
3782000 38
3783000 38
3784000 38
3785000 38
3786000 38
3787000 38
3788000 38
3789000 38
3790000 38
3791000 38
3792000 38
3793000 38
3794000 38
3795000 38
3796000 38
3797000 38
3798000 38
3799000 38
3800000 38
3801000 38
3802000 38
3803000 38
3804000 38
3805000 38
3806000 38
3807000 38
3808000 38
3809000 38
3810000 38
3811000 38
3812000 38
3813000 38
3814000 38
3815000 38
3816000 38
3817000 38
3818000 38
3819000 38
3820000 38
3821000 38
3822000 38
3823000 38
3824000 38
3825000 38
3826000 38
3827000 38
3828000 38
3829000 38
3830000 38
3831000 39
3832000 39
3833000 39
3834000 39
3835000 39
3836000 39
3837000 39
3838000 39
3839000 39
3840000 39
3841000 39
3842000 39
3843000 39
3844000 39
3845000 39
3846000 39
3847000 39
3848000 39
3849000 39
3850000 39
3851000 39
3852000 39
3853000 39
3854000 39
3855000 39
3856000 39
3857000 39
3858000 39
3859000 39
3860000 39
3861000 39
3862000 39
3863000 39
3864000 39
3865000 39
3866000 39
3867000 39
3868000 39
3869000 39
3870000 39
3871000 39
3872000 39
3873000 39
3874000 39
3875000 39
3876000 39
3877000 39
3878000 39
3879000 39
3880000 39
3881000 39
3882000 39
3883000 39
3884000 39
3885000 39
3886000 39
3887000 39
3888000 39
3889000 39
3890000 39
3891000 39
3892000 39
3893000 39
3894000 39
3895000 39
3896000 39
3897000 39
3898000 39
3899000 39
3900000 39
3901000 39
3902000 39
3903000 39
3904000 39
3905000 39
3906000 39
3907000 39
3908000 39
3909000 39
3910000 39
3911000 39
3912000 39
3913000 39
3914000 39
3915000 39
3916000 39
3917000 39
3918000 39
3919000 39
3920000 39
3921000 39
3922000 39
3923000 39
3924000 39
3925000 39
3926000 39
3927000 39
3928000 39
3929000 39
3930000 39
3931000 39
3932000 39
3933000 39
3934000 39
3935000 39
3936000 39
3937000 39
3938000 39
3939000 39
3940000 39
3941000 39
3942000 39
3943000 39
3944000 39
3945000 39
3946000 39
3947000 39
3948000 39
3949000 39
3950000 39
3951000 39
3952000 39
3953000 39
3954000 39
3955000 39
3956000 39
3957000 39
3958000 39
3959000 39
3960000 39
3961000 39
3962000 39
3963000 39
3964000 39
3965000 39
3966000 39
3967000 39
3968000 39
3969000 39
3970000 39
3971000 39
3972000 39
3973000 39
3974000 39
3975000 39
3976000 39
3977000 39
3978000 39
3979000 39
3980000 39
3981000 39
3982000 39
3983000 39
3984000 39
3985000 39
3986000 39
3987000 39
3988000 39
3989000 39
3990000 39
3991000 39
3992000 39
3993000 39
3994000 39
3995000 39
3996000 39
3997000 40
3998000 40
3999000 40
4000000 40
4001000 40
4002000 40
4003000 40
4004000 40
4005000 40
4006000 40
4007000 40
4008000 40
4009000 40
4010000 40
4011000 41
4012000 41
4013000 41
4014000 41
4015000 41
4016000 41
4017000 41
4018000 41
4019000 41
4020000 41
4021000 41
4022000 41
4023000 41
4024000 41
4025000 41
4026000 41
4027000 41
4028000 41
4029000 41
4030000 41
4031000 41
4032000 41
4033000 41
4034000 41
4035000 41
4036000 41
4037000 41
4038000 41
4039000 41
4040000 41
4041000 41
4042000 41
4043000 41
4044000 41
4045000 41
4046000 41
4047000 41
4048000 41
4049000 41
4050000 41
4051000 41
4052000 41
4053000 41
4054000 41
4055000 41
4056000 41
4057000 41
4058000 41
4059000 41
4060000 41
4061000 41
4062000 41
4063000 41
4064000 41
4065000 41
4066000 41
4067000 41
4068000 41
4069000 41
4070000 41
4071000 41
4072000 41
4073000 42
4074000 42
4075000 42
4076000 42
4077000 42
4078000 42
4079000 42
4080000 42
4081000 42
4082000 42
4083000 42
4084000 42
4085000 42
4086000 42
4087000 43
4088000 43
4089000 43
4090000 43
4091000 43
4092000 43
4093000 43
4094000 43
4095000 43
4096000 43
4097000 43
4098000 43
4099000 43
4100000 43
4101000 43
4102000 43
4103000 43
4104000 43
4105000 43
4106000 43
4107000 43
4108000 43
4109000 43
4110000 43
4111000 43
4112000 43
4113000 43
4114000 43
4115000 43
4116000 43
4117000 43
4118000 43
4119000 43
4120000 43
4121000 43
4122000 43
4123000 43
4124000 43
4125000 43
4126000 43
4127000 43
4128000 43
4129000 43
4130000 43
4131000 43
4132000 43
4133000 43
4134000 43
4135000 43
4136000 44
4137000 44
4138000 44
4139000 44
4140000 44
4141000 44
4142000 44
4143000 44
4144000 44
4145000 44
4146000 44
4147000 44
4148000 44
4149000 45
4150000 45
4151000 45
4152000 45
4153000 45
4154000 45
4155000 45
4156000 45
4157000 45
4158000 45
4159000 45
4160000 45
4161000 45
4162000 45
4163000 45
4164000 46
4165000 46
4166000 46
4167000 46
4168000 46
4169000 46
4170000 46
4171000 46
4172000 46
4173000 46
4174000 46
4175000 46
4176000 46
4177000 46
4178000 46
4179000 46
4180000 46
4181000 46
4182000 46
4183000 46
4184000 46
4185000 46
4186000 46
4187000 46
4188000 46
4189000 46
4190000 46
4191000 46
4192000 46
4193000 46
4194000 46
4195000 46
4196000 46
4197000 46
4198000 46
4199000 46
4200000 46
4201000 46
4202000 46
4203000 46
4204000 46
4205000 46
4206000 46
4207000 46
4208000 46
4209000 46
4210000 46
4211000 46
4212000 46
4213000 46
4214000 46
4215000 46
4216000 46
4217000 46
4218000 46
4219000 46
4220000 46
4221000 46
4222000 46
4223000 46
4224000 46
4225000 46
4226000 46
4227000 46
4228000 46
4229000 46
4230000 46
4231000 46
4232000 46
4233000 46
4234000 46
4235000 46
4236000 46
4237000 46
4238000 46
4239000 46
4240000 46
4241000 46
4242000 46
4243000 46
4244000 46
4245000 46
4246000 46
4247000 46
4248000 46
4249000 46
4250000 46
4251000 46
4252000 46
4253000 46
4254000 46
4255000 46
4256000 46
4257000 46
4258000 46
4259000 46
4260000 46
4261000 46
4262000 46
4263000 46
4264000 46
4265000 46
4266000 46
4267000 46
4268000 46
4269000 46
4270000 46
4271000 46
4272000 46
4273000 46
4274000 46
4275000 46
4276000 46
4277000 46
4278000 46
4279000 46
4280000 46
4281000 46
4282000 46
4283000 46
4284000 46
4285000 46
4286000 46
4287000 46
4288000 46
4289000 46
4290000 46
4291000 46
4292000 46
4293000 46
4294000 46
4295000 46
4296000 46
4297000 46
4298000 46
4299000 46
4300000 46
4301000 46
4302000 46
4303000 46
4304000 46
4305000 46
4306000 46
4307000 46
4308000 46
4309000 46
4310000 46
4311000 46
4312000 46
4313000 46
4314000 46
4315000 46
4316000 46
4317000 46
4318000 46
4319000 46
4320000 46
4321000 46
4322000 46
4323000 46
4324000 46
4325000 46
4326000 46
4327000 46
4328000 46
4329000 46
4330000 46
4331000 46
4332000 46
4333000 46
4334000 46
4335000 46
4336000 46
4337000 46
4338000 46
4339000 46
4340000 46
4341000 46
4342000 46
4343000 46
4344000 46
4345000 46
4346000 46
4347000 46
4348000 46
4349000 46
4350000 46
4351000 46
4352000 46
4353000 46
4354000 46
4355000 46
4356000 46
4357000 46
4358000 46
4359000 46
4360000 46
4361000 46
4362000 46
4363000 46
4364000 46
4365000 46
4366000 46
4367000 46
4368000 46
4369000 46
4370000 46
4371000 46
4372000 46
4373000 46
4374000 46
4375000 46
4376000 46
4377000 46
4378000 46
4379000 46
4380000 46
4381000 46
4382000 46
4383000 46
4384000 46
4385000 46
4386000 46
4387000 46
4388000 46
4389000 46
4390000 46
4391000 46
4392000 46
4393000 46
4394000 46
4395000 46
4396000 46
4397000 46
4398000 46
4399000 46
4400000 46
4401000 46
4402000 46
4403000 46
4404000 46
4405000 46
4406000 46
4407000 46
4408000 46
4409000 46
4410000 46
4411000 46
4412000 46
4413000 46
4414000 46
4415000 46
4416000 46
4417000 46
4418000 46
4419000 46
4420000 46
4421000 46
4422000 46
4423000 46
4424000 46
4425000 46
4426000 46
4427000 46
4428000 47
4429000 47
4430000 47
4431000 47
4432000 47
4433000 47
4434000 47
4435000 47
4436000 47
4437000 47
4438000 47
4439000 47
4440000 47
4441000 47
4442000 47
4443000 47
4444000 47
4445000 47
4446000 47
4447000 47
4448000 47
4449000 47
4450000 47
4451000 47
4452000 47
4453000 47
4454000 47
4455000 47
4456000 47
4457000 47
4458000 47
4459000 47
4460000 47
4461000 47
4462000 47
4463000 47
4464000 47
4465000 47
4466000 47
4467000 47
4468000 47
4469000 47
4470000 47
4471000 47
4472000 47
4473000 47
4474000 47
4475000 47
4476000 47
4477000 47
4478000 47
4479000 47
4480000 47
4481000 47
4482000 47
4483000 47
4484000 47
4485000 47
4486000 47
4487000 47
4488000 47
4489000 47
4490000 47
4491000 47
4492000 47
4493000 47
4494000 47
4495000 47
4496000 47
4497000 47
4498000 47
4499000 47
4500000 47
4501000 47
4502000 47
4503000 47
4504000 47
4505000 47
4506000 47
4507000 47
4508000 47
4509000 47
4510000 47
4511000 47
4512000 47
4513000 47
4514000 47
4515000 47
4516000 47
4517000 47
4518000 47
4519000 47
4520000 47
4521000 47
4522000 47
4523000 47
4524000 47
4525000 47
4526000 47
4527000 47
4528000 47
4529000 47
4530000 47
4531000 47
4532000 47
4533000 47
4534000 47
4535000 47
4536000 47
4537000 47
4538000 47
4539000 47
4540000 47
4541000 47
4542000 47
4543000 47
4544000 47
4545000 47
4546000 47
4547000 47
4548000 47
4549000 47
4550000 47
4551000 47
4552000 47
4553000 47
4554000 47
4555000 47
4556000 47
4557000 47
4558000 47
4559000 47
4560000 47
4561000 47
4562000 47
4563000 47
4564000 47
4565000 47
4566000 47
4567000 47
4568000 47
4569000 47
4570000 47
4571000 47
4572000 47
4573000 47
4574000 47
4575000 47
4576000 47
4577000 47
4578000 47
4579000 47
4580000 47
4581000 47
4582000 47
4583000 47
4584000 47
4585000 47
4586000 47
4587000 47
4588000 47
4589000 47
4590000 47
4591000 47
4592000 47
4593000 48
4594000 48
4595000 48
4596000 48
4597000 48
4598000 48
4599000 48
4600000 48
4601000 48
4602000 48
4603000 48
4604000 48
4605000 48
4606000 48
4607000 48
4608000 48
4609000 48
4610000 48
4611000 48
4612000 48
4613000 48
4614000 48
4615000 48
4616000 48
4617000 48
4618000 48
4619000 48
4620000 48
4621000 48
4622000 48
4623000 48
4624000 48
4625000 48
4626000 48
4627000 48
4628000 48
4629000 48
4630000 48
4631000 48
4632000 48
4633000 48
4634000 48
4635000 48
4636000 48
4637000 48
4638000 48
4639000 48
4640000 48
4641000 48
4642000 48
4643000 48
4644000 48
4645000 48
4646000 48
4647000 48
4648000 48
4649000 48
4650000 48
4651000 48
4652000 48
4653000 48
4654000 48
4655000 49
4656000 49
4657000 49
4658000 49
4659000 49
4660000 49
4661000 49
4662000 49
4663000 49
4664000 49
4665000 49
4666000 49
4667000 49
4668000 49
4669000 49
4670000 49
4671000 49
4672000 49
4673000 49
4674000 49
4675000 49
4676000 49
4677000 49
4678000 49
4679000 49
4680000 49
4681000 49
4682000 49
4683000 49
4684000 49
4685000 49
4686000 49
4687000 49
4688000 49
4689000 49
4690000 49
4691000 49
4692000 49
4693000 49
4694000 49
4695000 49
4696000 49
4697000 49
4698000 49
4699000 49
4700000 49
4701000 49
4702000 49
4703000 49
4704000 49
4705000 49
4706000 49
4707000 49
4708000 49
4709000 49
4710000 49
4711000 49
4712000 49
4713000 49
4714000 49
4715000 49
4716000 49
4717000 49
4718000 49
4719000 49
4720000 50
4721000 50
4722000 50
4723000 50
4724000 50
4725000 50
4726000 50
4727000 50
4728000 50
4729000 50
4730000 50
4731000 50
4732000 50
4733000 50
4734000 50
4735000 50
4736000 50
4737000 50
4738000 50
4739000 50
4740000 50
4741000 50
4742000 50
4743000 50
4744000 50
4745000 50
4746000 50
4747000 50
4748000 50
4749000 50
4750000 50
4751000 50
4752000 50
4753000 50
4754000 50
4755000 50
4756000 50
4757000 50
4758000 50
4759000 50
4760000 50
4761000 50
4762000 50
4763000 50
4764000 50
4765000 50
4766000 50
4767000 50
4768000 50
4769000 50
4770000 50
4771000 50
4772000 50
4773000 50
4774000 50
4775000 50
4776000 50
4777000 50
4778000 50
4779000 50
4780000 50
4781000 50
4782000 50
4783000 51
4784000 51
4785000 51
4786000 51
4787000 51
4788000 51
4789000 51
4790000 51
4791000 51
4792000 51
4793000 51
4794000 51
4795000 51
4796000 51
4797000 51
4798000 51
4799000 51
4800000 51
4801000 51
4802000 51
4803000 51
4804000 51
4805000 51
4806000 51
4807000 51
4808000 51
4809000 51
4810000 51
4811000 51
4812000 51
4813000 51
4814000 51
4815000 51
4816000 51
4817000 51
4818000 51
4819000 51
4820000 51
4821000 51
4822000 51
4823000 51
4824000 51
4825000 51
4826000 51
4827000 51
4828000 51
4829000 51
4830000 51
4831000 51
4832000 51
4833000 51
4834000 51
4835000 51
4836000 51
4837000 51
4838000 51
4839000 51
4840000 51
4841000 51
4842000 51
4843000 51
4844000 51
4845000 51
4846000 51
4847000 51
4848000 51
4849000 51
4850000 51
4851000 51
4852000 51
4853000 51
4854000 51
4855000 51
4856000 51
4857000 51
4858000 52
4859000 52
4860000 52
4861000 52
4862000 52
4863000 52
4864000 52
4865000 52
4866000 52
4867000 52
4868000 52
4869000 52
4870000 52
4871000 52
4872000 52
4873000 52
4874000 52
4875000 52
4876000 52
4877000 52
4878000 52
4879000 52
4880000 52
4881000 52
4882000 52
4883000 52
4884000 52
4885000 52
4886000 52
4887000 52
4888000 52
4889000 52
4890000 52
4891000 52
4892000 52
4893000 52
4894000 52
4895000 52
4896000 52
4897000 52
4898000 52
4899000 52
4900000 52
4901000 52
4902000 52
4903000 52
4904000 52
4905000 52
4906000 52
4907000 52
4908000 52
4909000 52
4910000 52
4911000 52
4912000 52
4913000 52
4914000 52
4915000 52
4916000 52
4917000 52
4918000 52
4919000 52
4920000 52
4921000 52
4922000 53
4923000 53
4924000 53
4925000 53
4926000 53
4927000 53
4928000 53
4929000 53
4930000 53
4931000 53
4932000 53
4933000 53
4934000 53
4935000 53
4936000 53
4937000 53
4938000 53
4939000 53
4940000 53
4941000 53
4942000 53
4943000 53
4944000 53
4945000 53
4946000 53
4947000 53
4948000 53
4949000 53
4950000 53
4951000 53
4952000 53
4953000 53
4954000 53
4955000 53
4956000 53
4957000 53
4958000 53
4959000 53
4960000 53
4961000 53
4962000 53
4963000 53
4964000 53
4965000 53
4966000 53
4967000 53
4968000 53
4969000 53
4970000 53
4971000 53
4972000 53
4973000 53
4974000 53
4975000 53
4976000 53
4977000 53
4978000 53
4979000 53
4980000 53
4981000 53
4982000 53
4983000 53
4984000 53
4985000 53
4986000 53
4987000 53
4988000 53
4989000 53
4990000 53
4991000 53
4992000 53
4993000 53
4994000 53
4995000 53
4996000 53
4997000 53
4998000 53
4999000 53
5000000 53
