0 0
1000 0
2000 0
3000 0
4000 0
5000 0
6000 0
7000 0
8000 1
9000 1
10000 1
11000 1
12000 1
13000 1
14000 1
15000 1
16000 2
17000 2
18000 2
19000 2
20000 2
21000 2
22000 2
23000 2
24000 3
25000 3
26000 3
27000 3
28000 3
29000 3
30000 3
31000 3
32000 3
33000 4
34000 4
35000 4
36000 4
37000 4
38000 4
39000 4
40000 4
41000 4
42000 4
43000 4
44000 4
45000 4
46000 5
47000 5
48000 5
49000 5
50000 5
51000 5
52000 5
53000 5
54000 6
55000 6
56000 6
57000 6
58000 6
59000 6
60000 6
61000 7
62000 7
63000 7
64000 7
65000 7
66000 7
67000 8
68000 8
69000 8
70000 8
71000 8
72000 8
73000 8
74000 9
75000 9
76000 9
77000 9
78000 9
79000 9
80000 9
81000 9
82000 9
83000 10
84000 10
85000 10
86000 10
87000 10
88000 10
89000 10
90000 10
91000 10
92000 11
93000 11
94000 11
95000 11
96000 11
97000 11
98000 11
99000 12
100000 12
101000 12
102000 12
103000 12
104000 12
105000 13
106000 13
107000 13
108000 13
109000 13
110000 13
111000 13
112000 13
113000 13
114000 13
115000 13
116000 13
117000 14
118000 14
119000 14
120000 14
121000 14
122000 14
123000 14
124000 14
125000 14
126000 15
127000 15
128000 15
129000 15
130000 15
131000 15
132000 15
133000 16
134000 16
135000 16
136000 16
137000 16
138000 16
139000 16
140000 16
141000 16
142000 16
143000 16
144000 16
145000 16
146000 16
147000 17
148000 17
149000 17
150000 17
151000 17
152000 17
153000 17
154000 17
155000 17
156000 17
157000 18
158000 18
159000 18
160000 18
161000 18
162000 18
163000 18
164000 18
165000 19
166000 19
167000 19
168000 19
169000 19
170000 19
171000 19
172000 19
173000 19
174000 19
175000 19
176000 19
177000 20
178000 20
179000 20
180000 20
181000 20
182000 20
183000 20
184000 20
185000 20
186000 21
187000 21
188000 21
189000 21
190000 21
191000 21
192000 21
193000 21
194000 22
195000 22
196000 22
197000 22
198000 22
199000 22
200000 22
201000 22
202000 22
203000 22
204000 23
205000 23
206000 23
207000 23
208000 23
209000 23
210000 23
211000 23
212000 24
213000 24
214000 24
215000 24
216000 24
217000 24
218000 24
219000 24
220000 25
221000 25
222000 25
223000 25
224000 25
225000 25
226000 25
227000 25
228000 25
229000 25
230000 25
231000 26
232000 26
233000 26
234000 26
235000 26
236000 26
237000 26
238000 26
239000 27
240000 27
241000 27
242000 27
243000 27
244000 27
245000 27
246000 27
247000 28
248000 28
249000 28
250000 28
251000 28
252000 28
253000 28
254000 28
255000 28
256000 28
257000 28
258000 28
259000 29
260000 29
261000 29
262000 29
263000 29
264000 29
265000 29
266000 29
267000 29
268000 29
269000 29
270000 29
271000 29
272000 29
273000 29
274000 29
275000 29
276000 29
277000 29
278000 29
279000 29
280000 29
281000 29
282000 29
283000 29
284000 29
285000 29
286000 29
287000 29
288000 29
289000 29
290000 29
291000 29
292000 29
293000 29
294000 29
295000 29
296000 29
297000 30
298000 30
299000 30
300000 30
301000 30
302000 30
303000 30
304000 30
305000 30
306000 30
307000 30
308000 30
309000 30
310000 30
311000 30
312000 30
313000 30
314000 30
315000 30
316000 31
317000 31
318000 31
319000 31
320000 31
321000 31
322000 31
323000 31
324000 31
325000 31
326000 31
327000 31
328000 31
329000 31
330000 31
331000 31
332000 31
333000 31
334000 31
335000 31
336000 31
337000 31
338000 31
339000 31
340000 31
341000 31
342000 31
343000 31
344000 31
345000 31
346000 31
347000 31
348000 31
349000 31
350000 31
351000 31
352000 31
353000 31
354000 32
355000 32
356000 32
357000 32
358000 32
359000 32
360000 32
361000 32
362000 32
363000 32
364000 32
365000 32
366000 33
367000 33
368000 33
369000 33
370000 33
371000 33
372000 33
373000 33
374000 33
375000 33
376000 33
377000 34
378000 34
379000 34
380000 34
381000 34
382000 34
383000 34
384000 34
385000 34
386000 34
387000 34
388000 34
389000 34
390000 34
391000 34
392000 34
393000 34
394000 34
395000 35
396000 35
397000 35
398000 35
399000 35
400000 35
401000 35
402000 35
403000 35
404000 35
405000 35
406000 35
407000 35
408000 35
409000 35
410000 35
411000 35
412000 35
413000 35
414000 35
415000 35
416000 35
417000 35
418000 36
419000 36
420000 36
421000 36
422000 36
423000 36
424000 36
425000 36
426000 36
427000 36
428000 36
429000 36
430000 36
431000 36
432000 36
433000 36
434000 36
435000 36
436000 36
437000 36
438000 36
439000 36
440000 37
441000 37
442000 37
443000 37
444000 37
445000 37
446000 37
447000 37
448000 37
449000 37
450000 37
451000 37
452000 37
453000 37
454000 37
455000 37
456000 38
457000 38
458000 38
459000 38
460000 38
461000 38
462000 38
463000 38
464000 38
465000 38
466000 38
467000 39
468000 39
469000 39
470000 39
471000 39
472000 39
473000 39
474000 39
475000 39
476000 39
477000 40
478000 40
479000 40
480000 40
481000 40
482000 40
483000 40
484000 40
485000 40
486000 40
487000 40
488000 40
489000 41
490000 41
491000 41
492000 41
493000 41
494000 41
495000 41
496000 41
497000 41
498000 42
499000 42
500000 42
501000 42
502000 42
503000 42
504000 42
505000 42
506000 42
507000 42
508000 42
509000 42
510000 43
511000 43
512000 43
513000 43
514000 43
515000 43
516000 43
517000 43
518000 43
519000 43
520000 44
521000 44
522000 44
523000 44
524000 44
525000 44
526000 44
527000 44
528000 44
529000 44
530000 44
531000 44
532000 44
533000 45
534000 45
535000 45
536000 45
537000 45
538000 45
539000 45
540000 45
541000 45
542000 45
543000 45
544000 45
545000 46
546000 46
547000 46
548000 46
549000 46
550000 46
551000 46
552000 46
553000 46
554000 46
555000 46
556000 47
557000 47
558000 47
559000 47
560000 47
561000 47
562000 47
563000 47
564000 47
565000 47
566000 47
567000 48
568000 48
569000 48
570000 48
571000 48
572000 48
573000 48
574000 48
575000 48
576000 49
577000 49
578000 49
579000 49
580000 49
581000 49
582000 49
583000 49
584000 49
585000 49
586000 50
587000 50
588000 50
589000 50
590000 50
591000 50
592000 50
593000 50
594000 50
595000 50
596000 50
597000 50
598000 50
599000 50
600000 50
601000 50
602000 50
603000 50
604000 50
605000 50
606000 50
607000 50
608000 50
609000 50
610000 50
611000 50
612000 50
613000 50
614000 50
615000 50
616000 50
617000 50
618000 50
619000 50
620000 50
621000 50
622000 50
623000 50
624000 50
625000 50
626000 50
627000 50
628000 50
629000 50
630000 50
631000 50
632000 50
633000 51
634000 51
635000 51
636000 51
637000 51
638000 51
639000 51
640000 51
641000 51
642000 52
643000 52
644000 52
645000 52
646000 52
647000 52
648000 52
649000 52
650000 52
651000 52
652000 52
653000 53
654000 53
655000 53
656000 53
657000 53
658000 53
659000 53
660000 54
661000 54
662000 54
663000 54
664000 54
665000 54
666000 54
667000 54
668000 54
669000 54
670000 54
671000 54
672000 54
673000 54
674000 54
675000 54
676000 55
677000 55
678000 55
679000 55
680000 55
681000 55
682000 55
683000 55
684000 55
685000 55
686000 55
687000 55
688000 55
689000 55
690000 56
691000 56
692000 56
693000 56
694000 56
695000 56
696000 56
697000 56
698000 56
699000 56
700000 56
701000 56
702000 56
703000 56
704000 56
705000 56
706000 57
707000 57
708000 57
709000 57
710000 57
711000 57
712000 57
713000 57
714000 57
715000 57
716000 57
717000 57
718000 57
719000 57
720000 57
721000 57
722000 57
723000 57
724000 57
725000 57
726000 57
727000 57
728000 57
729000 57
730000 57
731000 57
732000 57
733000 57
734000 57
735000 57
736000 57
737000 57
738000 57
739000 57
740000 57
741000 57
742000 57
743000 57
744000 57
745000 57
746000 57
747000 57
748000 57
749000 57
750000 57
751000 57
752000 57
753000 57
754000 57
755000 57
756000 57
757000 57
758000 57
759000 57
760000 57
761000 57
762000 57
763000 57
764000 57
765000 57
766000 57
767000 57
768000 57
769000 57
770000 57
771000 57
772000 57
773000 57
774000 57
775000 57
776000 57
777000 57
778000 57
779000 57
780000 57
781000 57
782000 57
783000 57
784000 57
785000 57
786000 57
787000 57
788000 57
789000 57
790000 57
791000 57
792000 57
793000 57
794000 57
795000 57
796000 57
797000 57
798000 57
799000 57
800000 57
801000 57
802000 57
803000 57
804000 57
805000 57
806000 57
807000 57
808000 57
809000 57
810000 57
811000 57
812000 57
813000 57
814000 57
815000 57
816000 57
817000 57
818000 57
819000 57
820000 57
821000 57
822000 57
823000 57
824000 57
825000 57
826000 57
827000 57
828000 57
829000 57
830000 57
831000 57
832000 57
833000 57
834000 57
835000 57
836000 57
837000 57
838000 57
839000 57
840000 57
841000 57
842000 57
843000 57
844000 57
845000 57
846000 57
847000 57
848000 57
849000 57
850000 57
851000 57
852000 57
853000 57
854000 57
855000 57
856000 57
857000 57
858000 57
859000 57
860000 57
861000 57
862000 57
863000 57
864000 57
865000 57
866000 58
867000 58
868000 58
869000 58
870000 58
871000 58
872000 58
873000 58
874000 58
875000 59
876000 59
877000 59
878000 59
879000 59
880000 59
881000 59
882000 59
883000 59
884000 60
885000 60
886000 60
887000 60
888000 60
889000 60
890000 60
891000 60
892000 60
893000 60
894000 60
895000 60
896000 61
897000 61
898000 61
899000 61
900000 61
901000 61
902000 61
903000 61
904000 61
905000 62
906000 62
907000 62
908000 62
909000 62
910000 62
911000 62
912000 63
913000 63
914000 63
915000 63
916000 63
917000 63
918000 63
919000 63
920000 63
921000 64
922000 64
923000 64
924000 64
925000 64
926000 64
927000 64
928000 65
929000 65
930000 65
931000 65
932000 65
933000 65
934000 65
935000 65
936000 65
937000 65
938000 65
939000 66
940000 66
941000 66
942000 66
943000 66
944000 66
945000 66
946000 66
947000 67
948000 67
949000 67
950000 67
951000 67
952000 67
953000 67
954000 67
955000 67
956000 68
957000 68
958000 68
959000 68
960000 68
961000 68
962000 68
963000 68
964000 68
965000 68
966000 68
967000 68
968000 68
969000 68
970000 68
971000 68
972000 68
973000 68
974000 68
975000 68
976000 68
977000 68
978000 68
979000 68
980000 68
981000 68
982000 68
983000 68
984000 68
985000 68
986000 68
987000 68
988000 68
989000 68
990000 68
991000 68
992000 68
993000 68
994000 68
995000 68
996000 68
997000 68
998000 68
999000 68
1000000 68
1001000 68
1002000 68
1003000 68
1004000 68
1005000 68
1006000 68
1007000 68
1008000 68
1009000 68
1010000 68
1011000 68
1012000 68
1013000 68
1014000 68
1015000 68
1016000 68
1017000 68
1018000 68
1019000 68
1020000 68
1021000 68
1022000 68
1023000 68
1024000 68
1025000 68
1026000 68
1027000 68
1028000 68
1029000 68
1030000 68
1031000 68
1032000 68
1033000 68
1034000 68
1035000 68
1036000 68
1037000 68
1038000 68
1039000 68
1040000 68
1041000 68
1042000 68
1043000 68
1044000 68
1045000 68
1046000 68
1047000 68
1048000 68
1049000 68
1050000 68
1051000 68
1052000 68
1053000 68
1054000 68
1055000 68
1056000 68
1057000 68
1058000 68
1059000 68
1060000 68
1061000 68
1062000 68
1063000 68
1064000 68
1065000 68
1066000 68
1067000 68
1068000 68
1069000 68
1070000 68
1071000 68
1072000 68
1073000 68
1074000 68
1075000 68
1076000 68
1077000 68
1078000 68
1079000 68
1080000 68
1081000 68
1082000 68
1083000 68
1084000 68
1085000 68
1086000 68
1087000 68
1088000 68
1089000 68
1090000 68
1091000 68
1092000 68
1093000 68
1094000 68
1095000 68
1096000 68
1097000 68
1098000 68
1099000 68
1100000 68
1101000 68
1102000 68
1103000 68
1104000 68
1105000 68
1106000 68
1107000 68
1108000 68
1109000 68
1110000 68
1111000 68
1112000 68
1113000 68
1114000 69
1115000 69
1116000 69
1117000 69
1118000 69
1119000 69
1120000 69
1121000 69
1122000 70
1123000 70
1124000 70
1125000 70
1126000 70
1127000 70
1128000 70
1129000 70
1130000 71
1131000 71
1132000 71
1133000 71
1134000 71
1135000 71
1136000 72
1137000 72
1138000 72
1139000 72
1140000 72
1141000 72
1142000 73
1143000 73
1144000 73
1145000 73
1146000 73
1147000 73
1148000 73
1149000 73
1150000 74
1151000 74
1152000 74
1153000 74
1154000 74
1155000 74
1156000 74
1157000 74
1158000 74
1159000 75
1160000 75
1161000 75
1162000 75
1163000 75
1164000 75
1165000 75
1166000 75
1167000 75
1168000 76
1169000 76
1170000 76
1171000 76
1172000 76
1173000 76
1174000 76
1175000 76
1176000 77
1177000 77
1178000 77
1179000 77
1180000 77
1181000 77
1182000 77
1183000 77
1184000 77
1185000 77
1186000 77
1187000 77
1188000 78
1189000 78
1190000 78
1191000 78
1192000 78
1193000 78
1194000 78
1195000 78
1196000 79
1197000 79
1198000 79
1199000 79
1200000 79
1201000 79
1202000 79
1203000 79
1204000 79
1205000 79
1206000 79
1207000 79
1208000 80
1209000 80
1210000 80
1211000 80
1212000 80
1213000 80
1214000 80
1215000 80
1216000 80
1217000 80
1218000 80
1219000 80
1220000 80
1221000 81
1222000 81
1223000 81
1224000 81
1225000 81
1226000 81
1227000 81
1228000 81
1229000 81
1230000 81
1231000 82
1232000 82
1233000 82
1234000 82
1235000 82
1236000 82
1237000 82
1238000 82
1239000 82
1240000 82
1241000 82
1242000 82
1243000 82
1244000 82
1245000 83
1246000 83
1247000 83
1248000 83
1249000 83
1250000 83
1251000 83
1252000 83
1253000 83
1254000 83
1255000 83
1256000 83
1257000 83
1258000 83
1259000 83
1260000 83
1261000 84
1262000 84
1263000 84
1264000 84
1265000 84
1266000 84
1267000 84
1268000 84
1269000 84
1270000 85
1271000 85
1272000 85
1273000 85
1274000 85
1275000 86
1276000 86
1277000 86
1278000 86
1279000 86
1280000 86
1281000 87
1282000 87
1283000 87
1284000 87
1285000 87
1286000 87
1287000 88
1288000 88
1289000 88
1290000 88
1291000 88
1292000 88
1293000 89
1294000 89
1295000 89
1296000 89
1297000 89
1298000 89
1299000 89
1300000 90
1301000 90
1302000 90
1303000 90
1304000 90
1305000 90
1306000 90
1307000 90
1308000 90
1309000 91
1310000 91
1311000 91
1312000 91
1313000 91
1314000 91
1315000 92
1316000 92
1317000 92
1318000 92
1319000 92
1320000 92
1321000 93
1322000 93
1323000 93
1324000 93
1325000 93
1326000 93
1327000 94
1328000 94
1329000 94
1330000 94
1331000 94
1332000 94
1333000 94
1334000 95
1335000 95
1336000 95
1337000 95
1338000 95
1339000 95
1340000 95
1341000 95
1342000 95
1343000 95
1344000 95
1345000 96
1346000 96
1347000 96
1348000 96
1349000 96
1350000 96
1351000 96
1352000 96
1353000 96
1354000 96
1355000 96
1356000 97
1357000 97
1358000 97
1359000 97
1360000 97
1361000 97
1362000 98
1363000 98
1364000 98
1365000 98
1366000 98
1367000 98
1368000 98
1369000 99
1370000 99
1371000 99
1372000 99
1373000 99
1374000 99
1375000 100
1376000 100
1377000 100
1378000 100
1379000 100
1380000 100
1381000 101
1382000 101
1383000 101
1384000 101
1385000 101
1386000 101
1387000 102
1388000 102
1389000 102
1390000 102
1391000 102
1392000 102
1393000 102
1394000 102
1395000 102
1396000 103
1397000 103
1398000 103
1399000 103
1400000 103
1401000 103
1402000 104
1403000 104
1404000 104
1405000 104
1406000 104
1407000 104
1408000 104
1409000 105
1410000 105
1411000 105
1412000 105
1413000 105
1414000 105
1415000 106
1416000 106
1417000 106
1418000 106
1419000 106
1420000 106
1421000 106
1422000 106
1423000 106
1424000 107
1425000 107
1426000 107
1427000 107
1428000 107
1429000 107
1430000 108
1431000 108
1432000 108
1433000 108
1434000 108
1435000 108
1436000 108
1437000 108
1438000 109
1439000 109
1440000 109
1441000 109
1442000 109
1443000 109
1444000 109
1445000 110
1446000 110
1447000 110
1448000 110
1449000 110
1450000 111
1451000 111
1452000 111
1453000 111
1454000 111
1455000 111
1456000 111
1457000 112
1458000 112
1459000 112
1460000 112
1461000 112
1462000 112
1463000 112
1464000 112
1465000 112
1466000 112
1467000 112
1468000 112
1469000 113
1470000 113
1471000 113
1472000 113
1473000 113
1474000 113
1475000 113
1476000 114
1477000 114
1478000 114
1479000 114
1480000 114
1481000 114
1482000 115
1483000 115
1484000 115
1485000 115
1486000 115
1487000 116
1488000 116
1489000 116
1490000 116
1491000 116
1492000 116
1493000 117
1494000 117
1495000 117
1496000 117
1497000 117
1498000 117
1499000 117
1500000 118
1501000 118
1502000 118
1503000 118
1504000 118
1505000 118
1506000 119
1507000 119
1508000 119
1509000 119
1510000 119
1511000 119
1512000 119
1513000 119
1514000 120
1515000 120
1516000 120
1517000 120
1518000 120
1519000 120
1520000 121
1521000 121
1522000 121
1523000 121
1524000 121
1525000 121
1526000 122
1527000 122
1528000 122
1529000 122
1530000 122
1531000 123
1532000 123
1533000 123
1534000 123
1535000 123
1536000 123
1537000 123
1538000 124
1539000 124
1540000 124
1541000 124
1542000 124
1543000 125
1544000 125
1545000 125
1546000 125
1547000 125
1548000 125
1549000 126
1550000 126
1551000 126
1552000 126
1553000 126
1554000 126
1555000 127
1556000 127
1557000 127
1558000 127
1559000 127
1560000 128
1561000 128
1562000 128
1563000 128
1564000 128
1565000 129
1566000 129
1567000 129
1568000 129
1569000 129
1570000 129
1571000 130
1572000 130
1573000 130
1574000 130
1575000 130
1576000 130
1577000 131
1578000 131
1579000 131
1580000 131
1581000 131
1582000 131
1583000 131
1584000 131
1585000 132
1586000 132
1587000 132
1588000 132
1589000 132
1590000 132
1591000 133
1592000 133
1593000 133
1594000 133
1595000 133
1596000 134
1597000 134
1598000 134
1599000 134
1600000 134
1601000 134
1602000 134
1603000 135
1604000 135
1605000 135
1606000 135
1607000 135
1608000 136
1609000 136
1610000 136
1611000 136
1612000 136
1613000 137
1614000 137
1615000 137
1616000 137
1617000 137
1618000 137
1619000 138
1620000 138
1621000 138
1622000 138
1623000 138
1624000 138
1625000 139
1626000 139
1627000 139
1628000 139
1629000 139
1630000 140
1631000 140
1632000 140
1633000 140
1634000 140
1635000 141
1636000 141
1637000 141
1638000 141
1639000 141
1640000 141
1641000 142
1642000 142
1643000 142
1644000 142
1645000 142
1646000 143
1647000 143
1648000 143
1649000 143
1650000 143
1651000 144
1652000 144
1653000 144
1654000 144
1655000 144
1656000 144
1657000 145
1658000 145
1659000 145
1660000 145
1661000 145
1662000 145
1663000 146
1664000 146
1665000 146
1666000 146
1667000 146
1668000 146
1669000 146
1670000 146
1671000 146
1672000 146
1673000 146
1674000 146
1675000 146
1676000 146
1677000 146
1678000 146
1679000 146
1680000 146
1681000 146
1682000 146
1683000 147
1684000 147
1685000 147
1686000 147
1687000 147
1688000 147
1689000 148
1690000 148
1691000 148
1692000 148
1693000 148
1694000 149
1695000 149
1696000 149
1697000 149
1698000 149
1699000 149
1700000 149
1701000 150
1702000 150
1703000 150
1704000 150
1705000 150
1706000 150
1707000 151
1708000 151
1709000 151
1710000 151
1711000 151
1712000 152
1713000 152
1714000 152
1715000 152
1716000 152
1717000 152
1718000 152
1719000 153
1720000 153
1721000 153
1722000 153
1723000 153
1724000 153
1725000 154
1726000 154
1727000 154
1728000 154
1729000 154
1730000 154
1731000 155
1732000 155
1733000 155
1734000 155
1735000 155
1736000 155
1737000 156
1738000 156
1739000 156
1740000 156
1741000 156
1742000 156
1743000 157
1744000 157
1745000 157
1746000 157
1747000 157
1748000 158
1749000 158
1750000 158
1751000 158
1752000 158
1753000 159
1754000 159
1755000 159
1756000 159
1757000 159
1758000 159
1759000 160
1760000 160
1761000 160
1762000 160
1763000 160
1764000 160
1765000 161
1766000 161
1767000 161
1768000 161
1769000 161
1770000 161
1771000 162
1772000 162
1773000 162
1774000 162
1775000 162
1776000 162
1777000 163
1778000 163
1779000 163
1780000 163
1781000 163
1782000 163
1783000 164
1784000 164
1785000 164
1786000 164
1787000 164
1788000 164
1789000 164
1790000 165
1791000 165
1792000 165
1793000 165
1794000 165
1795000 165
1796000 166
1797000 166
1798000 166
1799000 166
1800000 166
1801000 166
1802000 167
1803000 167
1804000 167
1805000 167
1806000 167
1807000 167
1808000 168
1809000 168
1810000 168
1811000 168
1812000 168
1813000 168
1814000 168
1815000 169
1816000 169
1817000 169
1818000 169
1819000 169
1820000 169
1821000 170
1822000 170
1823000 170
1824000 170
1825000 170
1826000 170
1827000 171
1828000 171
1829000 171
1830000 171
1831000 171
1832000 171
1833000 172
1834000 172
1835000 172
1836000 172
1837000 172
1838000 172
1839000 173
1840000 173
1841000 173
1842000 173
1843000 173
1844000 173
1845000 173
1846000 174
1847000 174
1848000 174
1849000 174
1850000 174
1851000 174
1852000 175
1853000 175
1854000 175
1855000 175
1856000 175
1857000 175
1858000 176
1859000 176
1860000 176
1861000 176
1862000 176
1863000 176
1864000 177
1865000 177
1866000 177
1867000 177
1868000 177
1869000 177
1870000 178
1871000 178
1872000 178
1873000 178
1874000 178
1875000 178
1876000 179
1877000 179
1878000 179
1879000 179
1880000 179
1881000 179
1882000 179
1883000 179
1884000 180
1885000 180
1886000 180
1887000 180
1888000 180
1889000 180
1890000 181
1891000 181
1892000 181
1893000 181
1894000 181
1895000 181
1896000 182
1897000 182
1898000 182
1899000 182
1900000 182
1901000 182
1902000 183
1903000 183
1904000 183
1905000 183
1906000 183
1907000 184
1908000 184
1909000 184
1910000 184
1911000 184
1912000 184
1913000 185
1914000 185
1915000 185
1916000 185
1917000 185
1918000 185
1919000 186
1920000 186
1921000 186
1922000 186
1923000 186
1924000 186
1925000 186
1926000 187
1927000 187
1928000 187
1929000 187
1930000 187
1931000 187
1932000 188
1933000 188
1934000 188
1935000 188
1936000 188
1937000 189
1938000 189
1939000 189
1940000 189
1941000 189
1942000 189
1943000 190
1944000 190
1945000 190
1946000 190
1947000 190
1948000 190
1949000 191
1950000 191
1951000 191
1952000 191
1953000 191
1954000 192
1955000 192
1956000 192
1957000 192
1958000 192
1959000 192
1960000 193
1961000 193
1962000 193
1963000 193
1964000 193
1965000 194
1966000 194
1967000 194
1968000 194
1969000 194
1970000 194
1971000 194
1972000 195
1973000 195
1974000 195
1975000 195
1976000 195
1977000 195
1978000 196
1979000 196
1980000 196
1981000 196
1982000 196
1983000 196
1984000 196
1985000 197
1986000 197
1987000 197
1988000 197
1989000 197
1990000 197
1991000 198
1992000 198
1993000 198
1994000 198
1995000 198
1996000 198
1997000 199
1998000 199
1999000 199
2000000 199
2001000 199
2002000 199
2003000 200
2004000 200
2005000 200
2006000 200
2007000 200
2008000 200
2009000 201
2010000 201
2011000 201
2012000 201
2013000 201
2014000 201
2015000 202
2016000 202
2017000 202
2018000 202
2019000 202
2020000 203
2021000 203
2022000 203
2023000 203
2024000 203
2025000 204
2026000 204
2027000 204
2028000 204
2029000 204
2030000 205
2031000 205
2032000 205
2033000 205
2034000 205
2035000 205
2036000 205
2037000 206
2038000 206
2039000 206
2040000 206
2041000 206
2042000 207
2043000 207
2044000 207
2045000 207
2046000 207
2047000 207
2048000 208
2049000 208
2050000 208
2051000 208
2052000 208
2053000 209
2054000 209
2055000 209
2056000 209
2057000 209
2058000 210
2059000 210
2060000 210
2061000 210
2062000 210
2063000 211
2064000 211
2065000 211
2066000 211
2067000 211
2068000 211
2069000 212
2070000 212
2071000 212
2072000 212
2073000 212
2074000 212
2075000 213
2076000 213
2077000 213
2078000 213
2079000 213
2080000 213
2081000 214
2082000 214
2083000 214
2084000 214
2085000 214
2086000 214
2087000 215
2088000 215
2089000 215
2090000 215
2091000 215
2092000 215
2093000 215
2094000 215
2095000 216
2096000 216
2097000 216
2098000 216
2099000 216
2100000 217
2101000 217
2102000 217
2103000 217
2104000 217
2105000 217
2106000 217
2107000 218
2108000 218
2109000 218
2110000 218
2111000 218
2112000 218
2113000 219
2114000 219
2115000 219
2116000 219
2117000 219
2118000 219
2119000 219
2120000 219
2121000 220
2122000 220
2123000 220
2124000 220
2125000 220
2126000 220
2127000 221
2128000 221
2129000 221
2130000 221
2131000 221
2132000 221
2133000 221
2134000 222
2135000 222
2136000 222
2137000 222
2138000 222
2139000 223
2140000 223
2141000 223
2142000 223
2143000 223
2144000 223
2145000 224
2146000 224
2147000 224
2148000 224
2149000 224
2150000 225
2151000 225
2152000 225
2153000 225
2154000 225
2155000 225
2156000 225
2157000 226
2158000 226
2159000 226
2160000 226
2161000 226
2162000 227
2163000 227
2164000 227
2165000 227
2166000 227
2167000 227
2168000 228
2169000 228
2170000 228
2171000 228
2172000 228
2173000 228
2174000 229
2175000 229
2176000 229
2177000 229
2178000 229
2179000 229
2180000 230
2181000 230
2182000 230
2183000 230
2184000 230
2185000 230
2186000 231
2187000 231
2188000 231
2189000 231
2190000 231
2191000 231
2192000 232
2193000 232
2194000 232
2195000 232
2196000 232
2197000 232
2198000 232
2199000 233
2200000 233
2201000 233
2202000 233
2203000 233
2204000 233
2205000 234
2206000 234
2207000 234
2208000 234
2209000 234
2210000 234
2211000 235
2212000 235
2213000 235
2214000 235
2215000 235
2216000 235
2217000 236
2218000 236
2219000 236
2220000 236
2221000 236
2222000 236
2223000 237
2224000 237
2225000 237
2226000 237
2227000 237
2228000 237
2229000 238
2230000 238
2231000 238
2232000 238
2233000 238
2234000 238
2235000 239
2236000 239
2237000 239
2238000 239
2239000 239
2240000 239
2241000 240
2242000 240
2243000 240
2244000 240
2245000 240
2246000 240
2247000 241
2248000 241
2249000 241
2250000 241
2251000 241
2252000 241
2253000 242
2254000 242
2255000 242
2256000 242
2257000 242
2258000 242
2259000 243
2260000 243
2261000 243
2262000 243
2263000 243
2264000 244
2265000 244
2266000 244
2267000 244
2268000 244
2269000 244
2270000 244
2271000 245
2272000 245
2273000 245
2274000 245
2275000 245
2276000 246
2277000 246
2278000 246
2279000 246
2280000 246
2281000 247
2282000 247
2283000 247
2284000 247
2285000 247
2286000 247
2287000 248
2288000 248
2289000 248
2290000 248
2291000 248
2292000 248
2293000 249
2294000 249
2295000 249
2296000 249
2297000 249
2298000 249
2299000 250
2300000 250
2301000 250
2302000 250
2303000 250
2304000 250
2305000 250
2306000 250
2307000 251
2308000 251
2309000 251
2310000 251
2311000 251
2312000 252
2313000 252
2314000 252
2315000 252
2316000 252
2317000 252
2318000 253
2319000 253
2320000 253
2321000 253
2322000 253
2323000 253
2324000 254
2325000 254
2326000 254
2327000 254
2328000 254
2329000 254
2330000 255
2331000 255
2332000 255
2333000 255
2334000 255
2335000 255
2336000 255
2337000 256
2338000 256
2339000 256
2340000 256
2341000 256
2342000 256
2343000 257
2344000 257
2345000 257
2346000 257
2347000 257
2348000 257
2349000 257
2350000 258
2351000 258
2352000 258
2353000 258
2354000 258
2355000 258
2356000 258
2357000 259
2358000 259
2359000 259
2360000 259
2361000 259
2362000 259
2363000 260
2364000 260
2365000 260
2366000 260
2367000 260
2368000 260
2369000 261
2370000 261
2371000 261
2372000 261
2373000 261
2374000 261
2375000 262
2376000 262
2377000 262
2378000 262
2379000 262
2380000 262
2381000 262
2382000 263
2383000 263
2384000 263
2385000 263
2386000 263
2387000 264
2388000 264
2389000 264
2390000 264
2391000 264
2392000 265
2393000 265
2394000 265
2395000 265
2396000 265
2397000 265
2398000 265
2399000 266
2400000 266
2401000 266
2402000 266
2403000 266
2404000 266
2405000 267
2406000 267
2407000 267
2408000 267
2409000 267
2410000 267
2411000 268
2412000 268
2413000 268
2414000 268
2415000 268
2416000 268
2417000 269
2418000 269
2419000 269
2420000 269
2421000 269
2422000 269
2423000 269
2424000 270
2425000 270
2426000 270
2427000 270
2428000 270
2429000 271
2430000 271
2431000 271
2432000 271
2433000 271
2434000 271
2435000 271
2436000 272
2437000 272
2438000 272
2439000 272
2440000 272
2441000 272
2442000 273
2443000 273
2444000 273
2445000 273
2446000 273
2447000 273
2448000 274
2449000 274
2450000 274
2451000 274
2452000 274
2453000 275
2454000 275
2455000 275
2456000 275
2457000 275
2458000 276
2459000 276
2460000 276
2461000 276
2462000 276
2463000 276
2464000 276
2465000 277
2466000 277
2467000 277
2468000 277
2469000 277
2470000 277
2471000 278
2472000 278
2473000 278
2474000 278
2475000 278
2476000 278
2477000 279
2478000 279
2479000 279
2480000 279
2481000 279
2482000 279
2483000 280
2484000 280
2485000 280
2486000 280
2487000 280
2488000 280
2489000 280
2490000 281
2491000 281
2492000 281
2493000 281
2494000 281
2495000 282
2496000 282
2497000 282
2498000 282
2499000 282
2500000 282
2501000 283
2502000 283
2503000 283
2504000 283
2505000 283
2506000 284
2507000 284
2508000 284
2509000 284
2510000 284
2511000 285
2512000 285
2513000 285
2514000 285
2515000 285
2516000 285
2517000 286
2518000 286
2519000 286
2520000 286
2521000 286
2522000 286
2523000 287
2524000 287
2525000 287
2526000 287
2527000 287
2528000 288
2529000 288
2530000 288
2531000 288
2532000 288
2533000 288
2534000 289
2535000 289
2536000 289
2537000 289
2538000 289
2539000 289
2540000 290
2541000 290
2542000 290
2543000 290
2544000 290
2545000 290
2546000 291
2547000 291
2548000 291
2549000 291
2550000 291
2551000 291
2552000 292
2553000 292
2554000 292
2555000 292
2556000 292
2557000 293
2558000 293
2559000 293
2560000 293
2561000 293
2562000 293
2563000 294
2564000 294
2565000 294
2566000 294
2567000 294
2568000 294
2569000 295
2570000 295
2571000 295
2572000 295
2573000 295
2574000 295
2575000 295
2576000 296
2577000 296
2578000 296
2579000 296
2580000 296
2581000 297
2582000 297
2583000 297
2584000 297
2585000 297
2586000 297
2587000 297
2588000 297
2589000 298
2590000 298
2591000 298
2592000 298
2593000 298
2594000 298
2595000 299
2596000 299
2597000 299
2598000 299
2599000 299
2600000 299
2601000 300
2602000 300
2603000 300
2604000 300
2605000 300
2606000 300
2607000 301
2608000 301
2609000 301
2610000 301
2611000 301
2612000 301
2613000 301
2614000 302
2615000 302
2616000 302
2617000 302
2618000 302
2619000 303
2620000 303
2621000 303
2622000 303
2623000 303
2624000 303
2625000 303
2626000 304
2627000 304
2628000 304
2629000 304
2630000 304
2631000 304
2632000 304
2633000 305
2634000 305
2635000 305
2636000 305
2637000 305
2638000 305
2639000 306
2640000 306
2641000 306
2642000 306
2643000 306
2644000 307
2645000 307
2646000 307
2647000 307
2648000 307
2649000 307
2650000 308
2651000 308
2652000 308
2653000 308
2654000 308
2655000 309
2656000 309
2657000 309
2658000 309
2659000 309
2660000 309
2661000 310
2662000 310
2663000 310
2664000 310
2665000 310
2666000 310
2667000 311
2668000 311
2669000 311
2670000 311
2671000 311
2672000 311
2673000 312
2674000 312
2675000 312
2676000 312
2677000 312
2678000 312
2679000 312
2680000 313
2681000 313
2682000 313
2683000 313
2684000 313
2685000 313
2686000 313
2687000 314
2688000 314
2689000 314
2690000 314
2691000 314
2692000 314
2693000 314
2694000 314
2695000 315
2696000 315
2697000 315
2698000 315
2699000 315
2700000 315
2701000 316
2702000 316
2703000 316
2704000 316
2705000 316
2706000 316
2707000 317
2708000 317
2709000 317
2710000 317
2711000 317
2712000 317
2713000 318
2714000 318
2715000 318
2716000 318
2717000 318
2718000 318
2719000 318
2720000 319
2721000 319
2722000 319
2723000 319
2724000 319
2725000 319
2726000 320
2727000 320
2728000 320
2729000 320
2730000 320
2731000 320
2732000 321
2733000 321
2734000 321
2735000 321
2736000 321
2737000 321
2738000 321
2739000 322
2740000 322
2741000 322
2742000 322
2743000 322
2744000 322
2745000 323
2746000 323
2747000 323
2748000 323
2749000 323
2750000 323
2751000 323
2752000 324
2753000 324
2754000 324
2755000 324
2756000 324
2757000 325
2758000 325
2759000 325
2760000 325
2761000 325
2762000 325
2763000 326
2764000 326
2765000 326
2766000 326
2767000 326
2768000 326
2769000 327
2770000 327
2771000 327
2772000 327
2773000 327
2774000 327
2775000 328
2776000 328
2777000 328
2778000 328
2779000 328
2780000 328
2781000 329
2782000 329
2783000 329
2784000 329
2785000 329
2786000 329
2787000 330
2788000 330
2789000 330
2790000 330
2791000 330
2792000 330
2793000 331
2794000 331
2795000 331
2796000 331
2797000 331
2798000 331
2799000 332
2800000 332
2801000 332
2802000 332
2803000 332
2804000 332
2805000 333
2806000 333
2807000 333
2808000 333
2809000 333
2810000 333
2811000 334
2812000 334
2813000 334
2814000 334
2815000 334
2816000 335
2817000 335
2818000 335
2819000 335
2820000 335
2821000 336
2822000 336
2823000 336
2824000 336
2825000 336
2826000 336
2827000 336
2828000 337
2829000 337
2830000 337
2831000 337
2832000 337
2833000 337
2834000 338
2835000 338
2836000 338
2837000 338
2838000 338
2839000 338
2840000 338
2841000 339
2842000 339
2843000 339
2844000 339
2845000 339
2846000 340
2847000 340
2848000 340
2849000 340
2850000 340
2851000 341
2852000 341
2853000 341
2854000 341
2855000 341
2856000 342
2857000 342
2858000 342
2859000 342
2860000 342
2861000 342
2862000 343
2863000 343
2864000 343
2865000 343
2866000 343
2867000 343
2868000 344
2869000 344
2870000 344
2871000 344
2872000 344
2873000 344
2874000 344
2875000 345
2876000 345
2877000 345
2878000 345
2879000 345
2880000 345
2881000 345
2882000 346
2883000 346
2884000 346
2885000 346
2886000 346
2887000 346
2888000 346
2889000 347
2890000 347
2891000 347
2892000 347
2893000 347
2894000 347
2895000 347
2896000 348
2897000 348
2898000 348
2899000 348
2900000 348
2901000 348
2902000 348
2903000 349
2904000 349
2905000 349
2906000 349
2907000 349
2908000 349
2909000 350
2910000 350
2911000 350
2912000 350
2913000 350
2914000 351
2915000 351
2916000 351
2917000 351
2918000 351
2919000 351
2920000 352
2921000 352
2922000 352
2923000 352
2924000 352
2925000 352
2926000 353
2927000 353
2928000 353
2929000 353
2930000 353
2931000 353
2932000 354
2933000 354
2934000 354
2935000 354
2936000 354
2937000 354
2938000 354
2939000 355
2940000 355
2941000 355
2942000 355
2943000 355
2944000 355
2945000 356
2946000 356
2947000 356
2948000 356
2949000 356
2950000 356
2951000 357
2952000 357
2953000 357
2954000 357
2955000 357
2956000 358
2957000 358
2958000 358
2959000 358
2960000 358
2961000 358
2962000 359
2963000 359
2964000 359
2965000 359
2966000 359
2967000 359
2968000 360
2969000 360
2970000 360
2971000 360
2972000 360
2973000 360
2974000 360
2975000 361
2976000 361
2977000 361
2978000 361
2979000 361
2980000 361
2981000 362
2982000 362
2983000 362
2984000 362
2985000 362
2986000 362
2987000 362
2988000 363
2989000 363
2990000 363
2991000 363
2992000 363
2993000 363
2994000 363
2995000 364
2996000 364
2997000 364
2998000 364
2999000 364
3000000 364
3001000 365
3002000 365
3003000 365
3004000 365
3005000 365
3006000 365
3007000 366
3008000 366
3009000 366
3010000 366
3011000 366
3012000 367
3013000 367
3014000 367
3015000 367
3016000 367
3017000 367
3018000 368
3019000 368
3020000 368
3021000 368
3022000 368
3023000 368
3024000 369
3025000 369
3026000 369
3027000 369
3028000 369
3029000 369
3030000 369
3031000 370
3032000 370
3033000 370
3034000 370
3035000 370
3036000 370
3037000 370
3038000 371
3039000 371
3040000 371
3041000 371
3042000 371
3043000 371
3044000 372
3045000 372
3046000 372
3047000 372
3048000 372
3049000 372
3050000 372
3051000 373
3052000 373
3053000 373
3054000 373
3055000 373
3056000 373
3057000 373
3058000 374
3059000 374
3060000 374
3061000 374
3062000 374
3063000 374
3064000 374
3065000 374
3066000 375
3067000 375
3068000 375
3069000 375
3070000 375
3071000 375
3072000 375
3073000 376
3074000 376
3075000 376
3076000 376
3077000 376
3078000 376
3079000 377
3080000 377
3081000 377
3082000 377
3083000 377
3084000 377
3085000 378
3086000 378
3087000 378
3088000 378
3089000 378
3090000 378
3091000 379
3092000 379
3093000 379
3094000 379
3095000 379
3096000 380
3097000 380
3098000 380
3099000 380
3100000 380
3101000 380
3102000 381
3103000 381
3104000 381
3105000 381
3106000 381
3107000 381
3108000 382
3109000 382
3110000 382
3111000 382
3112000 382
3113000 383
3114000 383
3115000 383
3116000 383
3117000 383
3118000 383
3119000 384
3120000 384
3121000 384
3122000 384
3123000 384
3124000 384
3125000 384
3126000 385
3127000 385
3128000 385
3129000 385
3130000 385
3131000 386
3132000 386
3133000 386
3134000 386
3135000 386
3136000 386
3137000 387
3138000 387
3139000 387
3140000 387
3141000 387
3142000 387
3143000 388
3144000 388
3145000 388
3146000 388
3147000 388
3148000 388
3149000 388
3150000 389
3151000 389
3152000 389
3153000 389
3154000 389
3155000 389
3156000 389
3157000 389
3158000 390
3159000 390
3160000 390
3161000 390
3162000 390
3163000 390
3164000 391
3165000 391
3166000 391
3167000 391
3168000 391
3169000 392
3170000 392
3171000 392
3172000 392
3173000 392
3174000 392
3175000 392
3176000 393
3177000 393
3178000 393
3179000 393
3180000 393
3181000 394
3182000 394
3183000 394
3184000 394
3185000 394
3186000 394
3187000 395
3188000 395
3189000 395
3190000 395
3191000 395
3192000 396
3193000 396
3194000 396
3195000 396
3196000 396
3197000 397
3198000 397
3199000 397
3200000 397
3201000 397
3202000 397
3203000 398
3204000 398
3205000 398
3206000 398
3207000 398
3208000 398
3209000 398
3210000 399
3211000 399
3212000 399
3213000 399
3214000 399
3215000 399
3216000 399
3217000 399
3218000 400
3219000 400
3220000 400
3221000 400
3222000 400
3223000 400
3224000 400
3225000 400
3226000 401
3227000 401
3228000 401
3229000 401
3230000 401
3231000 401
3232000 402
3233000 402
3234000 402
3235000 402
3236000 402
3237000 402
3238000 403
3239000 403
3240000 403
3241000 403
3242000 403
3243000 403
3244000 404
3245000 404
3246000 404
3247000 404
3248000 404
3249000 404
3250000 405
3251000 405
3252000 405
3253000 405
3254000 405
3255000 405
3256000 405
3257000 406
3258000 406
3259000 406
3260000 406
3261000 406
3262000 406
3263000 406
3264000 407
3265000 407
3266000 407
3267000 407
3268000 407
3269000 408
3270000 408
3271000 408
3272000 408
3273000 408
3274000 408
3275000 408
3276000 408
3277000 409
3278000 409
3279000 409
3280000 409
3281000 409
3282000 409
3283000 410
3284000 410
3285000 410
3286000 410
3287000 410
3288000 410
3289000 411
3290000 411
3291000 411
3292000 411
3293000 411
3294000 411
3295000 412
3296000 412
3297000 412
3298000 412
3299000 412
3300000 412
3301000 412
3302000 413
3303000 413
3304000 413
3305000 413
3306000 413
3307000 413
3308000 414
3309000 414
3310000 414
3311000 414
3312000 414
3313000 414
3314000 414
3315000 415
3316000 415
3317000 415
3318000 415
3319000 415
3320000 415
3321000 416
3322000 416
3323000 416
3324000 416
3325000 416
3326000 416
3327000 416
3328000 417
3329000 417
3330000 417
3331000 417
3332000 417
3333000 417
3334000 417
3335000 418
3336000 418
3337000 418
3338000 418
3339000 418
3340000 418
3341000 418
3342000 419
3343000 419
3344000 419
3345000 419
3346000 419
3347000 420
3348000 420
3349000 420
3350000 420
3351000 420
3352000 420
3353000 421
3354000 421
3355000 421
3356000 421
3357000 421
3358000 421
3359000 421
3360000 422
3361000 422
3362000 422
3363000 422
3364000 422
3365000 422
3366000 423
3367000 423
3368000 423
3369000 423
3370000 423
3371000 423
3372000 423
3373000 423
3374000 423
3375000 424
3376000 424
3377000 424
3378000 424
3379000 424
3380000 424
3381000 425
3382000 425
3383000 425
3384000 425
3385000 425
3386000 425
3387000 426
3388000 426
3389000 426
3390000 426
3391000 426
3392000 426
3393000 427
3394000 427
3395000 427
3396000 427
3397000 427
3398000 427
3399000 427
3400000 428
3401000 428
3402000 428
3403000 428
3404000 428
3405000 428
3406000 429
3407000 429
3408000 429
3409000 429
3410000 429
3411000 429
3412000 430
3413000 430
3414000 430
3415000 430
3416000 430
3417000 430
3418000 431
3419000 431
3420000 431
3421000 431
3422000 431
3423000 431
3424000 432
3425000 432
3426000 432
3427000 432
3428000 432
3429000 432
3430000 432
3431000 433
3432000 433
3433000 433
3434000 433
3435000 433
3436000 433
3437000 434
3438000 434
3439000 434
3440000 434
3441000 434
3442000 434
3443000 435
3444000 435
3445000 435
3446000 435
3447000 435
3448000 435
3449000 436
3450000 436
3451000 436
3452000 436
3453000 436
3454000 436
3455000 437
3456000 437
3457000 437
3458000 437
3459000 437
3460000 437
3461000 438
3462000 438
3463000 438
3464000 438
3465000 438
3466000 438
3467000 439
3468000 439
3469000 439
3470000 439
3471000 439
3472000 439
3473000 440
3474000 440
3475000 440
3476000 440
3477000 440
3478000 440
3479000 441
3480000 441
3481000 441
3482000 441
3483000 441
3484000 441
3485000 442
3486000 442
3487000 442
3488000 442
3489000 442
3490000 442
3491000 443
3492000 443
3493000 443
3494000 443
3495000 443
3496000 443
3497000 444
3498000 444
3499000 444
3500000 444
3501000 444
3502000 444
3503000 444
3504000 445
3505000 445
3506000 445
3507000 445
3508000 445
3509000 445
3510000 446
3511000 446
3512000 446
3513000 446
3514000 446
3515000 446
3516000 446
3517000 447
3518000 447
3519000 447
3520000 447
3521000 447
3522000 447
3523000 448
3524000 448
3525000 448
3526000 448
3527000 448
3528000 449
3529000 449
3530000 449
3531000 449
3532000 449
3533000 449
3534000 450
3535000 450
3536000 450
3537000 450
3538000 450
3539000 451
3540000 451
3541000 451
3542000 451
3543000 451
3544000 452
3545000 452
3546000 452
3547000 452
3548000 452
3549000 452
3550000 453
3551000 453
3552000 453
3553000 453
3554000 453
3555000 454
3556000 454
3557000 454
3558000 454
3559000 454
3560000 455
3561000 455
3562000 455
3563000 455
3564000 455
3565000 455
3566000 455
3567000 456
3568000 456
3569000 456
3570000 456
3571000 456
3572000 456
3573000 457
3574000 457
3575000 457
3576000 457
3577000 457
3578000 457
3579000 458
3580000 458
3581000 458
3582000 458
3583000 458
3584000 458
3585000 459
3586000 459
3587000 459
3588000 459
3589000 459
3590000 459
3591000 459
3592000 460
3593000 460
3594000 460
3595000 460
3596000 460
3597000 460
3598000 461
3599000 461
3600000 461
3601000 461
3602000 461
3603000 461
3604000 462
3605000 462
3606000 462
3607000 462
3608000 462
3609000 462
3610000 463
3611000 463
3612000 463
3613000 463
3614000 463
3615000 463
3616000 464
3617000 464
3618000 464
3619000 464
3620000 464
3621000 464
3622000 465
3623000 465
3624000 465
3625000 465
3626000 465
3627000 465
3628000 465
3629000 465
3630000 466
3631000 466
3632000 466
3633000 466
3634000 466
3635000 466
3636000 467
3637000 467
3638000 467
3639000 467
3640000 467
3641000 467
3642000 468
3643000 468
3644000 468
3645000 468
3646000 468
3647000 468
3648000 469
3649000 469
3650000 469
3651000 469
3652000 469
3653000 469
3654000 469
3655000 470
3656000 470
3657000 470
3658000 470
3659000 470
3660000 470
3661000 470
3662000 471
3663000 471
3664000 471
3665000 471
3666000 471
3667000 471
3668000 472
3669000 472
3670000 472
3671000 472
3672000 472
3673000 472
3674000 472
3675000 473
3676000 473
3677000 473
3678000 473
3679000 473
3680000 473
3681000 473
3682000 473
3683000 473
3684000 473
3685000 474
3686000 474
3687000 474
3688000 474
3689000 474
3690000 474
3691000 475
3692000 475
3693000 475
3694000 475
3695000 475
3696000 475
3697000 476
3698000 476
3699000 476
3700000 476
3701000 476
3702000 476
3703000 477
3704000 477
3705000 477
3706000 477
3707000 477
3708000 477
3709000 478
3710000 478
3711000 478
3712000 478
3713000 478
3714000 478
3715000 478
3716000 479
3717000 479
3718000 479
3719000 479
3720000 479
3721000 480
3722000 480
3723000 480
3724000 480
3725000 480
3726000 480
3727000 480
3728000 480
3729000 480
3730000 481
3731000 481
3732000 481
3733000 481
3734000 481
3735000 481
3736000 481
3737000 481
3738000 482
3739000 482
3740000 482
3741000 482
3742000 482
3743000 482
3744000 483
3745000 483
3746000 483
3747000 483
3748000 483
3749000 483
3750000 483
3751000 483
3752000 484
3753000 484
3754000 484
3755000 484
3756000 484
3757000 485
3758000 485
3759000 485
3760000 485
3761000 485
3762000 485
3763000 486
3764000 486
3765000 486
3766000 486
3767000 486
3768000 486
3769000 487
3770000 487
3771000 487
3772000 487
3773000 487
3774000 487
3775000 488
3776000 488
3777000 488
3778000 488
3779000 488
3780000 489
3781000 489
3782000 489
3783000 489
3784000 489
3785000 489
3786000 490
3787000 490
3788000 490
3789000 490
3790000 490
3791000 490
3792000 491
3793000 491
3794000 491
3795000 491
3796000 491
3797000 491
3798000 492
3799000 492
3800000 492
3801000 492
3802000 492
3803000 492
3804000 493
3805000 493
3806000 493
3807000 493
3808000 493
3809000 493
3810000 494
3811000 494
3812000 494
3813000 494
3814000 494
3815000 494
3816000 495
3817000 495
3818000 495
3819000 495
3820000 495
3821000 495
3822000 496
3823000 496
3824000 496
3825000 496
3826000 496
3827000 496
3828000 497
3829000 497
3830000 497
3831000 497
3832000 497
3833000 497
3834000 498
3835000 498
3836000 498
3837000 498
3838000 498
3839000 498
3840000 498
3841000 499
3842000 499
3843000 499
3844000 499
3845000 499
3846000 499
3847000 500
3848000 500
3849000 500
3850000 500
3851000 500
3852000 500
3853000 500
3854000 501
3855000 501
3856000 501
3857000 501
3858000 501
3859000 502
3860000 502
3861000 502
3862000 502
3863000 502
3864000 503
3865000 503
3866000 503
3867000 503
3868000 503
3869000 503
3870000 503
3871000 504
3872000 504
3873000 504
3874000 504
3875000 504
3876000 504
3877000 504
3878000 504
3879000 505
3880000 505
3881000 505
3882000 505
3883000 505
3884000 505
3885000 505
3886000 506
3887000 506
3888000 506
3889000 506
3890000 506
3891000 506
3892000 506
3893000 507
3894000 507
3895000 507
3896000 507
3897000 507
3898000 507
3899000 508
3900000 508
3901000 508
3902000 508
3903000 508
3904000 508
3905000 508
3906000 509
3907000 509
3908000 509
3909000 509
3910000 509
3911000 509
3912000 510
3913000 510
3914000 510
3915000 510
3916000 510
3917000 510
3918000 511
3919000 511
3920000 511
3921000 511
3922000 511
3923000 511
3924000 511
3925000 512
3926000 512
3927000 512
3928000 512
3929000 512
3930000 512
3931000 512
3932000 513
3933000 513
3934000 513
3935000 513
3936000 513
3937000 513
3938000 513
3939000 514
3940000 514
3941000 514
3942000 514
3943000 514
3944000 514
3945000 515
3946000 515
3947000 515
3948000 515
3949000 515
3950000 515
3951000 515
3952000 516
3953000 516
3954000 516
3955000 516
3956000 516
3957000 516
3958000 517
3959000 517
3960000 517
3961000 517
3962000 517
3963000 517
3964000 518
3965000 518
3966000 518
3967000 518
3968000 518
3969000 518
3970000 519
3971000 519
3972000 519
3973000 519
3974000 519
3975000 519
3976000 520
3977000 520
3978000 520
3979000 520
3980000 520
3981000 520
3982000 521
3983000 521
3984000 521
3985000 521
3986000 521
3987000 522
3988000 522
3989000 522
3990000 522
3991000 522
3992000 523
3993000 523
3994000 523
3995000 523
3996000 523
3997000 524
3998000 524
3999000 524
4000000 524
4001000 524
4002000 524
4003000 524
4004000 524
4005000 525
4006000 525
4007000 525
4008000 525
4009000 525
4010000 525
4011000 526
4012000 526
4013000 526
4014000 526
4015000 526
4016000 526
4017000 527
4018000 527
4019000 527
4020000 527
4021000 527
4022000 528
4023000 528
4024000 528
4025000 528
4026000 528
4027000 528
4028000 528
4029000 529
4030000 529
4031000 529
4032000 529
4033000 529
4034000 529
4035000 530
4036000 530
4037000 530
4038000 530
4039000 530
4040000 530
4041000 531
4042000 531
4043000 531
4044000 531
4045000 531
4046000 531
4047000 532
4048000 532
4049000 532
4050000 532
4051000 532
4052000 532
4053000 533
4054000 533
4055000 533
4056000 533
4057000 533
4058000 533
4059000 533
4060000 534
4061000 534
4062000 534
4063000 534
4064000 534
4065000 534
4066000 534
4067000 535
4068000 535
4069000 535
4070000 535
4071000 535
4072000 535
4073000 536
4074000 536
4075000 536
4076000 536
4077000 536
4078000 536
4079000 537
4080000 537
4081000 537
4082000 537
4083000 537
4084000 537
4085000 537
4086000 537
4087000 537
4088000 537
4089000 537
4090000 537
4091000 537
4092000 538
4093000 538
4094000 538
4095000 538
4096000 538
4097000 538
4098000 538
4099000 538
4100000 538
4101000 538
4102000 538
4103000 538
4104000 538
4105000 538
4106000 538
4107000 538
4108000 538
4109000 538
4110000 538
4111000 538
4112000 538
4113000 538
4114000 538
4115000 538
4116000 538
4117000 538
4118000 538
4119000 538
4120000 538
4121000 538
4122000 538
4123000 538
4124000 538
4125000 538
4126000 538
4127000 538
4128000 538
4129000 538
4130000 538
4131000 538
4132000 538
4133000 538
4134000 538
4135000 538
4136000 538
4137000 538
4138000 538
4139000 538
4140000 538
4141000 538
4142000 538
4143000 538
4144000 538
4145000 538
4146000 538
4147000 538
4148000 538
4149000 538
4150000 538
4151000 538
4152000 538
4153000 538
4154000 538
4155000 538
4156000 538
4157000 538
4158000 538
4159000 538
4160000 538
4161000 538
4162000 538
4163000 538
4164000 538
4165000 538
4166000 538
4167000 538
4168000 538
4169000 538
4170000 538
4171000 538
4172000 538
4173000 538
4174000 538
4175000 538
4176000 538
4177000 538
4178000 538
4179000 538
4180000 538
4181000 538
4182000 538
4183000 538
4184000 538
4185000 538
4186000 538
4187000 538
4188000 538
4189000 538
4190000 538
4191000 538
4192000 538
4193000 538
4194000 538
4195000 538
4196000 538
4197000 538
4198000 538
4199000 538
4200000 538
4201000 538
4202000 538
4203000 538
4204000 538
4205000 538
4206000 538
4207000 538
4208000 538
4209000 538
4210000 538
4211000 538
4212000 538
4213000 538
4214000 538
4215000 538
4216000 538
4217000 538
4218000 538
4219000 538
4220000 538
4221000 538
4222000 538
4223000 538
4224000 538
4225000 538
4226000 538
4227000 538
4228000 538
4229000 538
4230000 538
4231000 538
4232000 538
4233000 538
4234000 538
4235000 538
4236000 538
4237000 538
4238000 538
4239000 538
4240000 538
4241000 538
4242000 538
4243000 538
4244000 538
4245000 538
4246000 538
4247000 538
4248000 539
4249000 539
4250000 539
4251000 539
4252000 539
4253000 539
4254000 540
4255000 540
4256000 540
4257000 540
4258000 540
4259000 540
4260000 540
4261000 540
4262000 541
4263000 541
4264000 541
4265000 541
4266000 541
4267000 542
4268000 542
4269000 542
4270000 542
4271000 542
4272000 542
4273000 543
4274000 543
4275000 543
4276000 543
4277000 543
4278000 543
4279000 543
4280000 544
4281000 544
4282000 544
4283000 544
4284000 544
4285000 544
4286000 545
4287000 545
4288000 545
4289000 545
4290000 545
4291000 545
4292000 545
4293000 546
4294000 546
4295000 546
4296000 546
4297000 546
4298000 546
4299000 547
4300000 547
4301000 547
4302000 547
4303000 547
4304000 547
4305000 547
4306000 548
4307000 548
4308000 548
4309000 548
4310000 548
4311000 549
4312000 549
4313000 549
4314000 549
4315000 549
4316000 550
4317000 550
4318000 550
4319000 550
4320000 550
4321000 550
4322000 551
4323000 551
4324000 551
4325000 551
4326000 551
4327000 552
4328000 552
4329000 552
4330000 552
4331000 552
4332000 552
4333000 553
4334000 553
4335000 553
4336000 553
4337000 553
4338000 553
4339000 554
4340000 554
4341000 554
4342000 554
4343000 554
4344000 554
4345000 554
4346000 555
4347000 555
4348000 555
4349000 555
4350000 555
4351000 555
4352000 555
4353000 556
4354000 556
4355000 556
4356000 556
4357000 556
4358000 556
4359000 557
4360000 557
4361000 557
4362000 557
4363000 557
4364000 557
4365000 558
4366000 558
4367000 558
4368000 558
4369000 558
4370000 559
4371000 559
4372000 559
4373000 559
4374000 559
4375000 559
4376000 560
4377000 560
4378000 560
4379000 560
4380000 560
4381000 560
4382000 561
4383000 561
4384000 561
4385000 561
4386000 561
4387000 561
4388000 562
4389000 562
4390000 562
4391000 562
4392000 562
4393000 563
4394000 563
4395000 563
4396000 563
4397000 563
4398000 563
4399000 564
4400000 564
4401000 564
4402000 564
4403000 564
4404000 564
4405000 565
4406000 565
4407000 565
4408000 565
4409000 565
4410000 566
4411000 566
4412000 566
4413000 566
4414000 566
4415000 566
4416000 567
4417000 567
4418000 567
4419000 567
4420000 567
4421000 567
4422000 568
4423000 568
4424000 568
4425000 568
4426000 568
4427000 569
4428000 569
4429000 569
4430000 569
4431000 569
4432000 569
4433000 569
4434000 570
4435000 570
4436000 570
4437000 570
4438000 570
4439000 571
4440000 571
4441000 571
4442000 571
4443000 571
4444000 571
4445000 572
4446000 572
4447000 572
4448000 572
4449000 572
4450000 573
4451000 573
4452000 573
4453000 573
4454000 573
4455000 574
4456000 574
4457000 574
4458000 574
4459000 574
4460000 574
4461000 575
4462000 575
4463000 575
4464000 575
4465000 575
4466000 575
4467000 576
4468000 576
4469000 576
4470000 576
4471000 576
4472000 576
4473000 577
4474000 577
4475000 577
4476000 577
4477000 577
4478000 577
4479000 577
4480000 578
4481000 578
4482000 578
4483000 578
4484000 578
4485000 578
4486000 579
4487000 579
4488000 579
4489000 579
4490000 579
4491000 579
4492000 580
4493000 580
4494000 580
4495000 580
4496000 580
4497000 580
4498000 581
4499000 581
4500000 581
4501000 581
4502000 581
4503000 581
4504000 582
4505000 582
4506000 582
4507000 582
4508000 582
4509000 582
4510000 582
4511000 583
4512000 583
4513000 583
4514000 583
4515000 583
4516000 583
4517000 583
4518000 583
4519000 584
4520000 584
4521000 584
4522000 584
4523000 584
4524000 584
4525000 585
4526000 585
4527000 585
4528000 585
4529000 585
4530000 586
4531000 586
4532000 586
4533000 586
4534000 586
4535000 586
4536000 587
4537000 587
4538000 587
4539000 587
4540000 587
4541000 588
4542000 588
4543000 588
4544000 588
4545000 588
4546000 588
4547000 589
4548000 589
4549000 589
4550000 589
4551000 589
4552000 589
4553000 590
4554000 590
4555000 590
4556000 590
4557000 590
4558000 590
4559000 591
4560000 591
4561000 591
4562000 591
4563000 591
4564000 591
4565000 592
4566000 592
4567000 592
4568000 592
4569000 592
4570000 592
4571000 592
4572000 593
4573000 593
4574000 593
4575000 593
4576000 593
4577000 593
4578000 594
4579000 594
4580000 594
4581000 594
4582000 594
4583000 594
4584000 594
4585000 595
4586000 595
4587000 595
4588000 595
4589000 595
4590000 595
4591000 595
4592000 596
4593000 596
4594000 596
4595000 596
4596000 596
4597000 596
4598000 597
4599000 597
4600000 597
4601000 597
4602000 597
4603000 597
4604000 598
4605000 598
4606000 598
4607000 598
4608000 598
4609000 598
4610000 599
4611000 599
4612000 599
4613000 599
4614000 599
4615000 599
4616000 600
4617000 600
4618000 600
4619000 600
4620000 600
4621000 600
4622000 601
4623000 601
4624000 601
4625000 601
4626000 601
4627000 601
4628000 602
4629000 602
4630000 602
4631000 602
4632000 602
4633000 602
4634000 602
4635000 603
4636000 603
4637000 603
4638000 603
4639000 603
4640000 603
4641000 604
4642000 604
4643000 604
4644000 604
4645000 604
4646000 604
4647000 604
4648000 604
4649000 605
4650000 605
4651000 605
4652000 605
4653000 605
4654000 605
4655000 605
4656000 606
4657000 606
4658000 606
4659000 606
4660000 606
4661000 606
4662000 607
4663000 607
4664000 607
4665000 607
4666000 607
4667000 607
4668000 607
4669000 608
4670000 608
4671000 608
4672000 608
4673000 608
4674000 609
4675000 609
4676000 609
4677000 609
4678000 609
4679000 610
4680000 610
4681000 610
4682000 610
4683000 610
4684000 610
4685000 611
4686000 611
4687000 611
4688000 611
4689000 611
4690000 611
4691000 611
4692000 612
4693000 612
4694000 612
4695000 612
4696000 612
4697000 612
4698000 613
4699000 613
4700000 613
4701000 613
4702000 613
4703000 613
4704000 614
4705000 614
4706000 614
4707000 614
4708000 614
4709000 614
4710000 615
4711000 615
4712000 615
4713000 615
4714000 615
4715000 615
4716000 615
4717000 616
4718000 616
4719000 616
4720000 616
4721000 616
4722000 616
4723000 616
4724000 617
4725000 617
4726000 617
4727000 617
4728000 617
4729000 618
4730000 618
4731000 618
4732000 618
4733000 618
4734000 619
4735000 619
4736000 619
4737000 619
4738000 619
4739000 619
4740000 620
4741000 620
4742000 620
4743000 620
4744000 620
4745000 621
4746000 621
4747000 621
4748000 621
4749000 621
4750000 622
4751000 622
4752000 622
4753000 622
4754000 622
4755000 622
4756000 622
4757000 623
4758000 623
4759000 623
4760000 623
4761000 623
4762000 623
4763000 623
4764000 624
4765000 624
4766000 624
4767000 624
4768000 624
4769000 624
4770000 625
4771000 625
4772000 625
4773000 625
4774000 625
4775000 625
4776000 626
4777000 626
4778000 626
4779000 626
4780000 626
4781000 626
4782000 627
4783000 627
4784000 627
4785000 627
4786000 627
4787000 627
4788000 628
4789000 628
4790000 628
4791000 628
4792000 628
4793000 629
4794000 629
4795000 629
4796000 629
4797000 629
4798000 629
4799000 630
4800000 630
4801000 630
4802000 630
4803000 630
4804000 630
4805000 631
4806000 631
4807000 631
4808000 631
4809000 631
4810000 631
4811000 631
4812000 632
4813000 632
4814000 632
4815000 632
4816000 632
4817000 632
4818000 633
4819000 633
4820000 633
4821000 633
4822000 633
4823000 633
4824000 634
4825000 634
4826000 634
4827000 634
4828000 634
4829000 634
4830000 635
4831000 635
4832000 635
4833000 635
4834000 635
4835000 636
4836000 636
4837000 636
4838000 636
4839000 636
4840000 637
4841000 637
4842000 637
4843000 637
4844000 637
4845000 638
4846000 638
4847000 638
4848000 638
4849000 638
4850000 638
4851000 639
4852000 639
4853000 639
4854000 639
4855000 639
4856000 639
4857000 640
4858000 640
4859000 640
4860000 640
4861000 640
4862000 640
4863000 641
4864000 641
4865000 641
4866000 641
4867000 641
4868000 641
4869000 642
4870000 642
4871000 642
4872000 642
4873000 642
4874000 642
4875000 643
4876000 643
4877000 643
4878000 643
4879000 643
4880000 643
4881000 644
4882000 644
4883000 644
4884000 644
4885000 644
4886000 644
4887000 645
4888000 645
4889000 645
4890000 645
4891000 645
4892000 645
4893000 646
4894000 646
4895000 646
4896000 646
4897000 646
4898000 647
4899000 647
4900000 647
4901000 647
4902000 647
4903000 648
4904000 648
4905000 648
4906000 648
4907000 648
4908000 648
4909000 649
4910000 649
4911000 649
4912000 649
4913000 649
4914000 650
4915000 650
4916000 650
4917000 650
4918000 650
4919000 650
4920000 651
4921000 651
4922000 651
4923000 651
4924000 651
4925000 651
4926000 652
4927000 652
4928000 652
4929000 652
4930000 652
4931000 652
4932000 653
4933000 653
4934000 653
4935000 653
4936000 653
4937000 653
4938000 653
4939000 653
4940000 654
4941000 654
4942000 654
4943000 654
4944000 654
4945000 655
4946000 655
4947000 655
4948000 655
4949000 655
4950000 656
4951000 656
4952000 656
4953000 656
4954000 656
4955000 656
4956000 656
4957000 656
4958000 656
4959000 657
4960000 657
4961000 657
4962000 657
4963000 657
4964000 658
4965000 658
4966000 658
4967000 658
4968000 658
4969000 659
4970000 659
4971000 659
4972000 659
4973000 659
4974000 660
4975000 660
4976000 660
4977000 660
4978000 660
4979000 660
4980000 661
4981000 661
4982000 661
4983000 661
4984000 661
4985000 661
4986000 662
4987000 662
4988000 662
4989000 662
4990000 662
4991000 662
4992000 663
4993000 663
4994000 663
4995000 663
4996000 663
4997000 663
4998000 664
4999000 664
5000000 664
