0 0
1000 0
2000 0
3000 0
4000 0
5000 0
6000 0
7000 0
8000 0
9000 1
10000 1
11000 1
12000 1
13000 1
14000 1
15000 1
16000 1
17000 2
18000 2
19000 2
20000 2
21000 2
22000 2
23000 2
24000 3
25000 3
26000 3
27000 3
28000 3
29000 3
30000 3
31000 3
32000 3
33000 4
34000 4
35000 4
36000 4
37000 4
38000 4
39000 5
40000 5
41000 5
42000 5
43000 5
44000 5
45000 5
46000 5
47000 5
48000 6
49000 6
50000 6
51000 6
52000 6
53000 6
54000 6
55000 6
56000 6
57000 7
58000 7
59000 7
60000 7
61000 7
62000 7
63000 7
64000 7
65000 7
66000 8
67000 8
68000 8
69000 8
70000 8
71000 8
72000 8
73000 9
74000 9
75000 9
76000 9
77000 9
78000 9
79000 9
80000 9
81000 9
82000 10
83000 10
84000 10
85000 10
86000 10
87000 10
88000 10
89000 11
90000 11
91000 11
92000 11
93000 11
94000 11
95000 11
96000 11
97000 11
98000 11
99000 12
100000 12
101000 12
102000 12
103000 12
104000 12
105000 12
106000 13
107000 13
108000 13
109000 13
110000 13
111000 13
112000 13
113000 14
114000 14
115000 14
116000 14
117000 14
118000 14
119000 14
120000 14
121000 15
122000 15
123000 15
124000 15
125000 15
126000 15
127000 16
128000 16
129000 16
130000 16
131000 16
132000 16
133000 16
134000 16
135000 16
136000 16
137000 16
138000 16
139000 16
140000 17
141000 17
142000 17
143000 17
144000 17
145000 17
146000 17
147000 17
148000 18
149000 18
150000 18
151000 18
152000 18
153000 18
154000 18
155000 18
156000 18
157000 18
158000 19
159000 19
160000 19
161000 19
162000 19
163000 19
164000 19
165000 19
166000 19
167000 20
168000 20
169000 20
170000 20
171000 20
172000 20
173000 20
174000 20
175000 20
176000 21
177000 21
178000 21
179000 21
180000 21
181000 21
182000 21
183000 21
184000 21
185000 21
186000 21
187000 22
188000 22
189000 22
190000 22
191000 22
192000 22
193000 22
194000 22
195000 22
196000 22
197000 22
198000 23
199000 23
200000 23
201000 23
202000 23
203000 23
204000 23
205000 23
206000 23
207000 23
208000 24
209000 24
210000 24
211000 24
212000 24
213000 24
214000 24
215000 24
216000 25
217000 25
218000 25
219000 25
220000 25
221000 25
222000 25
223000 25
224000 26
225000 26
226000 26
227000 26
228000 26
229000 26
230000 26
231000 26
232000 26
233000 26
234000 27
235000 27
236000 27
237000 27
238000 27
239000 27
240000 27
241000 27
242000 28
243000 28
244000 28
245000 28
246000 28
247000 28
248000 28
249000 28
250000 28
251000 29
252000 29
253000 29
254000 29
255000 29
256000 29
257000 29
258000 29
259000 29
260000 29
261000 30
262000 30
263000 30
264000 30
265000 30
266000 30
267000 30
268000 30
269000 30
270000 30
271000 31
272000 31
273000 31
274000 31
275000 31
276000 31
277000 31
278000 31
279000 31
280000 31
281000 31
282000 31
283000 32
284000 32
285000 32
286000 32
287000 32
288000 32
289000 32
290000 32
291000 32
292000 32
293000 33
294000 33
295000 33
296000 33
297000 33
298000 33
299000 33
300000 33
301000 33
302000 33
303000 33
304000 33
305000 34
306000 34
307000 34
308000 34
309000 34
310000 34
311000 34
312000 35
313000 35
314000 35
315000 35
316000 35
317000 35
318000 35
319000 36
320000 36
321000 36
322000 36
323000 36
324000 36
325000 36
326000 36
327000 36
328000 36
329000 37
330000 37
331000 37
332000 37
333000 37
334000 37
335000 37
336000 37
337000 37
338000 37
339000 38
340000 38
341000 38
342000 38
343000 38
344000 38
345000 38
346000 38
347000 38
348000 38
349000 39
350000 39
351000 39
352000 39
353000 39
354000 39
355000 39
356000 39
357000 40
358000 40
359000 40
360000 40
361000 40
362000 40
363000 40
364000 40
365000 41
366000 41
367000 41
368000 41
369000 41
370000 41
371000 41
372000 42
373000 42
374000 42
375000 42
376000 42
377000 42
378000 42
379000 43
380000 43
381000 43
382000 43
383000 43
384000 43
385000 43
386000 43
387000 43
388000 43
389000 44
390000 44
391000 44
392000 44
393000 44
394000 44
395000 44
396000 44
397000 45
398000 45
399000 45
400000 45
401000 45
402000 45
403000 45
404000 46
405000 46
406000 46
407000 46
408000 46
409000 46
410000 46
411000 47
412000 47
413000 47
414000 47
415000 47
416000 47
417000 47
418000 47
419000 48
420000 48
421000 48
422000 48
423000 48
424000 48
425000 48
426000 48
427000 49
428000 49
429000 49
430000 49
431000 49
432000 49
433000 49
434000 49
435000 49
436000 50
437000 50
438000 50
439000 50
440000 50
441000 50
442000 50
443000 50
444000 50
445000 50
446000 50
447000 50
448000 50
449000 51
450000 51
451000 51
452000 51
453000 51
454000 51
455000 51
456000 51
457000 52
458000 52
459000 52
460000 52
461000 52
462000 52
463000 52
464000 52
465000 53
466000 53
467000 53
468000 53
469000 53
470000 53
471000 53
472000 53
473000 53
474000 53
475000 54
476000 54
477000 54
478000 54
479000 54
480000 54
481000 54
482000 55
483000 55
484000 55
485000 55
486000 55
487000 55
488000 55
489000 56
490000 56
491000 56
492000 56
493000 56
494000 56
495000 57
496000 57
497000 57
498000 57
499000 57
500000 57
501000 57
502000 58
503000 58
504000 58
505000 58
506000 58
507000 58
508000 58
509000 58
510000 59
511000 59
512000 59
513000 59
514000 59
515000 59
516000 59
517000 60
518000 60
519000 60
520000 60
521000 60
522000 60
523000 60
524000 60
525000 60
526000 61
527000 61
528000 61
529000 61
530000 61
531000 61
532000 61
533000 61
534000 62
535000 62
536000 62
537000 62
538000 62
539000 62
540000 62
541000 62
542000 62
543000 63
544000 63
545000 63
546000 63
547000 63
548000 63
549000 63
550000 64
551000 64
552000 64
553000 64
554000 64
555000 64
556000 64
557000 64
558000 64
559000 65
560000 65
561000 65
562000 65
563000 65
564000 65
565000 65
566000 65
567000 66
568000 66
569000 66
570000 66
571000 66
572000 66
573000 66
574000 67
575000 67
576000 67
577000 67
578000 67
579000 67
580000 67
581000 67
582000 68
583000 68
584000 68
585000 68
586000 68
587000 68
588000 68
589000 68
590000 68
591000 69
592000 69
593000 69
594000 69
595000 69
596000 69
597000 69
598000 69
599000 70
600000 70
601000 70
602000 70
603000 70
604000 70
605000 70
606000 71
607000 71
608000 71
609000 71
610000 71
611000 71
612000 71
613000 71
614000 72
615000 72
616000 72
617000 72
618000 72
619000 72
620000 72
621000 73
622000 73
623000 73
624000 73
625000 73
626000 73
627000 73
628000 73
629000 73
630000 73
631000 73
632000 74
633000 74
634000 74
635000 74
636000 74
637000 74
638000 75
639000 75
640000 75
641000 75
642000 75
643000 75
644000 75
645000 75
646000 75
647000 76
648000 76
649000 76
650000 76
651000 76
652000 76
653000 76
654000 76
655000 76
656000 77
657000 77
658000 77
659000 77
660000 77
661000 77
662000 77
663000 77
664000 77
665000 78
666000 78
667000 78
668000 78
669000 78
670000 78
671000 78
672000 78
673000 78
674000 78
675000 79
676000 79
677000 79
678000 79
679000 79
680000 79
681000 79
682000 79
683000 80
684000 80
685000 80
686000 80
687000 80
688000 80
689000 80
690000 80
691000 81
692000 81
693000 81
694000 81
695000 81
696000 81
697000 81
698000 81
699000 81
700000 82
701000 82
702000 82
703000 82
704000 82
705000 82
706000 82
707000 82
708000 83
709000 83
710000 83
711000 83
712000 83
713000 83
714000 83
715000 84
716000 84
717000 84
718000 84
719000 84
720000 84
721000 84
722000 85
723000 85
724000 85
725000 85
726000 85
727000 85
728000 85
729000 85
730000 86
731000 86
732000 86
733000 86
734000 86
735000 86
736000 87
737000 87
738000 87
739000 87
740000 87
741000 87
742000 87
743000 88
744000 88
745000 88
746000 88
747000 88
748000 88
749000 88
750000 89
751000 89
752000 89
753000 89
754000 89
755000 89
756000 89
757000 89
758000 90
759000 90
760000 90
761000 90
762000 90
763000 90
764000 90
765000 91
766000 91
767000 91
768000 91
769000 91
770000 91
771000 91
772000 91
773000 91
774000 91
775000 92
776000 92
777000 92
778000 92
779000 92
780000 92
781000 92
782000 93
783000 93
784000 93
785000 93
786000 93
787000 93
788000 93
789000 94
790000 94
791000 94
792000 94
793000 94
794000 94
795000 94
796000 94
797000 94
798000 95
799000 95
800000 95
801000 95
802000 95
803000 95
804000 95
805000 95
806000 96
807000 96
808000 96
809000 96
810000 96
811000 96
812000 97
813000 97
814000 97
815000 97
816000 97
817000 97
818000 97
819000 97
820000 98
821000 98
822000 98
823000 98
824000 98
825000 98
826000 99
827000 99
828000 99
829000 99
830000 99
831000 99
832000 99
833000 99
834000 99
835000 100
836000 100
837000 100
838000 100
839000 100
840000 100
841000 100
842000 100
843000 100
844000 100
845000 101
846000 101
847000 101
848000 101
849000 101
850000 101
851000 101
852000 101
853000 102
854000 102
855000 102
856000 102
857000 102
858000 102
859000 102
860000 103
861000 103
862000 103
863000 103
864000 103
865000 103
866000 103
867000 103
868000 104
869000 104
870000 104
871000 104
872000 104
873000 104
874000 104
875000 104
876000 104
877000 104
878000 104
879000 104
880000 105
881000 105
882000 105
883000 105
884000 105
885000 105
886000 105
887000 105
888000 106
889000 106
890000 106
891000 106
892000 106
893000 106
894000 106
895000 106
896000 106
897000 107
898000 107
899000 107
900000 107
901000 107
902000 107
903000 108
904000 108
905000 108
906000 108
907000 108
908000 108
909000 108
910000 108
911000 108
912000 109
913000 109
914000 109
915000 109
916000 109
917000 109
918000 109
919000 109
920000 109
921000 110
922000 110
923000 110
924000 110
925000 110
926000 110
927000 110
928000 110
929000 111
930000 111
931000 111
932000 111
933000 111
934000 111
935000 111
936000 111
937000 112
938000 112
939000 112
940000 112
941000 112
942000 112
943000 113
944000 113
945000 113
946000 113
947000 113
948000 113
949000 113
950000 113
951000 113
952000 114
953000 114
954000 114
955000 114
956000 114
957000 114
958000 114
959000 114
960000 115
961000 115
962000 115
963000 115
964000 115
965000 115
966000 115
967000 116
968000 116
969000 116
970000 116
971000 116
972000 116
973000 116
974000 116
975000 117
976000 117
977000 117
978000 117
979000 117
980000 117
981000 117
982000 117
983000 118
984000 118
985000 118
986000 118
987000 118
988000 118
989000 119
990000 119
991000 119
992000 119
993000 119
994000 119
995000 119
996000 119
997000 120
998000 120
999000 120
1000000 120
1001000 120
1002000 120
1003000 120
1004000 120
1005000 121
1006000 121
1007000 121
1008000 121
1009000 121
1010000 121
1011000 121
1012000 121
1013000 122
1014000 122
1015000 122
1016000 122
1017000 122
1018000 122
1019000 122
1020000 122
1021000 123
1022000 123
1023000 123
1024000 123
1025000 123
1026000 123
1027000 123
1028000 123
1029000 123
1030000 123
1031000 124
1032000 124
1033000 124
1034000 124
1035000 124
1036000 124
1037000 124
1038000 124
1039000 125
1040000 125
1041000 125
1042000 125
1043000 125
1044000 125
1045000 125
1046000 125
1047000 126
1048000 126
1049000 126
1050000 126
1051000 126
1052000 126
1053000 126
1054000 127
1055000 127
1056000 127
1057000 127
1058000 127
1059000 127
1060000 127
1061000 127
1062000 128
1063000 128
1064000 128
1065000 128
1066000 128
1067000 128
1068000 128
1069000 128
1070000 129
1071000 129
1072000 129
1073000 129
1074000 129
1075000 129
1076000 130
1077000 130
1078000 130
1079000 130
1080000 130
1081000 130
1082000 130
1083000 130
1084000 131
1085000 131
1086000 131
1087000 131
1088000 131
1089000 131
1090000 131
1091000 132
1092000 132
1093000 132
1094000 132
1095000 132
1096000 132
1097000 132
1098000 132
1099000 132
1100000 133
1101000 133
1102000 133
1103000 133
1104000 133
1105000 133
1106000 133
1107000 133
1108000 134
1109000 134
1110000 134
1111000 134
1112000 134
1113000 134
1114000 134
1115000 135
1116000 135
1117000 135
1118000 135
1119000 135
1120000 135
1121000 135
1122000 135
1123000 135
1124000 136
1125000 136
1126000 136
1127000 136
1128000 136
1129000 136
1130000 136
1131000 136
1132000 136
1133000 137
1134000 137
1135000 137
1136000 137
1137000 137
1138000 137
1139000 137
1140000 137
1141000 138
1142000 138
1143000 138
1144000 138
1145000 138
1146000 138
1147000 138
1148000 138
1149000 139
1150000 139
1151000 139
1152000 139
1153000 139
1154000 139
1155000 139
1156000 139
1157000 140
1158000 140
1159000 140
1160000 140
1161000 140
1162000 140
1163000 140
1164000 140
1165000 140
1166000 141
1167000 141
1168000 141
1169000 141
1170000 141
1171000 141
1172000 141
1173000 141
1174000 141
1175000 141
1176000 141
1177000 142
1178000 142
1179000 142
1180000 142
1181000 142
1182000 142
1183000 142
1184000 142
1185000 142
1186000 142
1187000 143
1188000 143
1189000 143
1190000 143
1191000 143
1192000 143
1193000 143
1194000 143
1195000 143
1196000 143
1197000 143
1198000 143
1199000 143
1200000 143
1201000 144
1202000 144
1203000 144
1204000 144
1205000 144
1206000 144
1207000 144
1208000 144
1209000 144
1210000 144
1211000 144
1212000 145
1213000 145
1214000 145
1215000 145
1216000 145
1217000 145
1218000 145
1219000 146
1220000 146
1221000 146
1222000 146
1223000 146
1224000 146
1225000 146
1226000 146
1227000 146
1228000 147
1229000 147
1230000 147
1231000 147
1232000 147
1233000 147
1234000 147
1235000 147
1236000 147
1237000 147
1238000 147
1239000 147
1240000 148
1241000 148
1242000 148
1243000 148
1244000 148
1245000 148
1246000 148
1247000 148
1248000 148
1249000 149
1250000 149
1251000 149
1252000 149
1253000 149
1254000 149
1255000 149
1256000 149
1257000 149
1258000 149
1259000 149
1260000 149
1261000 150
1262000 150
1263000 150
1264000 150
1265000 150
1266000 150
1267000 150
1268000 150
1269000 150
1270000 150
1271000 150
1272000 150
1273000 150
1274000 150
1275000 151
1276000 151
1277000 151
1278000 151
1279000 151
1280000 151
1281000 151
1282000 152
1283000 152
1284000 152
1285000 152
1286000 152
1287000 152
1288000 152
1289000 152
1290000 152
1291000 153
1292000 153
1293000 153
1294000 153
1295000 153
1296000 153
1297000 153
1298000 154
1299000 154
1300000 154
1301000 154
1302000 154
1303000 154
1304000 154
1305000 155
1306000 155
1307000 155
1308000 155
1309000 155
1310000 155
1311000 155
1312000 155
1313000 155
1314000 156
1315000 156
1316000 156
1317000 156
1318000 156
1319000 156
1320000 156
1321000 156
1322000 156
1323000 157
1324000 157
1325000 157
1326000 157
1327000 157
1328000 157
1329000 157
1330000 157
1331000 157
1332000 157
1333000 157
1334000 158
1335000 158
1336000 158
1337000 158
1338000 158
1339000 158
1340000 158
1341000 158
1342000 159
1343000 159
1344000 159
1345000 159
1346000 159
1347000 159
1348000 159
1349000 159
1350000 159
1351000 159
1352000 160
1353000 160
1354000 160
1355000 160
1356000 160
1357000 160
1358000 160
1359000 160
1360000 160
1361000 160
1362000 160
1363000 160
1364000 160
1365000 160
1366000 160
1367000 160
1368000 160
1369000 160
1370000 160
1371000 160
1372000 161
1373000 161
1374000 161
1375000 161
1376000 161
1377000 161
1378000 161
1379000 161
1380000 161
1381000 161
1382000 161
1383000 161
1384000 161
1385000 162
1386000 162
1387000 162
1388000 162
1389000 162
1390000 162
1391000 162
1392000 162
1393000 162
1394000 162
1395000 162
1396000 162
1397000 163
1398000 163
1399000 163
1400000 163
1401000 163
1402000 163
1403000 164
1404000 164
1405000 164
1406000 164
1407000 164
1408000 164
1409000 164
1410000 165
1411000 165
1412000 165
1413000 165
1414000 165
1415000 165
1416000 165
1417000 166
1418000 166
1419000 166
1420000 166
1421000 166
1422000 166
1423000 166
1424000 167
1425000 167
1426000 167
1427000 167
1428000 167
1429000 167
1430000 167
1431000 167
1432000 168
1433000 168
1434000 168
1435000 168
1436000 168
1437000 168
1438000 168
1439000 169
1440000 169
1441000 169
1442000 169
1443000 169
1444000 169
1445000 169
1446000 169
1447000 169
1448000 170
1449000 170
1450000 170
1451000 170
1452000 170
1453000 170
1454000 170
1455000 170
1456000 170
1457000 171
1458000 171
1459000 171
1460000 171
1461000 171
1462000 171
1463000 172
1464000 172
1465000 172
1466000 172
1467000 172
1468000 172
1469000 172
1470000 172
1471000 173
1472000 173
1473000 173
1474000 173
1475000 173
1476000 173
1477000 173
1478000 173
1479000 174
1480000 174
1481000 174
1482000 174
1483000 174
1484000 174
1485000 174
1486000 174
1487000 175
1488000 175
1489000 175
1490000 175
1491000 175
1492000 175
1493000 175
1494000 175
1495000 175
1496000 176
1497000 176
1498000 176
1499000 176
1500000 176
1501000 176
1502000 176
1503000 176
1504000 176
1505000 177
1506000 177
1507000 177
1508000 177
1509000 177
1510000 177
1511000 177
1512000 178
1513000 178
1514000 178
1515000 178
1516000 178
1517000 178
1518000 178
1519000 178
1520000 178
1521000 179
1522000 179
1523000 179
1524000 179
1525000 179
1526000 179
1527000 180
1528000 180
1529000 180
1530000 180
1531000 180
1532000 180
1533000 181
1534000 181
1535000 181
1536000 181
1537000 181
1538000 181
1539000 181
1540000 181
1541000 182
1542000 182
1543000 182
1544000 182
1545000 182
1546000 182
1547000 182
1548000 182
1549000 182
1550000 183
1551000 183
1552000 183
1553000 183
1554000 183
1555000 183
1556000 183
1557000 183
1558000 184
1559000 184
1560000 184
1561000 184
1562000 184
1563000 184
1564000 184
1565000 185
1566000 185
1567000 185
1568000 185
1569000 185
1570000 185
1571000 185
1572000 185
1573000 185
1574000 186
1575000 186
1576000 186
1577000 186
1578000 186
1579000 186
1580000 186
1581000 186
1582000 186
1583000 187
1584000 187
1585000 187
1586000 187
1587000 187
1588000 187
1589000 187
1590000 188
1591000 188
1592000 188
1593000 188
1594000 188
1595000 188
1596000 188
1597000 188
1598000 189
1599000 189
1600000 189
1601000 189
1602000 189
1603000 189
1604000 189
1605000 189
1606000 189
1607000 190
1608000 190
1609000 190
1610000 190
1611000 190
1612000 190
1613000 190
1614000 190
1615000 190
1616000 190
1617000 191
1618000 191
1619000 191
1620000 191
1621000 191
1622000 191
1623000 191
1624000 191
1625000 191
1626000 191
1627000 191
1628000 191
1629000 192
1630000 192
1631000 192
1632000 192
1633000 192
1634000 192
1635000 192
1636000 192
1637000 193
1638000 193
1639000 193
1640000 193
1641000 193
1642000 193
1643000 193
1644000 194
1645000 194
1646000 194
1647000 194
1648000 194
1649000 194
1650000 194
1651000 194
1652000 195
1653000 195
1654000 195
1655000 195
1656000 195
1657000 195
1658000 195
1659000 195
1660000 195
1661000 195
1662000 195
1663000 196
1664000 196
1665000 196
1666000 196
1667000 196
1668000 196
1669000 196
1670000 196
1671000 196
1672000 197
1673000 197
1674000 197
1675000 197
1676000 197
1677000 197
1678000 197
1679000 197
1680000 197
1681000 197
1682000 198
1683000 198
1684000 198
1685000 198
1686000 198
1687000 198
1688000 198
1689000 198
1690000 199
1691000 199
1692000 199
1693000 199
1694000 199
1695000 199
1696000 199
1697000 200
1698000 200
1699000 200
1700000 200
1701000 200
1702000 200
1703000 200
1704000 200
1705000 200
1706000 200
1707000 200
1708000 200
1709000 200
1710000 201
1711000 201
1712000 201
1713000 201
1714000 201
1715000 201
1716000 201
1717000 201
1718000 201
1719000 201
1720000 202
1721000 202
1722000 202
1723000 202
1724000 202
1725000 202
1726000 202
1727000 202
1728000 202
1729000 203
1730000 203
1731000 203
1732000 203
1733000 203
1734000 203
1735000 203
1736000 203
1737000 204
1738000 204
1739000 204
1740000 204
1741000 204
1742000 204
1743000 204
1744000 204
1745000 205
1746000 205
1747000 205
1748000 205
1749000 205
1750000 205
1751000 205
1752000 205
1753000 205
1754000 205
1755000 205
1756000 206
1757000 206
1758000 206
1759000 206
1760000 206
1761000 206
1762000 206
1763000 206
1764000 206
1765000 206
1766000 206
1767000 206
1768000 206
1769000 206
1770000 206
1771000 206
1772000 206
1773000 206
1774000 206
1775000 206
1776000 206
1777000 206
1778000 206
1779000 206
1780000 206
1781000 206
1782000 207
1783000 207
1784000 207
1785000 207
1786000 207
1787000 207
1788000 207
1789000 208
1790000 208
1791000 208
1792000 208
1793000 208
1794000 208
1795000 208
1796000 209
1797000 209
1798000 209
1799000 209
1800000 209
1801000 209
1802000 209
1803000 209
1804000 210
1805000 210
1806000 210
1807000 210
1808000 210
1809000 210
1810000 210
1811000 210
1812000 211
1813000 211
1814000 211
1815000 211
1816000 211
1817000 211
1818000 211
1819000 211
1820000 211
1821000 211
1822000 212
1823000 212
1824000 212
1825000 212
1826000 212
1827000 212
1828000 212
1829000 212
1830000 212
1831000 212
1832000 213
1833000 213
1834000 213
1835000 213
1836000 213
1837000 213
1838000 213
1839000 213
1840000 213
1841000 213
1842000 214
1843000 214
1844000 214
1845000 214
1846000 214
1847000 214
1848000 214
1849000 214
1850000 214
1851000 214
1852000 215
1853000 215
1854000 215
1855000 215
1856000 215
1857000 215
1858000 215
1859000 216
1860000 216
1861000 216
1862000 216
1863000 216
1864000 216
1865000 216
1866000 216
1867000 216
1868000 216
1869000 216
1870000 217
1871000 217
1872000 217
1873000 217
1874000 217
1875000 217
1876000 217
1877000 217
1878000 217
1879000 218
1880000 218
1881000 218
1882000 218
1883000 218
1884000 218
1885000 218
1886000 218
1887000 218
1888000 218
1889000 218
1890000 218
1891000 219
1892000 219
1893000 219
1894000 219
1895000 219
1896000 219
1897000 219
1898000 219
1899000 219
1900000 219
1901000 220
1902000 220
1903000 220
1904000 220
1905000 220
1906000 220
1907000 220
1908000 220
1909000 220
1910000 221
1911000 221
1912000 221
1913000 221
1914000 221
1915000 221
1916000 221
1917000 222
1918000 222
1919000 222
1920000 222
1921000 222
1922000 222
1923000 223
1924000 223
1925000 223
1926000 223
1927000 223
1928000 223
1929000 223
1930000 223
1931000 223
1932000 223
1933000 224
1934000 224
1935000 224
1936000 224
1937000 224
1938000 224
1939000 224
1940000 224
1941000 224
1942000 224
1943000 225
1944000 225
1945000 225
1946000 225
1947000 225
1948000 225
1949000 225
1950000 225
1951000 225
1952000 225
1953000 225
1954000 226
1955000 226
1956000 226
1957000 226
1958000 226
1959000 226
1960000 226
1961000 226
1962000 226
1963000 227
1964000 227
1965000 227
1966000 227
1967000 227
1968000 227
1969000 227
1970000 227
1971000 228
1972000 228
1973000 228
1974000 228
1975000 228
1976000 228
1977000 228
1978000 228
1979000 229
1980000 229
1981000 229
1982000 229
1983000 229
1984000 229
1985000 229
1986000 229
1987000 229
1988000 230
1989000 230
1990000 230
1991000 230
1992000 230
1993000 230
1994000 230
1995000 230
1996000 231
1997000 231
1998000 231
1999000 231
2000000 231
2001000 231
2002000 231
2003000 231
2004000 231
2005000 231
2006000 232
2007000 232
2008000 232
2009000 232
2010000 232
2011000 232
2012000 232
2013000 232
2014000 233
2015000 233
2016000 233
2017000 233
2018000 233
2019000 233
2020000 233
2021000 233
2022000 233
2023000 234
2024000 234
2025000 234
2026000 234
2027000 234
2028000 234
2029000 234
2030000 234
2031000 234
2032000 234
2033000 234
2034000 235
2035000 235
2036000 235
2037000 235
2038000 235
2039000 235
2040000 235
2041000 235
2042000 235
2043000 235
2044000 236
2045000 236
2046000 236
2047000 236
2048000 236
2049000 236
2050000 236
2051000 236
2052000 236
2053000 236
2054000 236
2055000 237
2056000 237
2057000 237
2058000 237
2059000 237
2060000 237
2061000 238
2062000 238
2063000 238
2064000 238
2065000 238
2066000 238
2067000 238
2068000 238
2069000 238
2070000 238
2071000 238
2072000 238
2073000 238
2074000 238
2075000 238
2076000 239
2077000 239
2078000 239
2079000 239
2080000 239
2081000 239
2082000 239
2083000 239
2084000 240
2085000 240
2086000 240
2087000 240
2088000 240
2089000 240
2090000 240
2091000 240
2092000 241
2093000 241
2094000 241
2095000 241
2096000 241
2097000 241
2098000 241
2099000 241
2100000 242
2101000 242
2102000 242
2103000 242
2104000 242
2105000 242
2106000 242
2107000 242
2108000 242
2109000 242
2110000 243
2111000 243
2112000 243
2113000 243
2114000 243
2115000 243
2116000 243
2117000 243
2118000 243
2119000 243
2120000 243
2121000 243
2122000 243
2123000 243
2124000 243
2125000 243
2126000 243
2127000 243
2128000 244
2129000 244
2130000 244
2131000 244
2132000 244
2133000 244
2134000 244
2135000 244
2136000 244
2137000 244
2138000 245
2139000 245
2140000 245
2141000 245
2142000 245
2143000 245
2144000 245
2145000 245
2146000 245
2147000 245
2148000 245
2149000 245
2150000 245
2151000 245
2152000 246
2153000 246
2154000 246
2155000 246
2156000 246
2157000 246
2158000 246
2159000 246
2160000 246
2161000 246
2162000 247
2163000 247
2164000 247
2165000 247
2166000 247
2167000 247
2168000 247
2169000 247
2170000 247
2171000 247
2172000 248
2173000 248
2174000 248
2175000 248
2176000 248
2177000 248
2178000 248
2179000 248
2180000 248
2181000 248
2182000 248
2183000 248
2184000 248
2185000 248
2186000 248
2187000 248
2188000 248
2189000 248
2190000 248
2191000 248
2192000 248
2193000 248
2194000 248
2195000 248
2196000 248
2197000 248
2198000 248
2199000 248
2200000 248
2201000 248
2202000 248
2203000 248
2204000 248
2205000 248
2206000 248
2207000 248
2208000 249
2209000 249
2210000 249
2211000 249
2212000 249
2213000 249
2214000 249
2215000 249
2216000 249
2217000 249
2218000 249
2219000 249
2220000 249
2221000 249
2222000 249
2223000 249
2224000 249
2225000 249
2226000 249
2227000 249
2228000 249
2229000 249
2230000 249
2231000 249
2232000 249
2233000 249
2234000 249
2235000 250
2236000 250
2237000 250
2238000 250
2239000 250
2240000 250
2241000 250
2242000 250
2243000 250
2244000 250
2245000 250
2246000 251
2247000 251
2248000 251
2249000 251
2250000 251
2251000 251
2252000 251
2253000 251
2254000 251
2255000 251
2256000 251
2257000 252
2258000 252
2259000 252
2260000 252
2261000 252
2262000 252
2263000 252
2264000 252
2265000 252
2266000 252
2267000 252
2268000 252
2269000 253
2270000 253
2271000 253
2272000 253
2273000 253
2274000 253
2275000 253
2276000 253
2277000 253
2278000 253
2279000 253
2280000 254
2281000 254
2282000 254
2283000 254
2284000 254
2285000 254
2286000 254
2287000 254
2288000 254
2289000 254
2290000 254
2291000 254
2292000 255
2293000 255
2294000 255
2295000 255
2296000 255
2297000 255
2298000 255
2299000 255
2300000 255
2301000 255
2302000 255
2303000 255
2304000 256
2305000 256
2306000 256
2307000 256
2308000 256
2309000 256
2310000 256
2311000 256
2312000 256
2313000 256
2314000 257
2315000 257
2316000 257
2317000 257
2318000 257
2319000 257
2320000 257
2321000 257
2322000 257
2323000 258
2324000 258
2325000 258
2326000 258
2327000 258
2328000 258
2329000 258
2330000 258
2331000 259
2332000 259
2333000 259
2334000 259
2335000 259
2336000 259
2337000 259
2338000 259
2339000 259
2340000 259
2341000 260
2342000 260
2343000 260
2344000 260
2345000 260
2346000 260
2347000 260
2348000 260
2349000 260
2350000 260
2351000 260
2352000 260
2353000 260
2354000 260
2355000 260
2356000 261
2357000 261
2358000 261
2359000 261
2360000 261
2361000 261
2362000 261
2363000 261
2364000 261
2365000 261
2366000 262
2367000 262
2368000 262
2369000 262
2370000 262
2371000 262
2372000 262
2373000 263
2374000 263
2375000 263
2376000 263
2377000 263
2378000 263
2379000 263
2380000 263
2381000 264
2382000 264
2383000 264
2384000 264
2385000 264
2386000 264
2387000 264
2388000 264
2389000 265
2390000 265
2391000 265
2392000 265
2393000 265
2394000 265
2395000 265
2396000 265
2397000 265
2398000 265
2399000 265
2400000 266
2401000 266
2402000 266
2403000 266
2404000 266
2405000 266
2406000 266
2407000 266
2408000 267
2409000 267
2410000 267
2411000 267
2412000 267
2413000 267
2414000 267
2415000 267
2416000 268
2417000 268
2418000 268
2419000 268
2420000 268
2421000 268
2422000 268
2423000 268
2424000 268
2425000 269
2426000 269
2427000 269
2428000 269
2429000 269
2430000 269
2431000 269
2432000 269
2433000 269
2434000 269
2435000 270
2436000 270
2437000 270
2438000 270
2439000 270
2440000 270
2441000 270
2442000 270
2443000 271
2444000 271
2445000 271
2446000 271
2447000 271
2448000 271
2449000 271
2450000 271
2451000 272
2452000 272
2453000 272
2454000 272
2455000 272
2456000 272
2457000 272
2458000 272
2459000 272
2460000 273
2461000 273
2462000 273
2463000 273
2464000 273
2465000 273
2466000 274
2467000 274
2468000 274
2469000 274
2470000 274
2471000 274
2472000 274
2473000 275
2474000 275
2475000 275
2476000 275
2477000 275
2478000 275
2479000 275
2480000 275
2481000 275
2482000 276
2483000 276
2484000 276
2485000 276
2486000 276
2487000 276
2488000 276
2489000 276
2490000 276
2491000 277
2492000 277
2493000 277
2494000 277
2495000 277
2496000 277
2497000 277
2498000 277
2499000 278
2500000 278
2501000 278
2502000 278
2503000 278
2504000 278
2505000 278
2506000 279
2507000 279
2508000 279
2509000 279
2510000 279
2511000 279
2512000 279
2513000 279
2514000 280
2515000 280
2516000 280
2517000 280
2518000 280
2519000 280
2520000 280
2521000 280
2522000 281
2523000 281
2524000 281
2525000 281
2526000 281
2527000 281
2528000 281
2529000 281
2530000 281
2531000 281
2532000 281
2533000 281
2534000 282
2535000 282
2536000 282
2537000 282
2538000 282
2539000 282
2540000 282
2541000 282
2542000 282
2543000 283
2544000 283
2545000 283
2546000 283
2547000 283
2548000 283
2549000 283
2550000 283
2551000 283
2552000 283
2553000 283
2554000 283
2555000 283
2556000 284
2557000 284
2558000 284
2559000 284
2560000 284
2561000 284
2562000 284
2563000 285
2564000 285
2565000 285
2566000 285
2567000 285
2568000 285
2569000 285
2570000 285
2571000 285
2572000 285
2573000 285
2574000 285
2575000 285
2576000 286
2577000 286
2578000 286
2579000 286
2580000 286
2581000 286
2582000 286
2583000 286
2584000 286
2585000 287
2586000 287
2587000 287
2588000 287
2589000 287
2590000 287
2591000 287
2592000 287
2593000 287
2594000 287
2595000 288
2596000 288
2597000 288
2598000 288
2599000 288
2600000 288
2601000 288
2602000 288
2603000 288
2604000 289
2605000 289
2606000 289
2607000 289
2608000 289
2609000 289
2610000 289
2611000 289
2612000 289
2613000 289
2614000 289
2615000 289
2616000 290
2617000 290
2618000 290
2619000 290
2620000 290
2621000 290
2622000 290
2623000 290
2624000 290
2625000 290
2626000 291
2627000 291
2628000 291
2629000 291
2630000 291
2631000 291
2632000 291
2633000 291
2634000 291
2635000 291
2636000 292
2637000 292
2638000 292
2639000 292
2640000 292
2641000 292
2642000 292
2643000 292
2644000 292
2645000 292
2646000 292
2647000 293
2648000 293
2649000 293
2650000 293
2651000 293
2652000 293
2653000 293
2654000 293
2655000 293
2656000 293
2657000 294
2658000 294
2659000 294
2660000 294
2661000 294
2662000 294
2663000 294
2664000 294
2665000 294
2666000 294
2667000 295
2668000 295
2669000 295
2670000 295
2671000 295
2672000 295
2673000 295
2674000 295
2675000 295
2676000 295
2677000 295
2678000 295
2679000 296
2680000 296
2681000 296
2682000 296
2683000 296
2684000 296
2685000 296
2686000 296
2687000 296
2688000 296
2689000 297
2690000 297
2691000 297
2692000 297
2693000 297
2694000 297
2695000 297
2696000 297
2697000 297
2698000 297
2699000 297
2700000 297
2701000 297
2702000 297
2703000 297
2704000 297
2705000 297
2706000 297
2707000 297
2708000 298
2709000 298
2710000 298
2711000 298
2712000 298
2713000 298
2714000 298
2715000 298
2716000 298
2717000 299
2718000 299
2719000 299
2720000 299
2721000 299
2722000 299
2723000 299
2724000 299
2725000 299
2726000 299
2727000 300
2728000 300
2729000 300
2730000 300
2731000 300
2732000 300
2733000 300
2734000 300
2735000 300
2736000 300
2737000 300
2738000 300
2739000 301
2740000 301
2741000 301
2742000 301
2743000 301
2744000 301
2745000 301
2746000 301
2747000 301
2748000 301
2749000 301
2750000 301
2751000 302
2752000 302
2753000 302
2754000 302
2755000 302
2756000 302
2757000 302
2758000 302
2759000 302
2760000 302
2761000 302
2762000 302
2763000 303
2764000 303
2765000 303
2766000 303
2767000 303
2768000 303
2769000 303
2770000 303
2771000 303
2772000 303
2773000 304
2774000 304
2775000 304
2776000 304
2777000 304
2778000 304
2779000 304
2780000 304
2781000 304
2782000 304
2783000 304
2784000 304
2785000 304
2786000 304
2787000 305
2788000 305
2789000 305
2790000 305
2791000 305
2792000 305
2793000 305
2794000 305
2795000 305
2796000 305
2797000 305
2798000 305
2799000 305
2800000 305
2801000 305
2802000 305
2803000 305
2804000 305
2805000 305
2806000 305
2807000 305
2808000 306
2809000 306
2810000 306
2811000 306
2812000 306
2813000 306
2814000 306
2815000 306
2816000 306
2817000 306
2818000 306
2819000 306
2820000 306
2821000 306
2822000 306
2823000 306
2824000 306
2825000 307
2826000 307
2827000 307
2828000 307
2829000 307
2830000 307
2831000 307
2832000 307
2833000 307
2834000 307
2835000 307
2836000 307
2837000 307
2838000 308
2839000 308
2840000 308
2841000 308
2842000 308
2843000 308
2844000 308
2845000 308
2846000 308
2847000 308
2848000 308
2849000 308
2850000 308
2851000 309
2852000 309
2853000 309
2854000 309
2855000 309
2856000 309
2857000 309
2858000 310
2859000 310
2860000 310
2861000 310
2862000 310
2863000 310
2864000 310
2865000 311
2866000 311
2867000 311
2868000 311
2869000 311
2870000 311
2871000 311
2872000 312
2873000 312
2874000 312
2875000 312
2876000 312
2877000 312
2878000 312
2879000 313
2880000 313
2881000 313
2882000 313
2883000 313
2884000 313
2885000 313
2886000 313
2887000 314
2888000 314
2889000 314
2890000 314
2891000 314
2892000 314
2893000 314
2894000 314
2895000 314
2896000 314
2897000 315
2898000 315
2899000 315
2900000 315
2901000 315
2902000 315
2903000 316
2904000 316
2905000 316
2906000 316
2907000 316
2908000 316
2909000 316
2910000 317
2911000 317
2912000 317
2913000 317
2914000 317
2915000 317
2916000 317
2917000 318
2918000 318
2919000 318
2920000 318
2921000 318
2922000 318
2923000 318
2924000 319
2925000 319
2926000 319
2927000 319
2928000 319
2929000 319
2930000 319
2931000 320
2932000 320
2933000 320
2934000 320
2935000 320
2936000 320
2937000 320
2938000 321
2939000 321
2940000 321
2941000 321
2942000 321
2943000 322
2944000 322
2945000 322
2946000 322
2947000 322
2948000 322
2949000 322
2950000 322
2951000 323
2952000 323
2953000 323
2954000 323
2955000 323
2956000 323
2957000 323
2958000 323
2959000 323
2960000 324
2961000 324
2962000 324
2963000 324
2964000 324
2965000 324
2966000 324
2967000 325
2968000 325
2969000 325
2970000 325
2971000 325
2972000 325
2973000 325
2974000 326
2975000 326
2976000 326
2977000 326
2978000 326
2979000 326
2980000 327
2981000 327
2982000 327
2983000 327
2984000 327
2985000 327
2986000 328
2987000 328
2988000 328
2989000 328
2990000 328
2991000 329
2992000 329
2993000 329
2994000 329
2995000 329
2996000 329
2997000 329
2998000 330
2999000 330
3000000 330
3001000 330
3002000 330
3003000 330
3004000 331
3005000 331
3006000 331
3007000 331
3008000 331
3009000 331
3010000 332
3011000 332
3012000 332
3013000 332
3014000 332
3015000 332
3016000 332
3017000 333
3018000 333
3019000 333
3020000 333
3021000 333
3022000 333
3023000 334
3024000 334
3025000 334
3026000 334
3027000 334
3028000 335
3029000 335
3030000 335
3031000 335
3032000 335
3033000 335
3034000 336
3035000 336
3036000 336
3037000 336
3038000 336
3039000 336
3040000 336
3041000 336
3042000 336
3043000 336
3044000 337
3045000 337
3046000 337
3047000 337
3048000 337
3049000 337
3050000 338
3051000 338
3052000 338
3053000 338
3054000 338
3055000 338
3056000 339
3057000 339
3058000 339
3059000 339
3060000 339
3061000 339
3062000 340
3063000 340
3064000 340
3065000 340
3066000 340
3067000 340
3068000 340
3069000 341
3070000 341
3071000 341
3072000 341
3073000 341
3074000 341
3075000 341
3076000 342
3077000 342
3078000 342
3079000 342
3080000 342
3081000 342
3082000 343
3083000 343
3084000 343
3085000 343
3086000 343
3087000 343
3088000 343
3089000 343
3090000 343
3091000 343
3092000 343
3093000 343
3094000 343
3095000 344
3096000 344
3097000 344
3098000 344
3099000 344
3100000 344
3101000 344
3102000 344
3103000 344
3104000 345
3105000 345
3106000 345
3107000 345
3108000 345
3109000 345
3110000 345
3111000 345
3112000 346
3113000 346
3114000 346
3115000 346
3116000 346
3117000 346
3118000 346
3119000 346
3120000 346
3121000 347
3122000 347
3123000 347
3124000 347
3125000 347
3126000 347
3127000 347
3128000 348
3129000 348
3130000 348
3131000 348
3132000 348
3133000 348
3134000 348
3135000 349
3136000 349
3137000 349
3138000 349
3139000 349
3140000 349
3141000 349
3142000 349
3143000 349
3144000 349
3145000 350
3146000 350
3147000 350
3148000 350
3149000 350
3150000 350
3151000 350
3152000 351
3153000 351
3154000 351
3155000 351
3156000 351
3157000 351
3158000 351
3159000 351
3160000 352
3161000 352
3162000 352
3163000 352
3164000 352
3165000 352
3166000 352
3167000 352
3168000 353
3169000 353
3170000 353
3171000 353
3172000 353
3173000 353
3174000 353
3175000 354
3176000 354
3177000 354
3178000 354
3179000 354
3180000 354
3181000 354
3182000 354
3183000 355
3184000 355
3185000 355
3186000 355
3187000 355
3188000 356
3189000 356
3190000 356
3191000 356
3192000 356
3193000 357
3194000 357
3195000 357
3196000 357
3197000 357
3198000 357
3199000 357
3200000 357
3201000 358
3202000 358
3203000 358
3204000 358
3205000 358
3206000 358
3207000 358
3208000 359
3209000 359
3210000 359
3211000 359
3212000 359
3213000 359
3214000 359
3215000 359
3216000 359
3217000 359
3218000 359
3219000 359
3220000 359
3221000 359
3222000 359
3223000 359
3224000 360
3225000 360
3226000 360
3227000 360
3228000 360
3229000 360
3230000 360
3231000 361
3232000 361
3233000 361
3234000 361
3235000 361
3236000 361
3237000 362
3238000 362
3239000 362
3240000 362
3241000 362
3242000 362
3243000 363
3244000 363
3245000 363
3246000 363
3247000 363
3248000 363
3249000 363
3250000 363
3251000 364
3252000 364
3253000 364
3254000 364
3255000 364
3256000 364
3257000 365
3258000 365
3259000 365
3260000 365
3261000 365
3262000 365
3263000 365
3264000 365
3265000 366
3266000 366
3267000 366
3268000 366
3269000 366
3270000 366
3271000 366
3272000 367
3273000 367
3274000 367
3275000 367
3276000 367
3277000 367
3278000 367
3279000 368
3280000 368
3281000 368
3282000 368
3283000 368
3284000 368
3285000 368
3286000 369
3287000 369
3288000 369
3289000 369
3290000 369
3291000 369
3292000 369
3293000 370
3294000 370
3295000 370
3296000 370
3297000 370
3298000 370
3299000 370
3300000 370
3301000 371
3302000 371
3303000 371
3304000 371
3305000 371
3306000 371
3307000 372
3308000 372
3309000 372
3310000 372
3311000 372
3312000 372
3313000 372
3314000 372
3315000 373
3316000 373
3317000 373
3318000 373
3319000 373
3320000 373
3321000 373
3322000 373
3323000 374
3324000 374
3325000 374
3326000 374
3327000 374
3328000 374
3329000 374
3330000 374
3331000 375
3332000 375
3333000 375
3334000 375
3335000 375
3336000 375
3337000 375
3338000 376
3339000 376
3340000 376
3341000 376
3342000 376
3343000 376
3344000 376
3345000 377
3346000 377
3347000 377
3348000 377
3349000 377
3350000 377
3351000 377
3352000 377
3353000 377
3354000 377
3355000 378
3356000 378
3357000 378
3358000 378
3359000 378
3360000 378
3361000 378
3362000 379
3363000 379
3364000 379
3365000 379
3366000 379
3367000 379
3368000 379
3369000 379
3370000 380
3371000 380
3372000 380
3373000 380
3374000 380
3375000 380
3376000 380
3377000 381
3378000 381
3379000 381
3380000 381
3381000 381
3382000 381
3383000 382
3384000 382
3385000 382
3386000 382
3387000 382
3388000 383
3389000 383
3390000 383
3391000 383
3392000 383
3393000 384
3394000 384
3395000 384
3396000 384
3397000 384
3398000 384
3399000 384
3400000 385
3401000 385
3402000 385
3403000 385
3404000 385
3405000 385
3406000 386
3407000 386
3408000 386
3409000 386
3410000 386
3411000 386
3412000 387
3413000 387
3414000 387
3415000 387
3416000 387
3417000 387
3418000 388
3419000 388
3420000 388
3421000 388
3422000 388
3423000 388
3424000 388
3425000 388
3426000 389
3427000 389
3428000 389
3429000 389
3430000 389
3431000 389
3432000 389
3433000 390
3434000 390
3435000 390
3436000 390
3437000 390
3438000 390
3439000 390
3440000 390
3441000 390
3442000 391
3443000 391
3444000 391
3445000 391
3446000 391
3447000 391
3448000 391
3449000 391
3450000 391
3451000 391
3452000 391
3453000 392
3454000 392
3455000 392
3456000 392
3457000 392
3458000 392
3459000 393
3460000 393
3461000 393
3462000 393
3463000 393
3464000 393
3465000 394
3466000 394
3467000 394
3468000 394
3469000 394
3470000 394
3471000 394
3472000 395
3473000 395
3474000 395
3475000 395
3476000 395
3477000 395
3478000 396
3479000 396
3480000 396
3481000 396
3482000 396
3483000 396
3484000 397
3485000 397
3486000 397
3487000 397
3488000 397
3489000 397
3490000 398
3491000 398
3492000 398
3493000 398
3494000 398
3495000 398
3496000 399
3497000 399
3498000 399
3499000 399
3500000 399
3501000 399
3502000 399
3503000 400
3504000 400
3505000 400
3506000 400
3507000 400
3508000 400
3509000 400
3510000 400
3511000 400
3512000 400
3513000 400
3514000 400
3515000 400
3516000 400
3517000 400
3518000 400
3519000 400
3520000 400
3521000 400
3522000 400
3523000 400
3524000 400
3525000 400
3526000 400
3527000 400
3528000 400
3529000 400
3530000 400
3531000 400
3532000 400
3533000 400
3534000 400
3535000 400
3536000 400
3537000 400
3538000 400
3539000 400
3540000 400
3541000 400
3542000 400
3543000 401
3544000 401
3545000 401
3546000 401
3547000 401
3548000 401
3549000 401
3550000 401
3551000 401
3552000 401
3553000 401
3554000 401
3555000 401
3556000 401
3557000 401
3558000 401
3559000 401
3560000 401
3561000 401
3562000 401
3563000 401
3564000 401
3565000 401
3566000 401
3567000 401
3568000 401
3569000 401
3570000 401
3571000 401
3572000 401
3573000 401
3574000 401
3575000 401
3576000 401
3577000 401
3578000 401
3579000 401
3580000 402
3581000 402
3582000 402
3583000 402
3584000 402
3585000 402
3586000 402
3587000 402
3588000 402
3589000 402
3590000 402
3591000 402
3592000 402
3593000 402
3594000 402
3595000 402
3596000 402
3597000 402
3598000 402
3599000 402
3600000 402
3601000 402
3602000 402
3603000 402
3604000 402
3605000 402
3606000 402
3607000 402
3608000 402
3609000 403
3610000 403
3611000 403
3612000 403
3613000 403
3614000 403
3615000 403
3616000 403
3617000 403
3618000 404
3619000 404
3620000 404
3621000 404
3622000 404
3623000 404
3624000 404
3625000 404
3626000 404
3627000 404
3628000 405
3629000 405
3630000 405
3631000 405
3632000 405
3633000 405
3634000 405
3635000 405
3636000 405
3637000 405
3638000 406
3639000 406
3640000 406
3641000 406
3642000 406
3643000 406
3644000 406
3645000 406
3646000 406
3647000 407
3648000 407
3649000 407
3650000 407
3651000 407
3652000 407
3653000 407
3654000 407
3655000 407
3656000 407
3657000 408
3658000 408
3659000 408
3660000 408
3661000 408
3662000 408
3663000 408
3664000 408
3665000 409
3666000 409
3667000 409
3668000 409
3669000 409
3670000 409
3671000 409
3672000 409
3673000 409
3674000 409
3675000 409
3676000 409
3677000 409
3678000 409
3679000 410
3680000 410
3681000 410
3682000 410
3683000 410
3684000 410
3685000 410
3686000 410
3687000 410
3688000 410
3689000 410
3690000 411
3691000 411
3692000 411
3693000 411
3694000 411
3695000 411
3696000 411
3697000 411
3698000 412
3699000 412
3700000 412
3701000 412
3702000 412
3703000 412
3704000 412
3705000 412
3706000 412
3707000 412
3708000 413
3709000 413
3710000 413
3711000 413
3712000 413
3713000 413
3714000 413
3715000 413
3716000 413
3717000 413
3718000 413
3719000 414
3720000 414
3721000 414
3722000 414
3723000 414
3724000 414
3725000 414
3726000 414
3727000 414
3728000 414
3729000 414
3730000 415
3731000 415
3732000 415
3733000 415
3734000 415
3735000 415
3736000 415
3737000 415
3738000 415
3739000 416
3740000 416
3741000 416
3742000 416
3743000 416
3744000 416
3745000 416
3746000 416
3747000 417
3748000 417
3749000 417
3750000 417
3751000 417
3752000 417
3753000 417
3754000 417
3755000 417
3756000 417
3757000 417
3758000 418
3759000 418
3760000 418
3761000 418
3762000 418
3763000 418
3764000 418
3765000 418
3766000 419
3767000 419
3768000 419
3769000 419
3770000 419
3771000 419
3772000 419
3773000 419
3774000 419
3775000 420
3776000 420
3777000 420
3778000 420
3779000 420
3780000 420
3781000 420
3782000 420
3783000 421
3784000 421
3785000 421
3786000 421
3787000 421
3788000 421
3789000 421
3790000 421
3791000 421
3792000 422
3793000 422
3794000 422
3795000 422
3796000 422
3797000 422
3798000 422
3799000 422
3800000 422
3801000 422
3802000 423
3803000 423
3804000 423
3805000 423
3806000 423
3807000 423
3808000 423
3809000 423
3810000 423
3811000 423
3812000 423
3813000 424
3814000 424
3815000 424
3816000 424
3817000 424
3818000 424
3819000 424
3820000 424
3821000 424
3822000 424
3823000 424
3824000 424
3825000 424
3826000 424
3827000 424
3828000 424
3829000 424
3830000 424
3831000 424
3832000 424
3833000 425
3834000 425
3835000 425
3836000 425
3837000 425
3838000 425
3839000 425
3840000 425
3841000 425
3842000 425
3843000 425
3844000 425
3845000 426
3846000 426
3847000 426
3848000 426
3849000 426
3850000 426
3851000 426
3852000 426
3853000 426
3854000 427
3855000 427
3856000 427
3857000 427
3858000 427
3859000 427
3860000 427
3861000 427
3862000 427
3863000 427
3864000 427
3865000 427
3866000 427
3867000 428
3868000 428
3869000 428
3870000 428
3871000 428
3872000 428
3873000 428
3874000 428
3875000 428
3876000 428
3877000 429
3878000 429
3879000 429
3880000 429
3881000 429
3882000 429
3883000 429
3884000 429
3885000 429
3886000 429
3887000 429
3888000 430
3889000 430
3890000 430
3891000 430
3892000 430
3893000 430
3894000 430
3895000 430
3896000 430
3897000 430
3898000 430
3899000 430
3900000 430
3901000 430
3902000 430
3903000 430
3904000 431
3905000 431
3906000 431
3907000 431
3908000 431
3909000 431
3910000 431
3911000 431
3912000 431
3913000 431
3914000 432
3915000 432
3916000 432
3917000 432
3918000 432
3919000 432
3920000 432
3921000 432
3922000 432
3923000 433
3924000 433
3925000 433
3926000 433
3927000 433
3928000 433
3929000 433
3930000 433
3931000 433
3932000 433
3933000 433
3934000 434
3935000 434
3936000 434
3937000 434
3938000 434
3939000 434
3940000 434
3941000 434
3942000 434
3943000 434
3944000 434
3945000 434
3946000 434
3947000 435
3948000 435
3949000 435
3950000 435
3951000 435
3952000 435
3953000 435
3954000 435
3955000 435
3956000 435
3957000 435
3958000 436
3959000 436
3960000 436
3961000 436
3962000 436
3963000 436
3964000 436
3965000 436
3966000 436
3967000 437
3968000 437
3969000 437
3970000 437
3971000 437
3972000 437
3973000 437
3974000 437
3975000 437
3976000 437
3977000 438
3978000 438
3979000 438
3980000 438
3981000 438
3982000 438
3983000 438
3984000 438
3985000 438
3986000 438
3987000 438
3988000 438
3989000 439
3990000 439
3991000 439
3992000 439
3993000 439
3994000 440
3995000 440
3996000 440
3997000 440
3998000 440
3999000 440
4000000 440
4001000 441
4002000 441
4003000 441
4004000 441
4005000 441
4006000 441
4007000 442
4008000 442
4009000 442
4010000 442
4011000 442
4012000 443
4013000 443
4014000 443
4015000 443
4016000 443
4017000 443
4018000 444
4019000 444
4020000 444
4021000 444
4022000 444
4023000 444
4024000 445
4025000 445
4026000 445
4027000 445
4028000 445
4029000 445
4030000 445
4031000 445
4032000 446
4033000 446
4034000 446
4035000 446
4036000 446
4037000 447
4038000 447
4039000 447
4040000 447
4041000 447
4042000 447
4043000 448
4044000 448
4045000 448
4046000 448
4047000 448
4048000 448
4049000 448
4050000 449
4051000 449
4052000 449
4053000 449
4054000 449
4055000 449
4056000 450
4057000 450
4058000 450
4059000 450
4060000 450
4061000 450
4062000 451
4063000 451
4064000 451
4065000 451
4066000 451
4067000 451
4068000 451
4069000 451
4070000 452
4071000 452
4072000 452
4073000 452
4074000 452
4075000 452
4076000 453
4077000 453
4078000 453
4079000 453
4080000 453
4081000 453
4082000 453
4083000 454
4084000 454
4085000 454
4086000 454
4087000 454
4088000 454
4089000 455
4090000 455
4091000 455
4092000 455
4093000 455
4094000 455
4095000 456
4096000 456
4097000 456
4098000 456
4099000 456
4100000 456
4101000 456
4102000 457
4103000 457
4104000 457
4105000 457
4106000 457
4107000 457
4108000 457
4109000 458
4110000 458
4111000 458
4112000 458
4113000 458
4114000 458
4115000 458
4116000 458
4117000 458
4118000 459
4119000 459
4120000 459
4121000 459
4122000 459
4123000 459
4124000 460
4125000 460
4126000 460
4127000 460
4128000 460
4129000 460
4130000 461
4131000 461
4132000 461
4133000 461
4134000 461
4135000 461
4136000 462
4137000 462
4138000 462
4139000 462
4140000 462
4141000 462
4142000 462
4143000 463
4144000 463
4145000 463
4146000 463
4147000 463
4148000 463
4149000 464
4150000 464
4151000 464
4152000 464
4153000 464
4154000 464
4155000 464
4156000 465
4157000 465
4158000 465
4159000 465
4160000 465
4161000 465
4162000 465
4163000 466
4164000 466
4165000 466
4166000 466
4167000 466
4168000 466
4169000 466
4170000 467
4171000 467
4172000 467
4173000 467
4174000 467
4175000 467
4176000 468
4177000 468
4178000 468
4179000 468
4180000 468
4181000 468
4182000 468
4183000 469
4184000 469
4185000 469
4186000 469
4187000 469
4188000 469
4189000 469
4190000 470
4191000 470
4192000 470
4193000 470
4194000 470
4195000 471
4196000 471
4197000 471
4198000 471
4199000 471
4200000 472
4201000 472
4202000 472
4203000 472
4204000 472
4205000 472
4206000 473
4207000 473
4208000 473
4209000 473
4210000 473
4211000 473
4212000 474
4213000 474
4214000 474
4215000 474
4216000 474
4217000 474
4218000 474
4219000 475
4220000 475
4221000 475
4222000 475
4223000 475
4224000 475
4225000 476
4226000 476
4227000 476
4228000 476
4229000 476
4230000 476
4231000 477
4232000 477
4233000 477
4234000 477
4235000 477
4236000 477
4237000 477
4238000 478
4239000 478
4240000 478
4241000 478
4242000 478
4243000 479
4244000 479
4245000 479
4246000 479
4247000 479
4248000 479
4249000 480
4250000 480
4251000 480
4252000 480
4253000 480
4254000 480
4255000 481
4256000 481
4257000 481
4258000 481
4259000 481
4260000 481
4261000 482
4262000 482
4263000 482
4264000 482
4265000 482
4266000 483
4267000 483
4268000 483
4269000 483
4270000 483
4271000 483
4272000 484
4273000 484
4274000 484
4275000 484
4276000 484
4277000 485
4278000 485
4279000 485
4280000 485
4281000 485
4282000 486
4283000 486
4284000 486
4285000 486
4286000 486
4287000 486
4288000 486
4289000 487
4290000 487
4291000 487
4292000 487
4293000 487
4294000 488
4295000 488
4296000 488
4297000 488
4298000 488
4299000 489
4300000 489
4301000 489
4302000 489
4303000 489
4304000 489
4305000 490
4306000 490
4307000 490
4308000 490
4309000 490
4310000 490
4311000 490
4312000 490
4313000 490
4314000 491
4315000 491
4316000 491
4317000 491
4318000 491
4319000 491
4320000 491
4321000 492
4322000 492
4323000 492
4324000 492
4325000 492
4326000 492
4327000 492
4328000 492
4329000 492
4330000 492
4331000 493
4332000 493
4333000 493
4334000 493
4335000 493
4336000 493
4337000 493
4338000 493
4339000 494
4340000 494
4341000 494
4342000 494
4343000 494
4344000 494
4345000 494
4346000 494
4347000 495
4348000 495
4349000 495
4350000 495
4351000 495
4352000 495
4353000 496
4354000 496
4355000 496
4356000 496
4357000 496
4358000 496
4359000 496
4360000 496
4361000 497
4362000 497
4363000 497
4364000 497
4365000 497
4366000 497
4367000 498
4368000 498
4369000 498
4370000 498
4371000 498
4372000 498
4373000 498
4374000 498
4375000 499
4376000 499
4377000 499
4378000 499
4379000 499
4380000 499
4381000 499
4382000 499
4383000 499
4384000 500
4385000 500
4386000 500
4387000 500
4388000 500
4389000 500
4390000 500
4391000 500
4392000 501
4393000 501
4394000 501
4395000 501
4396000 501
4397000 501
4398000 501
4399000 502
4400000 502
4401000 502
4402000 502
4403000 502
4404000 502
4405000 502
4406000 502
4407000 502
4408000 502
4409000 503
4410000 503
4411000 503
4412000 503
4413000 503
4414000 503
4415000 503
4416000 503
4417000 503
4418000 503
4419000 504
4420000 504
4421000 504
4422000 504
4423000 504
4424000 504
4425000 505
4426000 505
4427000 505
4428000 505
4429000 505
4430000 505
4431000 506
4432000 506
4433000 506
4434000 506
4435000 506
4436000 506
4437000 506
4438000 506
4439000 507
4440000 507
4441000 507
4442000 507
4443000 507
4444000 507
4445000 507
4446000 507
4447000 508
4448000 508
4449000 508
4450000 508
4451000 508
4452000 508
4453000 508
4454000 508
4455000 509
4456000 509
4457000 509
4458000 509
4459000 509
4460000 509
4461000 510
4462000 510
4463000 510
4464000 510
4465000 510
4466000 510
4467000 510
4468000 511
4469000 511
4470000 511
4471000 511
4472000 511
4473000 511
4474000 511
4475000 512
4476000 512
4477000 512
4478000 512
4479000 512
4480000 512
4481000 512
4482000 512
4483000 513
4484000 513
4485000 513
4486000 513
4487000 513
4488000 513
4489000 513
4490000 514
4491000 514
4492000 514
4493000 514
4494000 514
4495000 514
4496000 514
4497000 514
4498000 514
4499000 515
4500000 515
4501000 515
4502000 515
4503000 515
4504000 515
4505000 516
4506000 516
4507000 516
4508000 516
4509000 516
4510000 516
4511000 516
4512000 516
4513000 516
4514000 516
4515000 516
4516000 517
4517000 517
4518000 517
4519000 517
4520000 517
4521000 517
4522000 517
4523000 517
4524000 517
4525000 518
4526000 518
4527000 518
4528000 518
4529000 518
4530000 518
4531000 518
4532000 518
4533000 518
4534000 518
4535000 518
4536000 518
4537000 519
4538000 519
4539000 519
4540000 519
4541000 519
4542000 519
4543000 519
4544000 519
4545000 519
4546000 519
4547000 519
4548000 520
4549000 520
4550000 520
4551000 520
4552000 520
4553000 520
4554000 520
4555000 520
4556000 521
4557000 521
4558000 521
4559000 521
4560000 521
4561000 521
4562000 521
4563000 521
4564000 521
4565000 522
4566000 522
4567000 522
4568000 522
4569000 522
4570000 522
4571000 522
4572000 522
4573000 522
4574000 522
4575000 522
4576000 522
4577000 522
4578000 523
4579000 523
4580000 523
4581000 523
4582000 523
4583000 523
4584000 523
4585000 523
4586000 523
4587000 523
4588000 523
4589000 523
4590000 523
4591000 523
4592000 523
4593000 523
4594000 523
4595000 523
4596000 523
4597000 523
4598000 523
4599000 523
4600000 523
4601000 523
4602000 523
4603000 523
4604000 523
4605000 523
4606000 523
4607000 523
4608000 523
4609000 523
4610000 523
4611000 523
4612000 523
4613000 523
4614000 523
4615000 523
4616000 523
4617000 523
4618000 523
4619000 523
4620000 523
4621000 523
4622000 523
4623000 523
4624000 523
4625000 523
4626000 523
4627000 523
4628000 523
4629000 523
4630000 523
4631000 523
4632000 523
4633000 523
4634000 523
4635000 523
4636000 523
4637000 523
4638000 523
4639000 523
4640000 523
4641000 523
4642000 523
4643000 523
4644000 523
4645000 523
4646000 523
4647000 523
4648000 523
4649000 523
4650000 523
4651000 523
4652000 523
4653000 523
4654000 523
4655000 523
4656000 523
4657000 523
4658000 523
4659000 523
4660000 523
4661000 523
4662000 523
4663000 523
4664000 523
4665000 523
4666000 523
4667000 523
4668000 523
4669000 523
4670000 523
4671000 523
4672000 523
4673000 523
4674000 523
4675000 523
4676000 523
4677000 523
4678000 523
4679000 523
4680000 523
4681000 523
4682000 523
4683000 523
4684000 523
4685000 523
4686000 523
4687000 523
4688000 523
4689000 523
4690000 523
4691000 523
4692000 523
4693000 523
4694000 523
4695000 523
4696000 523
4697000 523
4698000 523
4699000 523
4700000 523
4701000 523
4702000 523
4703000 523
4704000 523
4705000 523
4706000 523
4707000 523
4708000 523
4709000 523
4710000 523
4711000 523
4712000 523
4713000 523
4714000 523
4715000 523
4716000 523
4717000 523
4718000 523
4719000 523
4720000 523
4721000 523
4722000 523
4723000 523
4724000 523
4725000 523
4726000 523
4727000 523
4728000 523
4729000 523
4730000 523
4731000 523
4732000 523
4733000 523
4734000 523
4735000 523
4736000 523
4737000 523
4738000 523
4739000 524
4740000 524
4741000 524
4742000 524
4743000 524
4744000 524
4745000 524
4746000 524
4747000 524
4748000 525
4749000 525
4750000 525
4751000 525
4752000 525
4753000 525
4754000 525
4755000 525
4756000 525
4757000 525
4758000 526
4759000 526
4760000 526
4761000 526
4762000 526
4763000 526
4764000 526
4765000 526
4766000 526
4767000 526
4768000 526
4769000 527
4770000 527
4771000 527
4772000 527
4773000 527
4774000 527
4775000 527
4776000 527
4777000 527
4778000 527
4779000 528
4780000 528
4781000 528
4782000 528
4783000 528
4784000 528
4785000 528
4786000 528
4787000 528
4788000 529
4789000 529
4790000 529
4791000 529
4792000 529
4793000 529
4794000 529
4795000 529
4796000 529
4797000 529
4798000 529
4799000 529
4800000 529
4801000 529
4802000 529
4803000 529
4804000 529
4805000 529
4806000 529
4807000 529
4808000 529
4809000 529
4810000 529
4811000 529
4812000 529
4813000 529
4814000 529
4815000 529
4816000 529
4817000 529
4818000 529
4819000 529
4820000 529
4821000 529
4822000 529
4823000 529
4824000 529
4825000 529
4826000 529
4827000 529
4828000 529
4829000 529
4830000 529
4831000 529
4832000 529
4833000 529
4834000 529
4835000 529
4836000 529
4837000 529
4838000 529
4839000 529
4840000 529
4841000 529
4842000 529
4843000 529
4844000 529
4845000 529
4846000 529
4847000 529
4848000 529
4849000 529
4850000 529
4851000 529
4852000 529
4853000 529
4854000 529
4855000 529
4856000 529
4857000 529
4858000 529
4859000 529
4860000 529
4861000 529
4862000 529
4863000 529
4864000 529
4865000 529
4866000 529
4867000 529
4868000 529
4869000 529
4870000 529
4871000 529
4872000 529
4873000 529
4874000 529
4875000 529
4876000 529
4877000 529
4878000 529
4879000 529
4880000 529
4881000 529
4882000 529
4883000 529
4884000 529
4885000 529
4886000 529
4887000 529
4888000 529
4889000 529
4890000 529
4891000 529
4892000 529
4893000 529
4894000 529
4895000 529
4896000 529
4897000 529
4898000 529
4899000 529
4900000 529
4901000 529
4902000 529
4903000 529
4904000 529
4905000 529
4906000 529
4907000 529
4908000 529
4909000 529
4910000 529
4911000 529
4912000 529
4913000 529
4914000 529
4915000 529
4916000 529
4917000 529
4918000 529
4919000 529
4920000 529
4921000 529
4922000 529
4923000 529
4924000 529
4925000 529
4926000 529
4927000 529
4928000 529
4929000 529
4930000 529
4931000 529
4932000 529
4933000 529
4934000 529
4935000 529
4936000 529
4937000 529
4938000 529
4939000 529
4940000 529
4941000 529
4942000 529
4943000 529
4944000 529
4945000 529
4946000 529
4947000 529
4948000 529
4949000 530
4950000 530
4951000 530
4952000 530
4953000 530
4954000 530
4955000 530
4956000 530
4957000 530
4958000 530
4959000 531
4960000 531
4961000 531
4962000 531
4963000 531
4964000 531
4965000 531
4966000 531
4967000 531
4968000 531
4969000 531
4970000 532
4971000 532
4972000 532
4973000 532
4974000 532
4975000 532
4976000 532
4977000 532
4978000 532
4979000 532
4980000 532
4981000 533
4982000 533
4983000 533
4984000 533
4985000 533
4986000 533
4987000 533
4988000 533
4989000 533
4990000 533
4991000 533
4992000 533
4993000 534
4994000 534
4995000 534
4996000 534
4997000 534
4998000 534
4999000 534
5000000 534
