0 0
1000 0
2000 0
3000 0
4000 0
5000 0
6000 0
7000 0
8000 1
9000 1
10000 1
11000 1
12000 1
13000 2
14000 2
15000 2
16000 2
17000 2
18000 3
19000 3
20000 3
21000 3
22000 3
23000 3
24000 3
25000 4
26000 4
27000 4
28000 4
29000 4
30000 4
31000 4
32000 5
33000 5
34000 5
35000 5
36000 5
37000 5
38000 6
39000 6
40000 6
41000 6
42000 6
43000 6
44000 7
45000 7
46000 7
47000 7
48000 7
49000 7
50000 8
51000 8
52000 8
53000 8
54000 8
55000 8
56000 8
57000 8
58000 9
59000 9
60000 9
61000 9
62000 9
63000 9
64000 9
65000 9
66000 9
67000 9
68000 10
69000 10
70000 10
71000 10
72000 10
73000 10
74000 10
75000 10
76000 10
77000 11
78000 11
79000 11
80000 11
81000 11
82000 11
83000 11
84000 11
85000 11
86000 11
87000 11
88000 11
89000 11
90000 12
91000 12
92000 12
93000 12
94000 12
95000 12
96000 12
97000 12
98000 12
99000 12
100000 12
101000 12
102000 13
103000 13
104000 13
105000 13
106000 13
107000 13
108000 13
109000 14
110000 14
111000 14
112000 14
113000 14
114000 14
115000 15
116000 15
117000 15
118000 15
119000 15
120000 15
121000 15
122000 15
123000 15
124000 15
125000 15
126000 16
127000 16
128000 16
129000 16
130000 16
131000 16
132000 16
133000 16
134000 16
135000 17
136000 17
137000 17
138000 17
139000 17
140000 17
141000 17
142000 18
143000 18
144000 18
145000 18
146000 18
147000 19
148000 19
149000 19
150000 19
151000 19
152000 19
153000 19
154000 19
155000 19
156000 19
157000 19
158000 19
159000 19
160000 19
161000 20
162000 20
163000 20
164000 20
165000 20
166000 20
167000 20
168000 20
169000 20
170000 20
171000 20
172000 20
173000 20
174000 21
175000 21
176000 21
177000 21
178000 21
179000 21
180000 21
181000 21
182000 21
183000 21
184000 21
185000 22
186000 22
187000 22
188000 22
189000 22
190000 23
191000 23
192000 23
193000 23
194000 23
195000 23
196000 23
197000 24
198000 24
199000 24
200000 24
201000 24
202000 24
203000 24
204000 25
205000 25
206000 25
207000 25
208000 25
209000 25
210000 25
211000 25
212000 26
213000 26
214000 26
215000 26
216000 26
217000 26
218000 26
219000 26
220000 27
221000 27
222000 27
223000 27
224000 27
225000 27
226000 27
227000 27
228000 27
229000 27
230000 27
231000 27
232000 28
233000 28
234000 28
235000 28
236000 28
237000 28
238000 28
239000 28
240000 28
241000 28
242000 29
243000 29
244000 29
245000 29
246000 29
247000 29
248000 30
249000 30
250000 30
251000 30
252000 30
253000 30
254000 30
255000 31
256000 31
257000 31
258000 31
259000 31
260000 31
261000 31
262000 31
263000 31
264000 31
265000 31
266000 31
267000 31
268000 31
269000 31
270000 32
271000 32
272000 32
273000 32
274000 32
275000 32
276000 32
277000 32
278000 32
279000 32
280000 32
281000 33
282000 33
283000 33
284000 33
285000 33
286000 33
287000 33
288000 33
289000 33
290000 33
291000 33
292000 33
293000 33
294000 33
295000 33
296000 34
297000 34
298000 34
299000 34
300000 34
301000 35
302000 35
303000 35
304000 35
305000 35
306000 36
307000 36
308000 36
309000 36
310000 36
311000 36
312000 36
313000 37
314000 37
315000 37
316000 37
317000 37
318000 37
319000 38
320000 38
321000 38
322000 38
323000 38
324000 38
325000 39
326000 39
327000 39
328000 39
329000 39
330000 39
331000 40
332000 40
333000 40
334000 40
335000 40
336000 40
337000 40
338000 40
339000 41
340000 41
341000 41
342000 41
343000 41
344000 42
345000 42
346000 42
347000 42
348000 42
349000 43
350000 43
351000 43
352000 43
353000 43
354000 44
355000 44
356000 44
357000 44
358000 44
359000 44
360000 44
361000 44
362000 45
363000 45
364000 45
365000 45
366000 45
367000 45
368000 45
369000 45
370000 45
371000 45
372000 45
373000 45
374000 46
375000 46
376000 46
377000 46
378000 46
379000 46
380000 46
381000 46
382000 46
383000 46
384000 46
385000 47
386000 47
387000 47
388000 47
389000 47
390000 47
391000 47
392000 47
393000 47
394000 47
395000 47
396000 48
397000 48
398000 48
399000 48
400000 48
401000 48
402000 49
403000 49
404000 49
405000 49
406000 49
407000 49
408000 49
409000 49
410000 49
411000 49
412000 49
413000 50
414000 50
415000 50
416000 50
417000 50
418000 50
419000 51
420000 51
421000 51
422000 51
423000 51
424000 51
425000 51
426000 51
427000 51
428000 51
429000 52
430000 52
431000 52
432000 52
433000 52
434000 52
435000 52
436000 52
437000 52
438000 52
439000 53
440000 53
441000 53
442000 53
443000 53
444000 53
445000 53
446000 53
447000 53
448000 53
449000 53
450000 53
451000 53
452000 54
453000 54
454000 54
455000 54
456000 54
457000 54
458000 54
459000 54
460000 54
461000 55
462000 55
463000 55
464000 55
465000 55
466000 55
467000 55
468000 55
469000 56
470000 56
471000 56
472000 56
473000 56
474000 56
475000 56
476000 56
477000 56
478000 56
479000 57
480000 57
481000 57
482000 57
483000 57
484000 58
485000 58
486000 58
487000 58
488000 58
489000 59
490000 59
491000 59
492000 59
493000 59
494000 59
495000 59
496000 59
497000 59
498000 59
499000 60
500000 60
501000 60
502000 60
503000 60
504000 60
505000 60
506000 60
507000 60
508000 60
509000 60
510000 60
511000 61
512000 61
513000 61
514000 61
515000 61
516000 61
517000 61
518000 61
519000 62
520000 62
521000 62
522000 62
523000 62
524000 63
525000 63
526000 63
527000 63
528000 63
529000 64
530000 64
531000 64
532000 64
533000 64
534000 64
535000 64
536000 64
537000 64
538000 64
539000 65
540000 65
541000 65
542000 65
543000 65
544000 65
545000 65
546000 65
547000 66
548000 66
549000 66
550000 66
551000 66
552000 66
553000 66
554000 66
555000 67
556000 67
557000 67
558000 67
559000 67
560000 67
561000 67
562000 67
563000 67
564000 68
565000 68
566000 68
567000 68
568000 68
569000 69
570000 69
571000 69
572000 69
573000 69
574000 70
575000 70
576000 70
577000 70
578000 70
579000 71
580000 71
581000 71
582000 71
583000 71
584000 71
585000 71
586000 72
587000 72
588000 72
589000 72
590000 72
591000 72
592000 72
593000 73
594000 73
595000 73
596000 73
597000 73
598000 73
599000 73
600000 74
601000 74
602000 74
603000 74
604000 74
605000 75
606000 75
607000 75
608000 75
609000 75
610000 76
611000 76
612000 76
613000 76
614000 76
615000 76
616000 77
617000 77
618000 77
619000 77
620000 77
621000 77
622000 77
623000 78
624000 78
625000 78
626000 78
627000 78
628000 78
629000 78
630000 79
631000 79
632000 79
633000 79
634000 79
635000 79
636000 80
637000 80
638000 80
639000 80
640000 80
641000 80
642000 81
643000 81
644000 81
645000 81
646000 81
647000 81
648000 81
649000 82
650000 82
651000 82
652000 82
653000 82
654000 82
655000 83
656000 83
657000 83
658000 83
659000 83
660000 83
661000 84
662000 84
663000 84
664000 84
665000 84
666000 84
667000 84
668000 84
669000 85
670000 85
671000 85
672000 85
673000 85
674000 85
675000 85
676000 85
677000 85
678000 85
679000 85
680000 85
681000 85
682000 86
683000 86
684000 86
685000 86
686000 86
687000 86
688000 86
689000 86
690000 86
691000 86
692000 86
693000 87
694000 87
695000 87
696000 87
697000 87
698000 87
699000 87
700000 87
701000 87
702000 87
703000 87
704000 87
705000 87
706000 87
707000 87
708000 88
709000 88
710000 88
711000 88
712000 88
713000 88
714000 88
715000 88
716000 88
717000 88
718000 88
719000 88
720000 88
721000 88
722000 88
723000 88
724000 89
725000 89
726000 89
727000 89
728000 89
729000 89
730000 89
731000 89
732000 90
733000 90
734000 90
735000 90
736000 90
737000 90
738000 90
739000 90
740000 90
741000 90
742000 90
743000 90
744000 91
745000 91
746000 91
747000 91
748000 91
749000 91
750000 91
751000 91
752000 91
753000 91
754000 91
755000 92
756000 92
757000 92
758000 92
759000 92
760000 93
761000 93
762000 93
763000 93
764000 93
765000 94
766000 94
767000 94
768000 94
769000 94
770000 94
771000 94
772000 94
773000 94
774000 94
775000 95
776000 95
777000 95
778000 95
779000 95
780000 95
781000 95
782000 95
783000 95
784000 96
785000 96
786000 96
787000 96
788000 96
789000 96
790000 96
791000 97
792000 97
793000 97
794000 97
795000 97
796000 97
797000 98
798000 98
799000 98
800000 98
801000 98
802000 98
803000 99
804000 99
805000 99
806000 99
807000 99
808000 100
809000 100
810000 100
811000 100
812000 100
813000 101
814000 101
815000 101
816000 101
817000 101
818000 101
819000 101
820000 102
821000 102
822000 102
823000 102
824000 102
825000 103
826000 103
827000 103
828000 103
829000 103
830000 104
831000 104
832000 104
833000 104
834000 104
835000 104
836000 105
837000 105
838000 105
839000 105
840000 105
841000 105
842000 106
843000 106
844000 106
845000 106
846000 106
847000 106
848000 107
849000 107
850000 107
851000 107
852000 107
853000 107
854000 107
855000 107
856000 107
857000 108
858000 108
859000 108
860000 108
861000 109
862000 109
863000 109
864000 109
865000 109
866000 109
867000 109
868000 110
869000 110
870000 110
871000 110
872000 110
873000 110
874000 110
875000 110
876000 110
877000 110
878000 110
879000 110
880000 110
881000 111
882000 111
883000 111
884000 111
885000 111
886000 112
887000 112
888000 112
889000 112
890000 112
891000 112
892000 112
893000 112
894000 112
895000 112
896000 112
897000 112
898000 112
899000 112
900000 113
901000 113
902000 113
903000 113
904000 113
905000 114
906000 114
907000 114
908000 114
909000 114
910000 115
911000 115
912000 115
913000 115
914000 115
915000 115
916000 116
917000 116
918000 116
919000 116
920000 116
921000 116
922000 116
923000 116
924000 116
925000 116
926000 116
927000 116
928000 116
929000 117
930000 117
931000 117
932000 117
933000 117
934000 117
935000 117
936000 117
937000 117
938000 117
939000 117
940000 117
941000 118
942000 118
943000 118
944000 118
945000 118
946000 118
947000 119
948000 119
949000 119
950000 119
951000 119
952000 120
953000 120
954000 120
955000 120
956000 120
957000 121
958000 121
959000 121
960000 121
961000 121
962000 121
963000 122
964000 122
965000 122
966000 122
967000 122
968000 123
969000 123
970000 123
971000 123
972000 123
973000 124
974000 124
975000 124
976000 124
977000 124
978000 124
979000 125
980000 125
981000 125
982000 125
983000 125
984000 125
985000 125
986000 125
987000 125
988000 126
989000 126
990000 126
991000 126
992000 126
993000 126
994000 127
995000 127
996000 127
997000 127
998000 127
999000 127
1000000 128
1001000 128
1002000 128
1003000 128
1004000 129
1005000 129
1006000 129
1007000 129
1008000 130
1009000 130
1010000 130
1011000 130
1012000 130
1013000 131
1014000 131
1015000 131
1016000 131
1017000 131
1018000 131
1019000 131
1020000 131
1021000 132
1022000 132
1023000 132
1024000 132
1025000 132
1026000 132
1027000 132
1028000 132
1029000 132
1030000 132
1031000 132
1032000 132
1033000 132
1034000 132
1035000 132
1036000 133
1037000 133
1038000 133
1039000 133
1040000 133
1041000 133
1042000 134
1043000 134
1044000 134
1045000 134
1046000 134
1047000 135
1048000 135
1049000 135
1050000 135
1051000 135
1052000 135
1053000 135
1054000 135
1055000 135
1056000 135
1057000 136
1058000 136
1059000 136
1060000 136
1061000 136
1062000 136
1063000 136
1064000 136
1065000 136
1066000 136
1067000 137
1068000 137
1069000 137
1070000 137
1071000 137
1072000 138
1073000 138
1074000 138
1075000 138
1076000 138
1077000 138
1078000 138
1079000 139
1080000 139
1081000 139
1082000 139
1083000 139
1084000 139
1085000 139
1086000 139
1087000 139
1088000 140
1089000 140
1090000 140
1091000 140
1092000 140
1093000 140
1094000 140
1095000 141
1096000 141
1097000 141
1098000 141
1099000 141
1100000 141
1101000 141
1102000 141
1103000 141
1104000 141
1105000 141
1106000 141
1107000 141
1108000 142
1109000 142
1110000 142
1111000 142
1112000 142
1113000 142
1114000 142
1115000 143
1116000 143
1117000 143
1118000 143
1119000 143
1120000 143
1121000 143
1122000 144
1123000 144
1124000 144
1125000 144
1126000 144
1127000 144
1128000 144
1129000 145
1130000 145
1131000 145
1132000 145
1133000 145
1134000 145
1135000 145
1136000 145
1137000 145
1138000 145
1139000 145
1140000 145
1141000 146
1142000 146
1143000 146
1144000 146
1145000 146
1146000 146
1147000 146
1148000 146
1149000 147
1150000 147
1151000 147
1152000 147
1153000 147
1154000 148
1155000 148
1156000 148
1157000 148
1158000 148
1159000 149
1160000 149
1161000 149
1162000 149
1163000 149
1164000 149
1165000 149
1166000 149
1167000 150
1168000 150
1169000 150
1170000 150
1171000 150
1172000 151
1173000 151
1174000 151
1175000 151
1176000 151
1177000 152
1178000 152
1179000 152
1180000 152
1181000 152
1182000 152
1183000 152
1184000 152
1185000 153
1186000 153
1187000 153
1188000 153
1189000 153
1190000 153
1191000 153
1192000 154
1193000 154
1194000 154
1195000 154
1196000 154
1197000 154
1198000 154
1199000 154
1200000 154
1201000 155
1202000 155
1203000 155
1204000 155
1205000 155
1206000 155
1207000 155
1208000 155
1209000 155
1210000 155
1211000 156
1212000 156
1213000 156
1214000 156
1215000 156
1216000 156
1217000 157
1218000 157
1219000 157
1220000 157
1221000 157
1222000 157
1223000 157
1224000 157
1225000 157
1226000 157
1227000 158
1228000 158
1229000 158
1230000 158
1231000 158
1232000 158
1233000 158
1234000 158
1235000 158
1236000 158
1237000 158
1238000 159
1239000 159
1240000 159
1241000 159
1242000 159
1243000 159
1244000 159
1245000 159
1246000 159
1247000 159
1248000 159
1249000 160
1250000 160
1251000 160
1252000 160
1253000 160
1254000 160
1255000 160
1256000 161
1257000 161
1258000 161
1259000 161
1260000 161
1261000 161
1262000 161
1263000 162
1264000 162
1265000 162
1266000 162
1267000 162
1268000 162
1269000 162
1270000 162
1271000 162
1272000 162
1273000 162
1274000 162
1275000 163
1276000 163
1277000 163
1278000 163
1279000 163
1280000 164
1281000 164
1282000 164
1283000 164
1284000 164
1285000 164
1286000 164
1287000 164
1288000 164
1289000 164
1290000 164
1291000 165
1292000 165
1293000 165
1294000 165
1295000 165
1296000 165
1297000 166
1298000 166
1299000 166
1300000 166
1301000 166
1302000 166
1303000 167
1304000 167
1305000 167
1306000 167
1307000 168
1308000 168
1309000 168
1310000 168
1311000 168
1312000 168
1313000 168
1314000 169
1315000 169
1316000 169
1317000 169
1318000 169
1319000 169
1320000 170
1321000 170
1322000 170
1323000 170
1324000 170
1325000 170
1326000 171
1327000 171
1328000 171
1329000 171
1330000 171
1331000 171
1332000 171
1333000 172
1334000 172
1335000 172
1336000 172
1337000 172
1338000 172
1339000 172
1340000 172
1341000 172
1342000 172
1343000 173
1344000 173
1345000 173
1346000 173
1347000 173
1348000 173
1349000 174
1350000 174
1351000 174
1352000 174
1353000 174
1354000 174
1355000 175
1356000 175
1357000 175
1358000 175
1359000 175
1360000 175
1361000 175
1362000 175
1363000 176
1364000 176
1365000 176
1366000 176
1367000 176
1368000 176
1369000 177
1370000 177
1371000 177
1372000 177
1373000 177
1374000 177
1375000 177
1376000 177
1377000 178
1378000 178
1379000 178
1380000 178
1381000 178
1382000 179
1383000 179
1384000 179
1385000 179
1386000 179
1387000 180
1388000 180
1389000 180
1390000 180
1391000 180
1392000 181
1393000 181
1394000 181
1395000 181
1396000 181
1397000 182
1398000 182
1399000 182
1400000 182
1401000 182
1402000 182
1403000 182
1404000 182
1405000 182
1406000 183
1407000 183
1408000 183
1409000 183
1410000 183
1411000 183
1412000 183
1413000 184
1414000 184
1415000 184
1416000 184
1417000 184
1418000 184
1419000 185
1420000 185
1421000 185
1422000 185
1423000 185
1424000 185
1425000 186
1426000 186
1427000 186
1428000 186
1429000 186
1430000 186
1431000 186
1432000 187
1433000 187
1434000 187
1435000 187
1436000 187
1437000 187
1438000 187
1439000 188
1440000 188
1441000 188
1442000 188
1443000 188
1444000 188
1445000 188
1446000 188
1447000 188
1448000 188
1449000 189
1450000 189
1451000 189
1452000 189
1453000 189
1454000 189
1455000 189
1456000 189
1457000 190
1458000 190
1459000 190
1460000 190
1461000 190
1462000 190
1463000 190
1464000 191
1465000 191
1466000 191
1467000 191
1468000 191
1469000 192
1470000 192
1471000 192
1472000 192
1473000 192
1474000 193
1475000 193
1476000 193
1477000 193
1478000 193
1479000 193
1480000 194
1481000 194
1482000 194
1483000 194
1484000 194
1485000 194
1486000 194
1487000 194
1488000 194
1489000 194
1490000 195
1491000 195
1492000 195
1493000 195
1494000 195
1495000 195
1496000 195
1497000 196
1498000 196
1499000 196
1500000 196
1501000 196
1502000 196
1503000 196
1504000 196
1505000 197
1506000 197
1507000 197
1508000 197
1509000 197
1510000 197
1511000 197
1512000 197
1513000 198
1514000 198
1515000 198
1516000 198
1517000 198
1518000 198
1519000 198
1520000 199
1521000 199
1522000 199
1523000 199
1524000 199
1525000 199
1526000 200
1527000 200
1528000 200
1529000 200
1530000 200
1531000 200
1532000 201
1533000 201
1534000 201
1535000 201
1536000 201
1537000 201
1538000 201
1539000 202
1540000 202
1541000 202
1542000 202
1543000 202
1544000 202
1545000 202
1546000 203
1547000 203
1548000 203
1549000 203
1550000 203
1551000 203
1552000 203
1553000 203
1554000 203
1555000 203
1556000 203
1557000 204
1558000 204
1559000 204
1560000 204
1561000 204
1562000 204
1563000 204
1564000 204
1565000 204
1566000 205
1567000 205
1568000 205
1569000 205
1570000 205
1571000 205
1572000 206
1573000 206
1574000 206
1575000 206
1576000 206
1577000 206
1578000 206
1579000 206
1580000 206
1581000 206
1582000 207
1583000 207
1584000 207
1585000 207
1586000 207
1587000 207
1588000 207
1589000 207
1590000 207
1591000 207
1592000 208
1593000 208
1594000 208
1595000 208
1596000 208
1597000 208
1598000 209
1599000 209
1600000 209
1601000 209
1602000 209
1603000 209
1604000 209
1605000 209
1606000 209
1607000 209
1608000 209
1609000 209
1610000 209
1611000 209
1612000 209
1613000 210
1614000 210
1615000 210
1616000 210
1617000 210
1618000 210
1619000 210
1620000 211
1621000 211
1622000 211
1623000 211
1624000 211
1625000 211
1626000 212
1627000 212
1628000 212
1629000 212
1630000 212
1631000 212
1632000 212
1633000 213
1634000 213
1635000 213
1636000 213
1637000 213
1638000 213
1639000 213
1640000 214
1641000 214
1642000 214
1643000 214
1644000 214
1645000 214
1646000 214
1647000 214
1648000 214
1649000 214
1650000 214
1651000 214
1652000 215
1653000 215
1654000 215
1655000 215
1656000 215
1657000 215
1658000 215
1659000 215
1660000 216
1661000 216
1662000 216
1663000 216
1664000 216
1665000 217
1666000 217
1667000 217
1668000 217
1669000 217
1670000 218
1671000 218
1672000 218
1673000 218
1674000 218
1675000 219
1676000 219
1677000 219
1678000 219
1679000 219
1680000 220
1681000 220
1682000 220
1683000 220
1684000 220
1685000 220
1686000 220
1687000 221
1688000 221
1689000 221
1690000 221
1691000 221
1692000 221
1693000 221
1694000 222
1695000 222
1696000 222
1697000 222
1698000 222
1699000 222
1700000 222
1701000 222
1702000 223
1703000 223
1704000 223
1705000 223
1706000 223
1707000 224
1708000 224
1709000 224
1710000 224
1711000 224
1712000 224
1713000 225
1714000 225
1715000 225
1716000 225
1717000 225
1718000 225
1719000 226
1720000 226
1721000 226
1722000 226
1723000 226
1724000 226
1725000 226
1726000 227
1727000 227
1728000 227
1729000 227
1730000 227
1731000 227
1732000 227
1733000 227
1734000 228
1735000 228
1736000 228
1737000 228
1738000 228
1739000 228
1740000 229
1741000 229
1742000 229
1743000 229
1744000 229
1745000 229
1746000 229
1747000 229
1748000 229
1749000 230
1750000 230
1751000 230
1752000 230
1753000 230
1754000 230
1755000 231
1756000 231
1757000 231
1758000 231
1759000 231
1760000 231
1761000 231
1762000 231
1763000 231
1764000 232
1765000 232
1766000 232
1767000 232
1768000 232
1769000 233
1770000 233
1771000 233
1772000 233
1773000 233
1774000 233
1775000 233
1776000 234
1777000 234
1778000 234
1779000 234
1780000 234
1781000 234
1782000 234
1783000 234
1784000 234
1785000 234
1786000 235
1787000 235
1788000 235
1789000 235
1790000 235
1791000 235
1792000 236
1793000 236
1794000 236
1795000 236
1796000 236
1797000 236
1798000 236
1799000 236
1800000 236
1801000 236
1802000 236
1803000 237
1804000 237
1805000 237
1806000 237
1807000 237
1808000 237
1809000 237
1810000 237
1811000 237
1812000 237
1813000 237
1814000 238
1815000 238
1816000 238
1817000 238
1818000 238
1819000 238
1820000 239
1821000 239
1822000 239
1823000 239
1824000 239
1825000 239
1826000 239
1827000 239
1828000 239
1829000 239
1830000 239
1831000 240
1832000 240
1833000 240
1834000 240
1835000 240
1836000 240
1837000 240
1838000 240
1839000 240
1840000 240
1841000 241
1842000 241
1843000 241
1844000 241
1845000 241
1846000 241
1847000 241
1848000 241
1849000 241
1850000 241
1851000 242
1852000 242
1853000 242
1854000 242
1855000 242
1856000 242
1857000 243
1858000 243
1859000 243
1860000 243
1861000 243
1862000 243
1863000 243
1864000 244
1865000 244
1866000 244
1867000 244
1868000 244
1869000 245
1870000 245
1871000 245
1872000 245
1873000 245
1874000 246
1875000 246
1876000 246
1877000 246
1878000 246
1879000 247
1880000 247
1881000 247
1882000 247
1883000 247
1884000 248
1885000 248
1886000 248
1887000 248
1888000 248
1889000 249
1890000 249
1891000 249
1892000 249
1893000 249
1894000 249
1895000 249
1896000 249
1897000 249
1898000 249
1899000 249
1900000 250
1901000 250
1902000 250
1903000 250
1904000 250
1905000 250
1906000 250
1907000 251
1908000 251
1909000 251
1910000 251
1911000 251
1912000 251
1913000 252
1914000 252
1915000 252
1916000 252
1917000 252
1918000 252
1919000 252
1920000 253
1921000 253
1922000 253
1923000 253
1924000 253
1925000 254
1926000 254
1927000 254
1928000 254
1929000 254
1930000 255
1931000 255
1932000 255
1933000 255
1934000 255
1935000 255
1936000 255
1937000 255
1938000 256
1939000 256
1940000 256
1941000 256
1942000 256
1943000 256
1944000 257
1945000 257
1946000 257
1947000 257
1948000 257
1949000 257
1950000 258
1951000 258
1952000 258
1953000 258
1954000 258
1955000 258
1956000 258
1957000 258
1958000 258
1959000 259
1960000 259
1961000 259
1962000 259
1963000 259
1964000 259
1965000 260
1966000 260
1967000 260
1968000 260
1969000 260
1970000 260
1971000 261
1972000 261
1973000 261
1974000 261
1975000 261
1976000 261
1977000 261
1978000 261
1979000 262
1980000 262
1981000 262
1982000 262
1983000 262
1984000 262
1985000 262
1986000 263
1987000 263
1988000 263
1989000 263
1990000 263
1991000 264
1992000 264
1993000 264
1994000 264
1995000 264
1996000 264
1997000 265
1998000 265
1999000 265
2000000 265
2001000 265
2002000 265
2003000 266
2004000 266
2005000 266
2006000 266
2007000 266
2008000 267
2009000 267
2010000 267
2011000 267
2012000 267
2013000 268
2014000 268
2015000 268
2016000 268
2017000 268
2018000 268
2019000 269
2020000 269
2021000 269
2022000 269
2023000 269
2024000 270
2025000 270
2026000 270
2027000 270
2028000 270
2029000 271
2030000 271
2031000 271
2032000 271
2033000 271
2034000 272
2035000 272
2036000 272
2037000 272
2038000 272
2039000 273
2040000 273
2041000 273
2042000 273
2043000 273
2044000 273
2045000 274
2046000 274
2047000 274
2048000 274
2049000 274
2050000 274
2051000 275
2052000 275
2053000 275
2054000 275
2055000 275
2056000 275
2057000 275
2058000 275
2059000 276
2060000 276
2061000 276
2062000 276
2063000 276
2064000 276
2065000 276
2066000 276
2067000 277
2068000 277
2069000 277
2070000 277
2071000 277
2072000 278
2073000 278
2074000 278
2075000 278
2076000 278
2077000 279
2078000 279
2079000 279
2080000 279
2081000 279
2082000 280
2083000 280
2084000 280
2085000 280
2086000 280
2087000 280
2088000 281
2089000 281
2090000 281
2091000 281
2092000 281
2093000 281
2094000 282
2095000 282
2096000 282
2097000 282
2098000 282
2099000 282
2100000 282
2101000 283
2102000 283
2103000 283
2104000 283
2105000 283
2106000 283
2107000 284
2108000 284
2109000 284
2110000 284
2111000 284
2112000 284
2113000 285
2114000 285
2115000 285
2116000 285
2117000 285
2118000 285
2119000 286
2120000 286
2121000 286
2122000 286
2123000 286
2124000 287
2125000 287
2126000 287
2127000 287
2128000 287
2129000 287
2130000 287
2131000 288
2132000 288
2133000 288
2134000 288
2135000 288
2136000 288
2137000 288
2138000 289
2139000 289
2140000 289
2141000 289
2142000 289
2143000 289
2144000 289
2145000 289
2146000 289
2147000 289
2148000 290
2149000 290
2150000 290
2151000 290
2152000 290
2153000 290
2154000 290
2155000 290
2156000 291
2157000 291
2158000 291
2159000 291
2160000 291
2161000 292
2162000 292
2163000 292
2164000 292
2165000 292
2166000 293
2167000 293
2168000 293
2169000 293
2170000 293
2171000 294
2172000 294
2173000 294
2174000 294
2175000 294
2176000 294
2177000 294
2178000 295
2179000 295
2180000 295
2181000 295
2182000 295
2183000 295
2184000 295
2185000 295
2186000 296
2187000 296
2188000 296
2189000 296
2190000 296
2191000 296
2192000 297
2193000 297
2194000 297
2195000 297
2196000 297
2197000 297
2198000 298
2199000 298
2200000 298
2201000 298
2202000 298
2203000 298
2204000 298
2205000 298
2206000 299
2207000 299
2208000 299
2209000 299
2210000 299
2211000 300
2212000 300
2213000 300
2214000 300
2215000 300
2216000 300
2217000 301
2218000 301
2219000 301
2220000 301
2221000 301
2222000 301
2223000 301
2224000 302
2225000 302
2226000 302
2227000 302
2228000 302
2229000 302
2230000 302
2231000 303
2232000 303
2233000 303
2234000 303
2235000 303
2236000 304
2237000 304
2238000 304
2239000 304
2240000 304
2241000 304
2242000 305
2243000 305
2244000 305
2245000 305
2246000 305
2247000 305
2248000 305
2249000 306
2250000 306
2251000 306
2252000 306
2253000 306
2254000 306
2255000 307
2256000 307
2257000 307
2258000 307
2259000 307
2260000 307
2261000 308
2262000 308
2263000 308
2264000 308
2265000 308
2266000 309
2267000 309
2268000 309
2269000 309
2270000 309
2271000 309
2272000 310
2273000 310
2274000 310
2275000 310
2276000 310
2277000 311
2278000 311
2279000 311
2280000 311
2281000 311
2282000 312
2283000 312
2284000 312
2285000 312
2286000 312
2287000 312
2288000 312
2289000 312
2290000 312
2291000 313
2292000 313
2293000 313
2294000 313
2295000 313
2296000 313
2297000 313
2298000 313
2299000 314
2300000 314
2301000 314
2302000 314
2303000 314
2304000 314
2305000 314
2306000 315
2307000 315
2308000 315
2309000 315
2310000 315
2311000 315
2312000 315
2313000 316
2314000 316
2315000 316
2316000 316
2317000 316
2318000 316
2319000 317
2320000 317
2321000 317
2322000 317
2323000 317
2324000 317
2325000 318
2326000 318
2327000 318
2328000 318
2329000 318
2330000 318
2331000 318
2332000 319
2333000 319
2334000 319
2335000 319
2336000 319
2337000 319
2338000 319
2339000 320
2340000 320
2341000 320
2342000 320
2343000 320
2344000 321
2345000 321
2346000 321
2347000 321
2348000 321
2349000 321
2350000 321
2351000 322
2352000 322
2353000 322
2354000 322
2355000 322
2356000 322
2357000 322
2358000 323
2359000 323
2360000 323
2361000 323
2362000 323
2363000 323
2364000 323
2365000 324
2366000 324
2367000 324
2368000 324
2369000 324
2370000 324
2371000 325
2372000 325
2373000 325
2374000 325
2375000 325
2376000 325
2377000 326
2378000 326
2379000 326
2380000 326
2381000 326
2382000 326
2383000 327
2384000 327
2385000 327
2386000 327
2387000 327
2388000 328
2389000 328
2390000 328
2391000 328
2392000 328
2393000 329
2394000 329
2395000 329
2396000 329
2397000 329
2398000 329
2399000 330
2400000 330
2401000 330
2402000 330
2403000 330
2404000 330
2405000 330
2406000 330
2407000 331
2408000 331
2409000 331
2410000 331
2411000 331
2412000 332
2413000 332
2414000 332
2415000 332
2416000 332
2417000 333
2418000 333
2419000 333
2420000 333
2421000 333
2422000 334
2423000 334
2424000 334
2425000 334
2426000 334
2427000 335
2428000 335
2429000 335
2430000 335
2431000 335
2432000 335
2433000 336
2434000 336
2435000 336
2436000 336
2437000 336
2438000 337
2439000 337
2440000 337
2441000 337
2442000 337
2443000 338
2444000 338
2445000 338
2446000 338
2447000 338
2448000 338
2449000 338
2450000 339
2451000 339
2452000 339
2453000 339
2454000 339
2455000 340
2456000 340
2457000 340
2458000 340
2459000 340
2460000 341
2461000 341
2462000 341
2463000 341
2464000 341
2465000 342
2466000 342
2467000 342
2468000 342
2469000 342
2470000 342
2471000 342
2472000 342
2473000 343
2474000 343
2475000 343
2476000 343
2477000 343
2478000 344
2479000 344
2480000 344
2481000 344
2482000 344
2483000 345
2484000 345
2485000 345
2486000 345
2487000 345
2488000 346
2489000 346
2490000 346
2491000 346
2492000 346
2493000 346
2494000 347
2495000 347
2496000 347
2497000 347
2498000 347
2499000 348
2500000 348
2501000 348
2502000 348
2503000 348
2504000 349
2505000 349
2506000 349
2507000 349
2508000 349
2509000 349
2510000 349
2511000 350
2512000 350
2513000 350
2514000 350
2515000 350
2516000 350
2517000 350
2518000 350
2519000 350
2520000 351
2521000 351
2522000 351
2523000 351
2524000 351
2525000 351
2526000 351
2527000 352
2528000 352
2529000 352
2530000 352
2531000 352
2532000 352
2533000 352
2534000 353
2535000 353
2536000 353
2537000 353
2538000 353
2539000 353
2540000 353
2541000 354
2542000 354
2543000 354
2544000 354
2545000 354
2546000 355
2547000 355
2548000 355
2549000 355
2550000 355
2551000 356
2552000 356
2553000 356
2554000 356
2555000 356
2556000 357
2557000 357
2558000 357
2559000 357
2560000 357
2561000 358
2562000 358
2563000 358
2564000 358
2565000 358
2566000 359
2567000 359
2568000 359
2569000 359
2570000 359
2571000 359
2572000 360
2573000 360
2574000 360
2575000 360
2576000 360
2577000 360
2578000 361
2579000 361
2580000 361
2581000 361
2582000 361
2583000 361
2584000 362
2585000 362
2586000 362
2587000 362
2588000 362
2589000 362
2590000 363
2591000 363
2592000 363
2593000 363
2594000 363
2595000 363
2596000 364
2597000 364
2598000 364
2599000 364
2600000 364
2601000 364
2602000 364
2603000 364
2604000 364
2605000 365
2606000 365
2607000 365
2608000 365
2609000 365
2610000 365
2611000 365
2612000 366
2613000 366
2614000 366
2615000 366
2616000 366
2617000 367
2618000 367
2619000 367
2620000 367
2621000 367
2622000 368
2623000 368
2624000 368
2625000 368
2626000 368
2627000 368
2628000 368
2629000 368
2630000 368
2631000 369
2632000 369
2633000 369
2634000 369
2635000 369
2636000 369
2637000 369
2638000 369
2639000 369
2640000 369
2641000 370
2642000 370
2643000 370
2644000 370
2645000 370
2646000 370
2647000 370
2648000 371
2649000 371
2650000 371
2651000 371
2652000 371
2653000 371
2654000 371
2655000 372
2656000 372
2657000 372
2658000 372
2659000 372
2660000 372
2661000 373
2662000 373
2663000 373
2664000 373
2665000 373
2666000 373
2667000 373
2668000 373
2669000 373
2670000 374
2671000 374
2672000 374
2673000 374
2674000 374
2675000 374
2676000 374
2677000 375
2678000 375
2679000 375
2680000 375
2681000 375
2682000 375
2683000 376
2684000 376
2685000 376
2686000 376
2687000 376
2688000 376
2689000 376
2690000 377
2691000 377
2692000 377
2693000 377
2694000 377
2695000 377
2696000 377
2697000 378
2698000 378
2699000 378
2700000 378
2701000 378
2702000 378
2703000 378
2704000 378
2705000 378
2706000 379
2707000 379
2708000 379
2709000 379
2710000 379
2711000 379
2712000 379
2713000 379
2714000 380
2715000 380
2716000 380
2717000 380
2718000 380
2719000 380
2720000 380
2721000 381
2722000 381
2723000 381
2724000 381
2725000 381
2726000 381
2727000 381
2728000 382
2729000 382
2730000 382
2731000 382
2732000 382
2733000 382
2734000 382
2735000 383
2736000 383
2737000 383
2738000 383
2739000 383
2740000 383
2741000 383
2742000 383
2743000 383
2744000 384
2745000 384
2746000 384
2747000 384
2748000 384
2749000 385
2750000 385
2751000 385
2752000 385
2753000 385
2754000 386
2755000 386
2756000 386
2757000 386
2758000 386
2759000 386
2760000 387
2761000 387
2762000 387
2763000 387
2764000 387
2765000 387
2766000 387
2767000 388
2768000 388
2769000 388
2770000 388
2771000 388
2772000 389
2773000 389
2774000 389
2775000 389
2776000 389
2777000 390
2778000 390
2779000 390
2780000 390
2781000 390
2782000 390
2783000 390
2784000 390
2785000 390
2786000 390
2787000 391
2788000 391
2789000 391
2790000 391
2791000 391
2792000 391
2793000 391
2794000 391
2795000 392
2796000 392
2797000 392
2798000 392
2799000 392
2800000 393
2801000 393
2802000 393
2803000 393
2804000 393
2805000 393
2806000 393
2807000 393
2808000 394
2809000 394
2810000 394
2811000 394
2812000 394
2813000 394
2814000 395
2815000 395
2816000 395
2817000 395
2818000 395
2819000 396
2820000 396
2821000 396
2822000 396
2823000 396
2824000 396
2825000 396
2826000 396
2827000 397
2828000 397
2829000 397
2830000 397
2831000 397
2832000 397
2833000 398
2834000 398
2835000 398
2836000 398
2837000 398
2838000 398
2839000 398
2840000 399
2841000 399
2842000 399
2843000 399
2844000 399
2845000 399
2846000 399
2847000 400
2848000 400
2849000 400
2850000 400
2851000 400
2852000 400
2853000 400
2854000 401
2855000 401
2856000 401
2857000 401
2858000 401
2859000 401
2860000 402
2861000 402
2862000 402
2863000 402
2864000 402
2865000 402
2866000 403
2867000 403
2868000 403
2869000 403
2870000 403
2871000 403
2872000 403
2873000 404
2874000 404
2875000 404
2876000 404
2877000 404
2878000 405
2879000 405
2880000 405
2881000 405
2882000 405
2883000 406
2884000 406
2885000 406
2886000 406
2887000 406
2888000 406
2889000 407
2890000 407
2891000 407
2892000 407
2893000 407
2894000 407
2895000 407
2896000 408
2897000 408
2898000 408
2899000 408
2900000 408
2901000 408
2902000 408
2903000 409
2904000 409
2905000 409
2906000 409
2907000 409
2908000 409
2909000 409
2910000 409
2911000 409
2912000 410
2913000 410
2914000 410
2915000 410
2916000 410
2917000 410
2918000 410
2919000 411
2920000 411
2921000 411
2922000 411
2923000 411
2924000 411
2925000 412
2926000 412
2927000 412
2928000 412
2929000 412
2930000 412
2931000 413
2932000 413
2933000 413
2934000 413
2935000 413
2936000 413
2937000 414
2938000 414
2939000 414
2940000 414
2941000 414
2942000 414
2943000 415
2944000 415
2945000 415
2946000 415
2947000 415
2948000 415
2949000 416
2950000 416
2951000 416
2952000 416
2953000 416
2954000 416
2955000 417
2956000 417
2957000 417
2958000 417
2959000 417
2960000 417
2961000 418
2962000 418
2963000 418
2964000 418
2965000 418
2966000 419
2967000 419
2968000 419
2969000 419
2970000 419
2971000 420
2972000 420
2973000 420
2974000 420
2975000 420
2976000 420
2977000 420
2978000 421
2979000 421
2980000 421
2981000 421
2982000 421
2983000 421
2984000 421
2985000 422
2986000 422
2987000 422
2988000 422
2989000 422
2990000 422
2991000 423
2992000 423
2993000 423
2994000 423
2995000 423
2996000 423
2997000 423
2998000 424
2999000 424
3000000 424
3001000 424
3002000 424
3003000 424
3004000 424
3005000 425
3006000 425
3007000 425
3008000 425
3009000 425
3010000 426
3011000 426
3012000 426
3013000 426
3014000 426
3015000 427
3016000 427
3017000 427
3018000 427
3019000 427
3020000 427
3021000 428
3022000 428
3023000 428
3024000 428
3025000 428
3026000 428
3027000 429
3028000 429
3029000 429
3030000 429
3031000 429
3032000 429
3033000 430
3034000 430
3035000 430
3036000 430
3037000 430
3038000 430
3039000 431
3040000 431
3041000 431
3042000 431
3043000 431
3044000 432
3045000 432
3046000 432
3047000 432
3048000 432
3049000 433
3050000 433
3051000 433
3052000 433
3053000 433
3054000 433
3055000 433
3056000 434
3057000 434
3058000 434
3059000 434
3060000 434
3061000 434
3062000 435
3063000 435
3064000 435
3065000 435
3066000 435
3067000 435
3068000 435
3069000 436
3070000 436
3071000 436
3072000 436
3073000 436
3074000 436
3075000 436
3076000 437
3077000 437
3078000 437
3079000 437
3080000 437
3081000 437
3082000 437
3083000 438
3084000 438
3085000 438
3086000 438
3087000 438
3088000 438
3089000 439
3090000 439
3091000 439
3092000 439
3093000 439
3094000 439
3095000 439
3096000 440
3097000 440
3098000 440
3099000 440
3100000 440
3101000 440
3102000 441
3103000 441
3104000 441
3105000 441
3106000 441
3107000 441
3108000 441
3109000 441
3110000 442
3111000 442
3112000 442
3113000 442
3114000 442
3115000 443
3116000 443
3117000 443
3118000 443
3119000 443
3120000 444
3121000 444
3122000 444
3123000 444
3124000 444
3125000 444
3126000 444
3127000 444
3128000 444
3129000 445
3130000 445
3131000 445
3132000 445
3133000 445
3134000 446
3135000 446
3136000 446
3137000 446
3138000 446
3139000 447
3140000 447
3141000 447
3142000 447
3143000 447
3144000 448
3145000 448
3146000 448
3147000 448
3148000 448
3149000 449
3150000 449
3151000 449
3152000 449
3153000 449
3154000 449
3155000 449
3156000 450
3157000 450
3158000 450
3159000 450
3160000 451
3161000 451
3162000 451
3163000 451
3164000 452
3165000 452
3166000 452
3167000 452
3168000 452
3169000 452
3170000 453
3171000 453
3172000 453
3173000 453
3174000 453
3175000 453
3176000 454
3177000 454
3178000 454
3179000 454
3180000 454
3181000 455
3182000 455
3183000 455
3184000 455
3185000 455
3186000 456
3187000 456
3188000 456
3189000 456
3190000 456
3191000 457
3192000 457
3193000 457
3194000 457
3195000 457
3196000 457
3197000 457
3198000 458
3199000 458
3200000 458
3201000 458
3202000 458
3203000 458
3204000 458
3205000 459
3206000 459
3207000 459
3208000 459
3209000 459
3210000 459
3211000 459
3212000 459
3213000 459
3214000 460
3215000 460
3216000 460
3217000 460
3218000 460
3219000 460
3220000 461
3221000 461
3222000 461
3223000 461
3224000 461
3225000 461
3226000 462
3227000 462
3228000 462
3229000 462
3230000 462
3231000 463
3232000 463
3233000 463
3234000 463
3235000 463
3236000 464
3237000 464
3238000 464
3239000 464
3240000 464
3241000 464
3242000 465
3243000 465
3244000 465
3245000 465
3246000 465
3247000 465
3248000 466
3249000 466
3250000 466
3251000 466
3252000 466
3253000 466
3254000 466
3255000 467
3256000 467
3257000 467
3258000 467
3259000 467
3260000 467
3261000 467
3262000 468
3263000 468
3264000 468
3265000 468
3266000 468
3267000 468
3268000 468
3269000 468
3270000 469
3271000 469
3272000 469
3273000 469
3274000 469
3275000 469
3276000 469
3277000 469
3278000 469
3279000 469
3280000 470
3281000 470
3282000 470
3283000 470
3284000 470
3285000 470
3286000 470
3287000 470
3288000 470
3289000 470
3290000 470
3291000 471
3292000 471
3293000 471
3294000 471
3295000 471
3296000 471
3297000 472
3298000 472
3299000 472
3300000 472
3301000 472
3302000 472
3303000 473
3304000 473
3305000 473
3306000 473
3307000 473
3308000 473
3309000 473
3310000 474
3311000 474
3312000 474
3313000 474
3314000 474
3315000 474
3316000 474
3317000 474
3318000 474
3319000 474
3320000 475
3321000 475
3322000 475
3323000 475
3324000 475
3325000 475
3326000 476
3327000 476
3328000 476
3329000 476
3330000 476
3331000 476
3332000 477
3333000 477
3334000 477
3335000 477
3336000 477
3337000 477
3338000 477
3339000 477
3340000 477
3341000 478
3342000 478
3343000 478
3344000 478
3345000 478
3346000 478
3347000 478
3348000 478
3349000 478
3350000 478
3351000 479
3352000 479
3353000 479
3354000 479
3355000 479
3356000 479
3357000 480
3358000 480
3359000 480
3360000 480
3361000 480
3362000 480
3363000 481
3364000 481
3365000 481
3366000 481
3367000 481
3368000 481
3369000 481
3370000 482
3371000 482
3372000 482
3373000 482
3374000 482
3375000 482
3376000 482
3377000 483
3378000 483
3379000 483
3380000 483
3381000 483
3382000 483
3383000 484
3384000 484
3385000 484
3386000 484
3387000 484
3388000 484
3389000 485
3390000 485
3391000 485
3392000 485
3393000 485
3394000 485
3395000 486
3396000 486
3397000 486
3398000 486
3399000 486
3400000 486
3401000 487
3402000 487
3403000 487
3404000 487
3405000 487
3406000 487
3407000 488
3408000 488
3409000 488
3410000 488
3411000 488
3412000 488
3413000 488
3414000 488
3415000 489
3416000 489
3417000 489
3418000 489
3419000 489
3420000 489
3421000 490
3422000 490
3423000 490
3424000 490
3425000 490
3426000 490
3427000 490
3428000 490
3429000 491
3430000 491
3431000 491
3432000 491
3433000 491
3434000 491
3435000 491
3436000 491
3437000 492
3438000 492
3439000 492
3440000 492
3441000 492
3442000 492
3443000 492
3444000 492
3445000 492
3446000 492
3447000 492
3448000 493
3449000 493
3450000 493
3451000 493
3452000 493
3453000 494
3454000 494
3455000 494
3456000 494
3457000 494
3458000 494
3459000 494
3460000 494
3461000 495
3462000 495
3463000 495
3464000 495
3465000 495
3466000 496
3467000 496
3468000 496
3469000 496
3470000 496
3471000 497
3472000 497
3473000 497
3474000 497
3475000 497
3476000 498
3477000 498
3478000 498
3479000 498
3480000 498
3481000 498
3482000 499
3483000 499
3484000 499
3485000 499
3486000 499
3487000 499
3488000 500
3489000 500
3490000 500
3491000 500
3492000 500
3493000 500
3494000 501
3495000 501
3496000 501
3497000 501
3498000 501
3499000 501
3500000 501
3501000 501
3502000 501
3503000 501
3504000 501
3505000 502
3506000 502
3507000 502
3508000 502
3509000 502
3510000 502
3511000 503
3512000 503
3513000 503
3514000 503
3515000 503
3516000 503
3517000 504
3518000 504
3519000 504
3520000 504
3521000 504
3522000 504
3523000 505
3524000 505
3525000 505
3526000 505
3527000 505
3528000 505
3529000 505
3530000 505
3531000 506
3532000 506
3533000 506
3534000 506
3535000 506
3536000 507
3537000 507
3538000 507
3539000 507
3540000 507
3541000 508
3542000 508
3543000 508
3544000 508
3545000 508
3546000 508
3547000 508
3548000 509
3549000 509
3550000 509
3551000 509
3552000 509
3553000 509
3554000 510
3555000 510
3556000 510
3557000 510
3558000 510
3559000 510
3560000 511
3561000 511
3562000 511
3563000 511
3564000 511
3565000 511
3566000 512
3567000 512
3568000 512
3569000 512
3570000 512
3571000 513
3572000 513
3573000 513
3574000 513
3575000 513
3576000 514
3577000 514
3578000 514
3579000 514
3580000 514
3581000 515
3582000 515
3583000 515
3584000 515
3585000 515
3586000 516
3587000 516
3588000 516
3589000 516
3590000 516
3591000 516
3592000 516
3593000 516
3594000 516
3595000 517
3596000 517
3597000 517
3598000 517
3599000 517
3600000 517
3601000 517
3602000 517
3603000 517
3604000 518
3605000 518
3606000 518
3607000 518
3608000 518
3609000 518
3610000 518
3611000 519
3612000 519
3613000 519
3614000 519
3615000 519
3616000 519
3617000 519
3618000 519
3619000 519
3620000 520
3621000 520
3622000 520
3623000 520
3624000 520
3625000 520
3626000 520
3627000 521
3628000 521
3629000 521
3630000 521
3631000 521
3632000 522
3633000 522
3634000 522
3635000 522
3636000 522
3637000 523
3638000 523
3639000 523
3640000 523
3641000 523
3642000 523
3643000 523
3644000 524
3645000 524
3646000 524
3647000 524
3648000 525
3649000 525
3650000 525
3651000 525
3652000 526
3653000 526
3654000 526
3655000 526
3656000 526
3657000 526
3658000 527
3659000 527
3660000 527
3661000 527
3662000 527
3663000 528
3664000 528
3665000 528
3666000 528
3667000 528
3668000 529
3669000 529
3670000 529
3671000 529
3672000 529
3673000 530
3674000 530
3675000 530
3676000 530
3677000 530
3678000 531
3679000 531
3680000 531
3681000 531
3682000 531
3683000 532
3684000 532
3685000 532
3686000 532
3687000 532
3688000 532
3689000 532
3690000 533
3691000 533
3692000 533
3693000 533
3694000 533
3695000 534
3696000 534
3697000 534
3698000 534
3699000 534
3700000 535
3701000 535
3702000 535
3703000 535
3704000 535
3705000 535
3706000 536
3707000 536
3708000 536
3709000 536
3710000 536
3711000 536
3712000 536
3713000 536
3714000 536
3715000 536
3716000 536
3717000 537
3718000 537
3719000 537
3720000 537
3721000 537
3722000 538
3723000 538
3724000 538
3725000 538
3726000 538
3727000 539
3728000 539
3729000 539
3730000 539
3731000 539
3732000 539
3733000 540
3734000 540
3735000 540
3736000 540
3737000 540
3738000 540
3739000 540
3740000 540
3741000 540
3742000 540
3743000 540
3744000 541
3745000 541
3746000 541
3747000 541
3748000 541
3749000 542
3750000 542
3751000 542
3752000 542
3753000 542
3754000 543
3755000 543
3756000 543
3757000 543
3758000 543
3759000 544
3760000 544
3761000 544
3762000 544
3763000 544
3764000 544
3765000 545
3766000 545
3767000 545
3768000 545
3769000 545
3770000 546
3771000 546
3772000 546
3773000 546
3774000 546
3775000 546
3776000 546
3777000 547
3778000 547
3779000 547
3780000 547
3781000 547
3782000 547
3783000 547
3784000 548
3785000 548
3786000 548
3787000 548
3788000 548
3789000 548
3790000 549
3791000 549
3792000 549
3793000 549
3794000 549
3795000 550
3796000 550
3797000 550
3798000 550
3799000 550
3800000 550
3801000 550
3802000 550
3803000 550
3804000 551
3805000 551
3806000 551
3807000 551
3808000 551
3809000 552
3810000 552
3811000 552
3812000 552
3813000 552
3814000 552
3815000 553
3816000 553
3817000 553
3818000 553
3819000 553
3820000 553
3821000 554
3822000 554
3823000 554
3824000 554
3825000 554
3826000 554
3827000 554
3828000 555
3829000 555
3830000 555
3831000 555
3832000 555
3833000 556
3834000 556
3835000 556
3836000 556
3837000 556
3838000 557
3839000 557
3840000 557
3841000 557
3842000 557
3843000 558
3844000 558
3845000 558
3846000 558
3847000 558
3848000 559
3849000 559
3850000 559
3851000 559
3852000 559
3853000 559
3854000 560
3855000 560
3856000 560
3857000 560
3858000 560
3859000 560
3860000 561
3861000 561
3862000 561
3863000 561
3864000 561
3865000 561
3866000 561
3867000 562
3868000 562
3869000 562
3870000 562
3871000 562
3872000 562
3873000 563
3874000 563
3875000 563
3876000 563
3877000 563
3878000 563
3879000 564
3880000 564
3881000 564
3882000 564
3883000 564
3884000 564
3885000 565
3886000 565
3887000 565
3888000 565
3889000 565
3890000 565
3891000 566
3892000 566
3893000 566
3894000 566
3895000 566
3896000 566
3897000 567
3898000 567
3899000 567
3900000 567
3901000 567
3902000 567
3903000 568
3904000 568
3905000 568
3906000 568
3907000 568
3908000 568
3909000 569
3910000 569
3911000 569
3912000 569
3913000 569
3914000 569
3915000 570
3916000 570
3917000 570
3918000 570
3919000 571
3920000 571
3921000 571
3922000 571
3923000 572
3924000 572
3925000 572
3926000 572
3927000 572
3928000 572
3929000 572
3930000 573
3931000 573
3932000 573
3933000 573
3934000 573
3935000 573
3936000 573
3937000 574
3938000 574
3939000 574
3940000 574
3941000 574
3942000 575
3943000 575
3944000 575
3945000 575
3946000 575
3947000 576
3948000 576
3949000 576
3950000 576
3951000 576
3952000 577
3953000 577
3954000 577
3955000 577
3956000 577
3957000 577
3958000 578
3959000 578
3960000 578
3961000 578
3962000 578
3963000 578
3964000 579
3965000 579
3966000 579
3967000 579
3968000 579
3969000 579
3970000 579
3971000 580
3972000 580
3973000 580
3974000 580
3975000 580
3976000 581
3977000 581
3978000 581
3979000 581
3980000 581
3981000 582
3982000 582
3983000 582
3984000 582
3985000 582
3986000 582
3987000 582
3988000 583
3989000 583
3990000 583
3991000 583
3992000 583
3993000 584
3994000 584
3995000 584
3996000 584
3997000 584
3998000 584
3999000 584
4000000 585
4001000 585
4002000 585
4003000 585
4004000 585
4005000 586
4006000 586
4007000 586
4008000 586
4009000 586
4010000 587
4011000 587
4012000 587
4013000 587
4014000 587
4015000 588
4016000 588
4017000 588
4018000 588
4019000 588
4020000 589
4021000 589
4022000 589
4023000 589
4024000 589
4025000 590
4026000 590
4027000 590
4028000 590
4029000 590
4030000 590
4031000 590
4032000 591
4033000 591
4034000 591
4035000 591
4036000 591
4037000 591
4038000 591
4039000 591
4040000 592
4041000 592
4042000 592
4043000 592
4044000 592
4045000 593
4046000 593
4047000 593
4048000 593
4049000 593
4050000 594
4051000 594
4052000 594
4053000 594
4054000 594
4055000 594
4056000 595
4057000 595
4058000 595
4059000 595
4060000 595
4061000 595
4062000 596
4063000 596
4064000 596
4065000 596
4066000 596
4067000 597
4068000 597
4069000 597
4070000 597
4071000 597
4072000 597
4073000 598
4074000 598
4075000 598
4076000 598
4077000 598
4078000 598
4079000 599
4080000 599
4081000 599
4082000 599
4083000 600
4084000 600
4085000 600
4086000 600
4087000 600
4088000 600
4089000 601
4090000 601
4091000 601
4092000 601
4093000 601
4094000 601
4095000 602
4096000 602
4097000 602
4098000 602
4099000 602
4100000 603
4101000 603
4102000 603
4103000 603
4104000 603
4105000 603
4106000 604
4107000 604
4108000 604
4109000 604
4110000 604
4111000 604
4112000 605
4113000 605
4114000 605
4115000 605
4116000 605
4117000 605
4118000 606
4119000 606
4120000 606
4121000 606
4122000 606
4123000 606
4124000 607
4125000 607
4126000 607
4127000 607
4128000 607
4129000 608
4130000 608
4131000 608
4132000 608
4133000 608
4134000 608
4135000 609
4136000 609
4137000 609
4138000 609
4139000 609
4140000 609
4141000 610
4142000 610
4143000 610
4144000 610
4145000 610
4146000 610
4147000 611
4148000 611
4149000 611
4150000 611
4151000 611
4152000 611
4153000 611
4154000 612
4155000 612
4156000 612
4157000 612
4158000 612
4159000 612
4160000 613
4161000 613
4162000 613
4163000 613
4164000 613
4165000 613
4166000 614
4167000 614
4168000 614
4169000 614
4170000 614
4171000 615
4172000 615
4173000 615
4174000 615
4175000 615
4176000 616
4177000 616
4178000 616
4179000 616
4180000 616
4181000 617
4182000 617
4183000 617
4184000 617
4185000 617
4186000 617
4187000 618
4188000 618
4189000 618
4190000 618
4191000 618
4192000 618
4193000 619
4194000 619
4195000 619
4196000 619
4197000 619
4198000 619
4199000 620
4200000 620
4201000 620
4202000 620
4203000 620
4204000 620
4205000 621
4206000 621
4207000 621
4208000 621
4209000 621
4210000 622
4211000 622
4212000 622
4213000 622
4214000 622
4215000 622
4216000 622
4217000 623
4218000 623
4219000 623
4220000 623
4221000 623
4222000 623
4223000 623
4224000 624
4225000 624
4226000 624
4227000 624
4228000 624
4229000 624
4230000 624
4231000 625
4232000 625
4233000 625
4234000 625
4235000 625
4236000 625
4237000 626
4238000 626
4239000 626
4240000 626
4241000 626
4242000 626
4243000 627
4244000 627
4245000 627
4246000 627
4247000 627
4248000 627
4249000 628
4250000 628
4251000 628
4252000 628
4253000 628
4254000 628
4255000 629
4256000 629
4257000 629
4258000 629
4259000 629
4260000 629
4261000 630
4262000 630
4263000 630
4264000 630
4265000 630
4266000 630
4267000 631
4268000 631
4269000 631
4270000 631
4271000 631
4272000 631
4273000 632
4274000 632
4275000 632
4276000 632
4277000 632
4278000 632
4279000 633
4280000 633
4281000 633
4282000 633
4283000 633
4284000 633
4285000 634
4286000 634
4287000 634
4288000 634
4289000 634
4290000 634
4291000 635
4292000 635
4293000 635
4294000 635
4295000 635
4296000 636
4297000 636
4298000 636
4299000 636
4300000 636
4301000 636
4302000 637
4303000 637
4304000 637
4305000 637
4306000 637
4307000 638
4308000 638
4309000 638
4310000 638
4311000 638
4312000 639
4313000 639
4314000 639
4315000 639
4316000 639
4317000 639
4318000 640
4319000 640
4320000 640
4321000 640
4322000 640
4323000 640
4324000 641
4325000 641
4326000 641
4327000 641
4328000 641
4329000 641
4330000 642
4331000 642
4332000 642
4333000 642
4334000 642
4335000 642
4336000 643
4337000 643
4338000 643
4339000 643
4340000 643
4341000 644
4342000 644
4343000 644
4344000 644
4345000 644
4346000 644
4347000 645
4348000 645
4349000 645
4350000 645
4351000 645
4352000 645
4353000 646
4354000 646
4355000 646
4356000 646
4357000 646
4358000 646
4359000 647
4360000 647
4361000 647
4362000 647
4363000 647
4364000 648
4365000 648
4366000 648
4367000 648
4368000 648
4369000 648
4370000 649
4371000 649
4372000 649
4373000 649
4374000 649
4375000 649
4376000 650
4377000 650
4378000 650
4379000 650
4380000 650
4381000 650
4382000 650
4383000 651
4384000 651
4385000 651
4386000 651
4387000 651
4388000 651
4389000 651
4390000 652
4391000 652
4392000 652
4393000 652
4394000 652
4395000 652
4396000 653
4397000 653
4398000 653
4399000 653
4400000 653
4401000 654
4402000 654
4403000 654
4404000 654
4405000 654
4406000 654
4407000 655
4408000 655
4409000 655
4410000 655
4411000 655
4412000 655
4413000 656
4414000 656
4415000 656
4416000 656
4417000 656
4418000 656
4419000 657
4420000 657
4421000 657
4422000 657
4423000 657
4424000 658
4425000 658
4426000 658
4427000 658
4428000 658
4429000 659
4430000 659
4431000 659
4432000 659
4433000 659
4434000 660
4435000 660
4436000 660
4437000 660
4438000 660
4439000 660
4440000 660
4441000 661
4442000 661
4443000 661
4444000 661
4445000 661
4446000 661
4447000 661
4448000 662
4449000 662
4450000 662
4451000 662
4452000 662
4453000 663
4454000 663
4455000 663
4456000 663
4457000 663
4458000 664
4459000 664
4460000 664
4461000 664
4462000 664
4463000 664
4464000 665
4465000 665
4466000 665
4467000 665
4468000 665
4469000 665
4470000 666
4471000 666
4472000 666
4473000 666
4474000 666
4475000 666
4476000 667
4477000 667
4478000 667
4479000 667
4480000 667
4481000 667
4482000 668
4483000 668
4484000 668
4485000 668
4486000 668
4487000 669
4488000 669
4489000 669
4490000 669
4491000 669
4492000 669
4493000 670
4494000 670
4495000 670
4496000 670
4497000 670
4498000 670
4499000 671
4500000 671
4501000 671
4502000 671
4503000 671
4504000 672
4505000 672
4506000 672
4507000 672
4508000 672
4509000 672
4510000 673
4511000 673
4512000 673
4513000 673
4514000 673
4515000 673
4516000 674
4517000 674
4518000 674
4519000 674
4520000 674
4521000 674
4522000 674
4523000 675
4524000 675
4525000 675
4526000 675
4527000 675
4528000 675
4529000 676
4530000 676
4531000 676
4532000 676
4533000 676
4534000 676
4535000 677
4536000 677
4537000 677
4538000 677
4539000 677
4540000 678
4541000 678
4542000 678
4543000 678
4544000 678
4545000 678
4546000 679
4547000 679
4548000 679
4549000 679
4550000 679
4551000 679
4552000 680
4553000 680
4554000 680
4555000 680
4556000 680
4557000 680
4558000 681
4559000 681
4560000 681
4561000 681
4562000 681
4563000 682
4564000 682
4565000 682
4566000 682
4567000 682
4568000 683
4569000 683
4570000 683
4571000 683
4572000 683
4573000 684
4574000 684
4575000 684
4576000 684
4577000 684
4578000 684
4579000 685
4580000 685
4581000 685
4582000 685
4583000 685
4584000 686
4585000 686
4586000 686
4587000 686
4588000 686
4589000 686
4590000 686
4591000 686
4592000 687
4593000 687
4594000 687
4595000 687
4596000 687
4597000 687
4598000 687
4599000 688
4600000 688
4601000 688
4602000 688
4603000 688
4604000 688
4605000 688
4606000 689
4607000 689
4608000 689
4609000 689
4610000 689
4611000 689
4612000 690
4613000 690
4614000 690
4615000 690
4616000 690
4617000 690
4618000 691
4619000 691
4620000 691
4621000 691
4622000 691
4623000 691
4624000 692
4625000 692
4626000 692
4627000 692
4628000 692
4629000 693
4630000 693
4631000 693
4632000 693
4633000 693
4634000 693
4635000 694
4636000 694
4637000 694
4638000 694
4639000 694
4640000 694
4641000 695
4642000 695
4643000 695
4644000 695
4645000 695
4646000 696
4647000 696
4648000 696
4649000 696
4650000 696
4651000 696
4652000 697
4653000 697
4654000 697
4655000 697
4656000 697
4657000 697
4658000 697
4659000 698
4660000 698
4661000 698
4662000 698
4663000 698
4664000 698
4665000 698
4666000 699
4667000 699
4668000 699
4669000 699
4670000 699
4671000 699
4672000 699
4673000 700
4674000 700
4675000 700
4676000 700
4677000 700
4678000 700
4679000 701
4680000 701
4681000 701
4682000 701
4683000 701
4684000 701
4685000 701
4686000 702
4687000 702
4688000 702
4689000 702
4690000 702
4691000 702
4692000 702
4693000 703
4694000 703
4695000 703
4696000 703
4697000 703
4698000 703
4699000 703
4700000 703
4701000 703
4702000 703
4703000 703
4704000 703
4705000 703
4706000 703
4707000 704
4708000 704
4709000 704
4710000 704
4711000 704
4712000 704
4713000 705
4714000 705
4715000 705
4716000 705
4717000 705
4718000 705
4719000 706
4720000 706
4721000 706
4722000 706
4723000 706
4724000 706
4725000 707
4726000 707
4727000 707
4728000 707
4729000 707
4730000 708
4731000 708
4732000 708
4733000 708
4734000 708
4735000 709
4736000 709
4737000 709
4738000 709
4739000 709
4740000 710
4741000 710
4742000 710
4743000 710
4744000 710
4745000 710
4746000 711
4747000 711
4748000 711
4749000 711
4750000 711
4751000 711
4752000 712
4753000 712
4754000 712
4755000 712
4756000 712
4757000 713
4758000 713
4759000 713
4760000 713
4761000 713
4762000 714
4763000 714
4764000 714
4765000 714
4766000 714
4767000 715
4768000 715
4769000 715
4770000 715
4771000 716
4772000 716
4773000 716
4774000 716
4775000 717
4776000 717
4777000 717
4778000 717
4779000 717
4780000 717
4781000 718
4782000 718
4783000 718
4784000 718
4785000 719
4786000 719
4787000 719
4788000 719
4789000 720
4790000 720
4791000 720
4792000 720
4793000 720
4794000 720
4795000 721
4796000 721
4797000 721
4798000 721
4799000 721
4800000 721
4801000 722
4802000 722
4803000 722
4804000 722
4805000 722
4806000 722
4807000 723
4808000 723
4809000 723
4810000 723
4811000 723
4812000 723
4813000 724
4814000 724
4815000 724
4816000 724
4817000 724
4818000 724
4819000 724
4820000 725
4821000 725
4822000 725
4823000 725
4824000 725
4825000 725
4826000 726
4827000 726
4828000 726
4829000 726
4830000 726
4831000 727
4832000 727
4833000 727
4834000 727
4835000 727
4836000 728
4837000 728
4838000 728
4839000 728
4840000 728
4841000 728
4842000 729
4843000 729
4844000 729
4845000 729
4846000 729
4847000 729
4848000 730
4849000 730
4850000 730
4851000 730
4852000 730
4853000 731
4854000 731
4855000 731
4856000 731
4857000 731
4858000 732
4859000 732
4860000 732
4861000 732
4862000 732
4863000 732
4864000 732
4865000 733
4866000 733
4867000 733
4868000 733
4869000 733
4870000 733
4871000 733
4872000 734
4873000 734
4874000 734
4875000 734
4876000 735
4877000 735
4878000 735
4879000 735
4880000 736
4881000 736
4882000 736
4883000 736
4884000 736
4885000 737
4886000 737
4887000 737
4888000 737
4889000 737
4890000 737
4891000 737
4892000 738
4893000 738
4894000 738
4895000 738
4896000 738
4897000 738
4898000 739
4899000 739
4900000 739
4901000 739
4902000 739
4903000 739
4904000 740
4905000 740
4906000 740
4907000 740
4908000 740
4909000 741
4910000 741
4911000 741
4912000 741
4913000 741
4914000 741
4915000 742
4916000 742
4917000 742
4918000 742
4919000 742
4920000 742
4921000 743
4922000 743
4923000 743
4924000 743
4925000 743
4926000 743
4927000 744
4928000 744
4929000 744
4930000 744
4931000 744
4932000 744
4933000 745
4934000 745
4935000 745
4936000 745
4937000 745
4938000 745
4939000 746
4940000 746
4941000 746
4942000 746
4943000 746
4944000 746
4945000 746
4946000 747
4947000 747
4948000 747
4949000 747
4950000 747
4951000 747
4952000 748
4953000 748
4954000 748
4955000 748
4956000 748
4957000 748
4958000 749
4959000 749
4960000 749
4961000 749
4962000 749
4963000 749
4964000 750
4965000 750
4966000 750
4967000 750
4968000 750
4969000 750
4970000 750
4971000 750
4972000 751
4973000 751
4974000 751
4975000 751
4976000 751
4977000 751
4978000 752
4979000 752
4980000 752
4981000 752
4982000 752
4983000 753
4984000 753
4985000 753
4986000 753
4987000 753
4988000 754
4989000 754
4990000 754
4991000 754
4992000 754
4993000 755
4994000 755
4995000 755
4996000 755
4997000 755
4998000 756
4999000 756
5000000 756
