0 0
1000 0
2000 0
3000 0
4000 0
5000 0
6000 0
7000 0
8000 1
9000 1
10000 1
11000 1
12000 1
13000 1
14000 1
15000 1
16000 1
17000 1
18000 2
19000 2
20000 2
21000 2
22000 2
23000 2
24000 2
25000 2
26000 3
27000 3
28000 3
29000 3
30000 3
31000 3
32000 3
33000 3
34000 3
35000 3
36000 3
37000 3
38000 3
39000 4
40000 4
41000 4
42000 4
43000 4
44000 4
45000 4
46000 4
47000 4
48000 4
49000 5
50000 5
51000 5
52000 5
53000 5
54000 5
55000 5
56000 5
57000 5
58000 5
59000 5
60000 6
61000 6
62000 6
63000 6
64000 6
65000 6
66000 6
67000 6
68000 6
69000 6
70000 7
71000 7
72000 7
73000 7
74000 7
75000 8
76000 8
77000 8
78000 8
79000 8
80000 9
81000 9
82000 9
83000 9
84000 9
85000 9
86000 9
87000 9
88000 9
89000 9
90000 9
91000 10
92000 10
93000 10
94000 10
95000 10
96000 10
97000 10
98000 10
99000 10
100000 10
101000 10
102000 11
103000 11
104000 11
105000 11
106000 11
107000 11
108000 11
109000 11
110000 12
111000 12
112000 12
113000 12
114000 12
115000 12
116000 12
117000 12
118000 13
119000 13
120000 13
121000 13
122000 13
123000 13
124000 13
125000 14
126000 14
127000 14
128000 14
129000 14
130000 14
131000 15
132000 15
133000 15
134000 15
135000 15
136000 15
137000 16
138000 16
139000 16
140000 16
141000 16
142000 16
143000 16
144000 16
145000 17
146000 17
147000 17
148000 17
149000 17
150000 17
151000 17
152000 17
153000 17
154000 18
155000 18
156000 18
157000 18
158000 18
159000 18
160000 18
161000 19
162000 19
163000 19
164000 19
165000 19
166000 19
167000 19
168000 20
169000 20
170000 20
171000 20
172000 20
173000 20
174000 20
175000 20
176000 21
177000 21
178000 21
179000 21
180000 21
181000 21
182000 22
183000 22
184000 22
185000 22
186000 22
187000 22
188000 22
189000 22
190000 22
191000 23
192000 23
193000 23
194000 23
195000 23
196000 23
197000 23
198000 23
199000 24
200000 24
201000 24
202000 24
203000 24
204000 24
205000 24
206000 24
207000 25
208000 25
209000 25
210000 25
211000 25
212000 26
213000 26
214000 26
215000 26
216000 26
217000 26
218000 26
219000 26
220000 26
221000 26
222000 26
223000 26
224000 27
225000 27
226000 27
227000 27
228000 27
229000 27
230000 28
231000 28
232000 28
233000 28
234000 28
235000 28
236000 29
237000 29
238000 29
239000 29
240000 29
241000 29
242000 29
243000 29
244000 30
245000 30
246000 30
247000 30
248000 30
249000 30
250000 30
251000 30
252000 30
253000 31
254000 31
255000 31
256000 31
257000 31
258000 31
259000 31
260000 31
261000 31
262000 31
263000 32
264000 32
265000 32
266000 32
267000 32
268000 32
269000 32
270000 32
271000 32
272000 32
273000 32
274000 32
275000 32
276000 32
277000 33
278000 33
279000 33
280000 33
281000 33
282000 33
283000 33
284000 33
285000 33
286000 33
287000 34
288000 34
289000 34
290000 34
291000 34
292000 34
293000 34
294000 34
295000 35
296000 35
297000 35
298000 35
299000 35
300000 35
301000 36
302000 36
303000 36
304000 36
305000 36
306000 36
307000 36
308000 36
309000 36
310000 37
311000 37
312000 37
313000 37
314000 37
315000 37
316000 37
317000 37
318000 37
319000 37
320000 37
321000 38
322000 38
323000 38
324000 38
325000 38
326000 38
327000 38
328000 38
329000 38
330000 39
331000 39
332000 39
333000 39
334000 39
335000 39
336000 39
337000 40
338000 40
339000 40
340000 40
341000 40
342000 40
343000 40
344000 41
345000 41
346000 41
347000 41
348000 41
349000 41
350000 41
351000 41
352000 41
353000 41
354000 42
355000 42
356000 42
357000 42
358000 42
359000 42
360000 42
361000 42
362000 42
363000 42
364000 43
365000 43
366000 43
367000 43
368000 43
369000 43
370000 43
371000 43
372000 43
373000 43
374000 43
375000 43
376000 43
377000 43
378000 43
379000 43
380000 43
381000 43
382000 43
383000 43
384000 43
385000 43
386000 43
387000 43
388000 43
389000 43
390000 43
391000 43
392000 43
393000 43
394000 43
395000 43
396000 43
397000 43
398000 43
399000 43
400000 43
401000 43
402000 43
403000 43
404000 43
405000 43
406000 43
407000 43
408000 43
409000 43
410000 43
411000 43
412000 43
413000 43
414000 43
415000 43
416000 43
417000 43
418000 43
419000 43
420000 43
421000 43
422000 43
423000 43
424000 43
425000 43
426000 43
427000 43
428000 43
429000 43
430000 43
431000 43
432000 43
433000 43
434000 43
435000 43
436000 43
437000 43
438000 43
439000 43
440000 43
441000 43
442000 43
443000 43
444000 43
445000 43
446000 43
447000 43
448000 43
449000 43
450000 43
451000 43
452000 43
453000 43
454000 43
455000 43
456000 43
457000 43
458000 43
459000 43
460000 43
461000 43
462000 43
463000 43
464000 43
465000 43
466000 43
467000 43
468000 43
469000 43
470000 43
471000 43
472000 43
473000 43
474000 43
475000 43
476000 43
477000 43
478000 43
479000 43
480000 43
481000 43
482000 43
483000 43
484000 43
485000 43
486000 43
487000 43
488000 43
489000 43
490000 43
491000 43
492000 43
493000 43
494000 43
495000 43
496000 43
497000 43
498000 43
499000 43
500000 43
501000 43
502000 43
503000 43
504000 43
505000 43
506000 43
507000 43
508000 43
509000 43
510000 43
511000 43
512000 43
513000 43
514000 43
515000 43
516000 43
517000 43
518000 43
519000 43
520000 43
521000 43
522000 43
523000 43
524000 44
525000 44
526000 44
527000 44
528000 44
529000 44
530000 44
531000 45
532000 45
533000 45
534000 45
535000 45
536000 45
537000 45
538000 45
539000 46
540000 46
541000 46
542000 46
543000 46
544000 46
545000 46
546000 46
547000 46
548000 46
549000 46
550000 47
551000 47
552000 47
553000 47
554000 47
555000 47
556000 47
557000 48
558000 48
559000 48
560000 48
561000 48
562000 48
563000 48
564000 48
565000 48
566000 48
567000 48
568000 48
569000 49
570000 49
571000 49
572000 49
573000 49
574000 49
575000 49
576000 50
577000 50
578000 50
579000 50
580000 50
581000 50
582000 50
583000 50
584000 50
585000 50
586000 50
587000 51
588000 51
589000 51
590000 51
591000 51
592000 51
593000 51
594000 51
595000 51
596000 52
597000 52
598000 52
599000 52
600000 52
601000 52
602000 52
603000 52
604000 52
605000 52
606000 52
607000 53
608000 53
609000 53
610000 53
611000 53
612000 53
613000 53
614000 53
615000 53
616000 53
617000 53
618000 54
619000 54
620000 54
621000 54
622000 54
623000 54
624000 54
625000 55
626000 55
627000 55
628000 55
629000 55
630000 55
631000 55
632000 56
633000 56
634000 56
635000 56
636000 56
637000 56
638000 56
639000 57
640000 57
641000 57
642000 57
643000 57
644000 57
645000 57
646000 57
647000 58
648000 58
649000 58
650000 58
651000 58
652000 58
653000 58
654000 58
655000 58
656000 58
657000 58
658000 59
659000 59
660000 59
661000 59
662000 59
663000 59
664000 59
665000 59
666000 59
667000 60
668000 60
669000 60
670000 60
671000 60
672000 60
673000 60
674000 60
675000 60
676000 60
677000 60
678000 60
679000 60
680000 61
681000 61
682000 61
683000 61
684000 61
685000 61
686000 61
687000 61
688000 61
689000 62
690000 62
691000 62
692000 62
693000 62
694000 62
695000 62
696000 62
697000 62
698000 62
699000 63
700000 63
701000 63
702000 63
703000 63
704000 63
705000 64
706000 64
707000 64
708000 64
709000 64
710000 64
711000 65
712000 65
713000 65
714000 65
715000 65
716000 65
717000 65
718000 65
719000 65
720000 66
721000 66
722000 66
723000 66
724000 66
725000 66
726000 66
727000 66
728000 66
729000 66
730000 66
731000 66
732000 66
733000 66
734000 66
735000 66
736000 66
737000 66
738000 66
739000 67
740000 67
741000 67
742000 67
743000 67
744000 67
745000 67
746000 67
747000 67
748000 67
749000 67
750000 68
751000 68
752000 68
753000 68
754000 68
755000 68
756000 68
757000 68
758000 68
759000 69
760000 69
761000 69
762000 69
763000 69
764000 69
765000 70
766000 70
767000 70
768000 70
769000 70
770000 70
771000 70
772000 70
773000 70
774000 71
775000 71
776000 71
777000 71
778000 71
779000 71
780000 71
781000 71
782000 71
783000 72
784000 72
785000 72
786000 72
787000 72
788000 72
789000 72
790000 72
791000 72
792000 72
793000 73
794000 73
795000 73
796000 73
797000 73
798000 73
799000 73
800000 73
801000 73
802000 74
803000 74
804000 74
805000 74
806000 74
807000 74
808000 74
809000 74
810000 75
811000 75
812000 75
813000 75
814000 75
815000 75
816000 75
817000 75
818000 75
819000 76
820000 76
821000 76
822000 76
823000 76
824000 76
825000 77
826000 77
827000 77
828000 77
829000 77
830000 77
831000 77
832000 77
833000 77
834000 78
835000 78
836000 78
837000 78
838000 78
839000 78
840000 78
841000 78
842000 79
843000 79
844000 79
845000 79
846000 79
847000 79
848000 79
849000 79
850000 79
851000 80
852000 80
853000 80
854000 80
855000 80
856000 80
857000 80
858000 80
859000 80
860000 80
861000 81
862000 81
863000 81
864000 81
865000 81
866000 81
867000 82
868000 82
869000 82
870000 82
871000 82
872000 82
873000 82
874000 82
875000 83
876000 83
877000 83
878000 83
879000 83
880000 83
881000 84
882000 84
883000 84
884000 84
885000 84
886000 84
887000 84
888000 85
889000 85
890000 85
891000 85
892000 85
893000 85
894000 85
895000 86
896000 86
897000 86
898000 86
899000 86
900000 86
901000 87
902000 87
903000 87
904000 87
905000 87
906000 87
907000 87
908000 87
909000 87
910000 88
911000 88
912000 88
913000 88
914000 88
915000 88
916000 88
917000 88
918000 88
919000 89
920000 89
921000 89
922000 89
923000 89
924000 89
925000 89
926000 89
927000 89
928000 90
929000 90
930000 90
931000 90
932000 90
933000 90
934000 91
935000 91
936000 91
937000 91
938000 91
939000 91
940000 92
941000 92
942000 92
943000 92
944000 92
945000 92
946000 92
947000 92
948000 93
949000 93
950000 93
951000 93
952000 93
953000 93
954000 94
955000 94
956000 94
957000 94
958000 94
959000 94
960000 94
961000 95
962000 95
963000 95
964000 95
965000 95
966000 95
967000 95
968000 95
969000 95
970000 95
971000 95
972000 95
973000 95
974000 95
975000 96
976000 96
977000 96
978000 96
979000 96
980000 96
981000 97
982000 97
983000 97
984000 97
985000 97
986000 97
987000 98
988000 98
989000 98
990000 98
991000 98
992000 98
993000 98
994000 98
995000 99
996000 99
997000 99
998000 99
999000 99
1000000 99
1001000 99
1002000 99
1003000 99
1004000 100
1005000 100
1006000 100
1007000 100
1008000 100
1009000 100
1010000 100
1011000 101
1012000 101
1013000 101
1014000 101
1015000 101
1016000 101
1017000 101
1018000 101
1019000 102
1020000 102
1021000 102
1022000 102
1023000 102
1024000 102
1025000 103
1026000 103
1027000 103
1028000 103
1029000 103
1030000 103
1031000 103
1032000 103
1033000 103
1034000 104
1035000 104
1036000 104
1037000 104
1038000 104
1039000 104
1040000 104
1041000 104
1042000 104
1043000 104
1044000 105
1045000 105
1046000 105
1047000 105
1048000 105
1049000 105
1050000 105
1051000 106
1052000 106
1053000 106
1054000 106
1055000 106
1056000 106
1057000 106
1058000 106
1059000 106
1060000 107
1061000 107
1062000 107
1063000 107
1064000 107
1065000 107
1066000 108
1067000 108
1068000 108
1069000 108
1070000 108
1071000 108
1072000 109
1073000 109
1074000 109
1075000 109
1076000 109
1077000 109
1078000 110
1079000 110
1080000 110
1081000 110
1082000 110
1083000 110
1084000 111
1085000 111
1086000 111
1087000 111
1088000 111
1089000 111
1090000 112
1091000 112
1092000 112
1093000 112
1094000 112
1095000 112
1096000 112
1097000 113
1098000 113
1099000 113
1100000 113
1101000 113
1102000 113
1103000 113
1104000 113
1105000 113
1106000 113
1107000 113
1108000 113
1109000 113
1110000 113
1111000 113
1112000 114
1113000 114
1114000 114
1115000 114
1116000 114
1117000 114
1118000 114
1119000 115
1120000 115
1121000 115
1122000 115
1123000 115
1124000 115
1125000 115
1126000 115
1127000 115
1128000 115
1129000 116
1130000 116
1131000 116
1132000 116
1133000 116
1134000 116
1135000 116
1136000 117
1137000 117
1138000 117
1139000 117
1140000 117
1141000 117
1142000 117
1143000 117
1144000 117
1145000 118
1146000 118
1147000 118
1148000 118
1149000 118
1150000 118
1151000 118
1152000 118
1153000 119
1154000 119
1155000 119
1156000 119
1157000 119
1158000 119
1159000 119
1160000 119
1161000 119
1162000 119
1163000 119
1164000 120
1165000 120
1166000 120
1167000 120
1168000 120
1169000 120
1170000 120
1171000 120
1172000 120
1173000 120
1174000 121
1175000 121
1176000 121
1177000 121
1178000 121
1179000 121
1180000 122
1181000 122
1182000 122
1183000 122
1184000 122
1185000 122
1186000 122
1187000 122
1188000 123
1189000 123
1190000 123
1191000 123
1192000 123
1193000 123
1194000 124
1195000 124
1196000 124
1197000 124
1198000 124
1199000 124
1200000 124
1201000 124
1202000 125
1203000 125
1204000 125
1205000 125
1206000 125
1207000 125
1208000 126
1209000 126
1210000 126
1211000 126
1212000 126
1213000 126
1214000 127
1215000 127
1216000 127
1217000 127
1218000 127
1219000 127
1220000 127
1221000 128
1222000 128
1223000 128
1224000 128
1225000 128
1226000 128
1227000 129
1228000 129
1229000 129
1230000 129
1231000 129
1232000 129
1233000 130
1234000 130
1235000 130
1236000 130
1237000 130
1238000 130
1239000 130
1240000 131
1241000 131
1242000 131
1243000 131
1244000 131
1245000 131
1246000 131
1247000 131
1248000 132
1249000 132
1250000 132
1251000 132
1252000 132
1253000 132
1254000 132
1255000 133
1256000 133
1257000 133
1258000 133
1259000 133
1260000 133
1261000 133
1262000 133
1263000 133
1264000 134
1265000 134
1266000 134
1267000 134
1268000 134
1269000 134
1270000 135
1271000 135
1272000 135
1273000 135
1274000 135
1275000 136
1276000 136
1277000 136
1278000 136
1279000 136
1280000 136
1281000 136
1282000 136
1283000 136
1284000 136
1285000 136
1286000 137
1287000 137
1288000 137
1289000 137
1290000 137
1291000 137
1292000 137
1293000 137
1294000 137
1295000 138
1296000 138
1297000 138
1298000 138
1299000 138
1300000 138
1301000 138
1302000 138
1303000 138
1304000 138
1305000 139
1306000 139
1307000 139
1308000 139
1309000 139
1310000 139
1311000 139
1312000 139
1313000 139
1314000 140
1315000 140
1316000 140
1317000 140
1318000 140
1319000 140
1320000 140
1321000 140
1322000 141
1323000 141
1324000 141
1325000 141
1326000 141
1327000 141
1328000 141
1329000 141
1330000 141
1331000 141
1332000 141
1333000 141
1334000 142
1335000 142
1336000 142
1337000 142
1338000 142
1339000 142
1340000 143
1341000 143
1342000 143
1343000 143
1344000 143
1345000 143
1346000 143
1347000 143
1348000 144
1349000 144
1350000 144
1351000 144
1352000 144
1353000 144
1354000 144
1355000 144
1356000 144
1357000 145
1358000 145
1359000 145
1360000 145
1361000 145
1362000 145
1363000 145
1364000 145
1365000 146
1366000 146
1367000 146
1368000 146
1369000 146
1370000 146
1371000 146
1372000 146
1373000 146
1374000 147
1375000 147
1376000 147
1377000 147
1378000 147
1379000 147
1380000 147
1381000 147
1382000 147
1383000 147
1384000 147
1385000 147
1386000 147
1387000 147
1388000 148
1389000 148
1390000 148
1391000 148
1392000 148
1393000 148
1394000 149
1395000 149
1396000 149
1397000 149
1398000 149
1399000 149
1400000 150
1401000 150
1402000 150
1403000 150
1404000 150
1405000 150
1406000 150
1407000 151
1408000 151
1409000 151
1410000 151
1411000 151
1412000 151
1413000 151
1414000 151
1415000 152
1416000 152
1417000 152
1418000 152
1419000 152
1420000 152
1421000 152
1422000 152
1423000 153
1424000 153
1425000 153
1426000 153
1427000 153
1428000 153
1429000 154
1430000 154
1431000 154
1432000 154
1433000 154
1434000 154
1435000 154
1436000 155
1437000 155
1438000 155
1439000 155
1440000 155
1441000 155
1442000 155
1443000 155
1444000 156
1445000 156
1446000 156
1447000 156
1448000 156
1449000 156
1450000 156
1451000 156
1452000 156
1453000 157
1454000 157
1455000 157
1456000 157
1457000 157
1458000 157
1459000 157
1460000 157
1461000 158
1462000 158
1463000 158
1464000 158
1465000 158
1466000 158
1467000 158
1468000 159
1469000 159
1470000 159
1471000 159
1472000 159
1473000 159
1474000 159
1475000 160
1476000 160
1477000 160
1478000 160
1479000 160
1480000 160
1481000 160
1482000 160
1483000 160
1484000 160
1485000 160
1486000 160
1487000 161
1488000 161
1489000 161
1490000 161
1491000 161
1492000 161
1493000 161
1494000 161
1495000 162
1496000 162
1497000 162
1498000 162
1499000 162
1500000 162
1501000 163
1502000 163
1503000 163
1504000 163
1505000 163
1506000 163
1507000 164
1508000 164
1509000 164
1510000 164
1511000 164
1512000 164
1513000 164
1514000 164
1515000 165
1516000 165
1517000 165
1518000 165
1519000 165
1520000 165
1521000 166
1522000 166
1523000 166
1524000 166
1525000 166
1526000 166
1527000 166
1528000 166
1529000 167
1530000 167
1531000 167
1532000 167
1533000 167
1534000 167
1535000 167
1536000 168
1537000 168
1538000 168
1539000 168
1540000 168
1541000 168
1542000 168
1543000 169
1544000 169
1545000 169
1546000 169
1547000 169
1548000 169
1549000 169
1550000 170
1551000 170
1552000 170
1553000 170
1554000 170
1555000 170
1556000 171
1557000 171
1558000 171
1559000 171
1560000 171
1561000 171
1562000 172
1563000 172
1564000 172
1565000 172
1566000 172
1567000 172
1568000 172
1569000 173
1570000 173
1571000 173
1572000 173
1573000 173
1574000 173
1575000 173
1576000 174
1577000 174
1578000 174
1579000 174
1580000 174
1581000 175
1582000 175
1583000 175
1584000 175
1585000 175
1586000 175
1587000 175
1588000 176
1589000 176
1590000 176
1591000 176
1592000 176
1593000 176
1594000 176
1595000 177
1596000 177
1597000 177
1598000 177
1599000 177
1600000 177
1601000 177
1602000 178
1603000 178
1604000 178
1605000 178
1606000 178
1607000 178
1608000 178
1609000 178
1610000 179
1611000 179
1612000 179
1613000 179
1614000 179
1615000 179
1616000 180
1617000 180
1618000 180
1619000 180
1620000 180
1621000 180
1622000 181
1623000 181
1624000 181
1625000 181
1626000 181
1627000 181
1628000 182
1629000 182
1630000 182
1631000 182
1632000 182
1633000 182
1634000 183
1635000 183
1636000 183
1637000 183
1638000 183
1639000 183
1640000 184
1641000 184
1642000 184
1643000 184
1644000 184
1645000 184
1646000 185
1647000 185
1648000 185
1649000 185
1650000 185
1651000 186
1652000 186
1653000 186
1654000 186
1655000 186
1656000 186
1657000 186
1658000 187
1659000 187
1660000 187
1661000 187
1662000 187
1663000 187
1664000 188
1665000 188
1666000 188
1667000 188
1668000 188
1669000 188
1670000 189
1671000 189
1672000 189
1673000 189
1674000 189
1675000 189
1676000 189
1677000 190
1678000 190
1679000 190
1680000 190
1681000 190
1682000 190
1683000 190
1684000 190
1685000 191
1686000 191
1687000 191
1688000 191
1689000 191
1690000 191
1691000 192
1692000 192
1693000 192
1694000 192
1695000 192
1696000 192
1697000 192
1698000 192
1699000 192
1700000 193
1701000 193
1702000 193
1703000 193
1704000 193
1705000 193
1706000 194
1707000 194
1708000 194
1709000 194
1710000 194
1711000 195
1712000 195
1713000 195
1714000 195
1715000 195
1716000 196
1717000 196
1718000 196
1719000 196
1720000 196
1721000 196
1722000 196
1723000 196
1724000 196
1725000 197
1726000 197
1727000 197
1728000 197
1729000 197
1730000 198
1731000 198
1732000 198
1733000 198
1734000 198
1735000 198
1736000 198
1737000 199
1738000 199
1739000 199
1740000 199
1741000 199
1742000 199
1743000 199
1744000 200
1745000 200
1746000 200
1747000 200
1748000 200
1749000 200
1750000 200
1751000 200
1752000 200
1753000 201
1754000 201
1755000 201
1756000 201
1757000 201
1758000 201
1759000 201
1760000 201
1761000 201
1762000 202
1763000 202
1764000 202
1765000 202
1766000 202
1767000 202
1768000 202
1769000 203
1770000 203
1771000 203
1772000 203
1773000 203
1774000 203
1775000 203
1776000 203
1777000 203
1778000 203
1779000 203
1780000 203
1781000 204
1782000 204
1783000 204
1784000 204
1785000 204
1786000 204
1787000 204
1788000 204
1789000 204
1790000 204
1791000 204
1792000 204
1793000 205
1794000 205
1795000 205
1796000 205
1797000 205
1798000 205
1799000 206
1800000 206
1801000 206
1802000 206
1803000 206
1804000 206
1805000 206
1806000 206
1807000 206
1808000 206
1809000 207
1810000 207
1811000 207
1812000 207
1813000 207
1814000 207
1815000 207
1816000 208
1817000 208
1818000 208
1819000 208
1820000 208
1821000 208
1822000 209
1823000 209
1824000 209
1825000 209
1826000 209
1827000 209
1828000 210
1829000 210
1830000 210
1831000 210
1832000 210
1833000 210
1834000 211
1835000 211
1836000 211
1837000 211
1838000 211
1839000 211
1840000 211
1841000 211
1842000 211
1843000 212
1844000 212
1845000 212
1846000 212
1847000 212
1848000 212
1849000 212
1850000 213
1851000 213
1852000 213
1853000 213
1854000 213
1855000 213
1856000 213
1857000 214
1858000 214
1859000 214
1860000 214
1861000 214
1862000 214
1863000 214
1864000 215
1865000 215
1866000 215
1867000 215
1868000 215
1869000 215
1870000 215
1871000 215
1872000 215
1873000 215
1874000 215
1875000 216
1876000 216
1877000 216
1878000 216
1879000 216
1880000 216
1881000 216
1882000 217
1883000 217
1884000 217
1885000 217
1886000 217
1887000 217
1888000 218
1889000 218
1890000 218
1891000 218
1892000 218
1893000 218
1894000 218
1895000 218
1896000 218
1897000 219
1898000 219
1899000 219
1900000 219
1901000 219
1902000 219
1903000 219
1904000 220
1905000 220
1906000 220
1907000 220
1908000 220
1909000 220
1910000 220
1911000 220
1912000 220
1913000 220
1914000 221
1915000 221
1916000 221
1917000 221
1918000 221
1919000 221
1920000 221
1921000 221
1922000 221
1923000 221
1924000 222
1925000 222
1926000 222
1927000 222
1928000 222
1929000 222
1930000 222
1931000 222
1932000 223
1933000 223
1934000 223
1935000 223
1936000 223
1937000 224
1938000 224
1939000 224
1940000 224
1941000 224
1942000 225
1943000 225
1944000 225
1945000 225
1946000 225
1947000 225
1948000 226
1949000 226
1950000 226
1951000 226
1952000 226
1953000 226
1954000 226
1955000 226
1956000 226
1957000 226
1958000 227
1959000 227
1960000 227
1961000 227
1962000 227
1963000 227
1964000 228
1965000 228
1966000 228
1967000 228
1968000 228
1969000 228
1970000 228
1971000 228
1972000 228
1973000 228
1974000 229
1975000 229
1976000 229
1977000 229
1978000 229
1979000 230
1980000 230
1981000 230
1982000 230
1983000 230
1984000 230
1985000 230
1986000 231
1987000 231
1988000 231
1989000 231
1990000 231
1991000 231
1992000 231
1993000 232
1994000 232
1995000 232
1996000 232
1997000 232
1998000 232
1999000 232
2000000 233
2001000 233
2002000 233
2003000 233
2004000 233
2005000 233
2006000 233
2007000 233
2008000 233
2009000 234
2010000 234
2011000 234
2012000 234
2013000 234
2014000 234
2015000 235
2016000 235
2017000 235
2018000 235
2019000 235
2020000 236
2021000 236
2022000 236
2023000 236
2024000 236
2025000 237
2026000 237
2027000 237
2028000 237
2029000 237
2030000 238
2031000 238
2032000 238
2033000 238
2034000 238
2035000 238
2036000 238
2037000 239
2038000 239
2039000 239
2040000 239
2041000 239
2042000 239
2043000 239
2044000 240
2045000 240
2046000 240
2047000 240
2048000 240
2049000 240
2050000 240
2051000 241
2052000 241
2053000 241
2054000 241
2055000 241
2056000 241
2057000 241
2058000 242
2059000 242
2060000 242
2061000 242
2062000 242
2063000 242
2064000 242
2065000 243
2066000 243
2067000 243
2068000 243
2069000 243
2070000 243
2071000 244
2072000 244
2073000 244
2074000 244
2075000 244
2076000 244
2077000 244
2078000 244
2079000 245
2080000 245
2081000 245
2082000 245
2083000 245
2084000 245
2085000 245
2086000 246
2087000 246
2088000 246
2089000 246
2090000 246
2091000 246
2092000 246
2093000 247
2094000 247
2095000 247
2096000 247
2097000 247
2098000 248
2099000 248
2100000 248
2101000 248
2102000 248
2103000 249
2104000 249
2105000 249
2106000 249
2107000 249
2108000 249
2109000 249
2110000 250
2111000 250
2112000 250
2113000 250
2114000 250
2115000 250
2116000 251
2117000 251
2118000 251
2119000 251
2120000 251
2121000 251
2122000 251
2123000 251
2124000 252
2125000 252
2126000 252
2127000 252
2128000 252
2129000 252
2130000 253
2131000 253
2132000 253
2133000 253
2134000 253
2135000 253
2136000 253
2137000 254
2138000 254
2139000 254
2140000 254
2141000 254
2142000 254
2143000 254
2144000 255
2145000 255
2146000 255
2147000 255
2148000 255
2149000 255
2150000 256
2151000 256
2152000 256
2153000 256
2154000 256
2155000 256
2156000 256
2157000 257
2158000 257
2159000 257
2160000 257
2161000 257
2162000 257
2163000 258
2164000 258
2165000 258
2166000 258
2167000 258
2168000 258
2169000 258
2170000 259
2171000 259
2172000 259
2173000 259
2174000 259
2175000 260
2176000 260
2177000 260
2178000 260
2179000 260
2180000 261
2181000 261
2182000 261
2183000 261
2184000 261
2185000 261
2186000 261
2187000 261
2188000 262
2189000 262
2190000 262
2191000 262
2192000 262
2193000 262
2194000 262
2195000 263
2196000 263
2197000 263
2198000 263
2199000 263
2200000 263
2201000 263
2202000 263
2203000 264
2204000 264
2205000 264
2206000 264
2207000 264
2208000 264
2209000 264
2210000 265
2211000 265
2212000 265
2213000 265
2214000 265
2215000 265
2216000 265
2217000 266
2218000 266
2219000 266
2220000 266
2221000 266
2222000 266
2223000 266
2224000 266
2225000 266
2226000 266
2227000 267
2228000 267
2229000 267
2230000 267
2231000 267
2232000 267
2233000 268
2234000 268
2235000 268
2236000 268
2237000 268
2238000 268
2239000 268
2240000 269
2241000 269
2242000 269
2243000 269
2244000 269
2245000 269
2246000 269
2247000 269
2248000 270
2249000 270
2250000 270
2251000 270
2252000 270
2253000 270
2254000 270
2255000 270
2256000 271
2257000 271
2258000 271
2259000 271
2260000 271
2261000 271
2262000 271
2263000 271
2264000 272
2265000 272
2266000 272
2267000 272
2268000 272
2269000 272
2270000 273
2271000 273
2272000 273
2273000 273
2274000 273
2275000 273
2276000 273
2277000 274
2278000 274
2279000 274
2280000 274
2281000 274
2282000 274
2283000 274
2284000 275
2285000 275
2286000 275
2287000 275
2288000 275
2289000 275
2290000 275
2291000 276
2292000 276
2293000 276
2294000 276
2295000 276
2296000 276
2297000 276
2298000 277
2299000 277
2300000 277
2301000 277
2302000 277
2303000 277
2304000 277
2305000 278
2306000 278
2307000 278
2308000 278
2309000 278
2310000 278
2311000 278
2312000 279
2313000 279
2314000 279
2315000 279
2316000 279
2317000 279
2318000 280
2319000 280
2320000 280
2321000 280
2322000 280
2323000 280
2324000 280
2325000 280
2326000 280
2327000 280
2328000 280
2329000 280
2330000 280
2331000 281
2332000 281
2333000 281
2334000 281
2335000 281
2336000 282
2337000 282
2338000 282
2339000 282
2340000 282
2341000 282
2342000 282
2343000 282
2344000 283
2345000 283
2346000 283
2347000 283
2348000 283
2349000 283
2350000 283
2351000 283
2352000 283
2353000 283
2354000 284
2355000 284
2356000 284
2357000 284
2358000 284
2359000 284
2360000 284
2361000 284
2362000 285
2363000 285
2364000 285
2365000 285
2366000 285
2367000 285
2368000 285
2369000 286
2370000 286
2371000 286
2372000 286
2373000 286
2374000 286
2375000 286
2376000 286
2377000 286
2378000 286
2379000 287
2380000 287
2381000 287
2382000 287
2383000 287
2384000 287
2385000 288
2386000 288
2387000 288
2388000 288
2389000 288
2390000 288
2391000 289
2392000 289
2393000 289
2394000 289
2395000 289
2396000 289
2397000 290
2398000 290
2399000 290
2400000 290
2401000 290
2402000 290
2403000 291
2404000 291
2405000 291
2406000 291
2407000 291
2408000 291
2409000 291
2410000 292
2411000 292
2412000 292
2413000 292
2414000 292
2415000 292
2416000 293
2417000 293
2418000 293
2419000 293
2420000 293
2421000 293
2422000 293
2423000 294
2424000 294
2425000 294
2426000 294
2427000 294
2428000 294
2429000 294
2430000 295
2431000 295
2432000 295
2433000 295
2434000 295
2435000 296
2436000 296
2437000 296
2438000 296
2439000 296
2440000 296
2441000 296
2442000 297
2443000 297
2444000 297
2445000 297
2446000 297
2447000 297
2448000 297
2449000 297
2450000 298
2451000 298
2452000 298
2453000 298
2454000 298
2455000 298
2456000 298
2457000 299
2458000 299
2459000 299
2460000 299
2461000 299
2462000 299
2463000 299
2464000 300
2465000 300
2466000 300
2467000 300
2468000 300
2469000 300
2470000 300
2471000 301
2472000 301
2473000 301
2474000 301
2475000 301
2476000 301
2477000 301
2478000 302
2479000 302
2480000 302
2481000 302
2482000 302
2483000 302
2484000 302
2485000 302
2486000 303
2487000 303
2488000 303
2489000 303
2490000 303
2491000 303
2492000 303
2493000 304
2494000 304
2495000 304
2496000 304
2497000 304
2498000 304
2499000 305
2500000 305
2501000 305
2502000 305
2503000 305
2504000 305
2505000 305
2506000 306
2507000 306
2508000 306
2509000 306
2510000 306
2511000 306
2512000 307
2513000 307
2514000 307
2515000 307
2516000 307
2517000 307
2518000 307
2519000 307
2520000 307
2521000 307
2522000 307
2523000 307
2524000 307
2525000 308
2526000 308
2527000 308
2528000 308
2529000 308
2530000 308
2531000 308
2532000 309
2533000 309
2534000 309
2535000 309
2536000 309
2537000 309
2538000 309
2539000 310
2540000 310
2541000 310
2542000 310
2543000 310
2544000 310
2545000 310
2546000 310
2547000 310
2548000 310
2549000 310
2550000 311
2551000 311
2552000 311
2553000 311
2554000 311
2555000 311
2556000 312
2557000 312
2558000 312
2559000 312
2560000 312
2561000 312
2562000 312
2563000 313
2564000 313
2565000 313
2566000 313
2567000 313
2568000 313
2569000 313
2570000 314
2571000 314
2572000 314
2573000 314
2574000 314
2575000 314
2576000 314
2577000 314
2578000 314
2579000 315
2580000 315
2581000 315
2582000 315
2583000 315
2584000 315
2585000 316
2586000 316
2587000 316
2588000 316
2589000 316
2590000 316
2591000 317
2592000 317
2593000 317
2594000 317
2595000 317
2596000 317
2597000 317
2598000 318
2599000 318
2600000 318
2601000 318
2602000 318
2603000 318
2604000 318
2605000 319
2606000 319
2607000 319
2608000 319
2609000 319
2610000 319
2611000 319
2612000 319
2613000 319
2614000 320
2615000 320
2616000 320
2617000 320
2618000 320
2619000 320
2620000 320
2621000 321
2622000 321
2623000 321
2624000 321
2625000 321
2626000 321
2627000 321
2628000 321
2629000 322
2630000 322
2631000 322
2632000 322
2633000 322
2634000 322
2635000 322
2636000 322
2637000 322
2638000 323
2639000 323
2640000 323
2641000 323
2642000 323
2643000 323
2644000 323
2645000 324
2646000 324
2647000 324
2648000 324
2649000 324
2650000 324
2651000 324
2652000 325
2653000 325
2654000 325
2655000 325
2656000 325
2657000 326
2658000 326
2659000 326
2660000 326
2661000 326
2662000 326
2663000 326
2664000 327
2665000 327
2666000 327
2667000 327
2668000 327
2669000 327
2670000 327
2671000 327
2672000 328
2673000 328
2674000 328
2675000 328
2676000 328
2677000 328
2678000 328
2679000 329
2680000 329
2681000 329
2682000 329
2683000 329
2684000 329
2685000 329
2686000 330
2687000 330
2688000 330
2689000 330
2690000 330
2691000 330
2692000 330
2693000 330
2694000 330
2695000 331
2696000 331
2697000 331
2698000 331
2699000 331
2700000 331
2701000 332
2702000 332
2703000 332
2704000 332
2705000 332
2706000 332
2707000 332
2708000 333
2709000 333
2710000 333
2711000 333
2712000 333
2713000 333
2714000 333
2715000 334
2716000 334
2717000 334
2718000 334
2719000 334
2720000 334
2721000 335
2722000 335
2723000 335
2724000 335
2725000 335
2726000 335
2727000 335
2728000 335
2729000 335
2730000 335
2731000 335
2732000 335
2733000 336
2734000 336
2735000 336
2736000 336
2737000 336
2738000 337
2739000 337
2740000 337
2741000 337
2742000 337
2743000 338
2744000 338
2745000 338
2746000 338
2747000 338
2748000 338
2749000 338
2750000 339
2751000 339
2752000 339
2753000 339
2754000 339
2755000 339
2756000 339
2757000 339
2758000 339
2759000 340
2760000 340
2761000 340
2762000 340
2763000 340
2764000 340
2765000 340
2766000 341
2767000 341
2768000 341
2769000 341
2770000 341
2771000 341
2772000 341
2773000 341
2774000 342
2775000 342
2776000 342
2777000 342
2778000 342
2779000 342
2780000 342
2781000 342
2782000 342
2783000 342
2784000 342
2785000 342
2786000 342
2787000 343
2788000 343
2789000 343
2790000 343
2791000 343
2792000 343
2793000 344
2794000 344
2795000 344
2796000 344
2797000 344
2798000 344
2799000 344
2800000 344
2801000 344
2802000 345
2803000 345
2804000 345
2805000 345
2806000 345
2807000 345
2808000 345
2809000 345
2810000 345
2811000 345
2812000 346
2813000 346
2814000 346
2815000 346
2816000 346
2817000 346
2818000 346
2819000 346
2820000 347
2821000 347
2822000 347
2823000 347
2824000 347
2825000 347
2826000 347
2827000 347
2828000 347
2829000 348
2830000 348
2831000 348
2832000 348
2833000 348
2834000 348
2835000 348
2836000 349
2837000 349
2838000 349
2839000 349
2840000 349
2841000 349
2842000 350
2843000 350
2844000 350
2845000 350
2846000 350
2847000 351
2848000 351
2849000 351
2850000 351
2851000 351
2852000 351
2853000 351
2854000 352
2855000 352
2856000 352
2857000 352
2858000 352
2859000 352
2860000 352
2861000 353
2862000 353
2863000 353
2864000 353
2865000 353
2866000 354
2867000 354
2868000 354
2869000 354
2870000 354
2871000 354
2872000 354
2873000 354
2874000 355
2875000 355
2876000 355
2877000 355
2878000 356
2879000 356
2880000 356
2881000 356
2882000 356
2883000 356
2884000 356
2885000 356
2886000 356
2887000 356
2888000 357
2889000 357
2890000 357
2891000 357
2892000 357
2893000 357
2894000 358
2895000 358
2896000 358
2897000 358
2898000 358
2899000 358
2900000 358
2901000 358
2902000 358
2903000 359
2904000 359
2905000 359
2906000 359
2907000 359
2908000 359
2909000 359
2910000 360
2911000 360
2912000 360
2913000 360
2914000 360
2915000 360
2916000 360
2917000 360
2918000 361
2919000 361
2920000 361
2921000 361
2922000 361
2923000 361
2924000 361
2925000 361
2926000 361
2927000 362
2928000 362
2929000 362
2930000 362
2931000 362
2932000 363
2933000 363
2934000 363
2935000 363
2936000 363
2937000 363
2938000 363
2939000 364
2940000 364
2941000 364
2942000 364
2943000 364
2944000 364
2945000 364
2946000 365
2947000 365
2948000 365
2949000 365
2950000 365
2951000 365
2952000 365
2953000 366
2954000 366
2955000 366
2956000 366
2957000 366
2958000 366
2959000 366
2960000 367
2961000 367
2962000 367
2963000 367
2964000 367
2965000 367
2966000 367
2967000 367
2968000 368
2969000 368
2970000 368
2971000 368
2972000 368
2973000 368
2974000 368
2975000 369
2976000 369
2977000 369
2978000 369
2979000 369
2980000 369
2981000 369
2982000 370
2983000 370
2984000 370
2985000 370
2986000 370
2987000 370
2988000 370
2989000 371
2990000 371
2991000 371
2992000 371
2993000 371
2994000 371
2995000 371
2996000 372
2997000 372
2998000 372
2999000 372
3000000 372
3001000 372
3002000 372
3003000 372
3004000 372
3005000 373
3006000 373
3007000 373
3008000 373
3009000 373
3010000 373
3011000 373
3012000 373
3013000 374
3014000 374
3015000 374
3016000 374
3017000 374
3018000 375
3019000 375
3020000 375
3021000 375
3022000 375
3023000 376
3024000 376
3025000 376
3026000 376
3027000 376
3028000 376
3029000 377
3030000 377
3031000 377
3032000 377
3033000 377
3034000 377
3035000 377
3036000 377
3037000 378
3038000 378
3039000 378
3040000 378
3041000 378
3042000 378
3043000 378
3044000 378
3045000 379
3046000 379
3047000 379
3048000 379
3049000 379
3050000 379
3051000 379
3052000 379
3053000 380
3054000 380
3055000 380
3056000 380
3057000 380
3058000 380
3059000 380
3060000 380
3061000 381
3062000 381
3063000 381
3064000 381
3065000 381
3066000 381
3067000 382
3068000 382
3069000 382
3070000 382
3071000 382
3072000 382
3073000 383
3074000 383
3075000 383
3076000 383
3077000 383
3078000 383
3079000 383
3080000 384
3081000 384
3082000 384
3083000 384
3084000 384
3085000 384
3086000 384
3087000 385
3088000 385
3089000 385
3090000 385
3091000 385
3092000 385
3093000 386
3094000 386
3095000 386
3096000 386
3097000 386
3098000 386
3099000 387
3100000 387
3101000 387
3102000 387
3103000 387
3104000 387
3105000 388
3106000 388
3107000 388
3108000 388
3109000 388
3110000 388
3111000 389
3112000 389
3113000 389
3114000 389
3115000 389
3116000 389
3117000 390
3118000 390
3119000 390
3120000 390
3121000 390
3122000 390
3123000 390
3124000 391
3125000 391
3126000 391
3127000 391
3128000 391
3129000 391
3130000 391
3131000 391
3132000 392
3133000 392
3134000 392
3135000 392
3136000 392
3137000 392
3138000 392
3139000 393
3140000 393
3141000 393
3142000 393
3143000 393
3144000 394
3145000 394
3146000 394
3147000 394
3148000 394
3149000 395
3150000 395
3151000 395
3152000 395
3153000 395
3154000 395
3155000 395
3156000 395
3157000 396
3158000 396
3159000 396
3160000 396
3161000 396
3162000 396
3163000 396
3164000 396
3165000 397
3166000 397
3167000 397
3168000 397
3169000 397
3170000 397
3171000 398
3172000 398
3173000 398
3174000 398
3175000 398
3176000 398
3177000 399
3178000 399
3179000 399
3180000 399
3181000 399
3182000 400
3183000 400
3184000 400
3185000 400
3186000 400
3187000 401
3188000 401
3189000 401
3190000 401
3191000 401
3192000 402
3193000 402
3194000 402
3195000 402
3196000 402
3197000 402
3198000 402
3199000 402
3200000 402
3201000 403
3202000 403
3203000 403
3204000 403
3205000 403
3206000 403
3207000 403
3208000 403
3209000 404
3210000 404
3211000 404
3212000 404
3213000 404
3214000 404
3215000 404
3216000 404
3217000 405
3218000 405
3219000 405
3220000 405
3221000 405
3222000 405
3223000 406
3224000 406
3225000 406
3226000 406
3227000 406
3228000 406
3229000 407
3230000 407
3231000 407
3232000 407
3233000 407
3234000 407
3235000 407
3236000 408
3237000 408
3238000 408
3239000 408
3240000 408
3241000 408
3242000 408
3243000 408
3244000 408
3245000 408
3246000 408
3247000 409
3248000 409
3249000 409
3250000 409
3251000 409
3252000 409
3253000 409
3254000 409
3255000 409
3256000 410
3257000 410
3258000 410
3259000 410
3260000 410
3261000 410
3262000 411
3263000 411
3264000 411
3265000 411
3266000 411
3267000 411
3268000 411
3269000 411
3270000 412
3271000 412
3272000 412
3273000 412
3274000 412
3275000 412
3276000 412
3277000 412
3278000 413
3279000 413
3280000 413
3281000 413
3282000 413
3283000 414
3284000 414
3285000 414
3286000 414
3287000 414
3288000 414
3289000 415
3290000 415
3291000 415
3292000 415
3293000 415
3294000 415
3295000 415
3296000 415
3297000 416
3298000 416
3299000 416
3300000 416
3301000 416
3302000 416
3303000 416
3304000 416
3305000 416
3306000 417
3307000 417
3308000 417
3309000 417
3310000 417
3311000 417
3312000 417
3313000 418
3314000 418
3315000 418
3316000 418
3317000 418
3318000 418
3319000 419
3320000 419
3321000 419
3322000 419
3323000 419
3324000 419
3325000 419
3326000 420
3327000 420
3328000 420
3329000 420
3330000 420
3331000 420
3332000 420
3333000 421
3334000 421
3335000 421
3336000 421
3337000 421
3338000 421
3339000 421
3340000 421
3341000 421
3342000 422
3343000 422
3344000 422
3345000 422
3346000 422
3347000 422
3348000 422
3349000 423
3350000 423
3351000 423
3352000 423
3353000 423
3354000 423
3355000 423
3356000 424
3357000 424
3358000 424
3359000 424
3360000 424
3361000 424
3362000 425
3363000 425
3364000 425
3365000 425
3366000 425
3367000 425
3368000 426
3369000 426
3370000 426
3371000 426
3372000 426
3373000 426
3374000 427
3375000 427
3376000 427
3377000 427
3378000 427
3379000 427
3380000 427
3381000 427
3382000 428
3383000 428
3384000 428
3385000 428
3386000 428
3387000 428
3388000 428
3389000 428
3390000 428
3391000 428
3392000 429
3393000 429
3394000 429
3395000 429
3396000 429
3397000 429
3398000 429
3399000 429
3400000 430
3401000 430
3402000 430
3403000 430
3404000 430
3405000 431
3406000 431
3407000 431
3408000 431
3409000 431
3410000 431
3411000 431
3412000 432
3413000 432
3414000 432
3415000 432
3416000 432
3417000 432
3418000 432
3419000 432
3420000 432
3421000 432
3422000 432
3423000 432
3424000 432
3425000 433
3426000 433
3427000 433
3428000 433
3429000 433
3430000 433
3431000 433
3432000 434
3433000 434
3434000 434
3435000 434
3436000 434
3437000 434
3438000 434
3439000 435
3440000 435
3441000 435
3442000 435
3443000 435
3444000 435
3445000 436
3446000 436
3447000 436
3448000 436
3449000 436
3450000 436
3451000 436
3452000 436
3453000 437
3454000 437
3455000 437
3456000 437
3457000 437
3458000 437
3459000 437
3460000 438
3461000 438
3462000 438
3463000 438
3464000 438
3465000 438
3466000 438
3467000 439
3468000 439
3469000 439
3470000 439
3471000 439
3472000 439
3473000 440
3474000 440
3475000 440
3476000 440
3477000 440
3478000 440
3479000 441
3480000 441
3481000 441
3482000 441
3483000 441
3484000 441
3485000 442
3486000 442
3487000 442
3488000 442
3489000 442
3490000 442
3491000 442
3492000 442
3493000 442
3494000 443
3495000 443
3496000 443
3497000 443
3498000 443
3499000 443
3500000 443
3501000 443
3502000 444
3503000 444
3504000 444
3505000 444
3506000 444
3507000 444
3508000 444
3509000 444
3510000 444
3511000 445
3512000 445
3513000 445
3514000 445
3515000 445
3516000 445
3517000 445
3518000 446
3519000 446
3520000 446
3521000 446
3522000 446
3523000 446
3524000 447
3525000 447
3526000 447
3527000 447
3528000 447
3529000 447
3530000 447
3531000 448
3532000 448
3533000 448
3534000 448
3535000 448
3536000 448
3537000 448
3538000 448
3539000 448
3540000 448
3541000 449
3542000 449
3543000 449
3544000 449
3545000 449
3546000 449
3547000 450
3548000 450
3549000 450
3550000 450
3551000 450
3552000 450
3553000 451
3554000 451
3555000 451
3556000 451
3557000 451
3558000 452
3559000 452
3560000 452
3561000 452
3562000 452
3563000 452
3564000 452
3565000 452
3566000 452
3567000 452
3568000 453
3569000 453
3570000 453
3571000 453
3572000 453
3573000 453
3574000 453
3575000 454
3576000 454
3577000 454
3578000 454
3579000 454
3580000 454
3581000 455
3582000 455
3583000 455
3584000 455
3585000 455
3586000 455
3587000 455
3588000 456
3589000 456
3590000 456
3591000 456
3592000 456
3593000 456
3594000 456
3595000 457
3596000 457
3597000 457
3598000 457
3599000 457
3600000 457
3601000 457
3602000 457
3603000 458
3604000 458
3605000 458
3606000 458
3607000 458
3608000 458
3609000 459
3610000 459
3611000 459
3612000 459
3613000 459
3614000 459
3615000 459
3616000 459
3617000 459
3618000 460
3619000 460
3620000 460
3621000 460
3622000 460
3623000 460
3624000 460
3625000 460
3626000 460
3627000 460
3628000 461
3629000 461
3630000 461
3631000 461
3632000 461
3633000 461
3634000 461
3635000 462
3636000 462
3637000 462
3638000 462
3639000 462
3640000 462
3641000 463
3642000 463
3643000 463
3644000 463
3645000 463
3646000 463
3647000 464
3648000 464
3649000 464
3650000 464
3651000 464
3652000 464
3653000 465
3654000 465
3655000 465
3656000 465
3657000 465
3658000 465
3659000 466
3660000 466
3661000 466
3662000 466
3663000 466
3664000 466
3665000 467
3666000 467
3667000 467
3668000 467
3669000 467
3670000 467
3671000 467
3672000 467
3673000 467
3674000 468
3675000 468
3676000 468
3677000 468
3678000 468
3679000 468
3680000 468
3681000 468
3682000 469
3683000 469
3684000 469
3685000 469
3686000 469
3687000 469
3688000 470
3689000 470
3690000 470
3691000 470
3692000 470
3693000 470
3694000 470
3695000 471
3696000 471
3697000 471
3698000 471
3699000 471
3700000 471
3701000 471
3702000 472
3703000 472
3704000 472
3705000 472
3706000 472
3707000 472
3708000 472
3709000 472
3710000 472
3711000 473
3712000 473
3713000 473
3714000 473
3715000 473
3716000 474
3717000 474
3718000 474
3719000 474
3720000 474
3721000 474
3722000 474
3723000 474
3724000 475
3725000 475
3726000 475
3727000 475
3728000 475
3729000 475
3730000 475
3731000 475
3732000 476
3733000 476
3734000 476
3735000 476
3736000 476
3737000 476
3738000 476
3739000 476
3740000 477
3741000 477
3742000 477
3743000 477
3744000 477
3745000 477
3746000 478
3747000 478
3748000 478
3749000 478
3750000 478
3751000 478
3752000 478
3753000 478
3754000 479
3755000 479
3756000 479
3757000 479
3758000 479
3759000 479
3760000 479
3761000 479
3762000 480
3763000 480
3764000 480
3765000 480
3766000 480
3767000 480
3768000 481
3769000 481
3770000 481
3771000 481
3772000 481
3773000 481
3774000 482
3775000 482
3776000 482
3777000 482
3778000 482
3779000 482
3780000 482
3781000 483
3782000 483
3783000 483
3784000 483
3785000 483
3786000 483
3787000 483
3788000 484
3789000 484
3790000 484
3791000 484
3792000 484
3793000 484
3794000 484
3795000 485
3796000 485
3797000 485
3798000 485
3799000 485
3800000 485
3801000 486
3802000 486
3803000 486
3804000 486
3805000 486
3806000 486
3807000 487
3808000 487
3809000 487
3810000 487
3811000 487
3812000 487
3813000 487
3814000 488
3815000 488
3816000 488
3817000 488
3818000 488
3819000 489
3820000 489
3821000 489
3822000 489
3823000 489
3824000 489
3825000 489
3826000 490
3827000 490
3828000 490
3829000 490
3830000 490
3831000 490
3832000 491
3833000 491
3834000 491
3835000 491
3836000 491
3837000 491
3838000 492
3839000 492
3840000 492
3841000 492
3842000 492
3843000 492
3844000 493
3845000 493
3846000 493
3847000 493
3848000 493
3849000 493
3850000 493
3851000 493
3852000 493
3853000 493
3854000 493
3855000 494
3856000 494
3857000 494
3858000 494
3859000 494
3860000 494
3861000 495
3862000 495
3863000 495
3864000 495
3865000 495
3866000 495
3867000 495
3868000 496
3869000 496
3870000 496
3871000 496
3872000 496
3873000 497
3874000 497
3875000 497
3876000 497
3877000 497
3878000 497
3879000 497
3880000 497
3881000 497
3882000 498
3883000 498
3884000 498
3885000 498
3886000 498
3887000 499
3888000 499
3889000 499
3890000 499
3891000 499
3892000 500
3893000 500
3894000 500
3895000 500
3896000 500
3897000 500
3898000 500
3899000 501
3900000 501
3901000 501
3902000 501
3903000 501
3904000 501
3905000 502
3906000 502
3907000 502
3908000 502
3909000 502
3910000 502
3911000 502
3912000 503
3913000 503
3914000 503
3915000 503
3916000 503
3917000 503
3918000 503
3919000 504
3920000 504
3921000 504
3922000 504
3923000 504
3924000 504
3925000 504
3926000 505
3927000 505
3928000 505
3929000 505
3930000 505
3931000 505
3932000 505
3933000 505
3934000 505
3935000 506
3936000 506
3937000 506
3938000 506
3939000 506
3940000 506
3941000 506
3942000 507
3943000 507
3944000 507
3945000 507
3946000 507
3947000 507
3948000 507
3949000 508
3950000 508
3951000 508
3952000 508
3953000 508
3954000 508
3955000 508
3956000 508
3957000 509
3958000 509
3959000 509
3960000 509
3961000 509
3962000 510
3963000 510
3964000 510
3965000 510
3966000 510
3967000 510
3968000 511
3969000 511
3970000 511
3971000 511
3972000 511
3973000 511
3974000 511
3975000 511
3976000 511
3977000 511
3978000 512
3979000 512
3980000 512
3981000 512
3982000 512
3983000 512
3984000 513
3985000 513
3986000 513
3987000 513
3988000 513
3989000 513
3990000 513
3991000 514
3992000 514
3993000 514
3994000 514
3995000 514
3996000 514
3997000 514
3998000 515
3999000 515
4000000 515
4001000 515
4002000 515
4003000 515
4004000 515
4005000 515
4006000 516
4007000 516
4008000 516
4009000 516
4010000 516
4011000 516
4012000 516
4013000 517
4014000 517
4015000 517
4016000 517
4017000 517
4018000 517
4019000 517
4020000 518
4021000 518
4022000 518
4023000 518
4024000 518
4025000 518
4026000 518
4027000 519
4028000 519
4029000 519
4030000 519
4031000 519
4032000 519
4033000 520
4034000 520
4035000 520
4036000 520
4037000 520
4038000 520
4039000 520
4040000 520
4041000 520
4042000 521
4043000 521
4044000 521
4045000 521
4046000 521
4047000 521
4048000 521
4049000 521
4050000 522
4051000 522
4052000 522
4053000 522
4054000 522
4055000 522
4056000 522
4057000 522
4058000 523
4059000 523
4060000 523
4061000 523
4062000 523
4063000 523
4064000 523
4065000 524
4066000 524
4067000 524
4068000 524
4069000 524
4070000 524
4071000 524
4072000 524
4073000 524
4074000 525
4075000 525
4076000 525
4077000 525
4078000 525
4079000 525
4080000 525
4081000 525
4082000 526
4083000 526
4084000 526
4085000 526
4086000 526
4087000 527
4088000 527
4089000 527
4090000 527
4091000 527
4092000 527
4093000 527
4094000 527
4095000 528
4096000 528
4097000 528
4098000 528
4099000 528
4100000 528
4101000 529
4102000 529
4103000 529
4104000 529
4105000 529
4106000 529
4107000 529
4108000 529
4109000 530
4110000 530
4111000 530
4112000 530
4113000 530
4114000 531
4115000 531
4116000 531
4117000 531
4118000 531
4119000 531
4120000 532
4121000 532
4122000 532
4123000 532
4124000 532
4125000 532
4126000 533
4127000 533
4128000 533
4129000 533
4130000 533
4131000 533
4132000 534
4133000 534
4134000 534
4135000 534
4136000 534
4137000 534
4138000 535
4139000 535
4140000 535
4141000 535
4142000 535
4143000 535
4144000 535
4145000 536
4146000 536
4147000 536
4148000 536
4149000 536
4150000 536
4151000 536
4152000 537
4153000 537
4154000 537
4155000 537
4156000 537
4157000 537
4158000 537
4159000 537
4160000 538
4161000 538
4162000 538
4163000 538
4164000 538
4165000 538
4166000 539
4167000 539
4168000 539
4169000 539
4170000 539
4171000 539
4172000 539
4173000 539
4174000 540
4175000 540
4176000 540
4177000 540
4178000 540
4179000 540
4180000 540
4181000 540
4182000 541
4183000 541
4184000 541
4185000 541
4186000 541
4187000 541
4188000 541
4189000 541
4190000 541
4191000 541
4192000 541
4193000 541
4194000 542
4195000 542
4196000 542
4197000 542
4198000 542
4199000 542
4200000 542
4201000 542
4202000 542
4203000 542
4204000 542
4205000 542
4206000 543
4207000 543
4208000 543
4209000 543
4210000 543
4211000 543
4212000 543
4213000 543
4214000 543
4215000 544
4216000 544
4217000 544
4218000 544
4219000 544
4220000 544
4221000 544
4222000 545
4223000 545
4224000 545
4225000 545
4226000 545
4227000 545
4228000 545
4229000 545
4230000 546
4231000 546
4232000 546
4233000 546
4234000 546
4235000 546
4236000 546
4237000 546
4238000 546
4239000 546
4240000 547
4241000 547
4242000 547
4243000 547
4244000 547
4245000 547
4246000 547
4247000 547
4248000 548
4249000 548
4250000 548
4251000 548
4252000 548
4253000 548
4254000 548
4255000 548
4256000 548
4257000 548
4258000 549
4259000 549
4260000 549
4261000 549
4262000 549
4263000 549
4264000 549
4265000 549
4266000 549
4267000 550
4268000 550
4269000 550
4270000 550
4271000 550
4272000 550
4273000 550
4274000 550
4275000 550
4276000 550
4277000 551
4278000 551
4279000 551
4280000 551
4281000 551
4282000 551
4283000 551
4284000 551
4285000 552
4286000 552
4287000 552
4288000 552
4289000 552
4290000 552
4291000 552
4292000 553
4293000 553
4294000 553
4295000 553
4296000 553
4297000 553
4298000 554
4299000 554
4300000 554
4301000 554
4302000 554
4303000 554
4304000 555
4305000 555
4306000 555
4307000 555
4308000 555
4309000 555
4310000 555
4311000 555
4312000 555
4313000 555
4314000 555
4315000 556
4316000 556
4317000 556
4318000 556
4319000 556
4320000 556
4321000 556
4322000 556
4323000 557
4324000 557
4325000 557
4326000 557
4327000 557
4328000 557
4329000 558
4330000 558
4331000 558
4332000 558
4333000 558
4334000 558
4335000 558
4336000 558
4337000 558
4338000 559
4339000 559
4340000 559
4341000 559
4342000 559
4343000 559
4344000 559
4345000 560
4346000 560
4347000 560
4348000 560
4349000 560
4350000 560
4351000 561
4352000 561
4353000 561
4354000 561
4355000 561
4356000 561
4357000 561
4358000 561
4359000 562
4360000 562
4361000 562
4362000 562
4363000 562
4364000 562
4365000 562
4366000 562
4367000 562
4368000 562
4369000 562
4370000 563
4371000 563
4372000 563
4373000 563
4374000 563
4375000 563
4376000 563
4377000 564
4378000 564
4379000 564
4380000 564
4381000 564
4382000 564
4383000 564
4384000 565
4385000 565
4386000 565
4387000 565
4388000 565
4389000 566
4390000 566
4391000 566
4392000 566
4393000 566
4394000 566
4395000 566
4396000 567
4397000 567
4398000 567
4399000 567
4400000 567
4401000 567
4402000 567
4403000 568
4404000 568
4405000 568
4406000 568
4407000 568
4408000 568
4409000 569
4410000 569
4411000 569
4412000 569
4413000 569
4414000 569
4415000 569
4416000 570
4417000 570
4418000 570
4419000 570
4420000 570
4421000 570
4422000 570
4423000 570
4424000 571
4425000 571
4426000 571
4427000 571
4428000 571
4429000 572
4430000 572
4431000 572
4432000 572
4433000 572
4434000 572
4435000 572
4436000 572
4437000 573
4438000 573
4439000 573
4440000 573
4441000 573
4442000 573
4443000 574
4444000 574
4445000 574
4446000 574
4447000 574
4448000 574
4449000 575
4450000 575
4451000 575
4452000 575
4453000 575
4454000 575
4455000 576
4456000 576
4457000 576
4458000 576
4459000 576
4460000 576
4461000 576
4462000 576
4463000 577
4464000 577
4465000 577
4466000 577
4467000 577
4468000 577
4469000 578
4470000 578
4471000 578
4472000 578
4473000 578
4474000 578
4475000 579
4476000 579
4477000 579
4478000 579
4479000 579
4480000 579
4481000 579
4482000 579
4483000 580
4484000 580
4485000 580
4486000 580
4487000 580
4488000 581
4489000 581
4490000 581
4491000 581
4492000 581
4493000 581
4494000 581
4495000 581
4496000 582
4497000 582
4498000 582
4499000 582
4500000 582
4501000 582
4502000 582
4503000 583
4504000 583
4505000 583
4506000 583
4507000 583
4508000 583
4509000 583
4510000 583
4511000 584
4512000 584
4513000 584
4514000 584
4515000 584
4516000 584
4517000 584
4518000 584
4519000 585
4520000 585
4521000 585
4522000 585
4523000 585
4524000 585
4525000 585
4526000 585
4527000 586
4528000 586
4529000 586
4530000 586
4531000 586
4532000 587
4533000 587
4534000 587
4535000 587
4536000 587
4537000 587
4538000 587
4539000 588
4540000 588
4541000 588
4542000 588
4543000 588
4544000 588
4545000 588
4546000 589
4547000 589
4548000 589
4549000 589
4550000 589
4551000 590
4552000 590
4553000 590
4554000 590
4555000 590
4556000 590
4557000 591
4558000 591
4559000 591
4560000 591
4561000 591
4562000 591
4563000 591
4564000 592
4565000 592
4566000 592
4567000 592
4568000 592
4569000 592
4570000 592
4571000 593
4572000 593
4573000 593
4574000 593
4575000 593
4576000 593
4577000 594
4578000 594
4579000 594
4580000 594
4581000 594
4582000 594
4583000 594
4584000 594
4585000 595
4586000 595
4587000 595
4588000 595
4589000 595
4590000 595
4591000 595
4592000 595
4593000 596
4594000 596
4595000 596
4596000 596
4597000 596
4598000 596
4599000 596
4600000 596
4601000 597
4602000 597
4603000 597
4604000 597
4605000 597
4606000 597
4607000 597
4608000 598
4609000 598
4610000 598
4611000 598
4612000 598
4613000 598
4614000 599
4615000 599
4616000 599
4617000 599
4618000 599
4619000 599
4620000 599
4621000 599
4622000 599
4623000 600
4624000 600
4625000 600
4626000 600
4627000 600
4628000 600
4629000 600
4630000 600
4631000 600
4632000 601
4633000 601
4634000 601
4635000 601
4636000 601
4637000 601
4638000 601
4639000 601
4640000 602
4641000 602
4642000 602
4643000 602
4644000 602
4645000 602
4646000 602
4647000 602
4648000 603
4649000 603
4650000 603
4651000 603
4652000 603
4653000 603
4654000 603
4655000 604
4656000 604
4657000 604
4658000 604
4659000 604
4660000 604
4661000 604
4662000 605
4663000 605
4664000 605
4665000 605
4666000 605
4667000 605
4668000 605
4669000 605
4670000 605
4671000 605
4672000 605
4673000 606
4674000 606
4675000 606
4676000 606
4677000 606
4678000 606
4679000 606
4680000 607
4681000 607
4682000 607
4683000 607
4684000 607
4685000 607
4686000 607
4687000 608
4688000 608
4689000 608
4690000 608
4691000 608
4692000 608
4693000 608
4694000 609
4695000 609
4696000 609
4697000 609
4698000 609
4699000 609
4700000 609
4701000 609
4702000 609
4703000 610
4704000 610
4705000 610
4706000 610
4707000 610
4708000 610
4709000 610
4710000 610
4711000 610
4712000 611
4713000 611
4714000 611
4715000 611
4716000 611
4717000 611
4718000 611
4719000 611
4720000 611
4721000 612
4722000 612
4723000 612
4724000 612
4725000 612
4726000 612
4727000 612
4728000 613
4729000 613
4730000 613
4731000 613
4732000 613
4733000 613
4734000 613
4735000 613
4736000 614
4737000 614
4738000 614
4739000 614
4740000 614
4741000 615
4742000 615
4743000 615
4744000 615
4745000 615
4746000 615
4747000 615
4748000 616
4749000 616
4750000 616
4751000 616
4752000 616
4753000 617
4754000 617
4755000 617
4756000 617
4757000 617
4758000 618
4759000 618
4760000 618
4761000 618
4762000 618
4763000 618
4764000 618
4765000 619
4766000 619
4767000 619
4768000 619
4769000 619
4770000 619
4771000 620
4772000 620
4773000 620
4774000 620
4775000 620
4776000 620
4777000 621
4778000 621
4779000 621
4780000 621
4781000 621
4782000 621
4783000 621
4784000 621
4785000 622
4786000 622
4787000 622
4788000 622
4789000 622
4790000 622
4791000 622
4792000 622
4793000 622
4794000 622
4795000 623
4796000 623
4797000 623
4798000 623
4799000 623
4800000 623
4801000 623
4802000 623
4803000 623
4804000 624
4805000 624
4806000 624
4807000 624
4808000 624
4809000 624
4810000 624
4811000 624
4812000 625
4813000 625
4814000 625
4815000 625
4816000 625
4817000 625
4818000 625
4819000 626
4820000 626
4821000 626
4822000 626
4823000 626
4824000 626
4825000 626
4826000 626
4827000 626
4828000 626
4829000 626
4830000 626
4831000 627
4832000 627
4833000 627
4834000 627
4835000 627
4836000 628
4837000 628
4838000 628
4839000 628
4840000 628
4841000 628
4842000 628
4843000 629
4844000 629
4845000 629
4846000 629
4847000 629
4848000 629
4849000 629
4850000 629
4851000 630
4852000 630
4853000 630
4854000 630
4855000 630
4856000 630
4857000 631
4858000 631
4859000 631
4860000 631
4861000 631
4862000 631
4863000 632
4864000 632
4865000 632
4866000 632
4867000 632
4868000 633
4869000 633
4870000 633
4871000 633
4872000 633
4873000 633
4874000 633
4875000 633
4876000 634
4877000 634
4878000 634
4879000 634
4880000 634
4881000 634
4882000 634
4883000 634
4884000 635
4885000 635
4886000 635
4887000 635
4888000 635
4889000 635
4890000 635
4891000 636
4892000 636
4893000 636
4894000 636
4895000 636
4896000 636
4897000 636
4898000 636
4899000 637
4900000 637
4901000 637
4902000 637
4903000 637
4904000 637
4905000 637
4906000 638
4907000 638
4908000 638
4909000 638
4910000 638
4911000 638
4912000 638
4913000 638
4914000 639
4915000 639
4916000 639
4917000 639
4918000 639
4919000 640
4920000 640
4921000 640
4922000 640
4923000 640
4924000 640
4925000 641
4926000 641
4927000 641
4928000 641
4929000 641
4930000 641
4931000 642
4932000 642
4933000 642
4934000 642
4935000 642
4936000 642
4937000 642
4938000 642
4939000 642
4940000 642
4941000 642
4942000 643
4943000 643
4944000 643
4945000 643
4946000 643
4947000 643
4948000 644
4949000 644
4950000 644
4951000 644
4952000 644
4953000 644
4954000 644
4955000 644
4956000 644
4957000 645
4958000 645
4959000 645
4960000 645
4961000 645
4962000 645
4963000 645
4964000 645
4965000 645
4966000 645
4967000 646
4968000 646
4969000 646
4970000 646
4971000 646
4972000 646
4973000 646
4974000 646
4975000 646
4976000 646
4977000 646
4978000 647
4979000 647
4980000 647
4981000 647
4982000 647
4983000 647
4984000 647
4985000 647
4986000 647
4987000 647
4988000 647
4989000 648
4990000 648
4991000 648
4992000 648
4993000 648
4994000 648
4995000 648
4996000 649
4997000 649
4998000 649
4999000 649
5000000 649
