0 0
1000 0
2000 0
3000 0
4000 0
5000 0
6000 0
7000 0
8000 0
9000 0
10000 0
11000 0
12000 0
13000 0
14000 0
15000 0
16000 0
17000 0
18000 0
19000 0
20000 0
21000 0
22000 0
23000 0
24000 0
25000 0
26000 0
27000 0
28000 0
29000 0
30000 0
31000 0
32000 0
33000 0
34000 0
35000 0
36000 0
37000 0
38000 0
39000 0
40000 0
41000 0
42000 0
43000 0
44000 0
45000 0
46000 0
47000 0
48000 0
49000 0
50000 0
51000 0
52000 0
53000 0
54000 0
55000 0
56000 0
57000 0
58000 0
59000 0
60000 0
61000 0
62000 0
63000 0
64000 0
65000 0
66000 0
67000 0
68000 0
69000 0
70000 0
71000 0
72000 0
73000 0
74000 0
75000 0
76000 0
77000 0
78000 0
79000 0
80000 0
81000 0
82000 0
83000 0
84000 0
85000 0
86000 0
87000 0
88000 0
89000 0
90000 0
91000 0
92000 0
93000 0
94000 0
95000 0
96000 0
97000 0
98000 0
99000 0
100000 0
101000 0
102000 0
103000 0
104000 0
105000 0
106000 0
107000 0
108000 0
109000 0
110000 0
111000 0
112000 0
113000 0
114000 0
115000 0
116000 0
117000 0
118000 0
119000 0
120000 0
121000 0
122000 0
123000 0
124000 0
125000 0
126000 0
127000 0
128000 0
129000 0
130000 0
131000 0
132000 0
133000 0
134000 0
135000 0
136000 0
137000 0
138000 0
139000 0
140000 0
141000 0
142000 0
143000 0
144000 0
145000 0
146000 0
147000 0
148000 0
149000 0
150000 0
151000 0
152000 0
153000 0
154000 0
155000 0
156000 0
157000 0
158000 0
159000 0
160000 0
161000 0
162000 0
163000 0
164000 0
165000 0
166000 0
167000 0
168000 0
169000 0
170000 0
171000 0
172000 0
173000 0
174000 0
175000 0
176000 0
177000 0
178000 0
179000 0
180000 0
181000 0
182000 0
183000 0
184000 0
185000 0
186000 0
187000 0
188000 0
189000 0
190000 0
191000 0
192000 0
193000 0
194000 0
195000 0
196000 0
197000 0
198000 0
199000 0
200000 0
201000 0
202000 0
203000 0
204000 0
205000 0
206000 0
207000 0
208000 0
209000 0
210000 0
211000 0
212000 0
213000 0
214000 0
215000 0
216000 0
217000 0
218000 0
219000 0
220000 0
221000 0
222000 0
223000 0
224000 0
225000 0
226000 0
227000 0
228000 0
229000 0
230000 0
231000 0
232000 0
233000 0
234000 0
235000 0
236000 0
237000 0
238000 0
239000 0
240000 0
241000 0
242000 0
243000 1
244000 1
245000 1
246000 1
247000 1
248000 1
249000 1
250000 1
251000 1
252000 1
253000 1
254000 1
255000 1
256000 1
257000 1
258000 1
259000 1
260000 1
261000 1
262000 1
263000 1
264000 1
265000 1
266000 1
267000 1
268000 1
269000 1
270000 1
271000 1
272000 1
273000 1
274000 1
275000 1
276000 1
277000 1
278000 1
279000 1
280000 1
281000 1
282000 1
283000 1
284000 1
285000 1
286000 1
287000 1
288000 1
289000 1
290000 1
291000 2
292000 2
293000 2
294000 2
295000 2
296000 2
297000 2
298000 2
299000 2
300000 2
301000 2
302000 2
303000 2
304000 2
305000 2
306000 2
307000 2
308000 2
309000 2
310000 2
311000 2
312000 2
313000 2
314000 2
315000 2
316000 2
317000 2
318000 2
319000 2
320000 2
321000 2
322000 2
323000 2
324000 2
325000 2
326000 2
327000 2
328000 2
329000 2
330000 2
331000 2
332000 2
333000 2
334000 2
335000 2
336000 2
337000 2
338000 2
339000 2
340000 2
341000 2
342000 2
343000 2
344000 2
345000 2
346000 2
347000 2
348000 2
349000 2
350000 2
351000 2
352000 2
353000 2
354000 2
355000 2
356000 2
357000 2
358000 2
359000 2
360000 2
361000 2
362000 2
363000 2
364000 2
365000 2
366000 2
367000 2
368000 2
369000 2
370000 2
371000 2
372000 2
373000 2
374000 2
375000 2
376000 2
377000 2
378000 2
379000 2
380000 2
381000 2
382000 2
383000 2
384000 2
385000 2
386000 2
387000 2
388000 2
389000 2
390000 2
391000 2
392000 2
393000 2
394000 2
395000 2
396000 2
397000 2
398000 2
399000 2
400000 2
401000 2
402000 2
403000 2
404000 2
405000 2
406000 2
407000 2
408000 2
409000 2
410000 2
411000 2
412000 2
413000 2
414000 2
415000 2
416000 2
417000 2
418000 2
419000 2
420000 2
421000 2
422000 2
423000 2
424000 2
425000 2
426000 2
427000 2
428000 2
429000 2
430000 2
431000 2
432000 2
433000 2
434000 2
435000 2
436000 2
437000 2
438000 2
439000 2
440000 2
441000 2
442000 2
443000 2
444000 2
445000 2
446000 2
447000 2
448000 2
449000 2
450000 2
451000 2
452000 2
453000 2
454000 2
455000 2
456000 2
457000 2
458000 2
459000 2
460000 2
461000 2
462000 3
463000 3
464000 3
465000 3
466000 3
467000 3
468000 3
469000 3
470000 3
471000 3
472000 3
473000 3
474000 3
475000 3
476000 3
477000 3
478000 3
479000 3
480000 3
481000 3
482000 3
483000 3
484000 3
485000 3
486000 3
487000 3
488000 3
489000 3
490000 3
491000 3
492000 3
493000 3
494000 3
495000 3
496000 3
497000 3
498000 3
499000 3
500000 3
501000 3
502000 3
503000 3
504000 3
505000 3
506000 3
507000 3
508000 3
509000 3
510000 3
511000 3
512000 3
513000 3
514000 3
515000 3
516000 3
517000 3
518000 3
519000 3
520000 3
521000 3
522000 3
523000 3
524000 3
525000 3
526000 3
527000 3
528000 3
529000 3
530000 3
531000 3
532000 3
533000 3
534000 3
535000 3
536000 3
537000 3
538000 3
539000 3
540000 3
541000 3
542000 3
543000 3
544000 3
545000 3
546000 3
547000 3
548000 3
549000 3
550000 3
551000 3
552000 3
553000 3
554000 3
555000 3
556000 3
557000 3
558000 3
559000 3
560000 3
561000 3
562000 3
563000 3
564000 3
565000 3
566000 3
567000 3
568000 3
569000 3
570000 3
571000 3
572000 3
573000 3
574000 3
575000 3
576000 3
577000 3
578000 3
579000 3
580000 3
581000 3
582000 3
583000 3
584000 3
585000 3
586000 3
587000 3
588000 3
589000 3
590000 3
591000 3
592000 3
593000 3
594000 3
595000 3
596000 3
597000 3
598000 3
599000 3
600000 3
601000 3
602000 3
603000 3
604000 3
605000 3
606000 3
607000 3
608000 3
609000 3
610000 3
611000 3
612000 3
613000 3
614000 3
615000 3
616000 3
617000 3
618000 3
619000 3
620000 3
621000 3
622000 3
623000 3
624000 3
625000 3
626000 3
627000 3
628000 3
629000 3
630000 3
631000 3
632000 3
633000 3
634000 3
635000 3
636000 3
637000 3
638000 3
639000 3
640000 3
641000 3
642000 3
643000 3
644000 3
645000 3
646000 3
647000 3
648000 3
649000 3
650000 3
651000 3
652000 3
653000 3
654000 3
655000 3
656000 3
657000 3
658000 3
659000 3
660000 3
661000 3
662000 3
663000 3
664000 3
665000 3
666000 3
667000 3
668000 3
669000 3
670000 3
671000 3
672000 3
673000 3
674000 3
675000 3
676000 3
677000 3
678000 3
679000 3
680000 3
681000 3
682000 3
683000 3
684000 3
685000 3
686000 3
687000 3
688000 3
689000 3
690000 3
691000 3
692000 3
693000 3
694000 3
695000 3
696000 3
697000 3
698000 3
699000 3
700000 3
701000 3
702000 3
703000 3
704000 3
705000 3
706000 3
707000 3
708000 3
709000 3
710000 3
711000 3
712000 3
713000 3
714000 3
715000 3
716000 3
717000 3
718000 3
719000 3
720000 3
721000 3
722000 3
723000 3
724000 3
725000 3
726000 3
727000 3
728000 3
729000 3
730000 3
731000 3
732000 3
733000 3
734000 3
735000 3
736000 4
737000 4
738000 4
739000 4
740000 4
741000 4
742000 4
743000 4
744000 4
745000 4
746000 4
747000 4
748000 4
749000 4
750000 4
751000 4
752000 4
753000 4
754000 4
755000 4
756000 4
757000 4
758000 4
759000 4
760000 4
761000 4
762000 4
763000 4
764000 4
765000 4
766000 4
767000 4
768000 4
769000 4
770000 4
771000 4
772000 4
773000 4
774000 4
775000 4
776000 4
777000 4
778000 4
779000 4
780000 4
781000 4
782000 4
783000 4
784000 4
785000 4
786000 4
787000 4
788000 4
789000 4
790000 4
791000 4
792000 4
793000 4
794000 4
795000 4
796000 4
797000 4
798000 4
799000 4
800000 4
801000 4
802000 4
803000 4
804000 4
805000 4
806000 5
807000 5
808000 5
809000 5
810000 5
811000 5
812000 5
813000 5
814000 5
815000 5
816000 5
817000 5
818000 5
819000 5
820000 5
821000 5
822000 5
823000 5
824000 5
825000 5
826000 5
827000 5
828000 5
829000 5
830000 5
831000 5
832000 5
833000 5
834000 5
835000 5
836000 6
837000 6
838000 6
839000 6
840000 6
841000 6
842000 6
843000 6
844000 6
845000 6
846000 6
847000 6
848000 6
849000 6
850000 6
851000 6
852000 6
853000 6
854000 6
855000 6
856000 6
857000 6
858000 6
859000 6
860000 6
861000 6
862000 6
863000 6
864000 6
865000 6
866000 6
867000 6
868000 6
869000 6
870000 6
871000 6
872000 6
873000 6
874000 6
875000 6
876000 6
877000 6
878000 6
879000 6
880000 6
881000 6
882000 6
883000 6
884000 6
885000 6
886000 6
887000 6
888000 6
889000 6
890000 6
891000 6
892000 6
893000 6
894000 6
895000 6
896000 6
897000 6
898000 6
899000 6
900000 6
901000 6
902000 6
903000 6
904000 6
905000 6
906000 7
907000 7
908000 7
909000 7
910000 7
911000 7
912000 7
913000 7
914000 7
915000 7
916000 7
917000 7
918000 7
919000 7
920000 7
921000 7
922000 7
923000 7
924000 7
925000 7
926000 7
927000 7
928000 7
929000 7
930000 7
931000 7
932000 7
933000 7
934000 7
935000 7
936000 7
937000 7
938000 7
939000 7
940000 7
941000 7
942000 7
943000 7
944000 7
945000 7
946000 7
947000 7
948000 7
949000 7
950000 7
951000 7
952000 7
953000 7
954000 7
955000 7
956000 7
957000 7
958000 7
959000 7
960000 7
961000 7
962000 7
963000 7
964000 7
965000 7
966000 7
967000 7
968000 7
969000 7
970000 7
971000 7
972000 7
973000 7
974000 7
975000 7
976000 7
977000 7
978000 7
979000 7
980000 7
981000 7
982000 7
983000 7
984000 7
985000 7
986000 7
987000 7
988000 7
989000 7
990000 7
991000 7
992000 7
993000 7
994000 7
995000 7
996000 7
997000 7
998000 7
999000 7
1000000 7
1001000 7
1002000 7
1003000 7
1004000 7
1005000 7
1006000 7
1007000 7
1008000 7
1009000 7
1010000 7
1011000 7
1012000 7
1013000 7
1014000 7
1015000 7
1016000 7
1017000 7
1018000 7
1019000 7
1020000 7
1021000 7
1022000 7
1023000 7
1024000 7
1025000 7
1026000 7
1027000 7
1028000 7
1029000 7
1030000 7
1031000 7
1032000 7
1033000 7
1034000 7
1035000 7
1036000 7
1037000 7
1038000 7
1039000 7
1040000 7
1041000 7
1042000 7
1043000 7
1044000 7
1045000 7
1046000 7
1047000 7
1048000 7
1049000 7
1050000 7
1051000 7
1052000 7
1053000 7
1054000 7
1055000 7
1056000 7
1057000 7
1058000 7
1059000 7
1060000 7
1061000 7
1062000 7
1063000 7
1064000 7
1065000 7
1066000 7
1067000 7
1068000 7
1069000 7
1070000 7
1071000 7
1072000 7
1073000 7
1074000 7
1075000 7
1076000 7
1077000 7
1078000 7
1079000 7
1080000 7
1081000 7
1082000 7
1083000 7
1084000 7
1085000 7
1086000 7
1087000 7
1088000 7
1089000 7
1090000 7
1091000 7
1092000 7
1093000 7
1094000 7
1095000 7
1096000 7
1097000 7
1098000 7
1099000 7
1100000 7
1101000 7
1102000 7
1103000 7
1104000 7
1105000 7
1106000 7
1107000 7
1108000 7
1109000 7
1110000 7
1111000 7
1112000 7
1113000 7
1114000 7
1115000 7
1116000 7
1117000 7
1118000 7
1119000 7
1120000 7
1121000 7
1122000 7
1123000 7
1124000 7
1125000 7
1126000 7
1127000 7
1128000 7
1129000 7
1130000 7
1131000 7
1132000 7
1133000 7
1134000 7
1135000 7
1136000 7
1137000 7
1138000 7
1139000 7
1140000 7
1141000 7
1142000 7
1143000 7
1144000 7
1145000 7
1146000 7
1147000 7
1148000 7
1149000 7
1150000 7
1151000 7
1152000 7
1153000 7
1154000 7
1155000 7
1156000 7
1157000 7
1158000 7
1159000 7
1160000 7
1161000 7
1162000 7
1163000 7
1164000 7
1165000 7
1166000 7
1167000 7
1168000 7
1169000 7
1170000 7
1171000 7
1172000 7
1173000 7
1174000 7
1175000 7
1176000 7
1177000 7
1178000 7
1179000 7
1180000 7
1181000 7
1182000 7
1183000 7
1184000 7
1185000 7
1186000 7
1187000 7
1188000 7
1189000 7
1190000 7
1191000 7
1192000 7
1193000 7
1194000 7
1195000 7
1196000 7
1197000 7
1198000 7
1199000 7
1200000 7
1201000 7
1202000 7
1203000 7
1204000 7
1205000 7
1206000 7
1207000 7
1208000 7
1209000 7
1210000 7
1211000 7
1212000 7
1213000 7
1214000 7
1215000 7
1216000 7
1217000 7
1218000 7
1219000 7
1220000 7
1221000 7
1222000 7
1223000 7
1224000 7
1225000 7
1226000 7
1227000 7
1228000 7
1229000 7
1230000 7
1231000 7
1232000 7
1233000 7
1234000 7
1235000 7
1236000 7
1237000 7
1238000 7
1239000 7
1240000 7
1241000 7
1242000 7
1243000 7
1244000 7
1245000 7
1246000 7
1247000 7
1248000 7
1249000 7
1250000 7
1251000 7
1252000 7
1253000 7
1254000 7
1255000 7
1256000 7
1257000 7
1258000 7
1259000 7
1260000 7
1261000 7
1262000 7
1263000 7
1264000 7
1265000 7
1266000 7
1267000 7
1268000 7
1269000 7
1270000 7
1271000 7
1272000 7
1273000 7
1274000 7
1275000 7
1276000 7
1277000 7
1278000 7
1279000 7
1280000 7
1281000 7
1282000 7
1283000 7
1284000 7
1285000 7
1286000 7
1287000 7
1288000 7
1289000 7
1290000 7
1291000 7
1292000 7
1293000 7
1294000 7
1295000 7
1296000 7
1297000 7
1298000 7
1299000 7
1300000 7
1301000 7
1302000 7
1303000 7
1304000 7
1305000 7
1306000 7
1307000 7
1308000 7
1309000 7
1310000 7
1311000 7
1312000 7
1313000 7
1314000 7
1315000 7
1316000 7
1317000 7
1318000 7
1319000 7
1320000 7
1321000 7
1322000 7
1323000 7
1324000 7
1325000 7
1326000 7
1327000 7
1328000 7
1329000 7
1330000 7
1331000 7
1332000 7
1333000 7
1334000 7
1335000 7
1336000 7
1337000 7
1338000 7
1339000 7
1340000 7
1341000 7
1342000 7
1343000 7
1344000 7
1345000 7
1346000 7
1347000 7
1348000 7
1349000 7
1350000 7
1351000 7
1352000 7
1353000 7
1354000 7
1355000 7
1356000 7
1357000 7
1358000 7
1359000 7
1360000 7
1361000 7
1362000 7
1363000 7
1364000 7
1365000 7
1366000 7
1367000 7
1368000 7
1369000 7
1370000 7
1371000 7
1372000 7
1373000 7
1374000 7
1375000 7
1376000 7
1377000 7
1378000 7
1379000 7
1380000 7
1381000 7
1382000 7
1383000 7
1384000 7
1385000 7
1386000 7
1387000 7
1388000 7
1389000 7
1390000 7
1391000 7
1392000 7
1393000 7
1394000 7
1395000 7
1396000 7
1397000 7
1398000 7
1399000 7
1400000 7
1401000 7
1402000 7
1403000 7
1404000 7
1405000 7
1406000 7
1407000 7
1408000 7
1409000 7
1410000 7
1411000 7
1412000 7
1413000 7
1414000 7
1415000 7
1416000 7
1417000 7
1418000 7
1419000 7
1420000 7
1421000 7
1422000 7
1423000 7
1424000 7
1425000 7
1426000 7
1427000 7
1428000 7
1429000 7
1430000 7
1431000 7
1432000 7
1433000 7
1434000 7
1435000 7
1436000 7
1437000 7
1438000 7
1439000 7
1440000 7
1441000 7
1442000 7
1443000 7
1444000 7
1445000 7
1446000 7
1447000 7
1448000 7
1449000 7
1450000 7
1451000 7
1452000 7
1453000 7
1454000 7
1455000 7
1456000 7
1457000 7
1458000 7
1459000 7
1460000 7
1461000 7
1462000 7
1463000 7
1464000 7
1465000 7
1466000 7
1467000 7
1468000 7
1469000 7
1470000 7
1471000 7
1472000 7
1473000 7
1474000 7
1475000 7
1476000 7
1477000 7
1478000 7
1479000 7
1480000 7
1481000 7
1482000 7
1483000 7
1484000 7
1485000 7
1486000 7
1487000 7
1488000 7
1489000 7
1490000 7
1491000 7
1492000 7
1493000 7
1494000 7
1495000 7
1496000 7
1497000 7
1498000 7
1499000 7
1500000 7
1501000 7
1502000 7
1503000 7
1504000 7
1505000 7
1506000 7
1507000 7
1508000 7
1509000 7
1510000 7
1511000 7
1512000 7
1513000 7
1514000 7
1515000 7
1516000 7
1517000 7
1518000 7
1519000 7
1520000 7
1521000 7
1522000 7
1523000 7
1524000 7
1525000 7
1526000 7
1527000 7
1528000 7
1529000 7
1530000 7
1531000 7
1532000 7
1533000 7
1534000 7
1535000 7
1536000 7
1537000 7
1538000 7
1539000 7
1540000 7
1541000 7
1542000 7
1543000 7
1544000 7
1545000 7
1546000 7
1547000 7
1548000 7
1549000 7
1550000 7
1551000 7
1552000 7
1553000 7
1554000 7
1555000 7
1556000 7
1557000 7
1558000 7
1559000 7
1560000 7
1561000 7
1562000 7
1563000 7
1564000 7
1565000 7
1566000 7
1567000 7
1568000 7
1569000 7
1570000 7
1571000 7
1572000 7
1573000 7
1574000 7
1575000 7
1576000 7
1577000 7
1578000 7
1579000 7
1580000 7
1581000 7
1582000 7
1583000 7
1584000 7
1585000 7
1586000 7
1587000 7
1588000 7
1589000 7
1590000 7
1591000 7
1592000 7
1593000 7
1594000 7
1595000 7
1596000 7
1597000 7
1598000 7
1599000 7
1600000 7
1601000 7
1602000 7
1603000 7
1604000 7
1605000 7
1606000 7
1607000 7
1608000 7
1609000 7
1610000 7
1611000 7
1612000 7
1613000 7
1614000 7
1615000 7
1616000 7
1617000 7
1618000 7
1619000 7
1620000 7
1621000 7
1622000 7
1623000 7
1624000 7
1625000 7
1626000 7
1627000 7
1628000 7
1629000 7
1630000 7
1631000 7
1632000 7
1633000 7
1634000 7
1635000 7
1636000 7
1637000 7
1638000 7
1639000 7
1640000 7
1641000 7
1642000 7
1643000 7
1644000 7
1645000 7
1646000 7
1647000 7
1648000 7
1649000 7
1650000 7
1651000 7
1652000 7
1653000 7
1654000 7
1655000 7
1656000 7
1657000 7
1658000 7
1659000 7
1660000 7
1661000 7
1662000 7
1663000 7
1664000 7
1665000 7
1666000 7
1667000 7
1668000 7
1669000 7
1670000 7
1671000 7
1672000 7
1673000 7
1674000 7
1675000 7
1676000 7
1677000 7
1678000 7
1679000 7
1680000 7
1681000 7
1682000 7
1683000 7
1684000 7
1685000 7
1686000 7
1687000 7
1688000 7
1689000 7
1690000 7
1691000 7
1692000 7
1693000 7
1694000 7
1695000 7
1696000 7
1697000 7
1698000 7
1699000 7
1700000 7
1701000 7
1702000 7
1703000 7
1704000 7
1705000 7
1706000 7
1707000 7
1708000 7
1709000 7
1710000 7
1711000 7
1712000 7
1713000 7
1714000 7
1715000 7
1716000 7
1717000 7
1718000 7
1719000 7
1720000 7
1721000 7
1722000 7
1723000 7
1724000 7
1725000 7
1726000 7
1727000 7
1728000 7
1729000 7
1730000 7
1731000 7
1732000 7
1733000 7
1734000 7
1735000 7
1736000 7
1737000 7
1738000 7
1739000 7
1740000 7
1741000 7
1742000 7
1743000 7
1744000 7
1745000 7
1746000 7
1747000 7
1748000 7
1749000 7
1750000 7
1751000 7
1752000 7
1753000 7
1754000 7
1755000 7
1756000 7
1757000 7
1758000 7
1759000 7
1760000 7
1761000 7
1762000 7
1763000 7
1764000 7
1765000 7
1766000 7
1767000 7
1768000 7
1769000 7
1770000 7
1771000 7
1772000 7
1773000 7
1774000 7
1775000 7
1776000 7
1777000 7
1778000 7
1779000 7
1780000 7
1781000 7
1782000 7
1783000 7
1784000 7
1785000 7
1786000 7
1787000 7
1788000 7
1789000 7
1790000 7
1791000 7
1792000 7
1793000 7
1794000 7
1795000 7
1796000 7
1797000 7
1798000 7
1799000 7
1800000 7
1801000 7
1802000 7
1803000 7
1804000 7
1805000 7
1806000 7
1807000 7
1808000 7
1809000 7
1810000 7
1811000 7
1812000 7
1813000 7
1814000 7
1815000 7
1816000 7
1817000 7
1818000 7
1819000 7
1820000 7
1821000 7
1822000 7
1823000 7
1824000 7
1825000 7
1826000 7
1827000 7
1828000 7
1829000 7
1830000 7
1831000 7
1832000 7
1833000 7
1834000 7
1835000 7
1836000 7
1837000 7
1838000 7
1839000 7
1840000 7
1841000 7
1842000 7
1843000 7
1844000 7
1845000 7
1846000 7
1847000 7
1848000 7
1849000 7
1850000 7
1851000 7
1852000 7
1853000 7
1854000 7
1855000 7
1856000 7
1857000 7
1858000 7
1859000 7
1860000 7
1861000 7
1862000 7
1863000 7
1864000 7
1865000 7
1866000 7
1867000 7
1868000 7
1869000 7
1870000 7
1871000 7
1872000 7
1873000 7
1874000 7
1875000 7
1876000 7
1877000 7
1878000 7
1879000 7
1880000 7
1881000 7
1882000 7
1883000 7
1884000 7
1885000 7
1886000 7
1887000 7
1888000 7
1889000 7
1890000 7
1891000 7
1892000 7
1893000 7
1894000 7
1895000 7
1896000 7
1897000 7
1898000 7
1899000 7
1900000 7
1901000 7
1902000 7
1903000 7
1904000 7
1905000 7
1906000 7
1907000 7
1908000 7
1909000 7
1910000 7
1911000 7
1912000 7
1913000 7
1914000 7
1915000 7
1916000 7
1917000 7
1918000 7
1919000 7
1920000 7
1921000 7
1922000 7
1923000 7
1924000 7
1925000 7
1926000 7
1927000 7
1928000 7
1929000 7
1930000 7
1931000 7
1932000 7
1933000 7
1934000 7
1935000 7
1936000 7
1937000 7
1938000 7
1939000 7
1940000 7
1941000 7
1942000 7
1943000 7
1944000 7
1945000 7
1946000 7
1947000 7
1948000 7
1949000 7
1950000 7
1951000 7
1952000 7
1953000 7
1954000 7
1955000 7
1956000 7
1957000 7
1958000 7
1959000 7
1960000 7
1961000 7
1962000 7
1963000 7
1964000 7
1965000 7
1966000 7
1967000 7
1968000 7
1969000 7
1970000 7
1971000 7
1972000 7
1973000 7
1974000 7
1975000 7
1976000 7
1977000 7
1978000 7
1979000 7
1980000 7
1981000 7
1982000 7
1983000 7
1984000 7
1985000 7
1986000 7
1987000 7
1988000 7
1989000 7
1990000 7
1991000 7
1992000 7
1993000 7
1994000 7
1995000 7
1996000 7
1997000 7
1998000 7
1999000 7
2000000 7
2001000 7
2002000 7
2003000 7
2004000 7
2005000 7
2006000 7
2007000 7
2008000 7
2009000 7
2010000 7
2011000 7
2012000 7
2013000 7
2014000 7
2015000 7
2016000 7
2017000 7
2018000 7
2019000 7
2020000 7
2021000 7
2022000 7
2023000 7
2024000 7
2025000 7
2026000 7
2027000 7
2028000 7
2029000 7
2030000 7
2031000 7
2032000 7
2033000 7
2034000 7
2035000 7
2036000 7
2037000 7
2038000 7
2039000 7
2040000 7
2041000 7
2042000 7
2043000 7
2044000 7
2045000 7
2046000 7
2047000 7
2048000 7
2049000 7
2050000 7
2051000 7
2052000 7
2053000 7
2054000 7
2055000 7
2056000 7
2057000 7
2058000 7
2059000 7
2060000 7
2061000 7
2062000 7
2063000 7
2064000 7
2065000 7
2066000 7
2067000 7
2068000 7
2069000 7
2070000 7
2071000 7
2072000 7
2073000 7
2074000 7
2075000 7
2076000 7
2077000 7
2078000 7
2079000 7
2080000 7
2081000 7
2082000 7
2083000 7
2084000 7
2085000 7
2086000 7
2087000 7
2088000 7
2089000 7
2090000 7
2091000 7
2092000 7
2093000 7
2094000 7
2095000 7
2096000 7
2097000 7
2098000 7
2099000 7
2100000 7
2101000 7
2102000 7
2103000 7
2104000 7
2105000 7
2106000 7
2107000 7
2108000 7
2109000 7
2110000 7
2111000 7
2112000 7
2113000 7
2114000 7
2115000 7
2116000 7
2117000 7
2118000 7
2119000 7
2120000 7
2121000 7
2122000 7
2123000 7
2124000 7
2125000 7
2126000 7
2127000 7
2128000 7
2129000 7
2130000 7
2131000 7
2132000 7
2133000 7
2134000 7
2135000 7
2136000 7
2137000 7
2138000 7
2139000 7
2140000 7
2141000 7
2142000 7
2143000 7
2144000 7
2145000 7
2146000 7
2147000 7
2148000 7
2149000 7
2150000 7
2151000 7
2152000 7
2153000 7
2154000 7
2155000 7
2156000 7
2157000 7
2158000 7
2159000 7
2160000 7
2161000 7
2162000 7
2163000 7
2164000 7
2165000 7
2166000 7
2167000 7
2168000 7
2169000 7
2170000 7
2171000 7
2172000 7
2173000 7
2174000 7
2175000 7
2176000 7
2177000 7
2178000 7
2179000 7
2180000 7
2181000 7
2182000 7
2183000 7
2184000 7
2185000 7
2186000 7
2187000 7
2188000 7
2189000 7
2190000 7
2191000 7
2192000 7
2193000 7
2194000 7
2195000 7
2196000 7
2197000 7
2198000 7
2199000 7
2200000 7
2201000 7
2202000 7
2203000 7
2204000 7
2205000 7
2206000 7
2207000 7
2208000 7
2209000 7
2210000 7
2211000 7
2212000 7
2213000 7
2214000 7
2215000 7
2216000 7
2217000 7
2218000 7
2219000 7
2220000 7
2221000 7
2222000 7
2223000 7
2224000 7
2225000 7
2226000 7
2227000 7
2228000 7
2229000 7
2230000 7
2231000 7
2232000 7
2233000 7
2234000 7
2235000 7
2236000 7
2237000 7
2238000 7
2239000 7
2240000 7
2241000 7
2242000 7
2243000 7
2244000 7
2245000 7
2246000 7
2247000 7
2248000 7
2249000 7
2250000 7
2251000 7
2252000 7
2253000 7
2254000 7
2255000 7
2256000 7
2257000 7
2258000 7
2259000 7
2260000 7
2261000 7
2262000 7
2263000 7
2264000 7
2265000 7
2266000 7
2267000 7
2268000 7
2269000 7
2270000 7
2271000 7
2272000 7
2273000 7
2274000 7
2275000 7
2276000 7
2277000 7
2278000 7
2279000 7
2280000 7
2281000 7
2282000 7
2283000 7
2284000 7
2285000 7
2286000 7
2287000 7
2288000 7
2289000 7
2290000 7
2291000 7
2292000 7
2293000 7
2294000 7
2295000 7
2296000 7
2297000 7
2298000 7
2299000 7
2300000 7
2301000 7
2302000 7
2303000 7
2304000 7
2305000 7
2306000 7
2307000 7
2308000 7
2309000 7
2310000 7
2311000 7
2312000 7
2313000 7
2314000 7
2315000 7
2316000 7
2317000 7
2318000 7
2319000 7
2320000 7
2321000 7
2322000 7
2323000 7
2324000 7
2325000 7
2326000 7
2327000 7
2328000 7
2329000 7
2330000 7
2331000 7
2332000 7
2333000 7
2334000 7
2335000 7
2336000 7
2337000 7
2338000 7
2339000 7
2340000 7
2341000 7
2342000 7
2343000 7
2344000 7
2345000 7
2346000 7
2347000 7
2348000 7
2349000 7
2350000 7
2351000 7
2352000 7
2353000 7
2354000 7
2355000 7
2356000 7
2357000 7
2358000 7
2359000 7
2360000 7
2361000 7
2362000 7
2363000 7
2364000 7
2365000 7
2366000 7
2367000 7
2368000 7
2369000 7
2370000 7
2371000 7
2372000 7
2373000 7
2374000 7
2375000 7
2376000 7
2377000 7
2378000 7
2379000 7
2380000 7
2381000 7
2382000 7
2383000 7
2384000 7
2385000 7
2386000 7
2387000 7
2388000 7
2389000 7
2390000 7
2391000 7
2392000 7
2393000 7
2394000 7
2395000 7
2396000 7
2397000 7
2398000 7
2399000 7
2400000 7
2401000 7
2402000 7
2403000 7
2404000 7
2405000 7
2406000 7
2407000 7
2408000 7
2409000 7
2410000 7
2411000 7
2412000 7
2413000 7
2414000 7
2415000 7
2416000 7
2417000 7
2418000 7
2419000 7
2420000 7
2421000 7
2422000 7
2423000 7
2424000 7
2425000 7
2426000 7
2427000 7
2428000 7
2429000 7
2430000 7
2431000 7
2432000 7
2433000 7
2434000 7
2435000 7
2436000 7
2437000 7
2438000 7
2439000 7
2440000 7
2441000 7
2442000 7
2443000 7
2444000 7
2445000 7
2446000 7
2447000 7
2448000 7
2449000 7
2450000 7
2451000 7
2452000 7
2453000 7
2454000 7
2455000 7
2456000 7
2457000 7
2458000 7
2459000 7
2460000 7
2461000 7
2462000 7
2463000 7
2464000 7
2465000 7
2466000 7
2467000 7
2468000 7
2469000 7
2470000 7
2471000 7
2472000 7
2473000 7
2474000 7
2475000 7
2476000 7
2477000 7
2478000 7
2479000 7
2480000 7
2481000 7
2482000 7
2483000 7
2484000 7
2485000 7
2486000 7
2487000 7
2488000 7
2489000 7
2490000 7
2491000 7
2492000 7
2493000 7
2494000 7
2495000 7
2496000 7
2497000 7
2498000 7
2499000 7
2500000 7
2501000 7
2502000 7
2503000 7
2504000 7
2505000 7
2506000 7
2507000 7
2508000 7
2509000 7
2510000 7
2511000 7
2512000 7
2513000 7
2514000 7
2515000 7
2516000 7
2517000 7
2518000 7
2519000 7
2520000 7
2521000 7
2522000 7
2523000 7
2524000 7
2525000 7
2526000 7
2527000 7
2528000 7
2529000 7
2530000 7
2531000 7
2532000 7
2533000 7
2534000 7
2535000 7
2536000 7
2537000 7
2538000 7
2539000 7
2540000 7
2541000 7
2542000 7
2543000 7
2544000 7
2545000 7
2546000 7
2547000 7
2548000 7
2549000 7
2550000 7
2551000 7
2552000 7
2553000 7
2554000 7
2555000 7
2556000 7
2557000 7
2558000 7
2559000 7
2560000 7
2561000 7
2562000 7
2563000 7
2564000 7
2565000 7
2566000 7
2567000 7
2568000 7
2569000 7
2570000 7
2571000 7
2572000 7
2573000 7
2574000 7
2575000 7
2576000 7
2577000 7
2578000 7
2579000 7
2580000 7
2581000 7
2582000 7
2583000 7
2584000 7
2585000 7
2586000 7
2587000 7
2588000 7
2589000 7
2590000 7
2591000 7
2592000 7
2593000 7
2594000 7
2595000 7
2596000 7
2597000 7
2598000 7
2599000 7
2600000 7
2601000 7
2602000 7
2603000 7
2604000 7
2605000 7
2606000 7
2607000 7
2608000 7
2609000 7
2610000 7
2611000 7
2612000 7
2613000 7
2614000 7
2615000 7
2616000 7
2617000 7
2618000 7
2619000 7
2620000 7
2621000 7
2622000 7
2623000 7
2624000 7
2625000 7
2626000 7
2627000 7
2628000 7
2629000 7
2630000 7
2631000 7
2632000 7
2633000 7
2634000 7
2635000 7
2636000 7
2637000 7
2638000 7
2639000 7
2640000 7
2641000 7
2642000 7
2643000 7
2644000 7
2645000 7
2646000 7
2647000 7
2648000 7
2649000 7
2650000 7
2651000 7
2652000 7
2653000 7
2654000 7
2655000 7
2656000 7
2657000 7
2658000 7
2659000 7
2660000 7
2661000 7
2662000 7
2663000 7
2664000 7
2665000 7
2666000 7
2667000 7
2668000 7
2669000 7
2670000 7
2671000 7
2672000 7
2673000 7
2674000 7
2675000 7
2676000 7
2677000 7
2678000 7
2679000 7
2680000 7
2681000 7
2682000 7
2683000 7
2684000 7
2685000 7
2686000 7
2687000 7
2688000 7
2689000 7
2690000 7
2691000 7
2692000 7
2693000 7
2694000 7
2695000 7
2696000 7
2697000 7
2698000 7
2699000 7
2700000 7
2701000 7
2702000 7
2703000 7
2704000 7
2705000 7
2706000 7
2707000 7
2708000 7
2709000 7
2710000 7
2711000 7
2712000 7
2713000 7
2714000 7
2715000 7
2716000 7
2717000 7
2718000 7
2719000 7
2720000 7
2721000 7
2722000 7
2723000 7
2724000 7
2725000 7
2726000 7
2727000 7
2728000 7
2729000 7
2730000 7
2731000 7
2732000 7
2733000 7
2734000 7
2735000 7
2736000 7
2737000 7
2738000 7
2739000 7
2740000 7
2741000 7
2742000 7
2743000 7
2744000 7
2745000 7
2746000 7
2747000 7
2748000 7
2749000 7
2750000 7
2751000 7
2752000 7
2753000 7
2754000 7
2755000 7
2756000 7
2757000 7
2758000 7
2759000 7
2760000 7
2761000 7
2762000 7
2763000 7
2764000 7
2765000 7
2766000 7
2767000 7
2768000 7
2769000 7
2770000 7
2771000 7
2772000 7
2773000 7
2774000 7
2775000 7
2776000 7
2777000 7
2778000 7
2779000 7
2780000 7
2781000 7
2782000 7
2783000 7
2784000 7
2785000 7
2786000 7
2787000 7
2788000 7
2789000 7
2790000 7
2791000 7
2792000 7
2793000 7
2794000 7
2795000 7
2796000 7
2797000 7
2798000 7
2799000 7
2800000 7
2801000 7
2802000 7
2803000 7
2804000 7
2805000 7
2806000 7
2807000 7
2808000 7
2809000 7
2810000 7
2811000 7
2812000 7
2813000 7
2814000 7
2815000 7
2816000 7
2817000 7
2818000 7
2819000 7
2820000 7
2821000 7
2822000 7
2823000 7
2824000 7
2825000 7
2826000 7
2827000 7
2828000 7
2829000 7
2830000 7
2831000 7
2832000 7
2833000 7
2834000 7
2835000 7
2836000 7
2837000 7
2838000 7
2839000 7
2840000 7
2841000 7
2842000 7
2843000 7
2844000 7
2845000 7
2846000 7
2847000 7
2848000 7
2849000 7
2850000 7
2851000 7
2852000 7
2853000 7
2854000 7
2855000 7
2856000 7
2857000 7
2858000 7
2859000 7
2860000 7
2861000 7
2862000 7
2863000 7
2864000 7
2865000 7
2866000 7
2867000 7
2868000 7
2869000 7
2870000 7
2871000 7
2872000 7
2873000 7
2874000 7
2875000 7
2876000 7
2877000 7
2878000 7
2879000 7
2880000 7
2881000 7
2882000 7
2883000 7
2884000 7
2885000 7
2886000 7
2887000 7
2888000 7
2889000 7
2890000 7
2891000 7
2892000 7
2893000 7
2894000 7
2895000 7
2896000 7
2897000 7
2898000 7
2899000 7
2900000 7
2901000 7
2902000 7
2903000 7
2904000 7
2905000 7
2906000 7
2907000 7
2908000 7
2909000 7
2910000 7
2911000 7
2912000 7
2913000 7
2914000 7
2915000 7
2916000 7
2917000 7
2918000 7
2919000 7
2920000 7
2921000 7
2922000 7
2923000 7
2924000 7
2925000 7
2926000 7
2927000 7
2928000 7
2929000 7
2930000 7
2931000 7
2932000 7
2933000 7
2934000 7
2935000 7
2936000 7
2937000 7
2938000 7
2939000 7
2940000 7
2941000 7
2942000 7
2943000 7
2944000 7
2945000 7
2946000 7
2947000 7
2948000 7
2949000 7
2950000 7
2951000 7
2952000 7
2953000 7
2954000 7
2955000 7
2956000 7
2957000 7
2958000 7
2959000 7
2960000 7
2961000 7
2962000 7
2963000 7
2964000 7
2965000 7
2966000 7
2967000 7
2968000 7
2969000 7
2970000 7
2971000 7
2972000 7
2973000 7
2974000 7
2975000 7
2976000 7
2977000 7
2978000 7
2979000 7
2980000 7
2981000 7
2982000 7
2983000 7
2984000 7
2985000 7
2986000 7
2987000 7
2988000 7
2989000 7
2990000 7
2991000 7
2992000 7
2993000 7
2994000 7
2995000 7
2996000 7
2997000 7
2998000 7
2999000 7
3000000 7
3001000 7
3002000 7
3003000 7
3004000 7
3005000 7
3006000 7
3007000 7
3008000 7
3009000 7
3010000 7
3011000 7
3012000 7
3013000 7
3014000 7
3015000 7
3016000 7
3017000 7
3018000 7
3019000 7
3020000 7
3021000 7
3022000 7
3023000 7
3024000 7
3025000 7
3026000 7
3027000 7
3028000 7
3029000 7
3030000 7
3031000 7
3032000 7
3033000 7
3034000 7
3035000 7
3036000 7
3037000 7
3038000 7
3039000 7
3040000 7
3041000 7
3042000 7
3043000 7
3044000 7
3045000 7
3046000 7
3047000 7
3048000 7
3049000 7
3050000 7
3051000 7
3052000 7
3053000 7
3054000 7
3055000 7
3056000 7
3057000 7
3058000 7
3059000 7
3060000 7
3061000 7
3062000 7
3063000 7
3064000 7
3065000 7
3066000 7
3067000 7
3068000 7
3069000 7
3070000 7
3071000 7
3072000 7
3073000 7
3074000 7
3075000 7
3076000 7
3077000 7
3078000 7
3079000 7
3080000 7
3081000 7
3082000 7
3083000 7
3084000 7
3085000 7
3086000 7
3087000 7
3088000 7
3089000 7
3090000 7
3091000 7
3092000 7
3093000 7
3094000 7
3095000 7
3096000 7
3097000 7
3098000 7
3099000 7
3100000 7
3101000 7
3102000 7
3103000 7
3104000 7
3105000 7
3106000 7
3107000 7
3108000 7
3109000 7
3110000 7
3111000 7
3112000 7
3113000 7
3114000 7
3115000 7
3116000 7
3117000 7
3118000 7
3119000 7
3120000 7
3121000 7
3122000 7
3123000 7
3124000 7
3125000 7
3126000 7
3127000 7
3128000 7
3129000 7
3130000 7
3131000 7
3132000 7
3133000 7
3134000 7
3135000 7
3136000 7
3137000 7
3138000 7
3139000 7
3140000 7
3141000 7
3142000 7
3143000 7
3144000 7
3145000 7
3146000 7
3147000 7
3148000 7
3149000 7
3150000 7
3151000 7
3152000 7
3153000 7
3154000 7
3155000 7
3156000 7
3157000 7
3158000 7
3159000 7
3160000 7
3161000 7
3162000 7
3163000 7
3164000 7
3165000 7
3166000 7
3167000 7
3168000 7
3169000 7
3170000 7
3171000 7
3172000 7
3173000 7
3174000 7
3175000 7
3176000 7
3177000 7
3178000 7
3179000 7
3180000 7
3181000 7
3182000 7
3183000 7
3184000 7
3185000 7
3186000 7
3187000 7
3188000 7
3189000 7
3190000 7
3191000 7
3192000 7
3193000 7
3194000 7
3195000 7
3196000 7
3197000 7
3198000 7
3199000 7
3200000 7
3201000 7
3202000 7
3203000 7
3204000 7
3205000 7
3206000 7
3207000 7
3208000 7
3209000 7
3210000 7
3211000 7
3212000 7
3213000 7
3214000 7
3215000 7
3216000 7
3217000 7
3218000 7
3219000 7
3220000 7
3221000 7
3222000 7
3223000 7
3224000 7
3225000 7
3226000 7
3227000 7
3228000 7
3229000 7
3230000 7
3231000 7
3232000 7
3233000 7
3234000 7
3235000 7
3236000 7
3237000 7
3238000 7
3239000 7
3240000 7
3241000 7
3242000 7
3243000 7
3244000 7
3245000 7
3246000 7
3247000 7
3248000 7
3249000 7
3250000 7
3251000 7
3252000 7
3253000 7
3254000 7
3255000 7
3256000 7
3257000 7
3258000 7
3259000 7
3260000 7
3261000 7
3262000 7
3263000 7
3264000 7
3265000 7
3266000 7
3267000 7
3268000 7
3269000 7
3270000 7
3271000 7
3272000 7
3273000 7
3274000 7
3275000 7
3276000 7
3277000 7
3278000 7
3279000 7
3280000 7
3281000 7
3282000 7
3283000 7
3284000 7
3285000 7
3286000 7
3287000 7
3288000 7
3289000 7
3290000 7
3291000 7
3292000 7
3293000 7
3294000 7
3295000 7
3296000 7
3297000 7
3298000 7
3299000 7
3300000 7
3301000 7
3302000 7
3303000 7
3304000 7
3305000 7
3306000 7
3307000 7
3308000 7
3309000 7
3310000 7
3311000 7
3312000 7
3313000 7
3314000 7
3315000 7
3316000 7
3317000 7
3318000 7
3319000 7
3320000 7
3321000 7
3322000 7
3323000 7
3324000 7
3325000 7
3326000 7
3327000 7
3328000 7
3329000 7
3330000 7
3331000 7
3332000 7
3333000 7
3334000 7
3335000 7
3336000 7
3337000 7
3338000 7
3339000 7
3340000 7
3341000 7
3342000 7
3343000 7
3344000 7
3345000 7
3346000 7
3347000 7
3348000 7
3349000 7
3350000 7
3351000 7
3352000 7
3353000 7
3354000 7
3355000 7
3356000 7
3357000 7
3358000 7
3359000 7
3360000 7
3361000 7
3362000 7
3363000 7
3364000 7
3365000 7
3366000 7
3367000 7
3368000 7
3369000 7
3370000 7
3371000 7
3372000 7
3373000 7
3374000 7
3375000 7
3376000 7
3377000 7
3378000 7
3379000 7
3380000 7
3381000 7
3382000 7
3383000 7
3384000 7
3385000 7
3386000 7
3387000 7
3388000 7
3389000 7
3390000 7
3391000 7
3392000 7
3393000 7
3394000 7
3395000 7
3396000 7
3397000 7
3398000 7
3399000 7
3400000 7
3401000 7
3402000 7
3403000 7
3404000 7
3405000 7
3406000 7
3407000 7
3408000 7
3409000 7
3410000 7
3411000 7
3412000 7
3413000 7
3414000 7
3415000 7
3416000 7
3417000 7
3418000 7
3419000 7
3420000 7
3421000 7
3422000 7
3423000 7
3424000 7
3425000 7
3426000 7
3427000 7
3428000 7
3429000 7
3430000 7
3431000 7
3432000 7
3433000 7
3434000 7
3435000 7
3436000 7
3437000 7
3438000 7
3439000 7
3440000 7
3441000 7
3442000 7
3443000 7
3444000 7
3445000 7
3446000 7
3447000 7
3448000 7
3449000 7
3450000 7
3451000 7
3452000 7
3453000 7
3454000 7
3455000 7
3456000 7
3457000 7
3458000 7
3459000 7
3460000 7
3461000 7
3462000 7
3463000 7
3464000 7
3465000 7
3466000 7
3467000 7
3468000 7
3469000 7
3470000 7
3471000 7
3472000 7
3473000 7
3474000 7
3475000 7
3476000 7
3477000 7
3478000 7
3479000 7
3480000 7
3481000 7
3482000 7
3483000 7
3484000 7
3485000 7
3486000 7
3487000 7
3488000 7
3489000 7
3490000 7
3491000 7
3492000 7
3493000 7
3494000 7
3495000 7
3496000 7
3497000 7
3498000 7
3499000 7
3500000 7
3501000 7
3502000 7
3503000 7
3504000 7
3505000 7
3506000 7
3507000 7
3508000 7
3509000 7
3510000 7
3511000 7
3512000 7
3513000 7
3514000 7
3515000 7
3516000 7
3517000 7
3518000 7
3519000 7
3520000 7
3521000 7
3522000 7
3523000 7
3524000 7
3525000 7
3526000 7
3527000 7
3528000 7
3529000 7
3530000 7
3531000 7
3532000 7
3533000 7
3534000 7
3535000 7
3536000 7
3537000 7
3538000 7
3539000 7
3540000 7
3541000 7
3542000 7
3543000 7
3544000 7
3545000 7
3546000 7
3547000 7
3548000 7
3549000 7
3550000 7
3551000 7
3552000 7
3553000 7
3554000 7
3555000 7
3556000 7
3557000 7
3558000 7
3559000 7
3560000 7
3561000 7
3562000 7
3563000 7
3564000 7
3565000 7
3566000 7
3567000 7
3568000 7
3569000 7
3570000 7
3571000 7
3572000 7
3573000 7
3574000 7
3575000 7
3576000 7
3577000 7
3578000 7
3579000 7
3580000 7
3581000 7
3582000 7
3583000 7
3584000 7
3585000 7
3586000 7
3587000 7
3588000 7
3589000 7
3590000 7
3591000 7
3592000 7
3593000 7
3594000 7
3595000 7
3596000 7
3597000 7
3598000 7
3599000 7
3600000 7
3601000 7
3602000 7
3603000 7
3604000 7
3605000 7
3606000 7
3607000 7
3608000 7
3609000 7
3610000 7
3611000 7
3612000 7
3613000 7
3614000 7
3615000 7
3616000 7
3617000 7
3618000 7
3619000 7
3620000 7
3621000 7
3622000 7
3623000 7
3624000 7
3625000 7
3626000 7
3627000 7
3628000 7
3629000 7
3630000 7
3631000 7
3632000 7
3633000 7
3634000 7
3635000 7
3636000 7
3637000 7
3638000 7
3639000 7
3640000 7
3641000 7
3642000 7
3643000 7
3644000 7
3645000 7
3646000 7
3647000 7
3648000 7
3649000 7
3650000 7
3651000 7
3652000 7
3653000 7
3654000 7
3655000 7
3656000 7
3657000 7
3658000 7
3659000 7
3660000 7
3661000 7
3662000 7
3663000 7
3664000 7
3665000 7
3666000 7
3667000 7
3668000 7
3669000 7
3670000 7
3671000 7
3672000 7
3673000 7
3674000 7
3675000 7
3676000 7
3677000 7
3678000 7
3679000 7
3680000 7
3681000 7
3682000 7
3683000 7
3684000 7
3685000 7
3686000 7
3687000 7
3688000 7
3689000 7
3690000 7
3691000 7
3692000 7
3693000 7
3694000 7
3695000 7
3696000 7
3697000 7
3698000 7
3699000 7
3700000 7
3701000 7
3702000 7
3703000 7
3704000 7
3705000 7
3706000 7
3707000 7
3708000 7
3709000 7
3710000 7
3711000 7
3712000 7
3713000 7
3714000 7
3715000 7
3716000 7
3717000 7
3718000 7
3719000 7
3720000 7
3721000 7
3722000 7
3723000 7
3724000 7
3725000 7
3726000 7
3727000 7
3728000 7
3729000 7
3730000 7
3731000 7
3732000 7
3733000 7
3734000 7
3735000 7
3736000 7
3737000 7
3738000 7
3739000 7
3740000 7
3741000 7
3742000 7
3743000 7
3744000 7
3745000 7
3746000 7
3747000 7
3748000 7
3749000 7
3750000 7
3751000 7
3752000 7
3753000 7
3754000 7
3755000 7
3756000 7
3757000 7
3758000 7
3759000 7
3760000 7
3761000 7
3762000 7
3763000 7
3764000 7
3765000 7
3766000 7
3767000 7
3768000 7
3769000 7
3770000 7
3771000 7
3772000 7
3773000 7
3774000 7
3775000 7
3776000 7
3777000 7
3778000 7
3779000 7
3780000 7
3781000 7
3782000 7
3783000 7
3784000 7
3785000 7
3786000 7
3787000 7
3788000 7
3789000 7
3790000 7
3791000 7
3792000 7
3793000 7
3794000 7
3795000 7
3796000 7
3797000 7
3798000 7
3799000 7
3800000 7
3801000 7
3802000 7
3803000 7
3804000 7
3805000 7
3806000 7
3807000 7
3808000 7
3809000 7
3810000 7
3811000 7
3812000 7
3813000 7
3814000 7
3815000 7
3816000 7
3817000 7
3818000 7
3819000 7
3820000 7
3821000 7
3822000 7
3823000 7
3824000 7
3825000 7
3826000 7
3827000 7
3828000 7
3829000 7
3830000 7
3831000 7
3832000 7
3833000 7
3834000 7
3835000 7
3836000 7
3837000 7
3838000 7
3839000 7
3840000 7
3841000 7
3842000 7
3843000 7
3844000 7
3845000 7
3846000 7
3847000 7
3848000 7
3849000 7
3850000 7
3851000 7
3852000 7
3853000 7
3854000 7
3855000 7
3856000 7
3857000 7
3858000 7
3859000 7
3860000 7
3861000 7
3862000 7
3863000 7
3864000 7
3865000 7
3866000 7
3867000 7
3868000 7
3869000 7
3870000 7
3871000 7
3872000 7
3873000 7
3874000 7
3875000 7
3876000 7
3877000 7
3878000 7
3879000 7
3880000 7
3881000 7
3882000 7
3883000 7
3884000 7
3885000 7
3886000 7
3887000 7
3888000 7
3889000 7
3890000 7
3891000 7
3892000 7
3893000 7
3894000 7
3895000 7
3896000 7
3897000 7
3898000 7
3899000 7
3900000 7
3901000 7
3902000 7
3903000 7
3904000 7
3905000 7
3906000 7
3907000 7
3908000 7
3909000 7
3910000 7
3911000 7
3912000 7
3913000 7
3914000 7
3915000 7
3916000 7
3917000 7
3918000 7
3919000 7
3920000 7
3921000 7
3922000 7
3923000 7
3924000 7
3925000 7
3926000 7
3927000 7
3928000 7
3929000 7
3930000 7
3931000 7
3932000 7
3933000 7
3934000 7
3935000 7
3936000 7
3937000 7
3938000 7
3939000 7
3940000 7
3941000 7
3942000 7
3943000 7
3944000 7
3945000 7
3946000 7
3947000 7
3948000 7
3949000 7
3950000 7
3951000 7
3952000 7
3953000 7
3954000 7
3955000 7
3956000 7
3957000 7
3958000 7
3959000 7
3960000 7
3961000 7
3962000 7
3963000 7
3964000 7
3965000 7
3966000 7
3967000 7
3968000 7
3969000 7
3970000 7
3971000 7
3972000 7
3973000 7
3974000 7
3975000 7
3976000 7
3977000 7
3978000 7
3979000 7
3980000 7
3981000 7
3982000 7
3983000 7
3984000 7
3985000 7
3986000 7
3987000 7
3988000 7
3989000 7
3990000 7
3991000 7
3992000 7
3993000 7
3994000 7
3995000 7
3996000 7
3997000 7
3998000 7
3999000 7
4000000 7
4001000 7
4002000 7
4003000 7
4004000 7
4005000 7
4006000 7
4007000 7
4008000 7
4009000 7
4010000 7
4011000 7
4012000 7
4013000 7
4014000 7
4015000 7
4016000 7
4017000 7
4018000 7
4019000 7
4020000 7
4021000 7
4022000 7
4023000 7
4024000 7
4025000 7
4026000 7
4027000 7
4028000 7
4029000 7
4030000 7
4031000 7
4032000 7
4033000 7
4034000 7
4035000 7
4036000 7
4037000 7
4038000 7
4039000 7
4040000 7
4041000 7
4042000 7
4043000 7
4044000 7
4045000 7
4046000 7
4047000 7
4048000 7
4049000 8
4050000 8
4051000 8
4052000 8
4053000 8
4054000 8
4055000 8
4056000 8
4057000 8
4058000 8
4059000 8
4060000 8
4061000 8
4062000 8
4063000 8
4064000 8
4065000 8
4066000 8
4067000 8
4068000 8
4069000 8
4070000 8
4071000 8
4072000 8
4073000 9
4074000 9
4075000 9
4076000 9
4077000 9
4078000 9
4079000 9
4080000 9
4081000 9
4082000 9
4083000 9
4084000 9
4085000 9
4086000 10
4087000 10
4088000 10
4089000 10
4090000 10
4091000 10
4092000 10
4093000 10
4094000 10
4095000 10
4096000 10
4097000 10
4098000 10
4099000 10
4100000 10
4101000 10
4102000 10
4103000 10
4104000 10
4105000 11
4106000 11
4107000 11
4108000 11
4109000 11
4110000 11
4111000 11
4112000 11
4113000 11
4114000 11
4115000 11
4116000 11
4117000 12
4118000 12
4119000 12
4120000 12
4121000 12
4122000 12
4123000 12
4124000 12
4125000 12
4126000 12
4127000 12
4128000 12
4129000 12
4130000 12
4131000 12
4132000 13
4133000 13
4134000 13
4135000 13
4136000 13
4137000 13
4138000 13
4139000 13
4140000 13
4141000 13
4142000 13
4143000 13
4144000 14
4145000 14
4146000 14
4147000 14
4148000 14
4149000 14
4150000 14
4151000 14
4152000 14
4153000 14
4154000 14
4155000 14
4156000 14
4157000 14
4158000 14
4159000 14
4160000 14
4161000 14
4162000 14
4163000 14
4164000 14
4165000 14
4166000 14
4167000 14
4168000 14
4169000 14
4170000 14
4171000 14
4172000 14
4173000 14
4174000 14
4175000 14
4176000 14
4177000 14
4178000 14
4179000 14
4180000 14
4181000 14
4182000 14
4183000 14
4184000 14
4185000 14
4186000 14
4187000 14
4188000 14
4189000 14
4190000 14
4191000 14
4192000 14
4193000 14
4194000 14
4195000 14
4196000 14
4197000 14
4198000 14
4199000 14
4200000 14
4201000 14
4202000 14
4203000 14
4204000 14
4205000 14
4206000 14
4207000 14
4208000 14
4209000 14
4210000 14
4211000 14
4212000 14
4213000 14
4214000 14
4215000 14
4216000 14
4217000 14
4218000 14
4219000 14
4220000 14
4221000 14
4222000 14
4223000 14
4224000 14
4225000 14
4226000 14
4227000 14
4228000 14
4229000 14
4230000 14
4231000 14
4232000 14
4233000 14
4234000 14
4235000 14
4236000 14
4237000 14
4238000 14
4239000 14
4240000 14
4241000 14
4242000 14
4243000 14
4244000 14
4245000 14
4246000 14
4247000 14
4248000 14
4249000 14
4250000 14
4251000 14
4252000 14
4253000 14
4254000 14
4255000 14
4256000 14
4257000 14
4258000 14
4259000 14
4260000 14
4261000 14
4262000 14
4263000 14
4264000 14
4265000 14
4266000 14
4267000 14
4268000 15
4269000 15
4270000 15
4271000 15
4272000 15
4273000 15
4274000 15
4275000 15
4276000 15
4277000 15
4278000 15
4279000 15
4280000 15
4281000 15
4282000 15
4283000 15
4284000 15
4285000 15
4286000 15
4287000 15
4288000 15
4289000 15
4290000 15
4291000 15
4292000 15
4293000 15
4294000 15
4295000 15
4296000 15
4297000 15
4298000 15
4299000 15
4300000 15
4301000 15
4302000 15
4303000 15
4304000 15
4305000 15
4306000 15
4307000 15
4308000 15
4309000 15
4310000 15
4311000 15
4312000 15
4313000 15
4314000 15
4315000 15
4316000 15
4317000 15
4318000 15
4319000 15
4320000 15
4321000 15
4322000 15
4323000 15
4324000 15
4325000 15
4326000 15
4327000 15
4328000 15
4329000 15
4330000 15
4331000 15
4332000 15
4333000 15
4334000 15
4335000 15
4336000 15
4337000 15
4338000 15
4339000 15
4340000 15
4341000 15
4342000 15
4343000 15
4344000 15
4345000 15
4346000 16
4347000 16
4348000 16
4349000 16
4350000 16
4351000 16
4352000 16
4353000 16
4354000 16
4355000 16
4356000 16
4357000 16
4358000 16
4359000 16
4360000 16
4361000 16
4362000 16
4363000 16
4364000 16
4365000 16
4366000 16
4367000 16
4368000 16
4369000 16
4370000 16
4371000 16
4372000 16
4373000 16
4374000 16
4375000 16
4376000 16
4377000 16
4378000 16
4379000 16
4380000 16
4381000 16
4382000 16
4383000 16
4384000 16
4385000 16
4386000 16
4387000 16
4388000 16
4389000 16
4390000 16
4391000 16
4392000 16
4393000 16
4394000 16
4395000 16
4396000 16
4397000 16
4398000 16
4399000 16
4400000 16
4401000 16
4402000 16
4403000 16
4404000 16
4405000 16
4406000 16
4407000 16
4408000 16
4409000 16
4410000 16
4411000 16
4412000 16
4413000 16
4414000 16
4415000 16
4416000 16
4417000 16
4418000 16
4419000 16
4420000 16
4421000 16
4422000 16
4423000 16
4424000 16
4425000 16
4426000 16
4427000 16
4428000 16
4429000 16
4430000 16
4431000 16
4432000 16
4433000 16
4434000 16
4435000 16
4436000 16
4437000 16
4438000 16
4439000 16
4440000 16
4441000 16
4442000 16
4443000 16
4444000 16
4445000 16
4446000 16
4447000 16
4448000 16
4449000 16
4450000 16
4451000 16
4452000 16
4453000 16
4454000 16
4455000 16
4456000 16
4457000 16
4458000 16
4459000 16
4460000 16
4461000 16
4462000 16
4463000 16
4464000 16
4465000 16
4466000 16
4467000 16
4468000 16
4469000 16
4470000 16
4471000 16
4472000 16
4473000 16
4474000 16
4475000 16
4476000 16
4477000 16
4478000 16
4479000 16
4480000 16
4481000 16
4482000 16
4483000 16
4484000 16
4485000 16
4486000 16
4487000 16
4488000 16
4489000 16
4490000 16
4491000 16
4492000 16
4493000 16
4494000 16
4495000 16
4496000 16
4497000 16
4498000 16
4499000 16
4500000 16
4501000 16
4502000 16
4503000 16
4504000 16
4505000 16
4506000 16
4507000 16
4508000 16
4509000 16
4510000 16
4511000 16
4512000 16
4513000 16
4514000 16
4515000 16
4516000 16
4517000 16
4518000 16
4519000 16
4520000 16
4521000 16
4522000 16
4523000 16
4524000 16
4525000 16
4526000 16
4527000 16
4528000 16
4529000 16
4530000 16
4531000 16
4532000 16
4533000 16
4534000 16
4535000 16
4536000 16
4537000 16
4538000 16
4539000 16
4540000 16
4541000 16
4542000 16
4543000 16
4544000 16
4545000 16
4546000 16
4547000 16
4548000 16
4549000 16
4550000 16
4551000 16
4552000 16
4553000 16
4554000 16
4555000 16
4556000 16
4557000 16
4558000 16
4559000 16
4560000 16
4561000 16
4562000 16
4563000 16
4564000 16
4565000 16
4566000 16
4567000 16
4568000 16
4569000 16
4570000 16
4571000 16
4572000 16
4573000 16
4574000 16
4575000 16
4576000 16
4577000 16
4578000 16
4579000 16
4580000 16
4581000 16
4582000 16
4583000 16
4584000 16
4585000 16
4586000 16
4587000 16
4588000 16
4589000 16
4590000 16
4591000 16
4592000 16
4593000 16
4594000 16
4595000 16
4596000 16
4597000 16
4598000 16
4599000 16
4600000 16
4601000 16
4602000 16
4603000 16
4604000 16
4605000 16
4606000 16
4607000 16
4608000 16
4609000 16
4610000 16
4611000 16
4612000 16
4613000 16
4614000 16
4615000 16
4616000 16
4617000 16
4618000 17
4619000 17
4620000 17
4621000 17
4622000 17
4623000 17
4624000 17
4625000 17
4626000 17
4627000 17
4628000 17
4629000 17
4630000 17
4631000 17
4632000 17
4633000 17
4634000 17
4635000 17
4636000 17
4637000 17
4638000 17
4639000 17
4640000 17
4641000 17
4642000 17
4643000 17
4644000 17
4645000 17
4646000 17
4647000 17
4648000 17
4649000 17
4650000 17
4651000 17
4652000 17
4653000 17
4654000 17
4655000 17
4656000 17
4657000 17
4658000 17
4659000 17
4660000 17
4661000 17
4662000 17
4663000 17
4664000 17
4665000 17
4666000 17
4667000 17
4668000 17
4669000 17
4670000 17
4671000 17
4672000 17
4673000 17
4674000 17
4675000 17
4676000 17
4677000 17
4678000 17
4679000 17
4680000 17
4681000 17
4682000 17
4683000 17
4684000 17
4685000 17
4686000 17
4687000 17
4688000 17
4689000 17
4690000 17
4691000 17
4692000 17
4693000 17
4694000 17
4695000 17
4696000 17
4697000 17
4698000 17
4699000 17
4700000 17
4701000 17
4702000 17
4703000 17
4704000 17
4705000 17
4706000 17
4707000 17
4708000 17
4709000 17
4710000 17
4711000 17
4712000 17
4713000 17
4714000 17
4715000 17
4716000 17
4717000 17
4718000 17
4719000 17
4720000 17
4721000 17
4722000 17
4723000 17
4724000 17
4725000 17
4726000 17
4727000 17
4728000 17
4729000 17
4730000 17
4731000 17
4732000 17
4733000 17
4734000 17
4735000 17
4736000 17
4737000 17
4738000 17
4739000 17
4740000 17
4741000 18
4742000 18
4743000 18
4744000 18
4745000 18
4746000 18
4747000 18
4748000 18
4749000 18
4750000 18
4751000 18
4752000 18
4753000 18
4754000 18
4755000 18
4756000 18
4757000 18
4758000 18
4759000 18
4760000 18
4761000 18
4762000 18
4763000 18
4764000 18
4765000 18
4766000 18
4767000 18
4768000 18
4769000 18
4770000 18
4771000 18
4772000 18
4773000 18
4774000 18
4775000 18
4776000 18
4777000 18
4778000 18
4779000 18
4780000 18
4781000 18
4782000 18
4783000 18
4784000 18
4785000 18
4786000 18
4787000 18
4788000 18
4789000 18
4790000 18
4791000 18
4792000 18
4793000 18
4794000 18
4795000 18
4796000 18
4797000 18
4798000 18
4799000 18
4800000 18
4801000 18
4802000 18
4803000 18
4804000 18
4805000 18
4806000 18
4807000 18
4808000 18
4809000 18
4810000 18
4811000 18
4812000 18
4813000 18
4814000 18
4815000 18
4816000 18
4817000 18
4818000 18
4819000 18
4820000 18
4821000 18
4822000 18
4823000 18
4824000 18
4825000 18
4826000 18
4827000 18
4828000 18
4829000 18
4830000 18
4831000 18
4832000 18
4833000 18
4834000 18
4835000 18
4836000 18
4837000 18
4838000 18
4839000 18
4840000 18
4841000 18
4842000 18
4843000 18
4844000 18
4845000 18
4846000 18
4847000 18
4848000 18
4849000 18
4850000 18
4851000 18
4852000 18
4853000 18
4854000 18
4855000 18
4856000 18
4857000 18
4858000 18
4859000 18
4860000 18
4861000 18
4862000 18
4863000 18
4864000 18
4865000 18
4866000 18
4867000 18
4868000 18
4869000 18
4870000 18
4871000 18
4872000 18
4873000 18
4874000 18
4875000 18
4876000 18
4877000 18
4878000 18
4879000 18
4880000 18
4881000 18
4882000 18
4883000 18
4884000 18
4885000 18
4886000 18
4887000 18
4888000 18
4889000 18
4890000 18
4891000 18
4892000 18
4893000 18
4894000 18
4895000 18
4896000 18
4897000 18
4898000 18
4899000 18
4900000 18
4901000 18
4902000 18
4903000 18
4904000 18
4905000 18
4906000 18
4907000 18
4908000 18
4909000 18
4910000 18
4911000 18
4912000 18
4913000 18
4914000 18
4915000 18
4916000 18
4917000 18
4918000 18
4919000 18
4920000 18
4921000 18
4922000 18
4923000 18
4924000 18
4925000 18
4926000 18
4927000 18
4928000 18
4929000 18
4930000 18
4931000 18
4932000 18
4933000 18
4934000 18
4935000 18
4936000 18
4937000 18
4938000 18
4939000 18
4940000 18
4941000 18
4942000 18
4943000 18
4944000 18
4945000 18
4946000 18
4947000 18
4948000 18
4949000 18
4950000 18
4951000 18
4952000 18
4953000 18
4954000 18
4955000 18
4956000 18
4957000 18
4958000 18
4959000 18
4960000 18
4961000 18
4962000 18
4963000 18
4964000 18
4965000 18
4966000 18
4967000 18
4968000 18
4969000 18
4970000 18
4971000 18
4972000 18
4973000 18
4974000 18
4975000 18
4976000 18
4977000 18
4978000 18
4979000 18
4980000 18
4981000 18
4982000 18
4983000 18
4984000 18
4985000 18
4986000 18
4987000 18
4988000 18
4989000 18
4990000 18
4991000 18
4992000 18
4993000 18
4994000 18
4995000 18
4996000 18
4997000 18
4998000 18
4999000 18
5000000 18
