0 0
1000 0
2000 0
3000 0
4000 0
5000 0
6000 0
7000 0
8000 0
9000 0
10000 0
11000 0
12000 0
13000 1
14000 1
15000 1
16000 1
17000 1
18000 1
19000 1
20000 1
21000 1
22000 1
23000 1
24000 1
25000 1
26000 1
27000 1
28000 1
29000 1
30000 1
31000 1
32000 1
33000 1
34000 1
35000 1
36000 1
37000 1
38000 1
39000 1
40000 1
41000 1
42000 1
43000 1
44000 1
45000 1
46000 1
47000 1
48000 1
49000 1
50000 1
51000 1
52000 1
53000 1
54000 1
55000 1
56000 1
57000 1
58000 1
59000 1
60000 1
61000 1
62000 1
63000 1
64000 1
65000 1
66000 1
67000 1
68000 1
69000 1
70000 1
71000 1
72000 1
73000 1
74000 1
75000 1
76000 1
77000 1
78000 1
79000 1
80000 1
81000 1
82000 1
83000 1
84000 1
85000 1
86000 1
87000 1
88000 1
89000 1
90000 1
91000 1
92000 1
93000 1
94000 1
95000 1
96000 1
97000 1
98000 1
99000 1
100000 1
101000 1
102000 1
103000 1
104000 1
105000 1
106000 1
107000 1
108000 1
109000 1
110000 1
111000 1
112000 1
113000 1
114000 1
115000 1
116000 1
117000 1
118000 1
119000 1
120000 1
121000 1
122000 1
123000 1
124000 1
125000 1
126000 1
127000 1
128000 1
129000 1
130000 1
131000 1
132000 1
133000 1
134000 1
135000 1
136000 1
137000 1
138000 1
139000 1
140000 1
141000 1
142000 1
143000 1
144000 1
145000 1
146000 1
147000 1
148000 1
149000 1
150000 1
151000 1
152000 1
153000 1
154000 1
155000 1
156000 1
157000 1
158000 1
159000 1
160000 1
161000 1
162000 1
163000 1
164000 1
165000 1
166000 1
167000 1
168000 1
169000 1
170000 1
171000 1
172000 1
173000 1
174000 1
175000 1
176000 1
177000 1
178000 1
179000 1
180000 1
181000 1
182000 1
183000 1
184000 1
185000 1
186000 1
187000 1
188000 1
189000 1
190000 1
191000 1
192000 1
193000 1
194000 1
195000 1
196000 1
197000 1
198000 1
199000 1
200000 1
201000 1
202000 1
203000 1
204000 1
205000 1
206000 1
207000 1
208000 1
209000 1
210000 1
211000 1
212000 1
213000 1
214000 1
215000 1
216000 1
217000 1
218000 1
219000 1
220000 1
221000 1
222000 1
223000 1
224000 1
225000 1
226000 1
227000 1
228000 1
229000 1
230000 1
231000 1
232000 1
233000 1
234000 1
235000 1
236000 1
237000 1
238000 1
239000 2
240000 2
241000 2
242000 2
243000 2
244000 2
245000 2
246000 2
247000 2
248000 2
249000 2
250000 2
251000 2
252000 3
253000 3
254000 3
255000 3
256000 3
257000 3
258000 3
259000 3
260000 3
261000 3
262000 3
263000 3
264000 3
265000 4
266000 4
267000 4
268000 4
269000 4
270000 4
271000 4
272000 4
273000 4
274000 4
275000 4
276000 4
277000 4
278000 4
279000 4
280000 4
281000 4
282000 4
283000 4
284000 4
285000 4
286000 4
287000 4
288000 4
289000 4
290000 4
291000 4
292000 4
293000 4
294000 4
295000 4
296000 4
297000 4
298000 4
299000 4
300000 4
301000 4
302000 4
303000 4
304000 4
305000 4
306000 4
307000 4
308000 4
309000 4
310000 4
311000 4
312000 4
313000 4
314000 4
315000 4
316000 4
317000 4
318000 4
319000 4
320000 4
321000 4
322000 4
323000 4
324000 4
325000 4
326000 4
327000 4
328000 4
329000 4
330000 5
331000 5
332000 5
333000 5
334000 5
335000 5
336000 5
337000 5
338000 5
339000 5
340000 5
341000 5
342000 5
343000 5
344000 5
345000 5
346000 6
347000 6
348000 6
349000 6
350000 6
351000 6
352000 6
353000 6
354000 6
355000 6
356000 6
357000 6
358000 6
359000 6
360000 6
361000 6
362000 6
363000 6
364000 6
365000 6
366000 6
367000 6
368000 6
369000 6
370000 6
371000 6
372000 6
373000 6
374000 6
375000 6
376000 6
377000 6
378000 6
379000 6
380000 6
381000 6
382000 6
383000 6
384000 6
385000 6
386000 6
387000 6
388000 6
389000 6
390000 6
391000 6
392000 6
393000 6
394000 6
395000 6
396000 6
397000 6
398000 6
399000 6
400000 6
401000 6
402000 6
403000 6
404000 6
405000 6
406000 6
407000 6
408000 6
409000 6
410000 6
411000 6
412000 6
413000 6
414000 6
415000 6
416000 6
417000 6
418000 6
419000 6
420000 6
421000 6
422000 6
423000 6
424000 6
425000 6
426000 6
427000 6
428000 6
429000 6
430000 6
431000 6
432000 6
433000 6
434000 6
435000 6
436000 6
437000 6
438000 6
439000 6
440000 6
441000 6
442000 6
443000 6
444000 6
445000 6
446000 6
447000 6
448000 6
449000 6
450000 6
451000 6
452000 6
453000 6
454000 6
455000 6
456000 6
457000 6
458000 6
459000 6
460000 6
461000 6
462000 6
463000 6
464000 6
465000 6
466000 6
467000 6
468000 6
469000 6
470000 6
471000 6
472000 6
473000 6
474000 6
475000 6
476000 6
477000 6
478000 6
479000 6
480000 6
481000 6
482000 6
483000 6
484000 6
485000 6
486000 6
487000 6
488000 6
489000 6
490000 6
491000 6
492000 6
493000 6
494000 6
495000 6
496000 6
497000 6
498000 6
499000 6
500000 6
501000 6
502000 6
503000 6
504000 6
505000 6
506000 6
507000 6
508000 6
509000 6
510000 6
511000 6
512000 6
513000 6
514000 6
515000 6
516000 6
517000 6
518000 6
519000 6
520000 6
521000 6
522000 6
523000 6
524000 6
525000 6
526000 6
527000 6
528000 6
529000 6
530000 6
531000 6
532000 6
533000 6
534000 6
535000 6
536000 6
537000 6
538000 6
539000 6
540000 6
541000 6
542000 6
543000 6
544000 6
545000 6
546000 6
547000 6
548000 6
549000 6
550000 6
551000 6
552000 6
553000 6
554000 6
555000 6
556000 6
557000 6
558000 6
559000 6
560000 6
561000 6
562000 6
563000 6
564000 6
565000 6
566000 6
567000 6
568000 6
569000 6
570000 6
571000 6
572000 6
573000 6
574000 6
575000 6
576000 6
577000 6
578000 6
579000 6
580000 6
581000 6
582000 6
583000 6
584000 6
585000 6
586000 6
587000 6
588000 6
589000 6
590000 6
591000 6
592000 6
593000 6
594000 6
595000 6
596000 6
597000 6
598000 6
599000 6
600000 6
601000 6
602000 6
603000 6
604000 6
605000 6
606000 6
607000 6
608000 6
609000 6
610000 6
611000 6
612000 6
613000 6
614000 6
615000 6
616000 6
617000 6
618000 6
619000 6
620000 6
621000 6
622000 6
623000 6
624000 6
625000 6
626000 6
627000 6
628000 6
629000 6
630000 6
631000 6
632000 6
633000 6
634000 6
635000 6
636000 6
637000 6
638000 6
639000 6
640000 6
641000 6
642000 6
643000 6
644000 6
645000 6
646000 6
647000 6
648000 6
649000 6
650000 6
651000 6
652000 6
653000 6
654000 6
655000 6
656000 6
657000 6
658000 6
659000 6
660000 7
661000 7
662000 7
663000 7
664000 7
665000 7
666000 7
667000 7
668000 7
669000 7
670000 7
671000 7
672000 7
673000 7
674000 7
675000 7
676000 7
677000 7
678000 7
679000 7
680000 7
681000 7
682000 7
683000 7
684000 7
685000 7
686000 7
687000 7
688000 7
689000 7
690000 7
691000 7
692000 7
693000 7
694000 7
695000 7
696000 7
697000 7
698000 7
699000 7
700000 7
701000 7
702000 7
703000 7
704000 7
705000 7
706000 7
707000 7
708000 7
709000 7
710000 7
711000 7
712000 7
713000 7
714000 7
715000 7
716000 7
717000 7
718000 7
719000 7
720000 7
721000 7
722000 7
723000 7
724000 7
725000 7
726000 7
727000 7
728000 7
729000 7
730000 7
731000 7
732000 7
733000 7
734000 7
735000 7
736000 7
737000 7
738000 7
739000 7
740000 7
741000 7
742000 7
743000 7
744000 7
745000 7
746000 7
747000 7
748000 7
749000 7
750000 7
751000 7
752000 7
753000 8
754000 8
755000 8
756000 8
757000 8
758000 8
759000 8
760000 8
761000 8
762000 8
763000 8
764000 8
765000 8
766000 8
767000 8
768000 8
769000 8
770000 8
771000 8
772000 8
773000 8
774000 8
775000 8
776000 8
777000 8
778000 8
779000 8
780000 8
781000 8
782000 8
783000 8
784000 8
785000 8
786000 8
787000 8
788000 8
789000 8
790000 8
791000 8
792000 8
793000 8
794000 8
795000 8
796000 8
797000 8
798000 8
799000 8
800000 8
801000 8
802000 8
803000 8
804000 8
805000 8
806000 8
807000 8
808000 8
809000 8
810000 8
811000 8
812000 8
813000 8
814000 8
815000 8
816000 8
817000 8
818000 8
819000 8
820000 8
821000 8
822000 8
823000 8
824000 8
825000 8
826000 8
827000 8
828000 8
829000 8
830000 8
831000 8
832000 8
833000 8
834000 8
835000 8
836000 8
837000 8
838000 8
839000 8
840000 8
841000 8
842000 8
843000 8
844000 8
845000 8
846000 8
847000 8
848000 8
849000 8
850000 8
851000 8
852000 8
853000 8
854000 8
855000 8
856000 8
857000 8
858000 8
859000 8
860000 8
861000 8
862000 8
863000 8
864000 8
865000 8
866000 8
867000 8
868000 8
869000 8
870000 8
871000 8
872000 8
873000 8
874000 8
875000 8
876000 8
877000 8
878000 8
879000 8
880000 8
881000 8
882000 8
883000 8
884000 8
885000 8
886000 8
887000 8
888000 8
889000 8
890000 8
891000 8
892000 8
893000 8
894000 8
895000 8
896000 8
897000 8
898000 8
899000 8
900000 8
901000 8
902000 8
903000 8
904000 8
905000 8
906000 8
907000 8
908000 8
909000 8
910000 8
911000 8
912000 8
913000 8
914000 8
915000 8
916000 8
917000 8
918000 8
919000 8
920000 8
921000 8
922000 8
923000 8
924000 8
925000 8
926000 8
927000 8
928000 8
929000 8
930000 8
931000 8
932000 8
933000 8
934000 8
935000 8
936000 8
937000 8
938000 8
939000 8
940000 8
941000 8
942000 8
943000 8
944000 8
945000 8
946000 8
947000 8
948000 8
949000 8
950000 8
951000 8
952000 8
953000 8
954000 8
955000 8
956000 8
957000 8
958000 8
959000 8
960000 8
961000 8
962000 8
963000 8
964000 8
965000 8
966000 8
967000 8
968000 8
969000 8
970000 8
971000 8
972000 8
973000 8
974000 8
975000 8
976000 8
977000 8
978000 8
979000 8
980000 8
981000 8
982000 8
983000 8
984000 8
985000 8
986000 8
987000 8
988000 8
989000 8
990000 8
991000 8
992000 8
993000 8
994000 8
995000 8
996000 8
997000 8
998000 8
999000 8
1000000 8
1001000 8
1002000 8
1003000 8
1004000 8
1005000 8
1006000 8
1007000 8
1008000 8
1009000 8
1010000 8
1011000 8
1012000 8
1013000 8
1014000 8
1015000 8
1016000 8
1017000 8
1018000 8
1019000 8
1020000 8
1021000 8
1022000 8
1023000 8
1024000 9
1025000 9
1026000 9
1027000 9
1028000 9
1029000 9
1030000 9
1031000 9
1032000 9
1033000 9
1034000 9
1035000 9
1036000 9
1037000 9
1038000 9
1039000 9
1040000 9
1041000 9
1042000 9
1043000 9
1044000 9
1045000 10
1046000 10
1047000 10
1048000 10
1049000 10
1050000 10
1051000 10
1052000 10
1053000 10
1054000 10
1055000 10
1056000 10
1057000 10
1058000 10
1059000 10
1060000 10
1061000 10
1062000 10
1063000 10
1064000 10
1065000 10
1066000 10
1067000 10
1068000 10
1069000 10
1070000 10
1071000 10
1072000 10
1073000 10
1074000 10
1075000 10
1076000 10
1077000 10
1078000 10
1079000 10
1080000 10
1081000 10
1082000 10
1083000 10
1084000 10
1085000 10
1086000 10
1087000 10
1088000 10
1089000 10
1090000 10
1091000 10
1092000 10
1093000 10
1094000 10
1095000 10
1096000 10
1097000 10
1098000 10
1099000 10
1100000 10
1101000 10
1102000 10
1103000 10
1104000 10
1105000 10
1106000 10
1107000 10
1108000 10
1109000 10
1110000 10
1111000 10
1112000 10
1113000 10
1114000 10
1115000 10
1116000 10
1117000 10
1118000 10
1119000 10
1120000 10
1121000 10
1122000 10
1123000 10
1124000 10
1125000 10
1126000 10
1127000 10
1128000 10
1129000 10
1130000 10
1131000 10
1132000 10
1133000 10
1134000 10
1135000 10
1136000 10
1137000 10
1138000 10
1139000 10
1140000 10
1141000 10
1142000 10
1143000 10
1144000 10
1145000 10
1146000 10
1147000 10
1148000 10
1149000 10
1150000 10
1151000 10
1152000 10
1153000 10
1154000 10
1155000 10
1156000 10
1157000 10
1158000 11
1159000 11
1160000 11
1161000 11
1162000 11
1163000 11
1164000 11
1165000 11
1166000 11
1167000 11
1168000 11
1169000 11
1170000 11
1171000 12
1172000 12
1173000 12
1174000 12
1175000 12
1176000 12
1177000 12
1178000 12
1179000 12
1180000 12
1181000 12
1182000 12
1183000 13
1184000 13
1185000 13
1186000 13
1187000 13
1188000 13
1189000 13
1190000 13
1191000 13
1192000 13
1193000 13
1194000 13
1195000 13
1196000 13
1197000 13
1198000 13
1199000 13
1200000 13
1201000 13
1202000 13
1203000 13
1204000 13
1205000 13
1206000 13
1207000 13
1208000 13
1209000 13
1210000 13
1211000 13
1212000 13
1213000 13
1214000 13
1215000 13
1216000 13
1217000 13
1218000 13
1219000 13
1220000 13
1221000 13
1222000 13
1223000 13
1224000 13
1225000 13
1226000 13
1227000 13
1228000 13
1229000 13
1230000 13
1231000 13
1232000 13
1233000 13
1234000 13
1235000 13
1236000 13
1237000 13
1238000 13
1239000 13
1240000 13
1241000 13
1242000 13
1243000 13
1244000 14
1245000 14
1246000 14
1247000 14
1248000 14
1249000 14
1250000 14
1251000 14
1252000 14
1253000 14
1254000 14
1255000 14
1256000 14
1257000 14
1258000 14
1259000 14
1260000 14
1261000 14
1262000 14
1263000 14
1264000 14
1265000 14
1266000 14
1267000 14
1268000 14
1269000 14
1270000 14
1271000 14
1272000 14
1273000 14
1274000 14
1275000 14
1276000 14
1277000 14
1278000 14
1279000 14
1280000 14
1281000 14
1282000 14
1283000 14
1284000 14
1285000 14
1286000 14
1287000 14
1288000 14
1289000 14
1290000 14
1291000 14
1292000 14
1293000 14
1294000 14
1295000 14
1296000 14
1297000 14
1298000 14
1299000 14
1300000 14
1301000 14
1302000 14
1303000 14
1304000 14
1305000 14
1306000 14
1307000 14
1308000 14
1309000 14
1310000 14
1311000 14
1312000 14
1313000 14
1314000 14
1315000 14
1316000 14
1317000 14
1318000 14
1319000 14
1320000 14
1321000 14
1322000 14
1323000 14
1324000 14
1325000 14
1326000 14
1327000 14
1328000 14
1329000 14
1330000 14
1331000 14
1332000 14
1333000 14
1334000 14
1335000 14
1336000 14
1337000 14
1338000 14
1339000 14
1340000 14
1341000 14
1342000 14
1343000 14
1344000 14
1345000 14
1346000 14
1347000 14
1348000 14
1349000 14
1350000 14
1351000 14
1352000 14
1353000 14
1354000 14
1355000 14
1356000 14
1357000 14
1358000 14
1359000 14
1360000 14
1361000 14
1362000 14
1363000 14
1364000 14
1365000 14
1366000 14
1367000 14
1368000 14
1369000 14
1370000 14
1371000 14
1372000 14
1373000 14
1374000 14
1375000 14
1376000 14
1377000 14
1378000 14
1379000 14
1380000 14
1381000 14
1382000 14
1383000 14
1384000 14
1385000 14
1386000 14
1387000 14
1388000 14
1389000 14
1390000 14
1391000 14
1392000 14
1393000 14
1394000 14
1395000 14
1396000 14
1397000 14
1398000 14
1399000 14
1400000 14
1401000 14
1402000 14
1403000 14
1404000 14
1405000 14
1406000 14
1407000 15
1408000 15
1409000 15
1410000 15
1411000 15
1412000 15
1413000 15
1414000 15
1415000 15
1416000 15
1417000 15
1418000 15
1419000 15
1420000 15
1421000 15
1422000 15
1423000 15
1424000 15
1425000 15
1426000 15
1427000 15
1428000 15
1429000 15
1430000 15
1431000 15
1432000 15
1433000 15
1434000 15
1435000 15
1436000 15
1437000 15
1438000 15
1439000 15
1440000 15
1441000 15
1442000 15
1443000 15
1444000 15
1445000 15
1446000 15
1447000 15
1448000 15
1449000 15
1450000 15
1451000 15
1452000 15
1453000 15
1454000 15
1455000 15
1456000 15
1457000 15
1458000 15
1459000 15
1460000 15
1461000 15
1462000 15
1463000 15
1464000 15
1465000 15
1466000 15
1467000 15
1468000 15
1469000 15
1470000 15
1471000 16
1472000 16
1473000 16
1474000 16
1475000 16
1476000 16
1477000 16
1478000 16
1479000 16
1480000 16
1481000 16
1482000 16
1483000 16
1484000 17
1485000 17
1486000 17
1487000 17
1488000 17
1489000 17
1490000 17
1491000 17
1492000 17
1493000 17
1494000 17
1495000 17
1496000 17
1497000 18
1498000 18
1499000 18
1500000 18
1501000 18
1502000 18
1503000 18
1504000 18
1505000 18
1506000 18
1507000 18
1508000 18
1509000 18
1510000 18
1511000 18
1512000 18
1513000 19
1514000 19
1515000 19
1516000 19
1517000 19
1518000 19
1519000 19
1520000 19
1521000 19
1522000 19
1523000 19
1524000 19
1525000 19
1526000 19
1527000 19
1528000 19
1529000 19
1530000 19
1531000 19
1532000 19
1533000 19
1534000 19
1535000 19
1536000 19
1537000 19
1538000 19
1539000 19
1540000 19
1541000 19
1542000 19
1543000 19
1544000 19
1545000 19
1546000 19
1547000 19
1548000 19
1549000 19
1550000 19
1551000 19
1552000 19
1553000 19
1554000 19
1555000 19
1556000 19
1557000 19
1558000 19
1559000 19
1560000 19
1561000 19
1562000 19
1563000 19
1564000 19
1565000 19
1566000 19
1567000 19
1568000 19
1569000 19
1570000 19
1571000 19
1572000 19
1573000 19
1574000 19
1575000 19
1576000 19
1577000 19
1578000 19
1579000 19
1580000 19
1581000 19
1582000 19
1583000 19
1584000 19
1585000 19
1586000 19
1587000 19
1588000 19
1589000 19
1590000 19
1591000 19
1592000 19
1593000 19
1594000 19
1595000 19
1596000 19
1597000 19
1598000 19
1599000 19
1600000 19
1601000 19
1602000 19
1603000 19
1604000 19
1605000 19
1606000 19
1607000 19
1608000 19
1609000 19
1610000 19
1611000 19
1612000 19
1613000 19
1614000 19
1615000 19
1616000 19
1617000 19
1618000 19
1619000 19
1620000 19
1621000 19
1622000 19
1623000 19
1624000 19
1625000 19
1626000 19
1627000 19
1628000 19
1629000 20
1630000 20
1631000 20
1632000 20
1633000 20
1634000 20
1635000 20
1636000 20
1637000 20
1638000 20
1639000 20
1640000 20
1641000 20
1642000 20
1643000 20
1644000 20
1645000 20
1646000 20
1647000 20
1648000 20
1649000 20
1650000 20
1651000 20
1652000 20
1653000 20
1654000 20
1655000 21
1656000 21
1657000 21
1658000 21
1659000 21
1660000 21
1661000 21
1662000 21
1663000 21
1664000 21
1665000 21
1666000 21
1667000 21
1668000 21
1669000 21
1670000 21
1671000 21
1672000 21
1673000 21
1674000 21
1675000 21
1676000 21
1677000 21
1678000 21
1679000 21
1680000 21
1681000 21
1682000 21
1683000 21
1684000 21
1685000 21
1686000 21
1687000 21
1688000 21
1689000 21
1690000 21
1691000 21
1692000 21
1693000 21
1694000 21
1695000 21
1696000 21
1697000 21
1698000 21
1699000 21
1700000 21
1701000 21
1702000 21
1703000 21
1704000 21
1705000 21
1706000 21
1707000 21
1708000 21
1709000 21
1710000 21
1711000 21
1712000 21
1713000 21
1714000 21
1715000 21
1716000 21
1717000 21
1718000 21
1719000 21
1720000 21
1721000 21
1722000 21
1723000 21
1724000 21
1725000 21
1726000 21
1727000 21
1728000 21
1729000 21
1730000 21
1731000 21
1732000 21
1733000 21
1734000 21
1735000 22
1736000 22
1737000 22
1738000 22
1739000 22
1740000 22
1741000 22
1742000 22
1743000 22
1744000 22
1745000 22
1746000 22
1747000 22
1748000 22
1749000 22
1750000 22
1751000 22
1752000 23
1753000 23
1754000 23
1755000 23
1756000 23
1757000 23
1758000 23
1759000 23
1760000 23
1761000 23
1762000 23
1763000 23
1764000 23
1765000 23
1766000 23
1767000 23
1768000 23
1769000 23
1770000 23
1771000 23
1772000 24
1773000 24
1774000 24
1775000 24
1776000 24
1777000 24
1778000 24
1779000 24
1780000 24
1781000 24
1782000 24
1783000 24
1784000 25
1785000 25
1786000 25
1787000 25
1788000 25
1789000 25
1790000 25
1791000 25
1792000 25
1793000 25
1794000 25
1795000 25
1796000 25
1797000 25
1798000 25
1799000 25
1800000 25
1801000 25
1802000 25
1803000 25
1804000 25
1805000 25
1806000 25
1807000 25
1808000 25
1809000 25
1810000 25
1811000 25
1812000 25
1813000 25
1814000 25
1815000 25
1816000 25
1817000 25
1818000 25
1819000 25
1820000 25
1821000 25
1822000 25
1823000 25
1824000 25
1825000 25
1826000 25
1827000 25
1828000 25
1829000 25
1830000 25
1831000 25
1832000 25
1833000 25
1834000 25
1835000 25
1836000 25
1837000 25
1838000 25
1839000 25
1840000 25
1841000 25
1842000 25
1843000 25
1844000 25
1845000 25
1846000 25
1847000 25
1848000 26
1849000 26
1850000 26
1851000 26
1852000 26
1853000 26
1854000 26
1855000 26
1856000 26
1857000 26
1858000 26
1859000 26
1860000 26
1861000 26
1862000 26
1863000 26
1864000 26
1865000 26
1866000 26
1867000 26
1868000 26
1869000 27
1870000 27
1871000 27
1872000 27
1873000 27
1874000 27
1875000 27
1876000 27
1877000 27
1878000 27
1879000 27
1880000 27
1881000 27
1882000 27
1883000 27
1884000 27
1885000 27
1886000 28
1887000 28
1888000 28
1889000 28
1890000 28
1891000 28
1892000 28
1893000 28
1894000 28
1895000 28
1896000 28
1897000 28
1898000 28
1899000 28
1900000 28
1901000 28
1902000 28
1903000 28
1904000 28
1905000 28
1906000 28
1907000 28
1908000 28
1909000 28
1910000 28
1911000 28
1912000 28
1913000 28
1914000 28
1915000 28
1916000 28
1917000 28
1918000 28
1919000 28
1920000 28
1921000 28
1922000 28
1923000 28
1924000 28
1925000 28
1926000 28
1927000 28
1928000 28
1929000 28
1930000 28
1931000 28
1932000 28
1933000 28
1934000 28
1935000 28
1936000 28
1937000 28
1938000 28
1939000 28
1940000 28
1941000 28
1942000 28
1943000 28
1944000 28
1945000 28
1946000 28
1947000 28
1948000 29
1949000 29
1950000 29
1951000 29
1952000 29
1953000 29
1954000 29
1955000 29
1956000 29
1957000 29
1958000 29
1959000 30
1960000 30
1961000 30
1962000 30
1963000 30
1964000 30
1965000 30
1966000 30
1967000 30
1968000 30
1969000 30
1970000 30
1971000 30
1972000 30
1973000 30
1974000 30
1975000 30
1976000 30
1977000 30
1978000 30
1979000 30
1980000 30
1981000 30
1982000 30
1983000 30
1984000 30
1985000 30
1986000 30
1987000 30
1988000 30
1989000 30
1990000 30
1991000 30
1992000 30
1993000 30
1994000 30
1995000 30
1996000 30
1997000 30
1998000 30
1999000 30
2000000 30
2001000 30
2002000 30
2003000 30
2004000 30
2005000 30
2006000 30
2007000 30
2008000 30
2009000 30
2010000 30
2011000 30
2012000 30
2013000 30
2014000 30
2015000 30
2016000 30
2017000 30
2018000 30
2019000 30
2020000 30
2021000 30
2022000 30
2023000 30
2024000 30
2025000 30
2026000 30
2027000 30
2028000 30
2029000 30
2030000 30
2031000 30
2032000 30
2033000 30
2034000 30
2035000 30
2036000 30
2037000 30
2038000 30
2039000 30
2040000 30
2041000 30
2042000 30
2043000 30
2044000 30
2045000 30
2046000 30
2047000 30
2048000 30
2049000 30
2050000 30
2051000 30
2052000 30
2053000 30
2054000 30
2055000 30
2056000 30
2057000 30
2058000 30
2059000 30
2060000 30
2061000 30
2062000 30
2063000 30
2064000 30
2065000 30
2066000 30
2067000 30
2068000 30
2069000 30
2070000 30
2071000 30
2072000 31
2073000 31
2074000 31
2075000 31
2076000 31
2077000 31
2078000 31
2079000 31
2080000 31
2081000 31
2082000 31
2083000 31
2084000 31
2085000 31
2086000 31
2087000 31
2088000 31
2089000 31
2090000 31
2091000 31
2092000 31
2093000 31
2094000 31
2095000 31
2096000 31
2097000 31
2098000 31
2099000 31
2100000 31
2101000 31
2102000 31
2103000 31
2104000 31
2105000 31
2106000 31
2107000 31
2108000 31
2109000 31
2110000 31
2111000 31
2112000 31
2113000 31
2114000 31
2115000 31
2116000 31
2117000 31
2118000 31
2119000 31
2120000 31
2121000 31
2122000 31
2123000 31
2124000 31
2125000 31
2126000 31
2127000 31
2128000 31
2129000 31
2130000 31
2131000 31
2132000 31
2133000 31
2134000 31
2135000 31
2136000 31
2137000 31
2138000 31
2139000 31
2140000 31
2141000 31
2142000 31
2143000 31
2144000 31
2145000 31
2146000 31
2147000 31
2148000 31
2149000 31
2150000 31
2151000 31
2152000 31
2153000 31
2154000 31
2155000 31
2156000 31
2157000 31
2158000 31
2159000 31
2160000 31
2161000 31
2162000 31
2163000 31
2164000 31
2165000 31
2166000 31
2167000 31
2168000 31
2169000 31
2170000 31
2171000 31
2172000 31
2173000 31
2174000 31
2175000 31
2176000 31
2177000 31
2178000 31
2179000 31
2180000 31
2181000 31
2182000 31
2183000 31
2184000 31
2185000 31
2186000 31
2187000 31
2188000 31
2189000 31
2190000 31
2191000 31
2192000 31
2193000 31
2194000 31
2195000 31
2196000 31
2197000 31
2198000 31
2199000 31
2200000 31
2201000 31
2202000 31
2203000 31
2204000 31
2205000 31
2206000 31
2207000 31
2208000 31
2209000 31
2210000 31
2211000 31
2212000 31
2213000 31
2214000 31
2215000 31
2216000 31
2217000 31
2218000 31
2219000 31
2220000 31
2221000 31
2222000 31
2223000 31
2224000 31
2225000 31
2226000 31
2227000 31
2228000 31
2229000 31
2230000 31
2231000 31
2232000 31
2233000 31
2234000 31
2235000 31
2236000 31
2237000 31
2238000 31
2239000 31
2240000 31
2241000 31
2242000 31
2243000 31
2244000 31
2245000 31
2246000 31
2247000 31
2248000 31
2249000 31
2250000 31
2251000 31
2252000 31
2253000 31
2254000 31
2255000 31
2256000 31
2257000 31
2258000 31
2259000 31
2260000 31
2261000 31
2262000 31
2263000 31
2264000 31
2265000 31
2266000 31
2267000 31
2268000 31
2269000 31
2270000 31
2271000 31
2272000 31
2273000 31
2274000 31
2275000 31
2276000 31
2277000 31
2278000 31
2279000 31
2280000 31
2281000 31
2282000 31
2283000 31
2284000 31
2285000 31
2286000 31
2287000 31
2288000 31
2289000 31
2290000 31
2291000 31
2292000 31
2293000 31
2294000 31
2295000 31
2296000 31
2297000 31
2298000 31
2299000 31
2300000 31
2301000 31
2302000 31
2303000 31
2304000 31
2305000 31
2306000 31
2307000 31
2308000 31
2309000 31
2310000 31
2311000 31
2312000 31
2313000 31
2314000 31
2315000 31
2316000 31
2317000 31
2318000 31
2319000 31
2320000 31
2321000 31
2322000 31
2323000 31
2324000 31
2325000 31
2326000 31
2327000 31
2328000 31
2329000 31
2330000 31
2331000 31
2332000 31
2333000 31
2334000 31
2335000 31
2336000 31
2337000 31
2338000 31
2339000 31
2340000 31
2341000 31
2342000 31
2343000 31
2344000 31
2345000 31
2346000 31
2347000 31
2348000 31
2349000 31
2350000 31
2351000 31
2352000 31
2353000 31
2354000 31
2355000 31
2356000 31
2357000 31
2358000 31
2359000 31
2360000 31
2361000 31
2362000 31
2363000 31
2364000 31
2365000 31
2366000 31
2367000 31
2368000 31
2369000 31
2370000 31
2371000 31
2372000 31
2373000 31
2374000 31
2375000 31
2376000 31
2377000 31
2378000 31
2379000 31
2380000 31
2381000 31
2382000 31
2383000 31
2384000 31
2385000 31
2386000 31
2387000 31
2388000 31
2389000 31
2390000 31
2391000 31
2392000 31
2393000 31
2394000 31
2395000 31
2396000 31
2397000 31
2398000 31
2399000 31
2400000 31
2401000 31
2402000 31
2403000 31
2404000 31
2405000 31
2406000 31
2407000 31
2408000 31
2409000 31
2410000 31
2411000 31
2412000 31
2413000 31
2414000 31
2415000 31
2416000 31
2417000 31
2418000 31
2419000 31
2420000 31
2421000 31
2422000 31
2423000 31
2424000 31
2425000 31
2426000 31
2427000 31
2428000 31
2429000 31
2430000 31
2431000 31
2432000 31
2433000 31
2434000 31
2435000 31
2436000 31
2437000 31
2438000 31
2439000 31
2440000 31
2441000 31
2442000 31
2443000 31
2444000 31
2445000 31
2446000 31
2447000 31
2448000 31
2449000 31
2450000 31
2451000 31
2452000 31
2453000 31
2454000 31
2455000 31
2456000 31
2457000 31
2458000 31
2459000 31
2460000 31
2461000 31
2462000 31
2463000 31
2464000 31
2465000 31
2466000 31
2467000 31
2468000 31
2469000 31
2470000 31
2471000 31
2472000 31
2473000 31
2474000 31
2475000 31
2476000 31
2477000 31
2478000 31
2479000 31
2480000 31
2481000 31
2482000 31
2483000 31
2484000 31
2485000 31
2486000 31
2487000 31
2488000 31
2489000 31
2490000 31
2491000 31
2492000 31
2493000 31
2494000 31
2495000 31
2496000 31
2497000 31
2498000 31
2499000 31
2500000 31
2501000 31
2502000 31
2503000 31
2504000 31
2505000 31
2506000 31
2507000 31
2508000 31
2509000 31
2510000 31
2511000 31
2512000 31
2513000 31
2514000 31
2515000 31
2516000 31
2517000 31
2518000 31
2519000 31
2520000 31
2521000 31
2522000 31
2523000 31
2524000 31
2525000 31
2526000 31
2527000 31
2528000 31
2529000 31
2530000 31
2531000 31
2532000 31
2533000 31
2534000 31
2535000 31
2536000 31
2537000 31
2538000 31
2539000 31
2540000 31
2541000 31
2542000 31
2543000 31
2544000 31
2545000 31
2546000 31
2547000 31
2548000 31
2549000 31
2550000 31
2551000 31
2552000 31
2553000 31
2554000 31
2555000 31
2556000 31
2557000 31
2558000 31
2559000 31
2560000 31
2561000 31
2562000 31
2563000 31
2564000 31
2565000 31
2566000 31
2567000 31
2568000 31
2569000 31
2570000 31
2571000 31
2572000 31
2573000 31
2574000 31
2575000 31
2576000 31
2577000 31
2578000 31
2579000 31
2580000 31
2581000 31
2582000 31
2583000 31
2584000 31
2585000 31
2586000 31
2587000 31
2588000 31
2589000 31
2590000 31
2591000 31
2592000 31
2593000 31
2594000 31
2595000 31
2596000 31
2597000 31
2598000 31
2599000 31
2600000 31
2601000 31
2602000 31
2603000 31
2604000 31
2605000 31
2606000 31
2607000 31
2608000 31
2609000 31
2610000 31
2611000 31
2612000 31
2613000 31
2614000 31
2615000 31
2616000 31
2617000 31
2618000 31
2619000 31
2620000 31
2621000 31
2622000 31
2623000 31
2624000 31
2625000 31
2626000 31
2627000 31
2628000 31
2629000 31
2630000 31
2631000 31
2632000 31
2633000 31
2634000 31
2635000 31
2636000 31
2637000 31
2638000 31
2639000 31
2640000 31
2641000 31
2642000 31
2643000 31
2644000 31
2645000 31
2646000 31
2647000 31
2648000 31
2649000 31
2650000 31
2651000 31
2652000 31
2653000 31
2654000 31
2655000 31
2656000 31
2657000 31
2658000 31
2659000 31
2660000 31
2661000 31
2662000 31
2663000 31
2664000 31
2665000 31
2666000 31
2667000 31
2668000 31
2669000 31
2670000 31
2671000 31
2672000 31
2673000 31
2674000 31
2675000 31
2676000 31
2677000 31
2678000 31
2679000 31
2680000 31
2681000 31
2682000 31
2683000 31
2684000 31
2685000 31
2686000 31
2687000 31
2688000 31
2689000 31
2690000 31
2691000 31
2692000 31
2693000 31
2694000 31
2695000 31
2696000 31
2697000 31
2698000 31
2699000 31
2700000 31
2701000 31
2702000 31
2703000 31
2704000 31
2705000 31
2706000 31
2707000 31
2708000 31
2709000 31
2710000 31
2711000 31
2712000 31
2713000 31
2714000 31
2715000 31
2716000 31
2717000 31
2718000 31
2719000 31
2720000 31
2721000 31
2722000 31
2723000 31
2724000 31
2725000 31
2726000 31
2727000 31
2728000 31
2729000 31
2730000 31
2731000 31
2732000 31
2733000 31
2734000 31
2735000 31
2736000 31
2737000 31
2738000 31
2739000 31
2740000 31
2741000 31
2742000 31
2743000 31
2744000 31
2745000 31
2746000 31
2747000 32
2748000 32
2749000 32
2750000 32
2751000 32
2752000 32
2753000 32
2754000 32
2755000 32
2756000 32
2757000 32
2758000 32
2759000 32
2760000 32
2761000 32
2762000 32
2763000 32
2764000 32
2765000 32
2766000 32
2767000 32
2768000 32
2769000 32
2770000 32
2771000 32
2772000 32
2773000 32
2774000 32
2775000 32
2776000 32
2777000 32
2778000 32
2779000 32
2780000 32
2781000 32
2782000 32
2783000 32
2784000 32
2785000 32
2786000 32
2787000 32
2788000 32
2789000 32
2790000 32
2791000 32
2792000 32
2793000 32
2794000 32
2795000 32
2796000 32
2797000 32
2798000 32
2799000 32
2800000 32
2801000 32
2802000 32
2803000 32
2804000 32
2805000 32
2806000 32
2807000 32
2808000 32
2809000 32
2810000 33
2811000 33
2812000 33
2813000 33
2814000 33
2815000 33
2816000 33
2817000 33
2818000 33
2819000 33
2820000 33
2821000 33
2822000 33
2823000 34
2824000 34
2825000 34
2826000 34
2827000 34
2828000 34
2829000 34
2830000 34
2831000 34
2832000 34
2833000 34
2834000 34
2835000 34
2836000 34
2837000 34
2838000 34
2839000 34
2840000 34
2841000 34
2842000 34
2843000 34
2844000 34
2845000 34
2846000 34
2847000 34
2848000 34
2849000 34
2850000 34
2851000 34
2852000 34
2853000 34
2854000 34
2855000 34
2856000 34
2857000 34
2858000 34
2859000 34
2860000 34
2861000 34
2862000 34
2863000 34
2864000 34
2865000 34
2866000 34
2867000 34
2868000 34
2869000 34
2870000 34
2871000 34
2872000 34
2873000 34
2874000 34
2875000 34
2876000 34
2877000 34
2878000 34
2879000 34
2880000 34
2881000 34
2882000 34
2883000 34
2884000 34
2885000 34
2886000 34
2887000 34
2888000 34
2889000 34
2890000 34
2891000 34
2892000 34
2893000 34
2894000 34
2895000 34
2896000 34
2897000 34
2898000 34
2899000 34
2900000 34
2901000 34
2902000 34
2903000 34
2904000 34
2905000 34
2906000 34
2907000 34
2908000 34
2909000 34
2910000 34
2911000 34
2912000 34
2913000 34
2914000 34
2915000 34
2916000 34
2917000 34
2918000 34
2919000 34
2920000 34
2921000 34
2922000 34
2923000 34
2924000 34
2925000 34
2926000 34
2927000 34
2928000 34
2929000 34
2930000 34
2931000 34
2932000 34
2933000 34
2934000 34
2935000 34
2936000 34
2937000 34
2938000 34
2939000 34
2940000 34
2941000 34
2942000 34
2943000 34
2944000 34
2945000 34
2946000 34
2947000 34
2948000 34
2949000 34
2950000 34
2951000 34
2952000 34
2953000 34
2954000 34
2955000 34
2956000 34
2957000 34
2958000 34
2959000 34
2960000 34
2961000 34
2962000 34
2963000 34
2964000 34
2965000 34
2966000 34
2967000 34
2968000 34
2969000 34
2970000 34
2971000 34
2972000 34
2973000 34
2974000 34
2975000 34
2976000 34
2977000 34
2978000 34
2979000 34
2980000 34
2981000 34
2982000 34
2983000 34
2984000 34
2985000 34
2986000 34
2987000 34
2988000 34
2989000 34
2990000 34
2991000 34
2992000 34
2993000 34
2994000 34
2995000 34
2996000 34
2997000 34
2998000 34
2999000 34
3000000 34
3001000 34
3002000 34
3003000 34
3004000 34
3005000 34
3006000 34
3007000 34
3008000 34
3009000 34
3010000 34
3011000 34
3012000 34
3013000 34
3014000 34
3015000 34
3016000 34
3017000 34
3018000 34
3019000 34
3020000 34
3021000 34
3022000 34
3023000 34
3024000 34
3025000 34
3026000 34
3027000 34
3028000 34
3029000 34
3030000 34
3031000 34
3032000 34
3033000 34
3034000 34
3035000 34
3036000 34
3037000 34
3038000 34
3039000 34
3040000 34
3041000 34
3042000 34
3043000 34
3044000 34
3045000 34
3046000 34
3047000 34
3048000 34
3049000 34
3050000 34
3051000 34
3052000 34
3053000 34
3054000 34
3055000 34
3056000 34
3057000 34
3058000 34
3059000 34
3060000 34
3061000 34
3062000 34
3063000 34
3064000 34
3065000 34
3066000 34
3067000 34
3068000 34
3069000 34
3070000 34
3071000 34
3072000 34
3073000 34
3074000 34
3075000 34
3076000 34
3077000 34
3078000 34
3079000 34
3080000 34
3081000 34
3082000 34
3083000 34
3084000 34
3085000 34
3086000 34
3087000 35
3088000 35
3089000 35
3090000 35
3091000 35
3092000 35
3093000 35
3094000 35
3095000 35
3096000 35
3097000 35
3098000 35
3099000 35
3100000 35
3101000 35
3102000 35
3103000 35
3104000 35
3105000 35
3106000 35
3107000 35
3108000 35
3109000 35
3110000 35
3111000 35
3112000 35
3113000 35
3114000 35
3115000 35
3116000 35
3117000 35
3118000 35
3119000 35
3120000 35
3121000 35
3122000 35
3123000 35
3124000 35
3125000 35
3126000 35
3127000 35
3128000 35
3129000 35
3130000 35
3131000 35
3132000 35
3133000 35
3134000 35
3135000 35
3136000 35
3137000 35
3138000 35
3139000 35
3140000 35
3141000 35
3142000 35
3143000 35
3144000 35
3145000 35
3146000 35
3147000 35
3148000 35
3149000 35
3150000 35
3151000 35
3152000 35
3153000 35
3154000 35
3155000 35
3156000 35
3157000 35
3158000 35
3159000 35
3160000 35
3161000 35
3162000 35
3163000 35
3164000 35
3165000 35
3166000 35
3167000 35
3168000 35
3169000 35
3170000 35
3171000 35
3172000 35
3173000 35
3174000 35
3175000 35
3176000 35
3177000 35
3178000 35
3179000 35
3180000 35
3181000 35
3182000 35
3183000 35
3184000 35
3185000 35
3186000 35
3187000 35
3188000 35
3189000 35
3190000 35
3191000 35
3192000 35
3193000 35
3194000 35
3195000 35
3196000 35
3197000 35
3198000 35
3199000 35
3200000 35
3201000 35
3202000 35
3203000 35
3204000 35
3205000 35
3206000 35
3207000 35
3208000 35
3209000 35
3210000 35
3211000 35
3212000 35
3213000 35
3214000 35
3215000 35
3216000 35
3217000 35
3218000 35
3219000 35
3220000 35
3221000 35
3222000 35
3223000 35
3224000 35
3225000 35
3226000 35
3227000 35
3228000 35
3229000 35
3230000 35
3231000 35
3232000 35
3233000 35
3234000 35
3235000 35
3236000 35
3237000 35
3238000 35
3239000 35
3240000 35
3241000 35
3242000 35
3243000 35
3244000 35
3245000 35
3246000 35
3247000 35
3248000 35
3249000 36
3250000 36
3251000 36
3252000 36
3253000 36
3254000 36
3255000 36
3256000 36
3257000 36
3258000 36
3259000 36
3260000 36
3261000 36
3262000 36
3263000 36
3264000 36
3265000 36
3266000 36
3267000 36
3268000 36
3269000 36
3270000 36
3271000 36
3272000 36
3273000 36
3274000 36
3275000 36
3276000 36
3277000 36
3278000 36
3279000 36
3280000 36
3281000 36
3282000 36
3283000 36
3284000 36
3285000 36
3286000 36
3287000 36
3288000 36
3289000 36
3290000 36
3291000 36
3292000 36
3293000 36
3294000 36
3295000 36
3296000 36
3297000 36
3298000 36
3299000 36
3300000 36
3301000 36
3302000 36
3303000 36
3304000 36
3305000 36
3306000 36
3307000 36
3308000 36
3309000 36
3310000 36
3311000 36
3312000 37
3313000 37
3314000 37
3315000 37
3316000 37
3317000 37
3318000 37
3319000 37
3320000 37
3321000 37
3322000 37
3323000 37
3324000 37
3325000 37
3326000 37
3327000 37
3328000 37
3329000 37
3330000 37
3331000 37
3332000 37
3333000 37
3334000 37
3335000 37
3336000 37
3337000 37
3338000 37
3339000 37
3340000 37
3341000 37
3342000 37
3343000 37
3344000 37
3345000 37
3346000 37
3347000 37
3348000 37
3349000 37
3350000 37
3351000 37
3352000 37
3353000 37
3354000 37
3355000 37
3356000 37
3357000 37
3358000 37
3359000 37
3360000 37
3361000 37
3362000 37
3363000 37
3364000 37
3365000 37
3366000 37
3367000 37
3368000 37
3369000 37
3370000 37
3371000 37
3372000 37
3373000 37
3374000 37
3375000 37
3376000 37
3377000 37
3378000 37
3379000 37
3380000 37
3381000 37
3382000 37
3383000 37
3384000 37
3385000 37
3386000 37
3387000 37
3388000 37
3389000 37
3390000 37
3391000 37
3392000 37
3393000 37
3394000 37
3395000 37
3396000 37
3397000 37
3398000 37
3399000 37
3400000 37
3401000 37
3402000 37
3403000 37
3404000 37
3405000 37
3406000 37
3407000 37
3408000 37
3409000 37
3410000 37
3411000 37
3412000 37
3413000 37
3414000 37
3415000 37
3416000 37
3417000 37
3418000 37
3419000 37
3420000 37
3421000 37
3422000 37
3423000 37
3424000 37
3425000 37
3426000 37
3427000 37
3428000 37
3429000 37
3430000 37
3431000 37
3432000 37
3433000 37
3434000 37
3435000 37
3436000 37
3437000 37
3438000 37
3439000 37
3440000 37
3441000 37
3442000 37
3443000 37
3444000 37
3445000 37
3446000 37
3447000 37
3448000 37
3449000 37
3450000 37
3451000 37
3452000 37
3453000 37
3454000 37
3455000 37
3456000 37
3457000 37
3458000 37
3459000 37
3460000 37
3461000 37
3462000 37
3463000 37
3464000 37
3465000 37
3466000 37
3467000 37
3468000 37
3469000 37
3470000 37
3471000 37
3472000 37
3473000 37
3474000 37
3475000 37
3476000 37
3477000 37
3478000 37
3479000 37
3480000 37
3481000 37
3482000 37
3483000 37
3484000 37
3485000 37
3486000 37
3487000 37
3488000 37
3489000 37
3490000 37
3491000 37
3492000 37
3493000 37
3494000 37
3495000 37
3496000 37
3497000 37
3498000 37
3499000 37
3500000 37
3501000 37
3502000 37
3503000 37
3504000 37
3505000 37
3506000 37
3507000 37
3508000 37
3509000 37
3510000 37
3511000 37
3512000 37
3513000 37
3514000 37
3515000 37
3516000 37
3517000 37
3518000 37
3519000 37
3520000 37
3521000 37
3522000 37
3523000 37
3524000 37
3525000 37
3526000 37
3527000 37
3528000 37
3529000 37
3530000 37
3531000 37
3532000 37
3533000 37
3534000 37
3535000 37
3536000 37
3537000 37
3538000 37
3539000 37
3540000 37
3541000 37
3542000 37
3543000 37
3544000 37
3545000 37
3546000 37
3547000 37
3548000 37
3549000 37
3550000 37
3551000 37
3552000 37
3553000 37
3554000 37
3555000 37
3556000 37
3557000 37
3558000 37
3559000 37
3560000 37
3561000 37
3562000 37
3563000 37
3564000 37
3565000 37
3566000 37
3567000 37
3568000 37
3569000 37
3570000 37
3571000 37
3572000 37
3573000 37
3574000 37
3575000 37
3576000 37
3577000 37
3578000 37
3579000 37
3580000 37
3581000 37
3582000 37
3583000 37
3584000 37
3585000 37
3586000 37
3587000 37
3588000 37
3589000 37
3590000 37
3591000 37
3592000 37
3593000 37
3594000 37
3595000 37
3596000 37
3597000 37
3598000 37
3599000 37
3600000 37
3601000 37
3602000 37
3603000 37
3604000 37
3605000 37
3606000 37
3607000 37
3608000 37
3609000 37
3610000 37
3611000 37
3612000 37
3613000 37
3614000 37
3615000 37
3616000 37
3617000 37
3618000 37
3619000 37
3620000 37
3621000 37
3622000 37
3623000 37
3624000 37
3625000 37
3626000 37
3627000 37
3628000 37
3629000 37
3630000 37
3631000 37
3632000 37
3633000 37
3634000 37
3635000 37
3636000 37
3637000 37
3638000 37
3639000 37
3640000 37
3641000 37
3642000 37
3643000 37
3644000 37
3645000 37
3646000 37
3647000 37
3648000 37
3649000 37
3650000 37
3651000 37
3652000 37
3653000 37
3654000 37
3655000 37
3656000 37
3657000 37
3658000 37
3659000 37
3660000 37
3661000 37
3662000 37
3663000 37
3664000 37
3665000 37
3666000 37
3667000 37
3668000 37
3669000 37
3670000 37
3671000 37
3672000 37
3673000 37
3674000 37
3675000 37
3676000 37
3677000 37
3678000 37
3679000 37
3680000 37
3681000 37
3682000 37
3683000 37
3684000 37
3685000 37
3686000 37
3687000 37
3688000 37
3689000 37
3690000 37
3691000 37
3692000 37
3693000 37
3694000 37
3695000 37
3696000 37
3697000 37
3698000 37
3699000 37
3700000 37
3701000 37
3702000 37
3703000 37
3704000 37
3705000 37
3706000 37
3707000 37
3708000 37
3709000 37
3710000 37
3711000 37
3712000 37
3713000 37
3714000 37
3715000 37
3716000 37
3717000 37
3718000 37
3719000 37
3720000 37
3721000 37
3722000 37
3723000 37
3724000 37
3725000 38
3726000 38
3727000 38
3728000 38
3729000 38
3730000 38
3731000 38
3732000 38
3733000 38
3734000 38
3735000 38
3736000 38
3737000 38
3738000 38
3739000 38
3740000 38
3741000 38
3742000 38
3743000 38
3744000 38
3745000 38
3746000 38
3747000 38
3748000 38
3749000 38
3750000 38
3751000 38
3752000 38
3753000 38
3754000 38
3755000 38
3756000 38
3757000 38
3758000 38
3759000 38
3760000 38
3761000 38
3762000 38
3763000 38
3764000 38
3765000 38
3766000 38
3767000 38
3768000 38
3769000 38
3770000 38
3771000 38
3772000 38
3773000 38
3774000 38
3775000 38
3776000 38
3777000 38
3778000 38
3779000 38
3780000 38
3781000 38
3782000 38
3783000 38
3784000 38
3785000 38
3786000 38
3787000 38
3788000 38
3789000 38
3790000 38
3791000 38
3792000 38
3793000 38
3794000 38
3795000 38
3796000 38
3797000 38
3798000 38
3799000 38
3800000 38
3801000 38
3802000 38
3803000 38
3804000 38
3805000 38
3806000 38
3807000 38
3808000 38
3809000 38
3810000 38
3811000 38
3812000 38
3813000 38
3814000 38
3815000 38
3816000 38
3817000 38
3818000 38
3819000 38
3820000 38
3821000 38
3822000 38
3823000 38
3824000 38
3825000 38
3826000 38
3827000 38
3828000 38
3829000 38
3830000 38
3831000 38
3832000 38
3833000 38
3834000 38
3835000 38
3836000 38
3837000 38
3838000 38
3839000 38
3840000 38
3841000 38
3842000 38
3843000 38
3844000 38
3845000 38
3846000 38
3847000 38
3848000 38
3849000 38
3850000 38
3851000 38
3852000 38
3853000 38
3854000 38
3855000 38
3856000 38
3857000 38
3858000 38
3859000 38
3860000 38
3861000 38
3862000 38
3863000 38
3864000 38
3865000 38
3866000 38
3867000 38
3868000 38
3869000 38
3870000 38
3871000 38
3872000 38
3873000 38
3874000 38
3875000 38
3876000 38
3877000 38
3878000 38
3879000 38
3880000 38
3881000 38
3882000 38
3883000 38
3884000 38
3885000 38
3886000 38
3887000 38
3888000 38
3889000 38
3890000 38
3891000 38
3892000 38
3893000 38
3894000 38
3895000 38
3896000 38
3897000 38
3898000 38
3899000 38
3900000 38
3901000 38
3902000 38
3903000 38
3904000 38
3905000 38
3906000 38
3907000 38
3908000 38
3909000 38
3910000 38
3911000 38
3912000 38
3913000 38
3914000 38
3915000 38
3916000 38
3917000 38
3918000 38
3919000 38
3920000 38
3921000 38
3922000 38
3923000 38
3924000 38
3925000 38
3926000 38
3927000 38
3928000 38
3929000 38
3930000 38
3931000 38
3932000 38
3933000 38
3934000 38
3935000 38
3936000 38
3937000 38
3938000 38
3939000 38
3940000 38
3941000 38
3942000 38
3943000 38
3944000 38
3945000 38
3946000 38
3947000 38
3948000 38
3949000 38
3950000 38
3951000 38
3952000 38
3953000 38
3954000 38
3955000 38
3956000 38
3957000 38
3958000 38
3959000 38
3960000 38
3961000 38
3962000 38
3963000 38
3964000 38
3965000 38
3966000 38
3967000 38
3968000 38
3969000 38
3970000 38
3971000 38
3972000 38
3973000 38
3974000 38
3975000 38
3976000 38
3977000 38
3978000 38
3979000 38
3980000 38
3981000 38
3982000 38
3983000 38
3984000 38
3985000 38
3986000 38
3987000 38
3988000 38
3989000 38
3990000 38
3991000 38
3992000 38
3993000 38
3994000 38
3995000 38
3996000 38
3997000 38
3998000 38
3999000 38
4000000 38
4001000 38
4002000 38
4003000 38
4004000 38
4005000 38
4006000 38
4007000 38
4008000 38
4009000 38
4010000 38
4011000 38
4012000 38
4013000 38
4014000 38
4015000 38
4016000 38
4017000 38
4018000 38
4019000 38
4020000 38
4021000 38
4022000 38
4023000 38
4024000 38
4025000 38
4026000 38
4027000 38
4028000 38
4029000 38
4030000 38
4031000 38
4032000 38
4033000 38
4034000 38
4035000 38
4036000 38
4037000 38
4038000 38
4039000 38
4040000 39
4041000 39
4042000 39
4043000 39
4044000 39
4045000 39
4046000 39
4047000 39
4048000 39
4049000 39
4050000 39
4051000 39
4052000 40
4053000 40
4054000 40
4055000 40
4056000 40
4057000 40
4058000 40
4059000 40
4060000 40
4061000 40
4062000 40
4063000 40
4064000 40
4065000 40
4066000 40
4067000 40
4068000 40
4069000 40
4070000 40
4071000 40
4072000 40
4073000 40
4074000 40
4075000 40
4076000 40
4077000 40
4078000 40
4079000 40
4080000 40
4081000 40
4082000 40
4083000 40
4084000 40
4085000 40
4086000 40
4087000 40
4088000 40
4089000 40
4090000 40
4091000 40
4092000 40
4093000 40
4094000 40
4095000 40
4096000 40
4097000 40
4098000 40
4099000 40
4100000 40
4101000 40
4102000 40
4103000 40
4104000 40
4105000 40
4106000 40
4107000 40
4108000 40
4109000 40
4110000 40
4111000 40
4112000 40
4113000 40
4114000 40
4115000 41
4116000 41
4117000 41
4118000 41
4119000 41
4120000 41
4121000 41
4122000 41
4123000 41
4124000 41
4125000 41
4126000 41
4127000 41
4128000 41
4129000 41
4130000 41
4131000 41
4132000 41
4133000 41
4134000 41
4135000 41
4136000 41
4137000 41
4138000 41
4139000 41
4140000 41
4141000 41
4142000 41
4143000 41
4144000 41
4145000 41
4146000 41
4147000 41
4148000 41
4149000 41
4150000 41
4151000 41
4152000 41
4153000 41
4154000 41
4155000 41
4156000 41
4157000 41
4158000 41
4159000 41
4160000 41
4161000 41
4162000 41
4163000 41
4164000 41
4165000 41
4166000 41
4167000 41
4168000 41
4169000 41
4170000 41
4171000 41
4172000 41
4173000 41
4174000 41
4175000 41
4176000 41
4177000 41
4178000 42
4179000 42
4180000 42
4181000 42
4182000 42
4183000 42
4184000 42
4185000 42
4186000 42
4187000 42
4188000 42
4189000 42
4190000 42
4191000 43
4192000 43
4193000 43
4194000 43
4195000 43
4196000 43
4197000 43
4198000 43
4199000 43
4200000 43
4201000 43
4202000 43
4203000 43
4204000 43
4205000 43
4206000 43
4207000 43
4208000 43
4209000 43
4210000 43
4211000 43
4212000 43
4213000 43
4214000 43
4215000 43
4216000 43
4217000 43
4218000 43
4219000 43
4220000 43
4221000 43
4222000 43
4223000 43
4224000 43
4225000 43
4226000 43
4227000 43
4228000 43
4229000 43
4230000 43
4231000 43
4232000 43
4233000 43
4234000 43
4235000 43
4236000 43
4237000 43
4238000 43
4239000 43
4240000 43
4241000 43
4242000 43
4243000 43
4244000 43
4245000 43
4246000 43
4247000 43
4248000 43
4249000 43
4250000 43
4251000 43
4252000 43
4253000 43
4254000 43
4255000 43
4256000 43
4257000 43
4258000 43
4259000 43
4260000 43
4261000 43
4262000 43
4263000 43
4264000 43
4265000 43
4266000 43
4267000 43
4268000 43
4269000 43
4270000 43
4271000 43
4272000 43
4273000 43
4274000 43
4275000 43
4276000 43
4277000 43
4278000 43
4279000 43
4280000 43
4281000 43
4282000 43
4283000 43
4284000 43
4285000 43
4286000 43
4287000 43
4288000 43
4289000 43
4290000 43
4291000 43
4292000 43
4293000 43
4294000 43
4295000 43
4296000 43
4297000 43
4298000 43
4299000 43
4300000 43
4301000 43
4302000 43
4303000 43
4304000 43
4305000 43
4306000 43
4307000 43
4308000 43
4309000 43
4310000 43
4311000 43
4312000 43
4313000 43
4314000 43
4315000 43
4316000 43
4317000 43
4318000 43
4319000 43
4320000 43
4321000 43
4322000 43
4323000 43
4324000 43
4325000 43
4326000 43
4327000 43
4328000 43
4329000 43
4330000 43
4331000 43
4332000 43
4333000 43
4334000 43
4335000 43
4336000 43
4337000 43
4338000 43
4339000 43
4340000 43
4341000 43
4342000 43
4343000 43
4344000 43
4345000 43
4346000 43
4347000 43
4348000 43
4349000 43
4350000 43
4351000 44
4352000 44
4353000 44
4354000 44
4355000 44
4356000 44
4357000 44
4358000 44
4359000 44
4360000 44
4361000 44
4362000 44
4363000 44
4364000 44
4365000 44
4366000 44
4367000 44
4368000 44
4369000 44
4370000 44
4371000 44
4372000 44
4373000 44
4374000 44
4375000 44
4376000 44
4377000 44
4378000 44
4379000 44
4380000 44
4381000 44
4382000 44
4383000 44
4384000 44
4385000 44
4386000 44
4387000 44
4388000 44
4389000 44
4390000 44
4391000 44
4392000 44
4393000 44
4394000 44
4395000 44
4396000 44
4397000 44
4398000 44
4399000 44
4400000 44
4401000 44
4402000 44
4403000 44
4404000 44
4405000 44
4406000 44
4407000 44
4408000 44
4409000 44
4410000 44
4411000 44
4412000 44
4413000 44
4414000 44
4415000 44
4416000 44
4417000 44
4418000 44
4419000 44
4420000 44
4421000 44
4422000 44
4423000 44
4424000 44
4425000 44
4426000 44
4427000 44
4428000 44
4429000 44
4430000 44
4431000 44
4432000 44
4433000 44
4434000 44
4435000 44
4436000 44
4437000 44
4438000 44
4439000 44
4440000 44
4441000 44
4442000 44
4443000 44
4444000 44
4445000 44
4446000 44
4447000 44
4448000 44
4449000 44
4450000 44
4451000 44
4452000 44
4453000 44
4454000 44
4455000 44
4456000 44
4457000 44
4458000 44
4459000 44
4460000 44
4461000 44
4462000 44
4463000 44
4464000 44
4465000 45
4466000 45
4467000 45
4468000 45
4469000 45
4470000 45
4471000 45
4472000 45
4473000 45
4474000 45
4475000 45
4476000 45
4477000 45
4478000 45
4479000 45
4480000 46
4481000 46
4482000 46
4483000 46
4484000 46
4485000 46
4486000 46
4487000 46
4488000 46
4489000 46
4490000 46
4491000 46
4492000 46
4493000 46
4494000 46
4495000 46
4496000 46
4497000 46
4498000 46
4499000 46
4500000 46
4501000 46
4502000 46
4503000 46
4504000 46
4505000 46
4506000 46
4507000 46
4508000 46
4509000 46
4510000 46
4511000 46
4512000 46
4513000 46
4514000 46
4515000 46
4516000 46
4517000 46
4518000 46
4519000 46
4520000 46
4521000 46
4522000 46
4523000 46
4524000 46
4525000 46
4526000 46
4527000 46
4528000 46
4529000 46
4530000 46
4531000 46
4532000 46
4533000 46
4534000 46
4535000 46
4536000 46
4537000 46
4538000 46
4539000 46
4540000 46
4541000 46
4542000 46
4543000 46
4544000 46
4545000 46
4546000 46
4547000 46
4548000 46
4549000 46
4550000 46
4551000 46
4552000 46
4553000 46
4554000 46
4555000 46
4556000 46
4557000 46
4558000 46
4559000 46
4560000 46
4561000 46
4562000 46
4563000 46
4564000 46
4565000 46
4566000 46
4567000 46
4568000 46
4569000 46
4570000 46
4571000 46
4572000 46
4573000 46
4574000 46
4575000 46
4576000 46
4577000 46
4578000 46
4579000 46
4580000 46
4581000 46
4582000 46
4583000 46
4584000 46
4585000 46
4586000 46
4587000 46
4588000 46
4589000 46
4590000 46
4591000 46
4592000 46
4593000 46
4594000 46
4595000 46
4596000 46
4597000 46
4598000 46
4599000 46
4600000 46
4601000 46
4602000 46
4603000 46
4604000 46
4605000 46
4606000 46
4607000 46
4608000 46
4609000 46
4610000 46
4611000 46
4612000 46
4613000 46
4614000 46
4615000 46
4616000 46
4617000 46
4618000 46
4619000 46
4620000 46
4621000 46
4622000 46
4623000 46
4624000 46
4625000 46
4626000 46
4627000 46
4628000 46
4629000 46
4630000 46
4631000 46
4632000 46
4633000 46
4634000 46
4635000 46
4636000 46
4637000 46
4638000 46
4639000 46
4640000 46
4641000 46
4642000 47
4643000 47
4644000 47
4645000 47
4646000 47
4647000 47
4648000 47
4649000 47
4650000 47
4651000 47
4652000 47
4653000 47
4654000 47
4655000 47
4656000 47
4657000 47
4658000 47
4659000 47
4660000 47
4661000 47
4662000 47
4663000 47
4664000 47
4665000 47
4666000 47
4667000 47
4668000 47
4669000 47
4670000 47
4671000 47
4672000 47
4673000 47
4674000 47
4675000 47
4676000 47
4677000 47
4678000 47
4679000 47
4680000 47
4681000 47
4682000 47
4683000 47
4684000 47
4685000 47
4686000 47
4687000 47
4688000 47
4689000 47
4690000 47
4691000 47
4692000 47
4693000 47
4694000 47
4695000 47
4696000 47
4697000 47
4698000 47
4699000 47
4700000 47
4701000 47
4702000 47
4703000 47
4704000 47
4705000 48
4706000 48
4707000 48
4708000 48
4709000 48
4710000 48
4711000 48
4712000 48
4713000 48
4714000 48
4715000 48
4716000 48
4717000 48
4718000 48
4719000 48
4720000 48
4721000 48
4722000 48
4723000 48
4724000 48
4725000 48
4726000 48
4727000 48
4728000 48
4729000 48
4730000 48
4731000 48
4732000 48
4733000 48
4734000 48
4735000 48
4736000 48
4737000 48
4738000 48
4739000 48
4740000 48
4741000 48
4742000 48
4743000 48
4744000 48
4745000 48
4746000 48
4747000 48
4748000 48
4749000 48
4750000 48
4751000 48
4752000 48
4753000 48
4754000 48
4755000 48
4756000 48
4757000 48
4758000 48
4759000 48
4760000 48
4761000 48
4762000 48
4763000 48
4764000 48
4765000 48
4766000 48
4767000 48
4768000 49
4769000 49
4770000 49
4771000 49
4772000 49
4773000 49
4774000 49
4775000 49
4776000 49
4777000 49
4778000 49
4779000 49
4780000 49
4781000 49
4782000 49
4783000 49
4784000 49
4785000 49
4786000 49
4787000 49
4788000 49
4789000 49
4790000 49
4791000 49
4792000 49
4793000 49
4794000 49
4795000 49
4796000 49
4797000 49
4798000 49
4799000 49
4800000 49
4801000 49
4802000 49
4803000 49
4804000 49
4805000 49
4806000 49
4807000 49
4808000 49
4809000 49
4810000 49
4811000 49
4812000 50
4813000 50
4814000 50
4815000 50
4816000 50
4817000 50
4818000 50
4819000 50
4820000 50
4821000 50
4822000 50
4823000 50
4824000 51
4825000 51
4826000 51
4827000 51
4828000 51
4829000 51
4830000 51
4831000 51
4832000 51
4833000 51
4834000 51
4835000 51
4836000 51
4837000 51
4838000 51
4839000 51
4840000 52
4841000 52
4842000 52
4843000 52
4844000 52
4845000 52
4846000 52
4847000 52
4848000 52
4849000 52
4850000 52
4851000 52
4852000 52
4853000 52
4854000 52
4855000 52
4856000 52
4857000 52
4858000 52
4859000 52
4860000 52
4861000 52
4862000 52
4863000 52
4864000 52
4865000 52
4866000 52
4867000 52
4868000 52
4869000 52
4870000 52
4871000 52
4872000 52
4873000 52
4874000 52
4875000 52
4876000 52
4877000 52
4878000 52
4879000 52
4880000 52
4881000 52
4882000 52
4883000 52
4884000 52
4885000 52
4886000 52
4887000 52
4888000 52
4889000 52
4890000 52
4891000 52
4892000 52
4893000 52
4894000 52
4895000 52
4896000 52
4897000 52
4898000 52
4899000 52
4900000 52
4901000 52
4902000 52
4903000 52
4904000 52
4905000 52
4906000 52
4907000 52
4908000 52
4909000 52
4910000 52
4911000 52
4912000 52
4913000 52
4914000 52
4915000 52
4916000 52
4917000 52
4918000 52
4919000 52
4920000 52
4921000 52
4922000 52
4923000 52
4924000 52
4925000 52
4926000 52
4927000 52
4928000 52
4929000 52
4930000 52
4931000 52
4932000 52
4933000 52
4934000 52
4935000 52
4936000 52
4937000 52
4938000 52
4939000 52
4940000 52
4941000 52
4942000 52
4943000 52
4944000 52
4945000 52
4946000 52
4947000 52
4948000 52
4949000 52
4950000 52
4951000 52
4952000 52
4953000 52
4954000 52
4955000 52
4956000 52
4957000 52
4958000 52
4959000 52
4960000 52
4961000 52
4962000 52
4963000 52
4964000 52
4965000 52
4966000 52
4967000 52
4968000 52
4969000 52
4970000 52
4971000 52
4972000 52
4973000 52
4974000 52
4975000 52
4976000 52
4977000 52
4978000 52
4979000 52
4980000 52
4981000 52
4982000 52
4983000 52
4984000 52
4985000 52
4986000 52
4987000 52
4988000 52
4989000 52
4990000 52
4991000 52
4992000 52
4993000 52
4994000 52
4995000 52
4996000 52
4997000 52
4998000 52
4999000 52
5000000 52
