0 0
1000 0
2000 0
3000 0
4000 0
5000 0
6000 0
7000 0
8000 0
9000 0
10000 0
11000 0
12000 0
13000 0
14000 0
15000 0
16000 0
17000 0
18000 0
19000 0
20000 0
21000 0
22000 0
23000 0
24000 0
25000 0
26000 0
27000 0
28000 0
29000 0
30000 0
31000 0
32000 0
33000 0
34000 0
35000 0
36000 0
37000 0
38000 0
39000 0
40000 0
41000 0
42000 0
43000 0
44000 0
45000 0
46000 0
47000 0
48000 0
49000 0
50000 0
51000 0
52000 0
53000 0
54000 0
55000 0
56000 0
57000 1
58000 1
59000 1
60000 1
61000 1
62000 1
63000 1
64000 2
65000 2
66000 2
67000 2
68000 2
69000 2
70000 2
71000 3
72000 3
73000 3
74000 3
75000 3
76000 3
77000 3
78000 3
79000 3
80000 3
81000 3
82000 3
83000 3
84000 3
85000 3
86000 3
87000 3
88000 3
89000 3
90000 3
91000 3
92000 3
93000 3
94000 3
95000 3
96000 3
97000 3
98000 3
99000 3
100000 3
101000 3
102000 3
103000 3
104000 3
105000 3
106000 3
107000 3
108000 3
109000 3
110000 3
111000 3
112000 3
113000 3
114000 3
115000 3
116000 3
117000 3
118000 3
119000 3
120000 3
121000 3
122000 3
123000 3
124000 3
125000 3
126000 3
127000 3
128000 3
129000 4
130000 4
131000 4
132000 4
133000 4
134000 4
135000 4
136000 4
137000 5
138000 5
139000 5
140000 5
141000 5
142000 5
143000 5
144000 5
145000 6
146000 6
147000 6
148000 6
149000 6
150000 6
151000 6
152000 7
153000 7
154000 7
155000 7
156000 7
157000 7
158000 7
159000 7
160000 7
161000 8
162000 8
163000 8
164000 8
165000 8
166000 8
167000 8
168000 9
169000 9
170000 9
171000 9
172000 9
173000 9
174000 9
175000 9
176000 9
177000 9
178000 9
179000 9
180000 9
181000 9
182000 9
183000 9
184000 9
185000 9
186000 9
187000 9
188000 9
189000 9
190000 9
191000 9
192000 9
193000 9
194000 9
195000 9
196000 9
197000 9
198000 9
199000 9
200000 9
201000 9
202000 9
203000 9
204000 9
205000 9
206000 9
207000 9
208000 9
209000 9
210000 9
211000 9
212000 9
213000 9
214000 9
215000 9
216000 9
217000 9
218000 9
219000 9
220000 9
221000 9
222000 9
223000 9
224000 9
225000 9
226000 9
227000 10
228000 10
229000 10
230000 10
231000 10
232000 10
233000 10
234000 11
235000 11
236000 11
237000 11
238000 11
239000 11
240000 11
241000 11
242000 12
243000 12
244000 12
245000 12
246000 12
247000 12
248000 12
249000 13
250000 13
251000 13
252000 13
253000 13
254000 13
255000 13
256000 13
257000 13
258000 13
259000 13
260000 13
261000 13
262000 13
263000 13
264000 13
265000 13
266000 13
267000 13
268000 13
269000 13
270000 13
271000 13
272000 13
273000 13
274000 13
275000 13
276000 13
277000 13
278000 13
279000 13
280000 13
281000 13
282000 13
283000 13
284000 13
285000 13
286000 13
287000 13
288000 13
289000 13
290000 13
291000 13
292000 13
293000 13
294000 13
295000 13
296000 13
297000 13
298000 13
299000 13
300000 13
301000 13
302000 13
303000 13
304000 13
305000 13
306000 14
307000 14
308000 14
309000 14
310000 14
311000 14
312000 15
313000 15
314000 15
315000 15
316000 15
317000 15
318000 15
319000 16
320000 16
321000 16
322000 16
323000 16
324000 16
325000 16
326000 16
327000 16
328000 16
329000 16
330000 16
331000 16
332000 16
333000 16
334000 16
335000 16
336000 16
337000 16
338000 16
339000 16
340000 16
341000 16
342000 16
343000 16
344000 16
345000 16
346000 16
347000 16
348000 16
349000 16
350000 16
351000 16
352000 16
353000 16
354000 16
355000 16
356000 16
357000 16
358000 16
359000 16
360000 16
361000 16
362000 16
363000 16
364000 16
365000 16
366000 16
367000 16
368000 16
369000 16
370000 16
371000 16
372000 16
373000 16
374000 16
375000 16
376000 16
377000 16
378000 16
379000 17
380000 17
381000 17
382000 17
383000 17
384000 17
385000 17
386000 17
387000 17
388000 17
389000 17
390000 17
391000 17
392000 17
393000 17
394000 17
395000 17
396000 17
397000 17
398000 17
399000 17
400000 17
401000 17
402000 17
403000 17
404000 17
405000 17
406000 17
407000 17
408000 17
409000 17
410000 17
411000 17
412000 17
413000 17
414000 17
415000 17
416000 17
417000 17
418000 17
419000 17
420000 17
421000 17
422000 17
423000 17
424000 17
425000 17
426000 17
427000 17
428000 17
429000 17
430000 17
431000 17
432000 17
433000 17
434000 17
435000 17
436000 17
437000 18
438000 18
439000 18
440000 18
441000 18
442000 18
443000 18
444000 18
445000 18
446000 18
447000 18
448000 18
449000 18
450000 18
451000 18
452000 18
453000 18
454000 18
455000 18
456000 18
457000 18
458000 18
459000 18
460000 18
461000 18
462000 18
463000 18
464000 18
465000 18
466000 18
467000 18
468000 18
469000 18
470000 18
471000 18
472000 18
473000 18
474000 18
475000 18
476000 18
477000 18
478000 18
479000 18
480000 18
481000 18
482000 18
483000 18
484000 18
485000 18
486000 18
487000 18
488000 18
489000 18
490000 18
491000 18
492000 18
493000 18
494000 19
495000 19
496000 19
497000 19
498000 19
499000 19
500000 19
501000 19
502000 19
503000 19
504000 19
505000 19
506000 19
507000 19
508000 19
509000 19
510000 19
511000 19
512000 19
513000 19
514000 19
515000 19
516000 19
517000 19
518000 19
519000 19
520000 19
521000 19
522000 19
523000 19
524000 19
525000 19
526000 19
527000 19
528000 19
529000 19
530000 19
531000 19
532000 19
533000 19
534000 19
535000 19
536000 19
537000 19
538000 19
539000 19
540000 19
541000 19
542000 19
543000 19
544000 19
545000 19
546000 19
547000 19
548000 19
549000 19
550000 19
551000 19
552000 19
553000 19
554000 19
555000 19
556000 19
557000 19
558000 19
559000 19
560000 19
561000 19
562000 19
563000 19
564000 19
565000 19
566000 19
567000 19
568000 19
569000 19
570000 19
571000 19
572000 19
573000 19
574000 19
575000 19
576000 19
577000 19
578000 19
579000 19
580000 19
581000 19
582000 19
583000 19
584000 19
585000 19
586000 19
587000 19
588000 19
589000 19
590000 19
591000 19
592000 19
593000 19
594000 19
595000 19
596000 19
597000 19
598000 19
599000 19
600000 19
601000 19
602000 19
603000 19
604000 19
605000 19
606000 19
607000 19
608000 19
609000 19
610000 19
611000 19
612000 19
613000 19
614000 19
615000 19
616000 19
617000 19
618000 19
619000 19
620000 19
621000 19
622000 19
623000 19
624000 19
625000 19
626000 19
627000 19
628000 19
629000 19
630000 19
631000 19
632000 19
633000 19
634000 19
635000 19
636000 19
637000 19
638000 19
639000 19
640000 19
641000 19
642000 19
643000 19
644000 19
645000 19
646000 19
647000 19
648000 19
649000 19
650000 19
651000 19
652000 19
653000 19
654000 19
655000 19
656000 19
657000 19
658000 19
659000 19
660000 19
661000 19
662000 19
663000 19
664000 19
665000 19
666000 19
667000 19
668000 19
669000 19
670000 19
671000 19
672000 19
673000 19
674000 19
675000 19
676000 19
677000 19
678000 19
679000 19
680000 19
681000 19
682000 19
683000 19
684000 19
685000 19
686000 19
687000 19
688000 19
689000 19
690000 19
691000 19
692000 19
693000 19
694000 19
695000 19
696000 19
697000 19
698000 19
699000 19
700000 19
701000 20
702000 20
703000 20
704000 20
705000 20
706000 20
707000 21
708000 21
709000 21
710000 21
711000 21
712000 21
713000 21
714000 21
715000 21
716000 21
717000 21
718000 21
719000 21
720000 21
721000 21
722000 21
723000 21
724000 21
725000 21
726000 21
727000 21
728000 21
729000 21
730000 21
731000 21
732000 21
733000 21
734000 21
735000 21
736000 21
737000 21
738000 21
739000 21
740000 21
741000 21
742000 21
743000 21
744000 21
745000 21
746000 21
747000 21
748000 21
749000 21
750000 21
751000 21
752000 21
753000 21
754000 21
755000 21
756000 21
757000 21
758000 21
759000 21
760000 21
761000 21
762000 21
763000 21
764000 22
765000 22
766000 22
767000 22
768000 22
769000 22
770000 22
771000 22
772000 22
773000 22
774000 23
775000 23
776000 23
777000 23
778000 23
779000 23
780000 23
781000 24
782000 24
783000 24
784000 24
785000 24
786000 24
787000 24
788000 25
789000 25
790000 25
791000 25
792000 25
793000 25
794000 25
795000 25
796000 25
797000 25
798000 25
799000 25
800000 25
801000 25
802000 25
803000 25
804000 25
805000 25
806000 25
807000 25
808000 25
809000 25
810000 25
811000 25
812000 25
813000 25
814000 25
815000 25
816000 25
817000 25
818000 25
819000 25
820000 25
821000 25
822000 25
823000 25
824000 25
825000 25
826000 25
827000 25
828000 25
829000 25
830000 25
831000 25
832000 25
833000 25
834000 25
835000 25
836000 25
837000 25
838000 25
839000 25
840000 25
841000 25
842000 25
843000 25
844000 25
845000 25
846000 25
847000 25
848000 25
849000 25
850000 25
851000 25
852000 25
853000 25
854000 25
855000 25
856000 25
857000 25
858000 25
859000 25
860000 25
861000 25
862000 25
863000 25
864000 25
865000 25
866000 25
867000 25
868000 25
869000 25
870000 25
871000 25
872000 25
873000 25
874000 25
875000 25
876000 25
877000 25
878000 25
879000 25
880000 25
881000 25
882000 25
883000 25
884000 25
885000 25
886000 25
887000 25
888000 25
889000 25
890000 25
891000 25
892000 25
893000 25
894000 26
895000 26
896000 26
897000 26
898000 26
899000 26
900000 26
901000 26
902000 27
903000 27
904000 27
905000 27
906000 27
907000 27
908000 28
909000 28
910000 28
911000 28
912000 28
913000 28
914000 28
915000 28
916000 29
917000 29
918000 29
919000 29
920000 29
921000 29
922000 29
923000 29
924000 29
925000 29
926000 29
927000 29
928000 29
929000 30
930000 30
931000 30
932000 30
933000 30
934000 30
935000 30
936000 31
937000 31
938000 31
939000 31
940000 31
941000 31
942000 31
943000 31
944000 31
945000 31
946000 31
947000 31
948000 31
949000 31
950000 31
951000 31
952000 31
953000 31
954000 31
955000 31
956000 31
957000 32
958000 32
959000 32
960000 32
961000 32
962000 32
963000 32
964000 32
965000 32
966000 32
967000 32
968000 32
969000 32
970000 32
971000 32
972000 32
973000 32
974000 32
975000 32
976000 32
977000 32
978000 32
979000 32
980000 32
981000 32
982000 32
983000 32
984000 32
985000 32
986000 32
987000 32
988000 32
989000 32
990000 32
991000 32
992000 32
993000 32
994000 32
995000 32
996000 32
997000 32
998000 32
999000 32
1000000 32
1001000 32
1002000 32
1003000 32
1004000 32
1005000 32
1006000 32
1007000 32
1008000 32
1009000 32
1010000 32
1011000 32
1012000 32
1013000 32
1014000 33
1015000 33
1016000 33
1017000 33
1018000 33
1019000 33
1020000 33
1021000 33
1022000 33
1023000 33
1024000 34
1025000 34
1026000 34
1027000 34
1028000 34
1029000 34
1030000 34
1031000 35
1032000 35
1033000 35
1034000 35
1035000 35
1036000 35
1037000 35
1038000 35
1039000 35
1040000 35
1041000 35
1042000 35
1043000 35
1044000 35
1045000 35
1046000 35
1047000 35
1048000 35
1049000 35
1050000 35
1051000 35
1052000 35
1053000 35
1054000 35
1055000 35
1056000 35
1057000 35
1058000 35
1059000 35
1060000 35
1061000 35
1062000 35
1063000 35
1064000 35
1065000 35
1066000 35
1067000 35
1068000 35
1069000 35
1070000 35
1071000 35
1072000 35
1073000 35
1074000 35
1075000 35
1076000 35
1077000 35
1078000 35
1079000 35
1080000 35
1081000 35
1082000 35
1083000 35
1084000 35
1085000 35
1086000 35
1087000 35
1088000 35
1089000 35
1090000 35
1091000 35
1092000 35
1093000 35
1094000 35
1095000 35
1096000 35
1097000 35
1098000 35
1099000 35
1100000 35
1101000 35
1102000 35
1103000 35
1104000 35
1105000 35
1106000 35
1107000 35
1108000 35
1109000 35
1110000 35
1111000 35
1112000 35
1113000 35
1114000 35
1115000 35
1116000 35
1117000 35
1118000 35
1119000 35
1120000 35
1121000 35
1122000 35
1123000 35
1124000 35
1125000 35
1126000 35
1127000 35
1128000 35
1129000 35
1130000 35
1131000 35
1132000 35
1133000 35
1134000 35
1135000 35
1136000 35
1137000 35
1138000 35
1139000 35
1140000 35
1141000 35
1142000 36
1143000 36
1144000 36
1145000 36
1146000 36
1147000 36
1148000 36
1149000 36
1150000 36
1151000 37
1152000 37
1153000 37
1154000 37
1155000 37
1156000 37
1157000 38
1158000 38
1159000 38
1160000 38
1161000 38
1162000 38
1163000 38
1164000 38
1165000 38
1166000 39
1167000 39
1168000 39
1169000 39
1170000 39
1171000 39
1172000 39
1173000 39
1174000 39
1175000 39
1176000 39
1177000 39
1178000 39
1179000 39
1180000 39
1181000 39
1182000 39
1183000 39
1184000 39
1185000 39
1186000 39
1187000 39
1188000 39
1189000 39
1190000 39
1191000 39
1192000 39
1193000 39
1194000 39
1195000 39
1196000 39
1197000 39
1198000 39
1199000 39
1200000 39
1201000 39
1202000 39
1203000 39
1204000 39
1205000 39
1206000 40
1207000 40
1208000 40
1209000 40
1210000 40
1211000 40
1212000 40
1213000 40
1214000 40
1215000 40
1216000 40
1217000 40
1218000 40
1219000 40
1220000 40
1221000 40
1222000 40
1223000 40
1224000 40
1225000 40
1226000 40
1227000 40
1228000 40
1229000 40
1230000 40
1231000 40
1232000 40
1233000 40
1234000 40
1235000 40
1236000 40
1237000 40
1238000 40
1239000 40
1240000 40
1241000 40
1242000 40
1243000 40
1244000 40
1245000 40
1246000 40
1247000 40
1248000 40
1249000 40
1250000 40
1251000 40
1252000 40
1253000 40
1254000 40
1255000 40
1256000 40
1257000 40
1258000 40
1259000 40
1260000 40
1261000 40
1262000 40
1263000 40
1264000 41
1265000 41
1266000 41
1267000 41
1268000 41
1269000 41
1270000 41
1271000 42
1272000 42
1273000 42
1274000 42
1275000 42
1276000 42
1277000 42
1278000 42
1279000 42
1280000 42
1281000 42
1282000 42
1283000 42
1284000 42
1285000 42
1286000 42
1287000 42
1288000 42
1289000 42
1290000 42
1291000 42
1292000 42
1293000 42
1294000 42
1295000 42
1296000 42
1297000 42
1298000 42
1299000 42
1300000 42
1301000 42
1302000 42
1303000 42
1304000 42
1305000 42
1306000 42
1307000 42
1308000 42
1309000 42
1310000 42
1311000 42
1312000 42
1313000 42
1314000 42
1315000 42
1316000 42
1317000 42
1318000 42
1319000 42
1320000 42
1321000 42
1322000 42
1323000 42
1324000 42
1325000 42
1326000 42
1327000 42
1328000 42
1329000 42
1330000 43
1331000 43
1332000 43
1333000 43
1334000 43
1335000 43
1336000 43
1337000 44
1338000 44
1339000 44
1340000 44
1341000 44
1342000 44
1343000 44
1344000 44
1345000 45
1346000 45
1347000 45
1348000 45
1349000 45
1350000 45
1351000 45
1352000 46
1353000 46
1354000 46
1355000 46
1356000 46
1357000 46
1358000 46
1359000 47
1360000 47
1361000 47
1362000 47
1363000 47
1364000 47
1365000 47
1366000 48
1367000 48
1368000 48
1369000 48
1370000 48
1371000 48
1372000 48
1373000 48
1374000 49
1375000 49
1376000 49
1377000 49
1378000 49
1379000 49
1380000 49
1381000 49
1382000 49
1383000 50
1384000 50
1385000 50
1386000 50
1387000 50
1388000 50
1389000 51
1390000 51
1391000 51
1392000 51
1393000 51
1394000 51
1395000 51
1396000 51
1397000 51
1398000 51
1399000 52
1400000 52
1401000 52
1402000 52
1403000 52
1404000 52
1405000 52
1406000 53
1407000 53
1408000 53
1409000 53
1410000 53
1411000 53
1412000 53
1413000 53
1414000 53
1415000 53
1416000 53
1417000 53
1418000 53
1419000 53
1420000 53
1421000 53
1422000 53
1423000 53
1424000 53
1425000 53
1426000 53
1427000 53
1428000 53
1429000 53
1430000 53
1431000 53
1432000 53
1433000 53
1434000 53
1435000 53
1436000 53
1437000 53
1438000 53
1439000 53
1440000 53
1441000 53
1442000 53
1443000 53
1444000 53
1445000 53
1446000 53
1447000 53
1448000 53
1449000 53
1450000 53
1451000 53
1452000 53
1453000 53
1454000 53
1455000 53
1456000 53
1457000 53
1458000 53
1459000 53
1460000 53
1461000 53
1462000 53
1463000 53
1464000 54
1465000 54
1466000 54
1467000 54
1468000 54
1469000 54
1470000 55
1471000 55
1472000 55
1473000 55
1474000 55
1475000 55
1476000 55
1477000 56
1478000 56
1479000 56
1480000 56
1481000 56
1482000 56
1483000 56
1484000 56
1485000 56
1486000 56
1487000 56
1488000 56
1489000 56
1490000 56
1491000 56
1492000 56
1493000 56
1494000 56
1495000 56
1496000 56
1497000 56
1498000 56
1499000 56
1500000 56
1501000 56
1502000 56
1503000 56
1504000 56
1505000 56
1506000 56
1507000 56
1508000 56
1509000 56
1510000 56
1511000 56
1512000 56
1513000 56
1514000 56
1515000 56
1516000 56
1517000 56
1518000 56
1519000 56
1520000 56
1521000 56
1522000 56
1523000 56
1524000 56
1525000 56
1526000 56
1527000 56
1528000 56
1529000 56
1530000 56
1531000 56
1532000 56
1533000 56
1534000 56
1535000 56
1536000 56
1537000 56
1538000 56
1539000 56
1540000 56
1541000 56
1542000 56
1543000 56
1544000 56
1545000 56
1546000 56
1547000 56
1548000 56
1549000 56
1550000 56
1551000 56
1552000 56
1553000 56
1554000 56
1555000 56
1556000 56
1557000 56
1558000 56
1559000 56
1560000 56
1561000 56
1562000 56
1563000 56
1564000 56
1565000 56
1566000 56
1567000 56
1568000 56
1569000 56
1570000 56
1571000 56
1572000 56
1573000 56
1574000 56
1575000 56
1576000 56
1577000 56
1578000 56
1579000 56
1580000 56
1581000 56
1582000 56
1583000 56
1584000 56
1585000 57
1586000 57
1587000 57
1588000 57
1589000 57
1590000 57
1591000 57
1592000 57
1593000 57
1594000 57
1595000 57
1596000 57
1597000 57
1598000 57
1599000 57
1600000 57
1601000 57
1602000 57
1603000 57
1604000 57
1605000 57
1606000 57
1607000 57
1608000 57
1609000 57
1610000 57
1611000 57
1612000 57
1613000 57
1614000 57
1615000 57
1616000 57
1617000 57
1618000 57
1619000 57
1620000 57
1621000 57
1622000 57
1623000 57
1624000 57
1625000 57
1626000 57
1627000 57
1628000 57
1629000 57
1630000 57
1631000 57
1632000 57
1633000 57
1634000 57
1635000 57
1636000 57
1637000 57
1638000 57
1639000 57
1640000 57
1641000 57
1642000 57
1643000 57
1644000 57
1645000 57
1646000 57
1647000 57
1648000 57
1649000 57
1650000 57
1651000 57
1652000 57
1653000 57
1654000 57
1655000 57
1656000 57
1657000 57
1658000 57
1659000 57
1660000 57
1661000 57
1662000 57
1663000 57
1664000 57
1665000 57
1666000 57
1667000 57
1668000 57
1669000 57
1670000 57
1671000 57
1672000 57
1673000 57
1674000 57
1675000 57
1676000 57
1677000 57
1678000 57
1679000 57
1680000 57
1681000 57
1682000 57
1683000 57
1684000 57
1685000 57
1686000 57
1687000 57
1688000 57
1689000 57
1690000 57
1691000 57
1692000 58
1693000 58
1694000 58
1695000 58
1696000 58
1697000 58
1698000 58
1699000 58
1700000 59
1701000 59
1702000 59
1703000 59
1704000 59
1705000 59
1706000 59
1707000 60
1708000 60
1709000 60
1710000 60
1711000 60
1712000 60
1713000 60
1714000 60
1715000 60
1716000 61
1717000 61
1718000 61
1719000 61
1720000 61
1721000 61
1722000 61
1723000 62
1724000 62
1725000 62
1726000 62
1727000 62
1728000 62
1729000 62
1730000 62
1731000 62
1732000 62
1733000 62
1734000 62
1735000 62
1736000 62
1737000 62
1738000 62
1739000 62
1740000 62
1741000 62
1742000 62
1743000 62
1744000 62
1745000 62
1746000 62
1747000 62
1748000 62
1749000 62
1750000 62
1751000 62
1752000 62
1753000 62
1754000 62
1755000 62
1756000 62
1757000 62
1758000 62
1759000 62
1760000 62
1761000 62
1762000 62
1763000 62
1764000 62
1765000 62
1766000 62
1767000 62
1768000 62
1769000 62
1770000 62
1771000 62
1772000 62
1773000 62
1774000 62
1775000 62
1776000 62
1777000 62
1778000 62
1779000 62
1780000 63
1781000 63
1782000 63
1783000 63
1784000 63
1785000 63
1786000 63
1787000 63
1788000 63
1789000 63
1790000 63
1791000 63
1792000 63
1793000 63
1794000 63
1795000 63
1796000 63
1797000 63
1798000 63
1799000 63
1800000 63
1801000 63
1802000 63
1803000 63
1804000 63
1805000 63
1806000 63
1807000 63
1808000 63
1809000 63
1810000 63
1811000 63
1812000 63
1813000 63
1814000 63
1815000 63
1816000 63
1817000 63
1818000 63
1819000 63
1820000 63
1821000 63
1822000 63
1823000 63
1824000 63
1825000 63
1826000 63
1827000 63
1828000 63
1829000 63
1830000 63
1831000 63
1832000 63
1833000 63
1834000 63
1835000 63
1836000 63
1837000 64
1838000 64
1839000 64
1840000 64
1841000 64
1842000 64
1843000 64
1844000 64
1845000 64
1846000 64
1847000 64
1848000 64
1849000 64
1850000 64
1851000 64
1852000 64
1853000 64
1854000 64
1855000 64
1856000 64
1857000 64
1858000 64
1859000 64
1860000 64
1861000 64
1862000 64
1863000 64
1864000 64
1865000 64
1866000 64
1867000 64
1868000 64
1869000 64
1870000 64
1871000 64
1872000 64
1873000 64
1874000 64
1875000 64
1876000 64
1877000 64
1878000 64
1879000 64
1880000 64
1881000 64
1882000 64
1883000 64
1884000 64
1885000 64
1886000 64
1887000 64
1888000 64
1889000 64
1890000 64
1891000 64
1892000 64
1893000 64
1894000 65
1895000 65
1896000 65
1897000 65
1898000 65
1899000 65
1900000 65
1901000 66
1902000 66
1903000 66
1904000 66
1905000 66
1906000 66
1907000 66
1908000 66
1909000 66
1910000 67
1911000 67
1912000 67
1913000 67
1914000 67
1915000 67
1916000 67
1917000 67
1918000 67
1919000 68
1920000 68
1921000 68
1922000 68
1923000 68
1924000 68
1925000 68
1926000 68
1927000 68
1928000 68
1929000 68
1930000 68
1931000 68
1932000 68
1933000 68
1934000 68
1935000 68
1936000 68
1937000 68
1938000 68
1939000 68
1940000 68
1941000 68
1942000 68
1943000 68
1944000 68
1945000 68
1946000 68
1947000 68
1948000 68
1949000 68
1950000 68
1951000 68
1952000 68
1953000 68
1954000 68
1955000 68
1956000 68
1957000 68
1958000 68
1959000 68
1960000 68
1961000 68
1962000 68
1963000 68
1964000 68
1965000 68
1966000 68
1967000 68
1968000 68
1969000 68
1970000 68
1971000 68
1972000 68
1973000 68
1974000 68
1975000 68
1976000 69
1977000 69
1978000 69
1979000 69
1980000 69
1981000 69
1982000 69
1983000 70
1984000 70
1985000 70
1986000 70
1987000 70
1988000 70
1989000 70
1990000 71
1991000 71
1992000 71
1993000 71
1994000 71
1995000 71
1996000 71
1997000 71
1998000 71
1999000 71
2000000 71
2001000 71
2002000 71
2003000 71
2004000 71
2005000 71
2006000 71
2007000 71
2008000 71
2009000 71
2010000 71
2011000 71
2012000 71
2013000 71
2014000 71
2015000 71
2016000 71
2017000 71
2018000 71
2019000 71
2020000 71
2021000 71
2022000 71
2023000 71
2024000 71
2025000 71
2026000 71
2027000 71
2028000 71
2029000 71
2030000 72
2031000 72
2032000 72
2033000 72
2034000 72
2035000 72
2036000 72
2037000 72
2038000 72
2039000 72
2040000 72
2041000 72
2042000 72
2043000 72
2044000 72
2045000 72
2046000 72
2047000 73
2048000 73
2049000 73
2050000 73
2051000 73
2052000 73
2053000 73
2054000 73
2055000 74
2056000 74
2057000 74
2058000 74
2059000 74
2060000 74
2061000 74
2062000 74
2063000 74
2064000 74
2065000 74
2066000 74
2067000 74
2068000 74
2069000 74
2070000 74
2071000 74
2072000 74
2073000 74
2074000 74
2075000 74
2076000 74
2077000 74
2078000 74
2079000 74
2080000 74
2081000 74
2082000 74
2083000 74
2084000 74
2085000 74
2086000 74
2087000 74
2088000 74
2089000 74
2090000 74
2091000 74
2092000 74
2093000 74
2094000 74
2095000 74
2096000 74
2097000 74
2098000 74
2099000 74
2100000 74
2101000 74
2102000 74
2103000 74
2104000 74
2105000 74
2106000 74
2107000 74
2108000 74
2109000 74
2110000 74
2111000 74
2112000 74
2113000 75
2114000 75
2115000 75
2116000 75
2117000 75
2118000 75
2119000 75
2120000 75
2121000 75
2122000 75
2123000 75
2124000 76
2125000 76
2126000 76
2127000 76
2128000 76
2129000 76
2130000 77
2131000 77
2132000 77
2133000 77
2134000 77
2135000 77
2136000 77
2137000 77
2138000 77
2139000 78
2140000 78
2141000 78
2142000 78
2143000 78
2144000 78
2145000 78
2146000 78
2147000 78
2148000 79
2149000 79
2150000 79
2151000 79
2152000 79
2153000 79
2154000 79
2155000 79
2156000 79
2157000 80
2158000 80
2159000 80
2160000 80
2161000 80
2162000 80
2163000 80
2164000 80
2165000 80
2166000 80
2167000 80
2168000 80
2169000 80
2170000 80
2171000 80
2172000 80
2173000 80
2174000 80
2175000 80
2176000 80
2177000 80
2178000 80
2179000 80
2180000 80
2181000 80
2182000 80
2183000 80
2184000 80
2185000 80
2186000 80
2187000 80
2188000 80
2189000 80
2190000 80
2191000 80
2192000 80
2193000 80
2194000 80
2195000 80
2196000 80
2197000 80
2198000 80
2199000 80
2200000 80
2201000 80
2202000 80
2203000 80
2204000 80
2205000 80
2206000 80
2207000 80
2208000 80
2209000 80
2210000 80
2211000 80
2212000 80
2213000 80
2214000 81
2215000 81
2216000 81
2217000 81
2218000 81
2219000 81
2220000 81
2221000 81
2222000 82
2223000 82
2224000 82
2225000 82
2226000 82
2227000 82
2228000 83
2229000 83
2230000 83
2231000 83
2232000 83
2233000 83
2234000 83
2235000 83
2236000 83
2237000 83
2238000 83
2239000 83
2240000 83
2241000 84
2242000 84
2243000 84
2244000 84
2245000 84
2246000 84
2247000 85
2248000 85
2249000 85
2250000 85
2251000 85
2252000 85
2253000 85
2254000 86
2255000 86
2256000 86
2257000 86
2258000 86
2259000 86
2260000 86
2261000 86
2262000 86
2263000 87
2264000 87
2265000 87
2266000 87
2267000 87
2268000 87
2269000 87
2270000 87
2271000 87
2272000 87
2273000 87
2274000 87
2275000 87
2276000 87
2277000 87
2278000 87
2279000 87
2280000 87
2281000 87
2282000 87
2283000 87
2284000 87
2285000 87
2286000 87
2287000 87
2288000 87
2289000 87
2290000 87
2291000 87
2292000 87
2293000 87
2294000 87
2295000 87
2296000 87
2297000 87
2298000 87
2299000 87
2300000 87
2301000 87
2302000 87
2303000 87
2304000 87
2305000 87
2306000 87
2307000 87
2308000 87
2309000 87
2310000 87
2311000 87
2312000 87
2313000 87
2314000 87
2315000 87
2316000 87
2317000 87
2318000 87
2319000 88
2320000 88
2321000 88
2322000 88
2323000 88
2324000 88
2325000 88
2326000 88
2327000 88
2328000 88
2329000 88
2330000 88
2331000 88
2332000 88
2333000 88
2334000 88
2335000 88
2336000 88
2337000 88
2338000 88
2339000 88
2340000 88
2341000 88
2342000 88
2343000 88
2344000 88
2345000 88
2346000 88
2347000 88
2348000 88
2349000 88
2350000 88
2351000 88
2352000 88
2353000 88
2354000 88
2355000 88
2356000 88
2357000 88
2358000 88
2359000 88
2360000 88
2361000 88
2362000 88
2363000 88
2364000 88
2365000 88
2366000 88
2367000 88
2368000 88
2369000 88
2370000 88
2371000 88
2372000 88
2373000 88
2374000 88
2375000 88
2376000 88
2377000 88
2378000 88
2379000 88
2380000 88
2381000 88
2382000 88
2383000 88
2384000 88
2385000 88
2386000 88
2387000 88
2388000 88
2389000 88
2390000 88
2391000 88
2392000 88
2393000 88
2394000 88
2395000 88
2396000 88
2397000 88
2398000 88
2399000 88
2400000 88
2401000 88
2402000 88
2403000 88
2404000 88
2405000 88
2406000 88
2407000 88
2408000 88
2409000 88
2410000 88
2411000 88
2412000 88
2413000 88
2414000 88
2415000 88
2416000 88
2417000 88
2418000 88
2419000 88
2420000 88
2421000 88
2422000 88
2423000 88
2424000 88
2425000 88
2426000 88
2427000 88
2428000 88
2429000 88
2430000 88
2431000 88
2432000 88
2433000 88
2434000 88
2435000 88
2436000 88
2437000 88
2438000 88
2439000 88
2440000 88
2441000 88
2442000 88
2443000 88
2444000 88
2445000 88
2446000 88
2447000 88
2448000 88
2449000 88
2450000 88
2451000 88
2452000 88
2453000 88
2454000 88
2455000 88
2456000 88
2457000 88
2458000 88
2459000 88
2460000 88
2461000 88
2462000 88
2463000 88
2464000 88
2465000 88
2466000 88
2467000 88
2468000 88
2469000 88
2470000 88
2471000 88
2472000 88
2473000 88
2474000 88
2475000 88
2476000 88
2477000 88
2478000 88
2479000 89
2480000 89
2481000 89
2482000 89
2483000 89
2484000 89
2485000 89
2486000 90
2487000 90
2488000 90
2489000 90
2490000 90
2491000 90
2492000 90
2493000 90
2494000 90
2495000 90
2496000 90
2497000 90
2498000 90
2499000 90
2500000 90
2501000 90
2502000 90
2503000 90
2504000 90
2505000 90
2506000 90
2507000 90
2508000 90
2509000 90
2510000 90
2511000 90
2512000 90
2513000 90
2514000 90
2515000 90
2516000 90
2517000 90
2518000 90
2519000 90
2520000 90
2521000 90
2522000 90
2523000 90
2524000 90
2525000 90
2526000 90
2527000 90
2528000 90
2529000 90
2530000 90
2531000 90
2532000 90
2533000 90
2534000 90
2535000 90
2536000 90
2537000 90
2538000 90
2539000 90
2540000 90
2541000 90
2542000 90
2543000 90
2544000 91
2545000 91
2546000 91
2547000 91
2548000 91
2549000 91
2550000 91
2551000 92
2552000 92
2553000 92
2554000 92
2555000 92
2556000 92
2557000 92
2558000 93
2559000 93
2560000 93
2561000 93
2562000 93
2563000 93
2564000 94
2565000 94
2566000 94
2567000 94
2568000 94
2569000 94
2570000 94
2571000 94
2572000 94
2573000 94
2574000 94
2575000 94
2576000 94
2577000 94
2578000 94
2579000 94
2580000 94
2581000 94
2582000 94
2583000 94
2584000 94
2585000 94
2586000 94
2587000 94
2588000 94
2589000 94
2590000 94
2591000 94
2592000 94
2593000 94
2594000 94
2595000 94
2596000 94
2597000 94
2598000 94
2599000 94
2600000 94
2601000 94
2602000 94
2603000 94
2604000 94
2605000 94
2606000 94
2607000 94
2608000 94
2609000 94
2610000 94
2611000 94
2612000 94
2613000 94
2614000 94
2615000 94
2616000 94
2617000 94
2618000 94
2619000 94
2620000 95
2621000 95
2622000 95
2623000 95
2624000 95
2625000 95
2626000 95
2627000 96
2628000 96
2629000 96
2630000 96
2631000 96
2632000 96
2633000 97
2634000 97
2635000 97
2636000 97
2637000 97
2638000 97
2639000 97
2640000 98
2641000 98
2642000 98
2643000 98
2644000 98
2645000 98
2646000 98
2647000 98
2648000 99
2649000 99
2650000 99
2651000 99
2652000 99
2653000 99
2654000 99
2655000 99
2656000 99
2657000 99
2658000 99
2659000 99
2660000 99
2661000 99
2662000 99
2663000 99
2664000 99
2665000 99
2666000 99
2667000 99
2668000 99
2669000 99
2670000 99
2671000 99
2672000 99
2673000 99
2674000 99
2675000 99
2676000 99
2677000 99
2678000 99
2679000 99
2680000 99
2681000 99
2682000 99
2683000 99
2684000 99
2685000 99
2686000 99
2687000 99
2688000 99
2689000 99
2690000 99
2691000 99
2692000 99
2693000 99
2694000 99
2695000 99
2696000 99
2697000 99
2698000 99
2699000 99
2700000 99
2701000 99
2702000 99
2703000 99
2704000 99
2705000 100
2706000 100
2707000 100
2708000 100
2709000 100
2710000 100
2711000 100
2712000 101
2713000 101
2714000 101
2715000 101
2716000 101
2717000 101
2718000 101
2719000 101
2720000 101
2721000 102
2722000 102
2723000 102
2724000 102
2725000 102
2726000 102
2727000 102
2728000 103
2729000 103
2730000 103
2731000 103
2732000 103
2733000 103
2734000 103
2735000 103
2736000 103
2737000 103
2738000 103
2739000 103
2740000 103
2741000 103
2742000 103
2743000 103
2744000 103
2745000 103
2746000 103
2747000 104
2748000 104
2749000 104
2750000 104
2751000 104
2752000 104
2753000 104
2754000 105
2755000 105
2756000 105
2757000 105
2758000 105
2759000 105
2760000 105
2761000 105
2762000 105
2763000 106
2764000 106
2765000 106
2766000 106
2767000 106
2768000 106
2769000 106
2770000 106
2771000 106
2772000 106
2773000 106
2774000 106
2775000 106
2776000 106
2777000 106
2778000 106
2779000 106
2780000 106
2781000 106
2782000 106
2783000 106
2784000 106
2785000 106
2786000 106
2787000 106
2788000 106
2789000 106
2790000 106
2791000 106
2792000 106
2793000 106
2794000 106
2795000 106
2796000 106
2797000 106
2798000 106
2799000 106
2800000 106
2801000 106
2802000 106
2803000 106
2804000 106
2805000 106
2806000 106
2807000 106
2808000 106
2809000 106
2810000 106
2811000 106
2812000 106
2813000 106
2814000 106
2815000 106
2816000 106
2817000 106
2818000 106
2819000 106
2820000 106
2821000 106
2822000 107
2823000 107
2824000 107
2825000 107
2826000 107
2827000 107
2828000 107
2829000 107
2830000 107
2831000 107
2832000 107
2833000 107
2834000 107
2835000 107
2836000 107
2837000 107
2838000 107
2839000 107
2840000 107
2841000 107
2842000 107
2843000 107
2844000 107
2845000 107
2846000 107
2847000 107
2848000 107
2849000 107
2850000 107
2851000 107
2852000 107
2853000 107
2854000 107
2855000 107
2856000 107
2857000 107
2858000 107
2859000 107
2860000 107
2861000 107
2862000 107
2863000 107
2864000 107
2865000 107
2866000 107
2867000 107
2868000 107
2869000 107
2870000 107
2871000 107
2872000 107
2873000 107
2874000 107
2875000 107
2876000 107
2877000 107
2878000 108
2879000 108
2880000 108
2881000 108
2882000 108
2883000 108
2884000 108
2885000 109
2886000 109
2887000 109
2888000 109
2889000 109
2890000 109
2891000 110
2892000 110
2893000 110
2894000 110
2895000 110
2896000 110
2897000 110
2898000 111
2899000 111
2900000 111
2901000 111
2902000 111
2903000 111
2904000 111
2905000 112
2906000 112
2907000 112
2908000 112
2909000 112
2910000 112
2911000 112
2912000 112
2913000 112
2914000 112
2915000 112
2916000 112
2917000 112
2918000 112
2919000 112
2920000 112
2921000 112
2922000 112
2923000 112
2924000 112
2925000 112
2926000 112
2927000 112
2928000 112
2929000 112
2930000 112
2931000 112
2932000 112
2933000 112
2934000 112
2935000 112
2936000 112
2937000 112
2938000 112
2939000 112
2940000 112
2941000 112
2942000 112
2943000 112
2944000 112
2945000 112
2946000 112
2947000 112
2948000 112
2949000 112
2950000 112
2951000 112
2952000 112
2953000 112
2954000 112
2955000 112
2956000 112
2957000 112
2958000 112
2959000 112
2960000 112
2961000 112
2962000 112
2963000 113
2964000 113
2965000 113
2966000 113
2967000 113
2968000 113
2969000 113
2970000 113
2971000 113
2972000 113
2973000 113
2974000 113
2975000 114
2976000 114
2977000 114
2978000 114
2979000 114
2980000 114
2981000 114
2982000 114
2983000 114
2984000 114
2985000 114
2986000 114
2987000 114
2988000 114
2989000 114
2990000 114
2991000 115
2992000 115
2993000 115
2994000 115
2995000 115
2996000 115
2997000 115
2998000 115
2999000 115
3000000 116
3001000 116
3002000 116
3003000 116
3004000 116
3005000 116
3006000 116
3007000 116
3008000 116
3009000 116
3010000 116
3011000 116
3012000 116
3013000 116
3014000 116
3015000 116
3016000 116
3017000 116
3018000 116
3019000 116
3020000 116
3021000 116
3022000 116
3023000 116
3024000 116
3025000 116
3026000 116
3027000 116
3028000 116
3029000 116
3030000 116
3031000 116
3032000 116
3033000 116
3034000 116
3035000 116
3036000 116
3037000 116
3038000 116
3039000 116
3040000 116
3041000 116
3042000 116
3043000 116
3044000 116
3045000 116
3046000 116
3047000 116
3048000 116
3049000 116
3050000 116
3051000 116
3052000 116
3053000 116
3054000 116
3055000 116
3056000 116
3057000 117
3058000 117
3059000 117
3060000 117
3061000 117
3062000 117
3063000 117
3064000 117
3065000 117
3066000 117
3067000 117
3068000 117
3069000 117
3070000 117
3071000 117
3072000 117
3073000 117
3074000 117
3075000 117
3076000 117
3077000 117
3078000 117
3079000 117
3080000 117
3081000 117
3082000 117
3083000 117
3084000 117
3085000 117
3086000 117
3087000 117
3088000 117
3089000 117
3090000 117
3091000 117
3092000 117
3093000 117
3094000 117
3095000 117
3096000 117
3097000 117
3098000 117
3099000 117
3100000 117
3101000 117
3102000 117
3103000 117
3104000 117
3105000 117
3106000 117
3107000 117
3108000 117
3109000 117
3110000 117
3111000 117
3112000 117
3113000 117
3114000 117
3115000 118
3116000 118
3117000 118
3118000 118
3119000 118
3120000 118
3121000 118
3122000 118
3123000 118
3124000 119
3125000 119
3126000 119
3127000 119
3128000 119
3129000 119
3130000 119
3131000 119
3132000 120
3133000 120
3134000 120
3135000 120
3136000 120
3137000 120
3138000 120
3139000 120
3140000 120
3141000 121
3142000 121
3143000 121
3144000 121
3145000 121
3146000 121
3147000 121
3148000 122
3149000 122
3150000 122
3151000 122
3152000 122
3153000 122
3154000 122
3155000 122
3156000 122
3157000 123
3158000 123
3159000 123
3160000 123
3161000 123
3162000 123
3163000 123
3164000 123
3165000 123
3166000 123
3167000 123
3168000 123
3169000 123
3170000 123
3171000 123
3172000 123
3173000 123
3174000 123
3175000 123
3176000 123
3177000 123
3178000 123
3179000 123
3180000 123
3181000 123
3182000 123
3183000 123
3184000 123
3185000 123
3186000 123
3187000 123
3188000 123
3189000 123
3190000 123
3191000 123
3192000 123
3193000 123
3194000 123
3195000 123
3196000 123
3197000 123
3198000 123
3199000 123
3200000 123
3201000 123
3202000 123
3203000 123
3204000 123
3205000 123
3206000 123
3207000 123
3208000 123
3209000 123
3210000 123
3211000 123
3212000 123
3213000 123
3214000 124
3215000 124
3216000 124
3217000 124
3218000 124
3219000 124
3220000 124
3221000 124
3222000 125
3223000 125
3224000 125
3225000 125
3226000 125
3227000 125
3228000 125
3229000 125
3230000 126
3231000 126
3232000 126
3233000 126
3234000 126
3235000 126
3236000 126
3237000 127
3238000 127
3239000 127
3240000 127
3241000 127
3242000 127
3243000 127
3244000 127
3245000 127
3246000 127
3247000 127
3248000 127
3249000 127
3250000 127
3251000 127
3252000 127
3253000 127
3254000 127
3255000 127
3256000 127
3257000 127
3258000 127
3259000 127
3260000 127
3261000 127
3262000 127
3263000 127
3264000 127
3265000 127
3266000 127
3267000 127
3268000 127
3269000 127
3270000 127
3271000 127
3272000 127
3273000 127
3274000 127
3275000 127
3276000 127
3277000 127
3278000 127
3279000 127
3280000 127
3281000 127
3282000 127
3283000 127
3284000 127
3285000 127
3286000 127
3287000 127
3288000 127
3289000 127
3290000 127
3291000 127
3292000 127
3293000 128
3294000 128
3295000 128
3296000 128
3297000 128
3298000 128
3299000 128
3300000 129
3301000 129
3302000 129
3303000 129
3304000 129
3305000 129
3306000 129
3307000 130
3308000 130
3309000 130
3310000 130
3311000 130
3312000 130
3313000 131
3314000 131
3315000 131
3316000 131
3317000 131
3318000 131
3319000 131
3320000 131
3321000 131
3322000 131
3323000 131
3324000 131
3325000 131
3326000 131
3327000 131
3328000 131
3329000 132
3330000 132
3331000 132
3332000 132
3333000 132
3334000 132
3335000 133
3336000 133
3337000 133
3338000 133
3339000 133
3340000 133
3341000 133
3342000 133
3343000 133
3344000 133
3345000 133
3346000 133
3347000 133
3348000 133
3349000 133
3350000 133
3351000 133
3352000 133
3353000 134
3354000 134
3355000 134
3356000 134
3357000 134
3358000 134
3359000 134
3360000 135
3361000 135
3362000 135
3363000 135
3364000 135
3365000 135
3366000 135
3367000 135
3368000 135
3369000 136
3370000 136
3371000 136
3372000 136
3373000 136
3374000 136
3375000 136
3376000 136
3377000 137
3378000 137
3379000 137
3380000 137
3381000 137
3382000 137
3383000 137
3384000 138
3385000 138
3386000 138
3387000 138
3388000 138
3389000 138
3390000 138
3391000 138
3392000 138
3393000 138
3394000 138
3395000 138
3396000 138
3397000 138
3398000 138
3399000 138
3400000 138
3401000 138
3402000 138
3403000 138
3404000 138
3405000 138
3406000 138
3407000 138
3408000 138
3409000 138
3410000 138
3411000 138
3412000 138
3413000 138
3414000 138
3415000 138
3416000 138
3417000 138
3418000 138
3419000 138
3420000 138
3421000 138
3422000 138
3423000 138
3424000 138
3425000 138
3426000 138
3427000 138
3428000 138
3429000 138
3430000 138
3431000 138
3432000 138
3433000 138
3434000 138
3435000 138
3436000 138
3437000 138
3438000 138
3439000 138
3440000 138
3441000 138
3442000 139
3443000 139
3444000 139
3445000 139
3446000 139
3447000 139
3448000 139
3449000 139
3450000 140
3451000 140
3452000 140
3453000 140
3454000 140
3455000 140
3456000 140
3457000 140
3458000 141
3459000 141
3460000 141
3461000 141
3462000 141
3463000 141
3464000 141
3465000 142
3466000 142
3467000 142
3468000 142
3469000 142
3470000 142
3471000 142
3472000 142
3473000 142
3474000 142
3475000 142
3476000 142
3477000 142
3478000 142
3479000 142
3480000 142
3481000 142
3482000 142
3483000 142
3484000 142
3485000 142
3486000 142
3487000 142
3488000 142
3489000 142
3490000 142
3491000 142
3492000 142
3493000 142
3494000 142
3495000 142
3496000 142
3497000 142
3498000 142
3499000 142
3500000 142
3501000 142
3502000 142
3503000 142
3504000 142
3505000 142
3506000 142
3507000 142
3508000 142
3509000 142
3510000 142
3511000 142
3512000 142
3513000 142
3514000 142
3515000 142
3516000 142
3517000 142
3518000 142
3519000 142
3520000 142
3521000 142
3522000 143
3523000 143
3524000 143
3525000 143
3526000 143
3527000 143
3528000 143
3529000 143
3530000 143
3531000 143
3532000 143
3533000 143
3534000 143
3535000 143
3536000 143
3537000 143
3538000 143
3539000 143
3540000 143
3541000 143
3542000 143
3543000 143
3544000 143
3545000 143
3546000 143
3547000 143
3548000 143
3549000 143
3550000 143
3551000 143
3552000 143
3553000 143
3554000 143
3555000 143
3556000 143
3557000 143
3558000 143
3559000 143
3560000 143
3561000 143
3562000 143
3563000 143
3564000 143
3565000 143
3566000 143
3567000 143
3568000 143
3569000 143
3570000 143
3571000 143
3572000 143
3573000 143
3574000 143
3575000 143
3576000 143
3577000 143
3578000 143
3579000 143
3580000 143
3581000 144
3582000 144
3583000 144
3584000 144
3585000 144
3586000 144
3587000 144
3588000 144
3589000 144
3590000 144
3591000 144
3592000 144
3593000 144
3594000 144
3595000 144
3596000 144
3597000 144
3598000 144
3599000 144
3600000 144
3601000 144
3602000 144
3603000 144
3604000 144
3605000 144
3606000 144
3607000 144
3608000 144
3609000 144
3610000 144
3611000 144
3612000 144
3613000 144
3614000 144
3615000 144
3616000 144
3617000 144
3618000 144
3619000 144
3620000 144
3621000 144
3622000 144
3623000 144
3624000 144
3625000 144
3626000 144
3627000 144
3628000 144
3629000 144
3630000 144
3631000 144
3632000 144
3633000 144
3634000 144
3635000 144
3636000 144
3637000 144
3638000 144
3639000 145
3640000 145
3641000 145
3642000 145
3643000 145
3644000 145
3645000 146
3646000 146
3647000 146
3648000 146
3649000 146
3650000 146
3651000 146
3652000 146
3653000 146
3654000 146
3655000 146
3656000 146
3657000 146
3658000 146
3659000 146
3660000 146
3661000 146
3662000 146
3663000 146
3664000 146
3665000 146
3666000 146
3667000 146
3668000 146
3669000 146
3670000 146
3671000 146
3672000 146
3673000 146
3674000 146
3675000 146
3676000 146
3677000 146
3678000 146
3679000 146
3680000 146
3681000 146
3682000 146
3683000 146
3684000 146
3685000 146
3686000 146
3687000 146
3688000 146
3689000 146
3690000 146
3691000 146
3692000 146
3693000 146
3694000 146
3695000 146
3696000 146
3697000 146
3698000 146
3699000 146
3700000 146
3701000 147
3702000 147
3703000 147
3704000 147
3705000 147
3706000 147
3707000 148
3708000 148
3709000 148
3710000 148
3711000 148
3712000 148
3713000 148
3714000 149
3715000 149
3716000 149
3717000 149
3718000 149
3719000 149
3720000 149
3721000 150
3722000 150
3723000 150
3724000 150
3725000 150
3726000 150
3727000 150
3728000 151
3729000 151
3730000 151
3731000 151
3732000 151
3733000 151
3734000 151
3735000 152
3736000 152
3737000 152
3738000 152
3739000 152
3740000 152
3741000 152
3742000 153
3743000 153
3744000 153
3745000 153
3746000 153
3747000 153
3748000 154
3749000 154
3750000 154
3751000 154
3752000 154
3753000 154
3754000 154
3755000 155
3756000 155
3757000 155
3758000 155
3759000 155
3760000 155
3761000 155
3762000 155
3763000 155
3764000 155
3765000 155
3766000 155
3767000 155
3768000 155
3769000 155
3770000 155
3771000 155
3772000 155
3773000 155
3774000 155
3775000 155
3776000 155
3777000 156
3778000 156
3779000 156
3780000 156
3781000 156
3782000 156
3783000 156
3784000 156
3785000 156
3786000 156
3787000 156
3788000 156
3789000 156
3790000 156
3791000 156
3792000 156
3793000 156
3794000 156
3795000 156
3796000 156
3797000 156
3798000 156
3799000 156
3800000 156
3801000 156
3802000 156
3803000 156
3804000 156
3805000 156
3806000 156
3807000 156
3808000 156
3809000 156
3810000 156
3811000 156
3812000 156
3813000 156
3814000 156
3815000 156
3816000 156
3817000 156
3818000 156
3819000 156
3820000 156
3821000 156
3822000 156
3823000 156
3824000 156
3825000 156
3826000 156
3827000 156
3828000 156
3829000 156
3830000 156
3831000 156
3832000 156
3833000 156
3834000 157
3835000 157
3836000 157
3837000 157
3838000 157
3839000 157
3840000 157
3841000 158
3842000 158
3843000 158
3844000 158
3845000 158
3846000 158
3847000 158
3848000 158
3849000 158
3850000 158
3851000 158
3852000 158
3853000 158
3854000 158
3855000 158
3856000 158
3857000 158
3858000 158
3859000 158
3860000 158
3861000 158
3862000 158
3863000 158
3864000 158
3865000 158
3866000 158
3867000 158
3868000 158
3869000 158
3870000 158
3871000 158
3872000 158
3873000 158
3874000 158
3875000 158
3876000 158
3877000 158
3878000 158
3879000 158
3880000 158
3881000 158
3882000 158
3883000 158
3884000 158
3885000 158
3886000 158
3887000 158
3888000 158
3889000 158
3890000 158
3891000 158
3892000 158
3893000 158
3894000 158
3895000 158
3896000 158
3897000 158
3898000 158
3899000 158
3900000 159
3901000 159
3902000 159
3903000 159
3904000 159
3905000 159
3906000 160
3907000 160
3908000 160
3909000 160
3910000 160
3911000 160
3912000 161
3913000 161
3914000 161
3915000 161
3916000 161
3917000 161
3918000 161
3919000 161
3920000 161
3921000 161
3922000 161
3923000 161
3924000 161
3925000 161
3926000 161
3927000 161
3928000 161
3929000 161
3930000 161
3931000 161
3932000 161
3933000 161
3934000 161
3935000 161
3936000 161
3937000 161
3938000 161
3939000 161
3940000 161
3941000 161
3942000 161
3943000 161
3944000 161
3945000 161
3946000 161
3947000 161
3948000 161
3949000 161
3950000 161
3951000 161
3952000 161
3953000 161
3954000 161
3955000 161
3956000 161
3957000 161
3958000 161
3959000 161
3960000 161
3961000 161
3962000 161
3963000 161
3964000 161
3965000 161
3966000 161
3967000 161
3968000 161
3969000 162
3970000 162
3971000 162
3972000 162
3973000 162
3974000 162
3975000 162
3976000 162
3977000 163
3978000 163
3979000 163
3980000 163
3981000 163
3982000 163
3983000 163
3984000 163
3985000 164
3986000 164
3987000 164
3988000 164
3989000 164
3990000 164
3991000 165
3992000 165
3993000 165
3994000 165
3995000 165
3996000 165
3997000 165
3998000 166
3999000 166
4000000 166
4001000 166
4002000 166
4003000 166
4004000 166
4005000 166
4006000 167
4007000 167
4008000 167
4009000 167
4010000 167
4011000 167
4012000 167
4013000 167
4014000 168
4015000 168
4016000 168
4017000 168
4018000 168
4019000 168
4020000 168
4021000 168
4022000 169
4023000 169
4024000 169
4025000 169
4026000 169
4027000 169
4028000 169
4029000 169
4030000 169
4031000 169
4032000 169
4033000 169
4034000 169
4035000 169
4036000 169
4037000 169
4038000 169
4039000 169
4040000 169
4041000 169
4042000 169
4043000 169
4044000 169
4045000 169
4046000 169
4047000 169
4048000 169
4049000 169
4050000 169
4051000 169
4052000 169
4053000 169
4054000 169
4055000 169
4056000 169
4057000 169
4058000 169
4059000 169
4060000 169
4061000 169
4062000 169
4063000 169
4064000 169
4065000 169
4066000 169
4067000 169
4068000 169
4069000 169
4070000 169
4071000 169
4072000 169
4073000 169
4074000 169
4075000 169
4076000 169
4077000 169
4078000 169
4079000 169
4080000 169
4081000 169
4082000 169
4083000 169
4084000 169
4085000 169
4086000 169
4087000 169
4088000 169
4089000 169
4090000 169
4091000 169
4092000 169
4093000 169
4094000 169
4095000 169
4096000 169
4097000 169
4098000 169
4099000 169
4100000 169
4101000 169
4102000 169
4103000 169
4104000 169
4105000 169
4106000 169
4107000 169
4108000 169
4109000 169
4110000 169
4111000 169
4112000 169
4113000 169
4114000 169
4115000 169
4116000 169
4117000 169
4118000 169
4119000 169
4120000 169
4121000 169
4122000 169
4123000 169
4124000 169
4125000 169
4126000 169
4127000 169
4128000 169
4129000 169
4130000 169
4131000 169
4132000 169
4133000 169
4134000 169
4135000 169
4136000 169
4137000 169
4138000 169
4139000 169
4140000 169
4141000 169
4142000 169
4143000 169
4144000 169
4145000 169
4146000 169
4147000 169
4148000 169
4149000 169
4150000 169
4151000 169
4152000 169
4153000 169
4154000 169
4155000 169
4156000 169
4157000 169
4158000 169
4159000 169
4160000 169
4161000 169
4162000 169
4163000 169
4164000 169
4165000 169
4166000 169
4167000 169
4168000 169
4169000 169
4170000 169
4171000 169
4172000 169
4173000 169
4174000 169
4175000 169
4176000 169
4177000 169
4178000 170
4179000 170
4180000 170
4181000 170
4182000 170
4183000 170
4184000 170
4185000 170
4186000 170
4187000 170
4188000 170
4189000 170
4190000 171
4191000 171
4192000 171
4193000 171
4194000 171
4195000 171
4196000 171
4197000 171
4198000 171
4199000 172
4200000 172
4201000 172
4202000 172
4203000 172
4204000 172
4205000 173
4206000 173
4207000 173
4208000 173
4209000 173
4210000 173
4211000 173
4212000 173
4213000 173
4214000 174
4215000 174
4216000 174
4217000 174
4218000 174
4219000 174
4220000 174
4221000 174
4222000 174
4223000 174
4224000 174
4225000 174
4226000 174
4227000 174
4228000 174
4229000 174
4230000 174
4231000 174
4232000 174
4233000 174
4234000 174
4235000 174
4236000 174
4237000 174
4238000 174
4239000 174
4240000 174
4241000 174
4242000 174
4243000 174
4244000 174
4245000 174
4246000 174
4247000 174
4248000 174
4249000 174
4250000 174
4251000 174
4252000 174
4253000 174
4254000 174
4255000 174
4256000 174
4257000 174
4258000 174
4259000 174
4260000 174
4261000 174
4262000 174
4263000 174
4264000 174
4265000 174
4266000 174
4267000 174
4268000 174
4269000 174
4270000 174
4271000 174
4272000 174
4273000 174
4274000 174
4275000 174
4276000 174
4277000 174
4278000 174
4279000 174
4280000 174
4281000 174
4282000 174
4283000 174
4284000 174
4285000 174
4286000 174
4287000 174
4288000 174
4289000 174
4290000 174
4291000 174
4292000 174
4293000 174
4294000 174
4295000 174
4296000 174
4297000 174
4298000 174
4299000 174
4300000 174
4301000 174
4302000 174
4303000 174
4304000 174
4305000 174
4306000 174
4307000 174
4308000 174
4309000 174
4310000 174
4311000 174
4312000 174
4313000 174
4314000 174
4315000 174
4316000 174
4317000 174
4318000 174
4319000 174
4320000 174
4321000 174
4322000 175
4323000 175
4324000 175
4325000 175
4326000 175
4327000 175
4328000 176
4329000 176
4330000 176
4331000 176
4332000 176
4333000 176
4334000 177
4335000 177
4336000 177
4337000 177
4338000 177
4339000 177
4340000 177
4341000 177
4342000 178
4343000 178
4344000 178
4345000 178
4346000 178
4347000 178
4348000 178
4349000 178
4350000 179
4351000 179
4352000 179
4353000 179
4354000 179
4355000 179
4356000 179
4357000 179
4358000 179
4359000 179
4360000 179
4361000 179
4362000 179
4363000 179
4364000 179
4365000 179
4366000 179
4367000 179
4368000 179
4369000 179
4370000 179
4371000 179
4372000 179
4373000 179
4374000 179
4375000 179
4376000 179
4377000 179
4378000 179
4379000 179
4380000 179
4381000 179
4382000 179
4383000 179
4384000 179
4385000 179
4386000 179
4387000 179
4388000 179
4389000 179
4390000 179
4391000 179
4392000 179
4393000 179
4394000 179
4395000 179
4396000 179
4397000 179
4398000 179
4399000 179
4400000 179
4401000 179
4402000 179
4403000 179
4404000 179
4405000 179
4406000 179
4407000 179
4408000 179
4409000 179
4410000 179
4411000 179
4412000 179
4413000 179
4414000 179
4415000 179
4416000 179
4417000 179
4418000 179
4419000 179
4420000 179
4421000 179
4422000 179
4423000 179
4424000 179
4425000 179
4426000 179
4427000 179
4428000 179
4429000 179
4430000 179
4431000 179
4432000 179
4433000 179
4434000 179
4435000 179
4436000 179
4437000 179
4438000 179
4439000 179
4440000 179
4441000 179
4442000 179
4443000 179
4444000 179
4445000 179
4446000 179
4447000 179
4448000 179
4449000 179
4450000 179
4451000 179
4452000 179
4453000 179
4454000 179
4455000 179
4456000 179
4457000 180
4458000 180
4459000 180
4460000 180
4461000 180
4462000 180
4463000 180
4464000 180
4465000 181
4466000 181
4467000 181
4468000 181
4469000 181
4470000 181
4471000 181
4472000 182
4473000 182
4474000 182
4475000 182
4476000 182
4477000 182
4478000 182
4479000 182
4480000 182
4481000 182
4482000 182
4483000 182
4484000 182
4485000 182
4486000 182
4487000 182
4488000 182
4489000 182
4490000 182
4491000 182
4492000 182
4493000 182
4494000 182
4495000 182
4496000 182
4497000 182
4498000 182
4499000 182
4500000 182
4501000 182
4502000 182
4503000 182
4504000 182
4505000 182
4506000 182
4507000 182
4508000 182
4509000 182
4510000 182
4511000 182
4512000 182
4513000 182
4514000 182
4515000 182
4516000 182
4517000 182
4518000 182
4519000 182
4520000 182
4521000 182
4522000 182
4523000 182
4524000 182
4525000 182
4526000 182
4527000 182
4528000 182
4529000 183
4530000 183
4531000 183
4532000 183
4533000 183
4534000 183
4535000 184
4536000 184
4537000 184
4538000 184
4539000 184
4540000 184
4541000 184
4542000 184
4543000 184
4544000 184
4545000 184
4546000 184
4547000 184
4548000 184
4549000 184
4550000 184
4551000 184
4552000 184
4553000 184
4554000 184
4555000 184
4556000 184
4557000 184
4558000 184
4559000 184
4560000 184
4561000 184
4562000 184
4563000 184
4564000 184
4565000 184
4566000 184
4567000 184
4568000 184
4569000 184
4570000 184
4571000 184
4572000 184
4573000 185
4574000 185
4575000 185
4576000 185
4577000 185
4578000 185
4579000 185
4580000 185
4581000 185
4582000 185
4583000 185
4584000 185
4585000 185
4586000 185
4587000 185
4588000 185
4589000 185
4590000 185
4591000 185
4592000 185
4593000 185
4594000 185
4595000 185
4596000 185
4597000 185
4598000 185
4599000 185
4600000 185
4601000 185
4602000 185
4603000 185
4604000 185
4605000 185
4606000 185
4607000 185
4608000 185
4609000 185
4610000 185
4611000 185
4612000 185
4613000 185
4614000 185
4615000 185
4616000 185
4617000 185
4618000 185
4619000 185
4620000 185
4621000 185
4622000 185
4623000 185
4624000 185
4625000 185
4626000 185
4627000 185
4628000 185
4629000 185
4630000 185
4631000 185
4632000 185
4633000 185
4634000 185
4635000 186
4636000 186
4637000 186
4638000 186
4639000 186
4640000 186
4641000 186
4642000 186
4643000 186
4644000 187
4645000 187
4646000 187
4647000 187
4648000 187
4649000 187
4650000 187
4651000 188
4652000 188
4653000 188
4654000 188
4655000 188
4656000 188
4657000 188
4658000 189
4659000 189
4660000 189
4661000 189
4662000 189
4663000 189
4664000 189
4665000 189
4666000 189
4667000 189
4668000 189
4669000 189
4670000 189
4671000 190
4672000 190
4673000 190
4674000 190
4675000 190
4676000 190
4677000 190
4678000 190
4679000 190
4680000 191
4681000 191
4682000 191
4683000 191
4684000 191
4685000 191
4686000 191
4687000 192
4688000 192
4689000 192
4690000 192
4691000 192
4692000 192
4693000 192
4694000 192
4695000 192
4696000 192
4697000 192
4698000 192
4699000 192
4700000 192
4701000 192
4702000 192
4703000 192
4704000 192
4705000 192
4706000 192
4707000 192
4708000 192
4709000 192
4710000 192
4711000 192
4712000 192
4713000 192
4714000 192
4715000 192
4716000 192
4717000 192
4718000 192
4719000 192
4720000 192
4721000 192
4722000 192
4723000 193
4724000 193
4725000 193
4726000 193
4727000 193
4728000 193
4729000 193
4730000 193
4731000 194
4732000 194
4733000 194
4734000 194
4735000 194
4736000 194
4737000 194
4738000 195
4739000 195
4740000 195
4741000 195
4742000 195
4743000 195
4744000 195
4745000 195
4746000 196
4747000 196
4748000 196
4749000 196
4750000 196
4751000 196
4752000 197
4753000 197
4754000 197
4755000 197
4756000 197
4757000 197
4758000 197
4759000 197
4760000 197
4761000 198
4762000 198
4763000 198
4764000 198
4765000 198
4766000 198
4767000 198
4768000 199
4769000 199
4770000 199
4771000 199
4772000 199
4773000 199
4774000 199
4775000 199
4776000 199
4777000 199
4778000 199
4779000 199
4780000 199
4781000 199
4782000 199
4783000 199
4784000 199
4785000 199
4786000 199
4787000 199
4788000 199
4789000 199
4790000 199
4791000 199
4792000 199
4793000 199
4794000 199
4795000 199
4796000 199
4797000 199
4798000 199
4799000 199
4800000 199
4801000 199
4802000 199
4803000 199
4804000 199
4805000 199
4806000 199
4807000 199
4808000 199
4809000 199
4810000 199
4811000 199
4812000 199
4813000 199
4814000 199
4815000 199
4816000 199
4817000 199
4818000 199
4819000 199
4820000 199
4821000 199
4822000 199
4823000 199
4824000 199
4825000 200
4826000 200
4827000 200
4828000 200
4829000 200
4830000 200
4831000 200
4832000 201
4833000 201
4834000 201
4835000 201
4836000 201
4837000 201
4838000 201
4839000 201
4840000 201
4841000 202
4842000 202
4843000 202
4844000 202
4845000 202
4846000 202
4847000 202
4848000 202
4849000 203
4850000 203
4851000 203
4852000 203
4853000 203
4854000 203
4855000 203
4856000 203
4857000 204
4858000 204
4859000 204
4860000 204
4861000 204
4862000 204
4863000 204
4864000 204
4865000 204
4866000 204
4867000 204
4868000 204
4869000 204
4870000 204
4871000 204
4872000 204
4873000 204
4874000 204
4875000 204
4876000 204
4877000 204
4878000 204
4879000 204
4880000 204
4881000 204
4882000 204
4883000 204
4884000 204
4885000 204
4886000 204
4887000 204
4888000 204
4889000 204
4890000 204
4891000 204
4892000 204
4893000 204
4894000 204
4895000 204
4896000 204
4897000 204
4898000 204
4899000 204
4900000 204
4901000 204
4902000 204
4903000 204
4904000 204
4905000 204
4906000 204
4907000 204
4908000 204
4909000 204
4910000 204
4911000 204
4912000 204
4913000 204
4914000 204
4915000 204
4916000 204
4917000 205
4918000 205
4919000 205
4920000 205
4921000 205
4922000 205
4923000 205
4924000 205
4925000 206
4926000 206
4927000 206
4928000 206
4929000 206
4930000 206
4931000 206
4932000 206
4933000 207
4934000 207
4935000 207
4936000 207
4937000 207
4938000 207
4939000 207
4940000 207
4941000 207
4942000 208
4943000 208
4944000 208
4945000 208
4946000 208
4947000 208
4948000 208
4949000 208
4950000 209
4951000 209
4952000 209
4953000 209
4954000 209
4955000 209
4956000 209
4957000 209
4958000 209
4959000 209
4960000 209
4961000 209
4962000 209
4963000 209
4964000 209
4965000 209
4966000 209
4967000 209
4968000 209
4969000 209
4970000 209
4971000 209
4972000 209
4973000 209
4974000 209
4975000 209
4976000 209
4977000 209
4978000 209
4979000 209
4980000 209
4981000 209
4982000 209
4983000 209
4984000 209
4985000 209
4986000 209
4987000 209
4988000 209
4989000 209
4990000 209
4991000 209
4992000 209
4993000 209
4994000 209
4995000 209
4996000 209
4997000 209
4998000 209
4999000 209
5000000 209
