0 0
1000 0
2000 0
3000 0
4000 0
5000 0
6000 0
7000 0
8000 0
9000 0
10000 0
11000 0
12000 0
13000 0
14000 0
15000 0
16000 0
17000 0
18000 0
19000 0
20000 0
21000 0
22000 0
23000 0
24000 0
25000 0
26000 0
27000 0
28000 0
29000 0
30000 0
31000 0
32000 0
33000 0
34000 0
35000 0
36000 0
37000 0
38000 0
39000 0
40000 0
41000 0
42000 0
43000 0
44000 0
45000 0
46000 0
47000 0
48000 0
49000 0
50000 0
51000 0
52000 0
53000 0
54000 0
55000 0
56000 0
57000 0
58000 0
59000 1
60000 1
61000 1
62000 1
63000 1
64000 1
65000 1
66000 1
67000 1
68000 1
69000 1
70000 1
71000 1
72000 1
73000 1
74000 1
75000 1
76000 1
77000 1
78000 1
79000 1
80000 1
81000 1
82000 1
83000 1
84000 1
85000 1
86000 1
87000 1
88000 1
89000 1
90000 1
91000 1
92000 1
93000 1
94000 1
95000 1
96000 1
97000 1
98000 1
99000 1
100000 1
101000 1
102000 1
103000 1
104000 1
105000 1
106000 1
107000 1
108000 1
109000 1
110000 1
111000 1
112000 1
113000 1
114000 1
115000 1
116000 1
117000 1
118000 1
119000 1
120000 1
121000 1
122000 1
123000 1
124000 1
125000 1
126000 1
127000 1
128000 1
129000 1
130000 1
131000 1
132000 1
133000 1
134000 1
135000 1
136000 1
137000 1
138000 1
139000 1
140000 1
141000 1
142000 1
143000 1
144000 1
145000 1
146000 1
147000 1
148000 1
149000 1
150000 1
151000 1
152000 1
153000 1
154000 1
155000 1
156000 1
157000 1
158000 1
159000 1
160000 1
161000 1
162000 1
163000 1
164000 1
165000 1
166000 1
167000 1
168000 1
169000 1
170000 1
171000 1
172000 1
173000 1
174000 1
175000 1
176000 1
177000 1
178000 1
179000 1
180000 1
181000 1
182000 1
183000 1
184000 1
185000 1
186000 1
187000 1
188000 1
189000 1
190000 1
191000 1
192000 1
193000 1
194000 1
195000 1
196000 1
197000 1
198000 1
199000 1
200000 1
201000 1
202000 1
203000 1
204000 1
205000 1
206000 1
207000 1
208000 1
209000 1
210000 1
211000 1
212000 1
213000 1
214000 1
215000 1
216000 1
217000 1
218000 1
219000 1
220000 1
221000 1
222000 1
223000 1
224000 1
225000 1
226000 1
227000 1
228000 1
229000 1
230000 1
231000 1
232000 1
233000 1
234000 1
235000 1
236000 1
237000 1
238000 1
239000 1
240000 1
241000 1
242000 1
243000 1
244000 1
245000 1
246000 1
247000 1
248000 1
249000 1
250000 1
251000 1
252000 1
253000 1
254000 1
255000 1
256000 1
257000 1
258000 1
259000 1
260000 1
261000 1
262000 1
263000 1
264000 1
265000 1
266000 1
267000 1
268000 1
269000 1
270000 1
271000 1
272000 1
273000 1
274000 1
275000 1
276000 1
277000 1
278000 1
279000 1
280000 1
281000 1
282000 1
283000 1
284000 1
285000 1
286000 1
287000 1
288000 1
289000 1
290000 1
291000 1
292000 1
293000 1
294000 1
295000 1
296000 1
297000 1
298000 1
299000 1
300000 1
301000 1
302000 1
303000 1
304000 1
305000 1
306000 1
307000 1
308000 1
309000 1
310000 1
311000 1
312000 1
313000 1
314000 1
315000 1
316000 1
317000 1
318000 1
319000 1
320000 1
321000 1
322000 1
323000 1
324000 1
325000 1
326000 1
327000 1
328000 1
329000 1
330000 1
331000 1
332000 1
333000 1
334000 1
335000 1
336000 1
337000 1
338000 1
339000 1
340000 1
341000 1
342000 1
343000 1
344000 1
345000 1
346000 1
347000 1
348000 1
349000 1
350000 1
351000 1
352000 1
353000 1
354000 1
355000 1
356000 1
357000 1
358000 1
359000 1
360000 1
361000 1
362000 1
363000 1
364000 1
365000 1
366000 1
367000 1
368000 1
369000 1
370000 1
371000 1
372000 1
373000 1
374000 1
375000 1
376000 1
377000 1
378000 1
379000 1
380000 1
381000 1
382000 1
383000 1
384000 1
385000 1
386000 1
387000 1
388000 1
389000 1
390000 1
391000 1
392000 1
393000 1
394000 1
395000 1
396000 1
397000 1
398000 1
399000 1
400000 1
401000 1
402000 1
403000 1
404000 1
405000 1
406000 1
407000 1
408000 1
409000 1
410000 1
411000 1
412000 1
413000 1
414000 1
415000 1
416000 1
417000 1
418000 1
419000 2
420000 2
421000 2
422000 2
423000 2
424000 2
425000 2
426000 2
427000 2
428000 2
429000 2
430000 2
431000 2
432000 2
433000 2
434000 2
435000 2
436000 2
437000 2
438000 2
439000 2
440000 2
441000 2
442000 2
443000 2
444000 2
445000 2
446000 2
447000 2
448000 3
449000 3
450000 3
451000 3
452000 3
453000 3
454000 3
455000 3
456000 3
457000 3
458000 3
459000 3
460000 3
461000 3
462000 3
463000 3
464000 3
465000 3
466000 3
467000 3
468000 3
469000 3
470000 3
471000 3
472000 3
473000 3
474000 3
475000 3
476000 3
477000 3
478000 3
479000 3
480000 3
481000 3
482000 3
483000 3
484000 3
485000 3
486000 3
487000 3
488000 4
489000 4
490000 4
491000 4
492000 4
493000 4
494000 4
495000 4
496000 4
497000 4
498000 4
499000 4
500000 4
501000 4
502000 4
503000 4
504000 4
505000 4
506000 4
507000 4
508000 4
509000 4
510000 4
511000 4
512000 4
513000 4
514000 4
515000 4
516000 4
517000 4
518000 4
519000 4
520000 4
521000 4
522000 4
523000 4
524000 4
525000 4
526000 4
527000 4
528000 4
529000 4
530000 4
531000 4
532000 4
533000 4
534000 4
535000 4
536000 4
537000 4
538000 4
539000 4
540000 4
541000 4
542000 4
543000 4
544000 4
545000 4
546000 4
547000 5
548000 5
549000 5
550000 5
551000 5
552000 5
553000 5
554000 5
555000 5
556000 5
557000 5
558000 5
559000 5
560000 5
561000 5
562000 5
563000 5
564000 5
565000 5
566000 5
567000 5
568000 5
569000 5
570000 5
571000 5
572000 5
573000 5
574000 5
575000 5
576000 5
577000 5
578000 5
579000 5
580000 5
581000 5
582000 5
583000 5
584000 5
585000 5
586000 5
587000 5
588000 5
589000 5
590000 5
591000 5
592000 5
593000 5
594000 5
595000 5
596000 5
597000 5
598000 5
599000 5
600000 5
601000 5
602000 5
603000 5
604000 5
605000 5
606000 5
607000 5
608000 5
609000 5
610000 5
611000 5
612000 5
613000 5
614000 5
615000 5
616000 5
617000 5
618000 5
619000 5
620000 5
621000 5
622000 5
623000 5
624000 5
625000 5
626000 5
627000 5
628000 5
629000 5
630000 5
631000 5
632000 5
633000 5
634000 5
635000 5
636000 5
637000 5
638000 5
639000 5
640000 5
641000 5
642000 5
643000 5
644000 5
645000 5
646000 5
647000 5
648000 5
649000 5
650000 5
651000 5
652000 5
653000 5
654000 5
655000 5
656000 5
657000 6
658000 6
659000 6
660000 6
661000 6
662000 6
663000 6
664000 6
665000 6
666000 6
667000 6
668000 6
669000 6
670000 6
671000 6
672000 6
673000 6
674000 6
675000 6
676000 6
677000 6
678000 6
679000 6
680000 6
681000 6
682000 6
683000 6
684000 6
685000 6
686000 6
687000 6
688000 6
689000 6
690000 6
691000 6
692000 6
693000 6
694000 6
695000 6
696000 6
697000 6
698000 6
699000 6
700000 6
701000 6
702000 6
703000 6
704000 6
705000 6
706000 6
707000 6
708000 6
709000 6
710000 6
711000 6
712000 6
713000 6
714000 6
715000 6
716000 6
717000 6
718000 6
719000 6
720000 6
721000 6
722000 6
723000 6
724000 6
725000 6
726000 6
727000 6
728000 6
729000 6
730000 6
731000 6
732000 6
733000 6
734000 6
735000 6
736000 6
737000 6
738000 6
739000 6
740000 6
741000 6
742000 6
743000 6
744000 6
745000 6
746000 6
747000 6
748000 6
749000 6
750000 6
751000 6
752000 6
753000 6
754000 6
755000 6
756000 6
757000 6
758000 6
759000 6
760000 6
761000 6
762000 6
763000 6
764000 6
765000 6
766000 6
767000 6
768000 6
769000 6
770000 6
771000 6
772000 6
773000 6
774000 6
775000 6
776000 6
777000 6
778000 6
779000 6
780000 6
781000 6
782000 6
783000 6
784000 6
785000 6
786000 6
787000 6
788000 6
789000 6
790000 6
791000 6
792000 6
793000 6
794000 6
795000 6
796000 6
797000 6
798000 6
799000 6
800000 6
801000 6
802000 6
803000 6
804000 6
805000 6
806000 6
807000 6
808000 6
809000 6
810000 6
811000 6
812000 6
813000 6
814000 6
815000 6
816000 6
817000 6
818000 6
819000 6
820000 6
821000 6
822000 6
823000 6
824000 6
825000 6
826000 6
827000 6
828000 6
829000 6
830000 6
831000 6
832000 6
833000 6
834000 6
835000 6
836000 6
837000 6
838000 6
839000 6
840000 6
841000 6
842000 6
843000 6
844000 6
845000 6
846000 6
847000 6
848000 6
849000 6
850000 6
851000 6
852000 6
853000 6
854000 6
855000 6
856000 6
857000 6
858000 6
859000 6
860000 6
861000 6
862000 6
863000 6
864000 6
865000 6
866000 6
867000 6
868000 6
869000 6
870000 6
871000 6
872000 6
873000 6
874000 6
875000 6
876000 6
877000 6
878000 6
879000 6
880000 6
881000 6
882000 6
883000 6
884000 6
885000 6
886000 6
887000 6
888000 6
889000 6
890000 6
891000 6
892000 6
893000 6
894000 6
895000 6
896000 6
897000 6
898000 6
899000 6
900000 6
901000 6
902000 6
903000 6
904000 6
905000 6
906000 6
907000 6
908000 6
909000 6
910000 6
911000 6
912000 6
913000 6
914000 6
915000 6
916000 6
917000 6
918000 6
919000 6
920000 6
921000 6
922000 6
923000 6
924000 6
925000 6
926000 6
927000 6
928000 6
929000 6
930000 6
931000 6
932000 6
933000 6
934000 6
935000 6
936000 6
937000 6
938000 6
939000 6
940000 6
941000 6
942000 6
943000 6
944000 6
945000 6
946000 6
947000 6
948000 6
949000 6
950000 6
951000 6
952000 6
953000 6
954000 6
955000 6
956000 6
957000 6
958000 6
959000 6
960000 6
961000 6
962000 6
963000 6
964000 6
965000 6
966000 6
967000 6
968000 6
969000 6
970000 6
971000 6
972000 6
973000 6
974000 6
975000 6
976000 6
977000 6
978000 6
979000 6
980000 6
981000 6
982000 6
983000 6
984000 6
985000 6
986000 6
987000 6
988000 6
989000 6
990000 6
991000 6
992000 6
993000 6
994000 6
995000 6
996000 6
997000 6
998000 6
999000 6
1000000 6
1001000 6
1002000 6
1003000 6
1004000 6
1005000 6
1006000 6
1007000 6
1008000 6
1009000 6
1010000 6
1011000 6
1012000 6
1013000 6
1014000 6
1015000 6
1016000 6
1017000 6
1018000 6
1019000 6
1020000 6
1021000 6
1022000 6
1023000 6
1024000 6
1025000 6
1026000 6
1027000 6
1028000 6
1029000 6
1030000 6
1031000 6
1032000 6
1033000 6
1034000 6
1035000 6
1036000 6
1037000 6
1038000 6
1039000 6
1040000 6
1041000 6
1042000 6
1043000 6
1044000 6
1045000 6
1046000 6
1047000 6
1048000 6
1049000 6
1050000 6
1051000 6
1052000 6
1053000 6
1054000 6
1055000 6
1056000 6
1057000 6
1058000 6
1059000 6
1060000 6
1061000 6
1062000 6
1063000 6
1064000 6
1065000 6
1066000 6
1067000 6
1068000 6
1069000 6
1070000 6
1071000 6
1072000 6
1073000 6
1074000 6
1075000 6
1076000 6
1077000 6
1078000 6
1079000 6
1080000 6
1081000 6
1082000 6
1083000 6
1084000 6
1085000 6
1086000 6
1087000 6
1088000 6
1089000 6
1090000 6
1091000 6
1092000 6
1093000 6
1094000 6
1095000 6
1096000 6
1097000 6
1098000 6
1099000 6
1100000 6
1101000 6
1102000 6
1103000 6
1104000 6
1105000 6
1106000 6
1107000 6
1108000 6
1109000 6
1110000 6
1111000 6
1112000 6
1113000 6
1114000 6
1115000 6
1116000 6
1117000 6
1118000 6
1119000 6
1120000 6
1121000 6
1122000 6
1123000 6
1124000 6
1125000 6
1126000 7
1127000 7
1128000 7
1129000 7
1130000 7
1131000 7
1132000 7
1133000 7
1134000 7
1135000 7
1136000 7
1137000 7
1138000 7
1139000 7
1140000 7
1141000 7
1142000 7
1143000 7
1144000 7
1145000 7
1146000 7
1147000 7
1148000 7
1149000 7
1150000 7
1151000 7
1152000 7
1153000 7
1154000 7
1155000 7
1156000 7
1157000 7
1158000 7
1159000 7
1160000 7
1161000 7
1162000 7
1163000 7
1164000 7
1165000 7
1166000 7
1167000 7
1168000 7
1169000 7
1170000 7
1171000 7
1172000 7
1173000 7
1174000 7
1175000 7
1176000 7
1177000 7
1178000 7
1179000 7
1180000 7
1181000 7
1182000 7
1183000 7
1184000 7
1185000 7
1186000 7
1187000 7
1188000 7
1189000 7
1190000 7
1191000 7
1192000 7
1193000 7
1194000 7
1195000 7
1196000 7
1197000 7
1198000 7
1199000 7
1200000 7
1201000 7
1202000 7
1203000 7
1204000 7
1205000 7
1206000 7
1207000 7
1208000 7
1209000 7
1210000 7
1211000 7
1212000 7
1213000 7
1214000 7
1215000 7
1216000 7
1217000 7
1218000 7
1219000 7
1220000 7
1221000 7
1222000 7
1223000 7
1224000 7
1225000 7
1226000 7
1227000 7
1228000 7
1229000 7
1230000 7
1231000 7
1232000 7
1233000 7
1234000 7
1235000 7
1236000 7
1237000 7
1238000 7
1239000 7
1240000 7
1241000 7
1242000 7
1243000 7
1244000 7
1245000 7
1246000 7
1247000 7
1248000 7
1249000 7
1250000 7
1251000 7
1252000 7
1253000 7
1254000 7
1255000 7
1256000 7
1257000 7
1258000 7
1259000 7
1260000 7
1261000 7
1262000 7
1263000 7
1264000 7
1265000 7
1266000 7
1267000 7
1268000 7
1269000 7
1270000 7
1271000 7
1272000 7
1273000 7
1274000 7
1275000 7
1276000 7
1277000 7
1278000 7
1279000 7
1280000 7
1281000 7
1282000 7
1283000 7
1284000 7
1285000 7
1286000 7
1287000 7
1288000 7
1289000 7
1290000 7
1291000 7
1292000 7
1293000 7
1294000 7
1295000 7
1296000 7
1297000 7
1298000 7
1299000 7
1300000 7
1301000 7
1302000 7
1303000 7
1304000 7
1305000 7
1306000 7
1307000 7
1308000 7
1309000 7
1310000 7
1311000 7
1312000 7
1313000 7
1314000 7
1315000 7
1316000 7
1317000 7
1318000 7
1319000 7
1320000 7
1321000 7
1322000 7
1323000 7
1324000 7
1325000 7
1326000 7
1327000 7
1328000 7
1329000 7
1330000 7
1331000 7
1332000 7
1333000 7
1334000 7
1335000 7
1336000 7
1337000 7
1338000 7
1339000 7
1340000 7
1341000 7
1342000 7
1343000 7
1344000 7
1345000 7
1346000 7
1347000 7
1348000 7
1349000 7
1350000 7
1351000 7
1352000 7
1353000 7
1354000 7
1355000 7
1356000 7
1357000 7
1358000 7
1359000 7
1360000 7
1361000 7
1362000 7
1363000 7
1364000 7
1365000 7
1366000 7
1367000 7
1368000 7
1369000 7
1370000 7
1371000 7
1372000 7
1373000 7
1374000 7
1375000 7
1376000 7
1377000 7
1378000 7
1379000 7
1380000 7
1381000 7
1382000 7
1383000 7
1384000 7
1385000 7
1386000 7
1387000 7
1388000 7
1389000 7
1390000 7
1391000 7
1392000 7
1393000 7
1394000 7
1395000 7
1396000 7
1397000 7
1398000 7
1399000 7
1400000 7
1401000 7
1402000 7
1403000 7
1404000 7
1405000 7
1406000 7
1407000 7
1408000 7
1409000 7
1410000 7
1411000 7
1412000 7
1413000 7
1414000 7
1415000 7
1416000 7
1417000 7
1418000 7
1419000 7
1420000 7
1421000 7
1422000 7
1423000 7
1424000 7
1425000 7
1426000 7
1427000 7
1428000 7
1429000 7
1430000 7
1431000 7
1432000 7
1433000 7
1434000 7
1435000 7
1436000 7
1437000 7
1438000 7
1439000 7
1440000 7
1441000 7
1442000 7
1443000 7
1444000 7
1445000 7
1446000 7
1447000 7
1448000 7
1449000 7
1450000 7
1451000 7
1452000 7
1453000 7
1454000 7
1455000 7
1456000 7
1457000 7
1458000 7
1459000 7
1460000 7
1461000 7
1462000 7
1463000 7
1464000 7
1465000 7
1466000 7
1467000 7
1468000 7
1469000 7
1470000 7
1471000 7
1472000 7
1473000 7
1474000 7
1475000 7
1476000 7
1477000 7
1478000 7
1479000 7
1480000 7
1481000 7
1482000 7
1483000 7
1484000 7
1485000 7
1486000 7
1487000 7
1488000 7
1489000 7
1490000 7
1491000 7
1492000 7
1493000 7
1494000 7
1495000 7
1496000 7
1497000 7
1498000 7
1499000 7
1500000 7
1501000 7
1502000 7
1503000 7
1504000 7
1505000 7
1506000 7
1507000 7
1508000 7
1509000 7
1510000 7
1511000 7
1512000 7
1513000 7
1514000 7
1515000 7
1516000 7
1517000 7
1518000 7
1519000 7
1520000 7
1521000 7
1522000 7
1523000 7
1524000 7
1525000 7
1526000 7
1527000 7
1528000 7
1529000 7
1530000 7
1531000 7
1532000 7
1533000 7
1534000 7
1535000 7
1536000 7
1537000 7
1538000 7
1539000 7
1540000 7
1541000 7
1542000 7
1543000 7
1544000 7
1545000 7
1546000 7
1547000 7
1548000 7
1549000 7
1550000 7
1551000 7
1552000 7
1553000 7
1554000 7
1555000 7
1556000 7
1557000 7
1558000 7
1559000 7
1560000 7
1561000 7
1562000 7
1563000 7
1564000 7
1565000 7
1566000 7
1567000 7
1568000 7
1569000 7
1570000 7
1571000 7
1572000 7
1573000 7
1574000 7
1575000 7
1576000 7
1577000 7
1578000 7
1579000 7
1580000 7
1581000 7
1582000 7
1583000 7
1584000 7
1585000 7
1586000 7
1587000 8
1588000 8
1589000 8
1590000 8
1591000 8
1592000 8
1593000 8
1594000 8
1595000 8
1596000 8
1597000 8
1598000 8
1599000 8
1600000 8
1601000 8
1602000 8
1603000 8
1604000 8
1605000 8
1606000 8
1607000 8
1608000 8
1609000 8
1610000 8
1611000 8
1612000 8
1613000 8
1614000 8
1615000 8
1616000 8
1617000 8
1618000 8
1619000 8
1620000 8
1621000 8
1622000 8
1623000 8
1624000 8
1625000 8
1626000 8
1627000 8
1628000 8
1629000 8
1630000 8
1631000 8
1632000 8
1633000 8
1634000 8
1635000 8
1636000 8
1637000 8
1638000 8
1639000 8
1640000 8
1641000 8
1642000 8
1643000 8
1644000 8
1645000 8
1646000 8
1647000 8
1648000 8
1649000 8
1650000 8
1651000 8
1652000 8
1653000 8
1654000 8
1655000 8
1656000 8
1657000 8
1658000 8
1659000 8
1660000 8
1661000 8
1662000 8
1663000 8
1664000 8
1665000 8
1666000 8
1667000 8
1668000 8
1669000 8
1670000 8
1671000 8
1672000 8
1673000 8
1674000 8
1675000 8
1676000 8
1677000 8
1678000 8
1679000 8
1680000 8
1681000 8
1682000 8
1683000 8
1684000 8
1685000 8
1686000 8
1687000 8
1688000 8
1689000 8
1690000 8
1691000 8
1692000 8
1693000 8
1694000 8
1695000 8
1696000 8
1697000 8
1698000 8
1699000 8
1700000 8
1701000 8
1702000 8
1703000 8
1704000 8
1705000 8
1706000 8
1707000 8
1708000 8
1709000 8
1710000 8
1711000 8
1712000 8
1713000 8
1714000 8
1715000 8
1716000 8
1717000 8
1718000 8
1719000 8
1720000 8
1721000 8
1722000 8
1723000 8
1724000 8
1725000 8
1726000 8
1727000 8
1728000 8
1729000 8
1730000 8
1731000 8
1732000 8
1733000 8
1734000 8
1735000 8
1736000 8
1737000 8
1738000 8
1739000 8
1740000 8
1741000 8
1742000 8
1743000 8
1744000 8
1745000 8
1746000 8
1747000 8
1748000 8
1749000 8
1750000 8
1751000 8
1752000 8
1753000 8
1754000 8
1755000 8
1756000 8
1757000 8
1758000 8
1759000 8
1760000 8
1761000 8
1762000 8
1763000 8
1764000 8
1765000 8
1766000 8
1767000 8
1768000 8
1769000 8
1770000 8
1771000 8
1772000 8
1773000 8
1774000 8
1775000 8
1776000 8
1777000 8
1778000 8
1779000 8
1780000 8
1781000 8
1782000 8
1783000 8
1784000 8
1785000 8
1786000 8
1787000 8
1788000 8
1789000 8
1790000 8
1791000 8
1792000 8
1793000 8
1794000 8
1795000 8
1796000 8
1797000 8
1798000 8
1799000 8
1800000 8
1801000 8
1802000 8
1803000 8
1804000 8
1805000 8
1806000 8
1807000 8
1808000 8
1809000 8
1810000 8
1811000 8
1812000 8
1813000 8
1814000 8
1815000 8
1816000 8
1817000 8
1818000 8
1819000 8
1820000 8
1821000 8
1822000 8
1823000 8
1824000 8
1825000 8
1826000 8
1827000 8
1828000 8
1829000 8
1830000 8
1831000 8
1832000 8
1833000 8
1834000 8
1835000 8
1836000 8
1837000 8
1838000 8
1839000 8
1840000 8
1841000 8
1842000 8
1843000 8
1844000 8
1845000 8
1846000 8
1847000 8
1848000 8
1849000 8
1850000 8
1851000 8
1852000 8
1853000 8
1854000 8
1855000 8
1856000 8
1857000 8
1858000 8
1859000 8
1860000 8
1861000 8
1862000 8
1863000 8
1864000 8
1865000 8
1866000 8
1867000 8
1868000 8
1869000 8
1870000 8
1871000 8
1872000 8
1873000 8
1874000 8
1875000 8
1876000 8
1877000 8
1878000 8
1879000 8
1880000 8
1881000 8
1882000 8
1883000 8
1884000 8
1885000 8
1886000 8
1887000 8
1888000 8
1889000 8
1890000 8
1891000 8
1892000 8
1893000 8
1894000 8
1895000 8
1896000 8
1897000 8
1898000 8
1899000 8
1900000 8
1901000 8
1902000 8
1903000 8
1904000 8
1905000 8
1906000 8
1907000 8
1908000 8
1909000 8
1910000 8
1911000 8
1912000 8
1913000 8
1914000 8
1915000 8
1916000 8
1917000 8
1918000 8
1919000 8
1920000 8
1921000 8
1922000 8
1923000 8
1924000 8
1925000 8
1926000 8
1927000 8
1928000 8
1929000 8
1930000 8
1931000 8
1932000 8
1933000 8
1934000 8
1935000 8
1936000 8
1937000 8
1938000 8
1939000 8
1940000 8
1941000 8
1942000 8
1943000 8
1944000 8
1945000 8
1946000 8
1947000 8
1948000 8
1949000 8
1950000 8
1951000 8
1952000 8
1953000 8
1954000 8
1955000 8
1956000 8
1957000 8
1958000 8
1959000 8
1960000 8
1961000 8
1962000 8
1963000 8
1964000 8
1965000 8
1966000 8
1967000 8
1968000 8
1969000 8
1970000 8
1971000 8
1972000 8
1973000 8
1974000 8
1975000 8
1976000 8
1977000 8
1978000 8
1979000 8
1980000 8
1981000 8
1982000 8
1983000 8
1984000 8
1985000 8
1986000 8
1987000 8
1988000 8
1989000 8
1990000 8
1991000 8
1992000 8
1993000 8
1994000 8
1995000 8
1996000 8
1997000 8
1998000 8
1999000 8
2000000 8
2001000 8
2002000 8
2003000 8
2004000 8
2005000 8
2006000 8
2007000 8
2008000 8
2009000 8
2010000 8
2011000 8
2012000 8
2013000 8
2014000 8
2015000 8
2016000 8
2017000 8
2018000 8
2019000 8
2020000 8
2021000 8
2022000 8
2023000 8
2024000 8
2025000 8
2026000 8
2027000 8
2028000 8
2029000 8
2030000 8
2031000 8
2032000 8
2033000 8
2034000 8
2035000 8
2036000 8
2037000 8
2038000 8
2039000 8
2040000 8
2041000 8
2042000 8
2043000 8
2044000 8
2045000 8
2046000 8
2047000 8
2048000 8
2049000 8
2050000 8
2051000 8
2052000 8
2053000 8
2054000 8
2055000 8
2056000 8
2057000 8
2058000 8
2059000 8
2060000 8
2061000 8
2062000 8
2063000 8
2064000 8
2065000 8
2066000 8
2067000 8
2068000 8
2069000 8
2070000 8
2071000 8
2072000 8
2073000 8
2074000 8
2075000 8
2076000 8
2077000 8
2078000 8
2079000 8
2080000 8
2081000 8
2082000 8
2083000 8
2084000 8
2085000 8
2086000 8
2087000 8
2088000 8
2089000 8
2090000 8
2091000 8
2092000 8
2093000 8
2094000 8
2095000 8
2096000 8
2097000 8
2098000 8
2099000 8
2100000 8
2101000 8
2102000 8
2103000 8
2104000 8
2105000 8
2106000 8
2107000 8
2108000 8
2109000 8
2110000 8
2111000 8
2112000 8
2113000 8
2114000 8
2115000 8
2116000 8
2117000 8
2118000 8
2119000 8
2120000 8
2121000 8
2122000 8
2123000 8
2124000 8
2125000 8
2126000 8
2127000 8
2128000 8
2129000 8
2130000 8
2131000 8
2132000 8
2133000 8
2134000 8
2135000 8
2136000 8
2137000 8
2138000 8
2139000 8
2140000 8
2141000 8
2142000 8
2143000 8
2144000 8
2145000 8
2146000 8
2147000 8
2148000 8
2149000 8
2150000 8
2151000 8
2152000 8
2153000 8
2154000 8
2155000 8
2156000 8
2157000 8
2158000 8
2159000 8
2160000 8
2161000 8
2162000 8
2163000 8
2164000 8
2165000 8
2166000 8
2167000 8
2168000 8
2169000 8
2170000 8
2171000 8
2172000 8
2173000 8
2174000 8
2175000 8
2176000 8
2177000 8
2178000 8
2179000 8
2180000 8
2181000 8
2182000 8
2183000 8
2184000 8
2185000 8
2186000 8
2187000 8
2188000 8
2189000 8
2190000 8
2191000 8
2192000 8
2193000 8
2194000 8
2195000 8
2196000 8
2197000 8
2198000 8
2199000 8
2200000 8
2201000 8
2202000 8
2203000 8
2204000 8
2205000 8
2206000 8
2207000 8
2208000 8
2209000 8
2210000 8
2211000 8
2212000 8
2213000 8
2214000 8
2215000 8
2216000 8
2217000 8
2218000 8
2219000 8
2220000 8
2221000 8
2222000 8
2223000 8
2224000 8
2225000 8
2226000 8
2227000 8
2228000 8
2229000 8
2230000 8
2231000 8
2232000 8
2233000 8
2234000 8
2235000 8
2236000 8
2237000 8
2238000 8
2239000 8
2240000 8
2241000 8
2242000 8
2243000 8
2244000 8
2245000 8
2246000 8
2247000 8
2248000 8
2249000 8
2250000 8
2251000 8
2252000 8
2253000 8
2254000 8
2255000 8
2256000 8
2257000 8
2258000 8
2259000 8
2260000 8
2261000 8
2262000 8
2263000 8
2264000 8
2265000 8
2266000 8
2267000 8
2268000 8
2269000 8
2270000 8
2271000 8
2272000 8
2273000 8
2274000 8
2275000 8
2276000 8
2277000 8
2278000 8
2279000 8
2280000 8
2281000 8
2282000 8
2283000 8
2284000 8
2285000 8
2286000 8
2287000 8
2288000 8
2289000 8
2290000 8
2291000 8
2292000 8
2293000 8
2294000 8
2295000 8
2296000 8
2297000 8
2298000 8
2299000 8
2300000 8
2301000 8
2302000 8
2303000 8
2304000 8
2305000 8
2306000 8
2307000 8
2308000 8
2309000 8
2310000 8
2311000 8
2312000 8
2313000 8
2314000 8
2315000 8
2316000 8
2317000 8
2318000 8
2319000 8
2320000 8
2321000 8
2322000 8
2323000 8
2324000 8
2325000 8
2326000 8
2327000 8
2328000 8
2329000 8
2330000 8
2331000 8
2332000 8
2333000 8
2334000 8
2335000 8
2336000 8
2337000 8
2338000 8
2339000 8
2340000 8
2341000 8
2342000 8
2343000 8
2344000 8
2345000 8
2346000 8
2347000 8
2348000 8
2349000 8
2350000 8
2351000 8
2352000 8
2353000 8
2354000 8
2355000 8
2356000 8
2357000 8
2358000 8
2359000 8
2360000 8
2361000 8
2362000 8
2363000 8
2364000 8
2365000 8
2366000 8
2367000 8
2368000 8
2369000 8
2370000 8
2371000 8
2372000 8
2373000 8
2374000 8
2375000 8
2376000 8
2377000 8
2378000 8
2379000 8
2380000 8
2381000 8
2382000 8
2383000 8
2384000 8
2385000 8
2386000 8
2387000 8
2388000 8
2389000 8
2390000 8
2391000 8
2392000 8
2393000 8
2394000 8
2395000 8
2396000 8
2397000 8
2398000 8
2399000 9
2400000 9
2401000 9
2402000 9
2403000 9
2404000 9
2405000 9
2406000 9
2407000 9
2408000 9
2409000 9
2410000 10
2411000 10
2412000 10
2413000 10
2414000 10
2415000 10
2416000 10
2417000 10
2418000 10
2419000 10
2420000 10
2421000 10
2422000 10
2423000 10
2424000 10
2425000 10
2426000 10
2427000 10
2428000 10
2429000 10
2430000 10
2431000 10
2432000 10
2433000 10
2434000 10
2435000 10
2436000 10
2437000 10
2438000 10
2439000 10
2440000 10
2441000 10
2442000 10
2443000 10
2444000 10
2445000 10
2446000 10
2447000 10
2448000 10
2449000 10
2450000 10
2451000 10
2452000 10
2453000 10
2454000 10
2455000 10
2456000 10
2457000 10
2458000 10
2459000 10
2460000 10
2461000 10
2462000 10
2463000 10
2464000 10
2465000 10
2466000 10
2467000 10
2468000 10
2469000 10
2470000 11
2471000 11
2472000 11
2473000 11
2474000 11
2475000 11
2476000 11
2477000 11
2478000 11
2479000 11
2480000 11
2481000 11
2482000 11
2483000 11
2484000 11
2485000 11
2486000 11
2487000 11
2488000 11
2489000 11
2490000 11
2491000 11
2492000 11
2493000 11
2494000 11
2495000 11
2496000 11
2497000 11
2498000 11
2499000 11
2500000 11
2501000 11
2502000 11
2503000 11
2504000 11
2505000 11
2506000 11
2507000 11
2508000 11
2509000 11
2510000 11
2511000 11
2512000 11
2513000 11
2514000 11
2515000 11
2516000 11
2517000 11
2518000 11
2519000 11
2520000 11
2521000 11
2522000 11
2523000 11
2524000 11
2525000 11
2526000 11
2527000 11
2528000 11
2529000 11
2530000 11
2531000 11
2532000 11
2533000 11
2534000 11
2535000 11
2536000 11
2537000 11
2538000 11
2539000 11
2540000 11
2541000 11
2542000 11
2543000 11
2544000 11
2545000 11
2546000 11
2547000 11
2548000 11
2549000 11
2550000 11
2551000 11
2552000 11
2553000 11
2554000 11
2555000 11
2556000 11
2557000 11
2558000 11
2559000 11
2560000 11
2561000 11
2562000 11
2563000 11
2564000 11
2565000 11
2566000 11
2567000 11
2568000 11
2569000 11
2570000 11
2571000 11
2572000 11
2573000 11
2574000 11
2575000 11
2576000 11
2577000 11
2578000 12
2579000 12
2580000 12
2581000 12
2582000 12
2583000 12
2584000 12
2585000 12
2586000 12
2587000 12
2588000 12
2589000 12
2590000 12
2591000 12
2592000 12
2593000 12
2594000 12
2595000 12
2596000 12
2597000 12
2598000 12
2599000 12
2600000 12
2601000 12
2602000 12
2603000 12
2604000 12
2605000 12
2606000 12
2607000 12
2608000 12
2609000 12
2610000 12
2611000 12
2612000 12
2613000 12
2614000 12
2615000 12
2616000 12
2617000 12
2618000 12
2619000 12
2620000 12
2621000 12
2622000 12
2623000 12
2624000 12
2625000 12
2626000 12
2627000 12
2628000 12
2629000 12
2630000 12
2631000 12
2632000 12
2633000 12
2634000 12
2635000 12
2636000 12
2637000 13
2638000 13
2639000 13
2640000 13
2641000 13
2642000 13
2643000 13
2644000 13
2645000 13
2646000 13
2647000 13
2648000 13
2649000 13
2650000 13
2651000 13
2652000 13
2653000 13
2654000 13
2655000 13
2656000 13
2657000 13
2658000 13
2659000 13
2660000 13
2661000 13
2662000 13
2663000 13
2664000 13
2665000 13
2666000 13
2667000 13
2668000 13
2669000 13
2670000 13
2671000 13
2672000 13
2673000 13
2674000 13
2675000 13
2676000 13
2677000 13
2678000 13
2679000 13
2680000 13
2681000 13
2682000 13
2683000 13
2684000 13
2685000 13
2686000 13
2687000 13
2688000 13
2689000 13
2690000 13
2691000 13
2692000 13
2693000 13
2694000 13
2695000 13
2696000 13
2697000 13
2698000 13
2699000 13
2700000 13
2701000 13
2702000 13
2703000 13
2704000 13
2705000 13
2706000 13
2707000 13
2708000 13
2709000 13
2710000 13
2711000 13
2712000 13
2713000 13
2714000 13
2715000 13
2716000 13
2717000 13
2718000 13
2719000 13
2720000 13
2721000 13
2722000 13
2723000 13
2724000 13
2725000 13
2726000 13
2727000 13
2728000 13
2729000 13
2730000 13
2731000 13
2732000 13
2733000 13
2734000 13
2735000 13
2736000 13
2737000 13
2738000 13
2739000 13
2740000 13
2741000 13
2742000 13
2743000 13
2744000 13
2745000 13
2746000 14
2747000 14
2748000 14
2749000 14
2750000 14
2751000 14
2752000 14
2753000 14
2754000 14
2755000 14
2756000 14
2757000 14
2758000 14
2759000 14
2760000 14
2761000 14
2762000 14
2763000 14
2764000 14
2765000 14
2766000 14
2767000 14
2768000 14
2769000 14
2770000 14
2771000 14
2772000 14
2773000 14
2774000 14
2775000 14
2776000 14
2777000 14
2778000 14
2779000 14
2780000 14
2781000 14
2782000 14
2783000 14
2784000 14
2785000 14
2786000 14
2787000 14
2788000 14
2789000 14
2790000 14
2791000 14
2792000 14
2793000 14
2794000 14
2795000 14
2796000 14
2797000 14
2798000 14
2799000 14
2800000 14
2801000 14
2802000 14
2803000 14
2804000 14
2805000 14
2806000 14
2807000 14
2808000 14
2809000 14
2810000 14
2811000 14
2812000 14
2813000 14
2814000 14
2815000 14
2816000 14
2817000 14
2818000 14
2819000 14
2820000 14
2821000 14
2822000 14
2823000 14
2824000 14
2825000 14
2826000 14
2827000 14
2828000 14
2829000 14
2830000 14
2831000 14
2832000 14
2833000 14
2834000 14
2835000 14
2836000 14
2837000 14
2838000 14
2839000 14
2840000 14
2841000 14
2842000 14
2843000 14
2844000 14
2845000 14
2846000 14
2847000 14
2848000 14
2849000 14
2850000 14
2851000 14
2852000 14
2853000 14
2854000 14
2855000 14
2856000 14
2857000 14
2858000 14
2859000 14
2860000 14
2861000 14
2862000 14
2863000 14
2864000 14
2865000 14
2866000 14
2867000 14
2868000 14
2869000 14
2870000 14
2871000 14
2872000 14
2873000 14
2874000 14
2875000 14
2876000 14
2877000 14
2878000 14
2879000 14
2880000 14
2881000 14
2882000 14
2883000 14
2884000 14
2885000 14
2886000 14
2887000 14
2888000 14
2889000 14
2890000 14
2891000 14
2892000 14
2893000 14
2894000 14
2895000 14
2896000 14
2897000 14
2898000 14
2899000 14
2900000 14
2901000 14
2902000 14
2903000 14
2904000 14
2905000 14
2906000 14
2907000 14
2908000 14
2909000 14
2910000 14
2911000 14
2912000 14
2913000 14
2914000 14
2915000 14
2916000 14
2917000 14
2918000 14
2919000 14
2920000 14
2921000 14
2922000 14
2923000 14
2924000 14
2925000 14
2926000 14
2927000 14
2928000 14
2929000 14
2930000 14
2931000 14
2932000 14
2933000 14
2934000 14
2935000 14
2936000 14
2937000 14
2938000 14
2939000 14
2940000 14
2941000 14
2942000 14
2943000 14
2944000 14
2945000 14
2946000 14
2947000 14
2948000 14
2949000 14
2950000 14
2951000 14
2952000 14
2953000 14
2954000 14
2955000 14
2956000 14
2957000 14
2958000 14
2959000 14
2960000 14
2961000 14
2962000 14
2963000 14
2964000 14
2965000 14
2966000 14
2967000 14
2968000 14
2969000 14
2970000 14
2971000 14
2972000 14
2973000 14
2974000 14
2975000 14
2976000 14
2977000 14
2978000 14
2979000 14
2980000 14
2981000 14
2982000 14
2983000 14
2984000 14
2985000 14
2986000 14
2987000 14
2988000 14
2989000 14
2990000 14
2991000 14
2992000 14
2993000 14
2994000 14
2995000 14
2996000 14
2997000 14
2998000 14
2999000 14
3000000 14
3001000 14
3002000 14
3003000 14
3004000 14
3005000 15
3006000 15
3007000 15
3008000 15
3009000 15
3010000 15
3011000 15
3012000 15
3013000 15
3014000 15
3015000 15
3016000 15
3017000 15
3018000 15
3019000 15
3020000 15
3021000 15
3022000 15
3023000 15
3024000 15
3025000 15
3026000 15
3027000 15
3028000 15
3029000 15
3030000 15
3031000 15
3032000 15
3033000 15
3034000 15
3035000 15
3036000 15
3037000 15
3038000 15
3039000 15
3040000 15
3041000 15
3042000 15
3043000 15
3044000 15
3045000 15
3046000 15
3047000 15
3048000 15
3049000 15
3050000 15
3051000 15
3052000 15
3053000 15
3054000 15
3055000 15
3056000 15
3057000 15
3058000 15
3059000 15
3060000 15
3061000 15
3062000 15
3063000 15
3064000 15
3065000 15
3066000 15
3067000 16
3068000 16
3069000 16
3070000 16
3071000 16
3072000 16
3073000 16
3074000 16
3075000 16
3076000 16
3077000 16
3078000 16
3079000 16
3080000 16
3081000 16
3082000 16
3083000 16
3084000 16
3085000 16
3086000 16
3087000 16
3088000 16
3089000 16
3090000 16
3091000 16
3092000 16
3093000 16
3094000 16
3095000 16
3096000 16
3097000 16
3098000 16
3099000 16
3100000 16
3101000 16
3102000 16
3103000 16
3104000 16
3105000 16
3106000 16
3107000 16
3108000 16
3109000 16
3110000 16
3111000 16
3112000 16
3113000 16
3114000 16
3115000 16
3116000 16
3117000 16
3118000 16
3119000 16
3120000 16
3121000 16
3122000 16
3123000 16
3124000 16
3125000 16
3126000 17
3127000 17
3128000 17
3129000 17
3130000 17
3131000 17
3132000 17
3133000 17
3134000 17
3135000 17
3136000 17
3137000 17
3138000 17
3139000 17
3140000 17
3141000 17
3142000 17
3143000 17
3144000 17
3145000 17
3146000 17
3147000 17
3148000 17
3149000 17
3150000 17
3151000 17
3152000 17
3153000 17
3154000 17
3155000 17
3156000 17
3157000 17
3158000 17
3159000 17
3160000 17
3161000 17
3162000 17
3163000 17
3164000 17
3165000 17
3166000 17
3167000 17
3168000 17
3169000 17
3170000 17
3171000 17
3172000 17
3173000 17
3174000 17
3175000 17
3176000 17
3177000 17
3178000 17
3179000 17
3180000 17
3181000 17
3182000 17
3183000 17
3184000 17
3185000 17
3186000 17
3187000 17
3188000 17
3189000 17
3190000 17
3191000 17
3192000 17
3193000 17
3194000 17
3195000 17
3196000 17
3197000 17
3198000 17
3199000 17
3200000 17
3201000 17
3202000 17
3203000 17
3204000 17
3205000 17
3206000 17
3207000 17
3208000 17
3209000 17
3210000 17
3211000 17
3212000 17
3213000 17
3214000 17
3215000 17
3216000 17
3217000 17
3218000 17
3219000 17
3220000 17
3221000 17
3222000 17
3223000 17
3224000 17
3225000 17
3226000 17
3227000 17
3228000 17
3229000 17
3230000 17
3231000 17
3232000 17
3233000 17
3234000 17
3235000 17
3236000 17
3237000 17
3238000 17
3239000 17
3240000 17
3241000 17
3242000 17
3243000 17
3244000 17
3245000 17
3246000 17
3247000 17
3248000 17
3249000 17
3250000 17
3251000 17
3252000 17
3253000 17
3254000 17
3255000 17
3256000 17
3257000 17
3258000 17
3259000 17
3260000 17
3261000 17
3262000 17
3263000 17
3264000 17
3265000 17
3266000 17
3267000 17
3268000 17
3269000 17
3270000 17
3271000 17
3272000 17
3273000 17
3274000 17
3275000 17
3276000 17
3277000 17
3278000 17
3279000 17
3280000 17
3281000 17
3282000 17
3283000 17
3284000 17
3285000 17
3286000 17
3287000 17
3288000 17
3289000 17
3290000 17
3291000 17
3292000 17
3293000 17
3294000 17
3295000 17
3296000 17
3297000 17
3298000 17
3299000 17
3300000 17
3301000 17
3302000 17
3303000 17
3304000 17
3305000 17
3306000 17
3307000 17
3308000 17
3309000 17
3310000 17
3311000 17
3312000 17
3313000 17
3314000 17
3315000 17
3316000 17
3317000 17
3318000 17
3319000 17
3320000 17
3321000 17
3322000 17
3323000 17
3324000 17
3325000 17
3326000 17
3327000 17
3328000 17
3329000 17
3330000 17
3331000 17
3332000 17
3333000 17
3334000 17
3335000 17
3336000 17
3337000 17
3338000 17
3339000 17
3340000 17
3341000 17
3342000 17
3343000 17
3344000 17
3345000 17
3346000 17
3347000 17
3348000 17
3349000 17
3350000 17
3351000 17
3352000 17
3353000 17
3354000 17
3355000 17
3356000 17
3357000 17
3358000 17
3359000 17
3360000 17
3361000 17
3362000 17
3363000 17
3364000 17
3365000 17
3366000 17
3367000 17
3368000 17
3369000 17
3370000 17
3371000 17
3372000 17
3373000 17
3374000 17
3375000 17
3376000 17
3377000 17
3378000 17
3379000 17
3380000 17
3381000 17
3382000 17
3383000 17
3384000 17
3385000 17
3386000 17
3387000 18
3388000 18
3389000 18
3390000 18
3391000 18
3392000 18
3393000 18
3394000 18
3395000 18
3396000 18
3397000 18
3398000 18
3399000 18
3400000 18
3401000 18
3402000 18
3403000 18
3404000 18
3405000 18
3406000 18
3407000 18
3408000 18
3409000 18
3410000 18
3411000 18
3412000 18
3413000 18
3414000 18
3415000 18
3416000 18
3417000 18
3418000 18
3419000 18
3420000 18
3421000 18
3422000 18
3423000 18
3424000 18
3425000 18
3426000 18
3427000 18
3428000 18
3429000 18
3430000 18
3431000 18
3432000 18
3433000 18
3434000 18
3435000 18
3436000 18
3437000 18
3438000 18
3439000 18
3440000 18
3441000 18
3442000 18
3443000 18
3444000 18
3445000 18
3446000 18
3447000 18
3448000 18
3449000 18
3450000 18
3451000 18
3452000 18
3453000 18
3454000 18
3455000 18
3456000 18
3457000 18
3458000 18
3459000 18
3460000 18
3461000 18
3462000 18
3463000 18
3464000 18
3465000 18
3466000 18
3467000 18
3468000 18
3469000 18
3470000 18
3471000 18
3472000 18
3473000 18
3474000 18
3475000 18
3476000 18
3477000 18
3478000 18
3479000 18
3480000 18
3481000 18
3482000 18
3483000 18
3484000 18
3485000 18
3486000 18
3487000 18
3488000 18
3489000 18
3490000 18
3491000 18
3492000 18
3493000 18
3494000 18
3495000 18
3496000 18
3497000 18
3498000 18
3499000 18
3500000 18
3501000 18
3502000 18
3503000 18
3504000 18
3505000 18
3506000 18
3507000 18
3508000 18
3509000 18
3510000 18
3511000 18
3512000 18
3513000 18
3514000 18
3515000 18
3516000 18
3517000 18
3518000 18
3519000 18
3520000 18
3521000 18
3522000 18
3523000 18
3524000 18
3525000 18
3526000 18
3527000 18
3528000 18
3529000 18
3530000 18
3531000 18
3532000 18
3533000 18
3534000 18
3535000 18
3536000 18
3537000 18
3538000 18
3539000 18
3540000 18
3541000 18
3542000 18
3543000 18
3544000 18
3545000 18
3546000 18
3547000 18
3548000 18
3549000 18
3550000 18
3551000 18
3552000 18
3553000 18
3554000 18
3555000 18
3556000 18
3557000 18
3558000 18
3559000 18
3560000 18
3561000 18
3562000 18
3563000 18
3564000 18
3565000 18
3566000 18
3567000 18
3568000 18
3569000 18
3570000 18
3571000 18
3572000 18
3573000 18
3574000 18
3575000 18
3576000 18
3577000 18
3578000 18
3579000 18
3580000 18
3581000 18
3582000 18
3583000 18
3584000 18
3585000 18
3586000 18
3587000 18
3588000 18
3589000 18
3590000 18
3591000 18
3592000 18
3593000 18
3594000 18
3595000 19
3596000 19
3597000 19
3598000 19
3599000 19
3600000 19
3601000 19
3602000 19
3603000 19
3604000 19
3605000 19
3606000 19
3607000 19
3608000 19
3609000 19
3610000 19
3611000 19
3612000 19
3613000 19
3614000 19
3615000 19
3616000 19
3617000 19
3618000 19
3619000 19
3620000 19
3621000 19
3622000 19
3623000 19
3624000 19
3625000 19
3626000 19
3627000 19
3628000 19
3629000 19
3630000 19
3631000 19
3632000 19
3633000 19
3634000 19
3635000 19
3636000 19
3637000 19
3638000 19
3639000 19
3640000 19
3641000 19
3642000 19
3643000 19
3644000 19
3645000 19
3646000 19
3647000 19
3648000 19
3649000 19
3650000 19
3651000 19
3652000 19
3653000 19
3654000 19
3655000 19
3656000 19
3657000 19
3658000 19
3659000 19
3660000 19
3661000 19
3662000 19
3663000 19
3664000 19
3665000 19
3666000 19
3667000 19
3668000 19
3669000 19
3670000 19
3671000 19
3672000 19
3673000 19
3674000 19
3675000 19
3676000 19
3677000 19
3678000 19
3679000 19
3680000 19
3681000 19
3682000 19
3683000 19
3684000 19
3685000 19
3686000 19
3687000 19
3688000 19
3689000 19
3690000 19
3691000 19
3692000 19
3693000 19
3694000 19
3695000 19
3696000 19
3697000 19
3698000 19
3699000 19
3700000 19
3701000 19
3702000 19
3703000 19
3704000 19
3705000 19
3706000 19
3707000 19
3708000 19
3709000 19
3710000 19
3711000 19
3712000 19
3713000 19
3714000 19
3715000 19
3716000 19
3717000 19
3718000 19
3719000 19
3720000 19
3721000 19
3722000 19
3723000 19
3724000 19
3725000 19
3726000 19
3727000 19
3728000 19
3729000 19
3730000 19
3731000 19
3732000 19
3733000 19
3734000 19
3735000 19
3736000 19
3737000 19
3738000 19
3739000 19
3740000 19
3741000 19
3742000 19
3743000 19
3744000 19
3745000 19
3746000 19
3747000 19
3748000 19
3749000 19
3750000 19
3751000 19
3752000 19
3753000 19
3754000 19
3755000 19
3756000 19
3757000 19
3758000 19
3759000 19
3760000 19
3761000 19
3762000 19
3763000 19
3764000 19
3765000 19
3766000 19
3767000 19
3768000 19
3769000 19
3770000 19
3771000 19
3772000 19
3773000 19
3774000 19
3775000 19
3776000 19
3777000 19
3778000 19
3779000 19
3780000 19
3781000 19
3782000 19
3783000 19
3784000 19
3785000 19
3786000 19
3787000 19
3788000 19
3789000 19
3790000 19
3791000 19
3792000 19
3793000 19
3794000 19
3795000 19
3796000 19
3797000 19
3798000 19
3799000 19
3800000 19
3801000 19
3802000 19
3803000 19
3804000 19
3805000 19
3806000 19
3807000 19
3808000 19
3809000 19
3810000 19
3811000 19
3812000 19
3813000 19
3814000 19
3815000 19
3816000 19
3817000 19
3818000 19
3819000 19
3820000 19
3821000 19
3822000 19
3823000 19
3824000 19
3825000 19
3826000 19
3827000 19
3828000 19
3829000 19
3830000 19
3831000 19
3832000 19
3833000 19
3834000 19
3835000 19
3836000 19
3837000 19
3838000 19
3839000 19
3840000 19
3841000 19
3842000 19
3843000 19
3844000 19
3845000 19
3846000 19
3847000 19
3848000 19
3849000 19
3850000 19
3851000 19
3852000 19
3853000 19
3854000 20
3855000 20
3856000 20
3857000 20
3858000 20
3859000 20
3860000 20
3861000 20
3862000 20
3863000 20
3864000 20
3865000 20
3866000 20
3867000 20
3868000 20
3869000 20
3870000 20
3871000 20
3872000 20
3873000 20
3874000 20
3875000 20
3876000 20
3877000 20
3878000 20
3879000 20
3880000 20
3881000 20
3882000 20
3883000 20
3884000 20
3885000 20
3886000 20
3887000 20
3888000 20
3889000 20
3890000 20
3891000 20
3892000 20
3893000 20
3894000 20
3895000 20
3896000 20
3897000 20
3898000 20
3899000 20
3900000 20
3901000 20
3902000 20
3903000 20
3904000 20
3905000 20
3906000 20
3907000 20
3908000 20
3909000 20
3910000 20
3911000 20
3912000 20
3913000 20
3914000 20
3915000 20
3916000 20
3917000 20
3918000 20
3919000 20
3920000 20
3921000 20
3922000 20
3923000 20
3924000 20
3925000 20
3926000 20
3927000 20
3928000 20
3929000 20
3930000 20
3931000 20
3932000 20
3933000 20
3934000 20
3935000 20
3936000 20
3937000 20
3938000 20
3939000 20
3940000 20
3941000 20
3942000 20
3943000 20
3944000 20
3945000 20
3946000 20
3947000 20
3948000 20
3949000 20
3950000 20
3951000 20
3952000 20
3953000 20
3954000 20
3955000 20
3956000 20
3957000 20
3958000 20
3959000 20
3960000 20
3961000 20
3962000 20
3963000 20
3964000 20
3965000 20
3966000 20
3967000 20
3968000 20
3969000 20
3970000 20
3971000 20
3972000 20
3973000 20
3974000 20
3975000 20
3976000 20
3977000 20
3978000 20
3979000 20
3980000 20
3981000 20
3982000 20
3983000 20
3984000 20
3985000 20
3986000 20
3987000 20
3988000 20
3989000 20
3990000 20
3991000 20
3992000 20
3993000 20
3994000 20
3995000 20
3996000 20
3997000 20
3998000 20
3999000 20
4000000 20
4001000 20
4002000 20
4003000 20
4004000 20
4005000 20
4006000 20
4007000 20
4008000 20
4009000 20
4010000 20
4011000 20
4012000 20
4013000 20
4014000 20
4015000 20
4016000 20
4017000 20
4018000 20
4019000 20
4020000 20
4021000 20
4022000 20
4023000 20
4024000 20
4025000 20
4026000 20
4027000 20
4028000 20
4029000 20
4030000 20
4031000 20
4032000 20
4033000 20
4034000 20
4035000 20
4036000 20
4037000 20
4038000 20
4039000 20
4040000 20
4041000 20
4042000 20
4043000 20
4044000 20
4045000 20
4046000 20
4047000 20
4048000 20
4049000 20
4050000 20
4051000 20
4052000 20
4053000 20
4054000 20
4055000 20
4056000 20
4057000 20
4058000 20
4059000 20
4060000 20
4061000 20
4062000 20
4063000 21
4064000 21
4065000 21
4066000 21
4067000 21
4068000 21
4069000 21
4070000 21
4071000 21
4072000 21
4073000 21
4074000 21
4075000 21
4076000 21
4077000 21
4078000 21
4079000 21
4080000 21
4081000 21
4082000 21
4083000 21
4084000 21
4085000 21
4086000 21
4087000 21
4088000 21
4089000 21
4090000 21
4091000 21
4092000 21
4093000 21
4094000 21
4095000 21
4096000 21
4097000 21
4098000 21
4099000 21
4100000 21
4101000 21
4102000 21
4103000 21
4104000 21
4105000 21
4106000 21
4107000 21
4108000 21
4109000 21
4110000 21
4111000 21
4112000 21
4113000 21
4114000 21
4115000 21
4116000 21
4117000 21
4118000 21
4119000 21
4120000 21
4121000 21
4122000 21
4123000 21
4124000 22
4125000 22
4126000 22
4127000 22
4128000 22
4129000 22
4130000 22
4131000 22
4132000 22
4133000 22
4134000 22
4135000 22
4136000 22
4137000 22
4138000 22
4139000 22
4140000 22
4141000 22
4142000 22
4143000 22
4144000 22
4145000 22
4146000 22
4147000 22
4148000 22
4149000 22
4150000 22
4151000 22
4152000 22
4153000 22
4154000 22
4155000 22
4156000 22
4157000 22
4158000 22
4159000 22
4160000 22
4161000 22
4162000 22
4163000 22
4164000 22
4165000 22
4166000 22
4167000 22
4168000 22
4169000 22
4170000 22
4171000 22
4172000 22
4173000 22
4174000 22
4175000 22
4176000 22
4177000 22
4178000 22
4179000 22
4180000 22
4181000 22
4182000 22
4183000 22
4184000 22
4185000 22
4186000 22
4187000 22
4188000 22
4189000 22
4190000 22
4191000 22
4192000 22
4193000 22
4194000 22
4195000 22
4196000 22
4197000 22
4198000 22
4199000 22
4200000 22
4201000 22
4202000 22
4203000 22
4204000 22
4205000 22
4206000 22
4207000 22
4208000 22
4209000 22
4210000 22
4211000 22
4212000 22
4213000 22
4214000 22
4215000 22
4216000 22
4217000 22
4218000 22
4219000 22
4220000 22
4221000 22
4222000 22
4223000 22
4224000 22
4225000 22
4226000 22
4227000 22
4228000 22
4229000 22
4230000 22
4231000 22
4232000 22
4233000 22
4234000 22
4235000 22
4236000 22
4237000 22
4238000 22
4239000 22
4240000 22
4241000 22
4242000 22
4243000 22
4244000 22
4245000 22
4246000 22
4247000 22
4248000 22
4249000 22
4250000 22
4251000 22
4252000 22
4253000 22
4254000 22
4255000 22
4256000 22
4257000 22
4258000 22
4259000 22
4260000 22
4261000 22
4262000 22
4263000 22
4264000 22
4265000 22
4266000 22
4267000 22
4268000 22
4269000 22
4270000 22
4271000 22
4272000 22
4273000 22
4274000 22
4275000 22
4276000 22
4277000 22
4278000 22
4279000 22
4280000 22
4281000 22
4282000 22
4283000 22
4284000 22
4285000 22
4286000 22
4287000 22
4288000 22
4289000 22
4290000 22
4291000 22
4292000 22
4293000 22
4294000 22
4295000 22
4296000 22
4297000 22
4298000 22
4299000 22
4300000 22
4301000 22
4302000 22
4303000 22
4304000 22
4305000 22
4306000 22
4307000 22
4308000 22
4309000 22
4310000 22
4311000 22
4312000 22
4313000 22
4314000 22
4315000 22
4316000 22
4317000 22
4318000 22
4319000 22
4320000 22
4321000 22
4322000 22
4323000 22
4324000 22
4325000 22
4326000 22
4327000 22
4328000 22
4329000 22
4330000 22
4331000 22
4332000 22
4333000 22
4334000 22
4335000 22
4336000 22
4337000 22
4338000 22
4339000 22
4340000 22
4341000 22
4342000 22
4343000 22
4344000 22
4345000 22
4346000 22
4347000 22
4348000 22
4349000 22
4350000 22
4351000 22
4352000 22
4353000 22
4354000 22
4355000 22
4356000 22
4357000 22
4358000 22
4359000 22
4360000 22
4361000 22
4362000 22
4363000 22
4364000 22
4365000 22
4366000 22
4367000 22
4368000 22
4369000 22
4370000 22
4371000 22
4372000 22
4373000 22
4374000 22
4375000 22
4376000 22
4377000 22
4378000 22
4379000 22
4380000 22
4381000 22
4382000 22
4383000 22
4384000 22
4385000 22
4386000 22
4387000 22
4388000 22
4389000 22
4390000 22
4391000 22
4392000 22
4393000 22
4394000 22
4395000 22
4396000 22
4397000 22
4398000 22
4399000 22
4400000 22
4401000 22
4402000 22
4403000 22
4404000 22
4405000 22
4406000 22
4407000 22
4408000 22
4409000 22
4410000 22
4411000 22
4412000 22
4413000 22
4414000 22
4415000 22
4416000 22
4417000 22
4418000 22
4419000 22
4420000 22
4421000 22
4422000 22
4423000 22
4424000 22
4425000 22
4426000 22
4427000 22
4428000 22
4429000 22
4430000 22
4431000 22
4432000 22
4433000 22
4434000 22
4435000 22
4436000 22
4437000 22
4438000 22
4439000 22
4440000 22
4441000 22
4442000 22
4443000 22
4444000 22
4445000 22
4446000 22
4447000 22
4448000 22
4449000 22
4450000 22
4451000 22
4452000 22
4453000 22
4454000 22
4455000 22
4456000 22
4457000 22
4458000 22
4459000 22
4460000 22
4461000 22
4462000 22
4463000 22
4464000 22
4465000 22
4466000 22
4467000 22
4468000 22
4469000 22
4470000 22
4471000 22
4472000 22
4473000 22
4474000 22
4475000 22
4476000 22
4477000 22
4478000 22
4479000 22
4480000 22
4481000 22
4482000 22
4483000 22
4484000 22
4485000 22
4486000 22
4487000 22
4488000 22
4489000 22
4490000 22
4491000 22
4492000 22
4493000 22
4494000 22
4495000 22
4496000 22
4497000 22
4498000 22
4499000 22
4500000 22
4501000 22
4502000 22
4503000 22
4504000 22
4505000 22
4506000 22
4507000 22
4508000 22
4509000 22
4510000 22
4511000 22
4512000 22
4513000 22
4514000 22
4515000 22
4516000 22
4517000 22
4518000 22
4519000 22
4520000 22
4521000 22
4522000 22
4523000 22
4524000 22
4525000 22
4526000 22
4527000 22
4528000 22
4529000 22
4530000 22
4531000 22
4532000 22
4533000 22
4534000 22
4535000 23
4536000 23
4537000 23
4538000 23
4539000 23
4540000 23
4541000 23
4542000 23
4543000 23
4544000 23
4545000 23
4546000 24
4547000 24
4548000 24
4549000 24
4550000 24
4551000 24
4552000 24
4553000 24
4554000 24
4555000 24
4556000 25
4557000 25
4558000 25
4559000 25
4560000 25
4561000 25
4562000 25
4563000 25
4564000 25
4565000 25
4566000 25
4567000 26
4568000 26
4569000 26
4570000 26
4571000 26
4572000 26
4573000 26
4574000 26
4575000 26
4576000 26
4577000 26
4578000 26
4579000 26
4580000 26
4581000 26
4582000 26
4583000 26
4584000 26
4585000 26
4586000 26
4587000 26
4588000 26
4589000 26
4590000 26
4591000 26
4592000 26
4593000 26
4594000 26
4595000 26
4596000 26
4597000 26
4598000 26
4599000 26
4600000 26
4601000 26
4602000 26
4603000 26
4604000 26
4605000 26
4606000 26
4607000 26
4608000 26
4609000 26
4610000 26
4611000 26
4612000 26
4613000 26
4614000 26
4615000 26
4616000 26
4617000 26
4618000 26
4619000 26
4620000 26
4621000 26
4622000 26
4623000 26
4624000 26
4625000 26
4626000 26
4627000 26
4628000 26
4629000 26
4630000 26
4631000 26
4632000 26
4633000 26
4634000 26
4635000 26
4636000 26
4637000 26
4638000 26
4639000 26
4640000 26
4641000 26
4642000 26
4643000 26
4644000 26
4645000 26
4646000 26
4647000 26
4648000 26
4649000 26
4650000 26
4651000 26
4652000 26
4653000 26
4654000 26
4655000 26
4656000 26
4657000 26
4658000 26
4659000 26
4660000 26
4661000 26
4662000 26
4663000 26
4664000 26
4665000 26
4666000 26
4667000 26
4668000 26
4669000 26
4670000 26
4671000 26
4672000 26
4673000 26
4674000 26
4675000 26
4676000 26
4677000 26
4678000 26
4679000 26
4680000 26
4681000 27
4682000 27
4683000 27
4684000 27
4685000 27
4686000 27
4687000 27
4688000 27
4689000 27
4690000 27
4691000 27
4692000 27
4693000 27
4694000 27
4695000 27
4696000 27
4697000 27
4698000 27
4699000 27
4700000 27
4701000 27
4702000 27
4703000 27
4704000 27
4705000 27
4706000 27
4707000 27
4708000 27
4709000 27
4710000 27
4711000 27
4712000 27
4713000 27
4714000 27
4715000 27
4716000 27
4717000 27
4718000 27
4719000 27
4720000 27
4721000 27
4722000 27
4723000 27
4724000 27
4725000 27
4726000 27
4727000 27
4728000 27
4729000 27
4730000 27
4731000 27
4732000 27
4733000 27
4734000 27
4735000 27
4736000 27
4737000 27
4738000 27
4739000 27
4740000 27
4741000 27
4742000 27
4743000 27
4744000 27
4745000 27
4746000 27
4747000 27
4748000 27
4749000 27
4750000 27
4751000 27
4752000 27
4753000 27
4754000 27
4755000 27
4756000 27
4757000 27
4758000 27
4759000 27
4760000 27
4761000 27
4762000 27
4763000 27
4764000 27
4765000 27
4766000 27
4767000 27
4768000 27
4769000 27
4770000 27
4771000 27
4772000 27
4773000 27
4774000 27
4775000 27
4776000 27
4777000 27
4778000 27
4779000 27
4780000 27
4781000 27
4782000 27
4783000 27
4784000 27
4785000 27
4786000 27
4787000 27
4788000 27
4789000 27
4790000 27
4791000 27
4792000 27
4793000 27
4794000 27
4795000 27
4796000 27
4797000 27
4798000 27
4799000 27
4800000 27
4801000 27
4802000 27
4803000 27
4804000 27
4805000 27
4806000 27
4807000 27
4808000 27
4809000 27
4810000 27
4811000 27
4812000 27
4813000 27
4814000 27
4815000 27
4816000 27
4817000 27
4818000 27
4819000 27
4820000 27
4821000 27
4822000 27
4823000 27
4824000 27
4825000 27
4826000 27
4827000 27
4828000 27
4829000 27
4830000 27
4831000 27
4832000 27
4833000 27
4834000 27
4835000 27
4836000 27
4837000 27
4838000 27
4839000 27
4840000 27
4841000 27
4842000 27
4843000 27
4844000 27
4845000 27
4846000 27
4847000 27
4848000 27
4849000 27
4850000 27
4851000 27
4852000 27
4853000 27
4854000 27
4855000 27
4856000 27
4857000 27
4858000 27
4859000 27
4860000 27
4861000 27
4862000 27
4863000 27
4864000 27
4865000 27
4866000 27
4867000 27
4868000 27
4869000 27
4870000 27
4871000 27
4872000 27
4873000 27
4874000 27
4875000 27
4876000 27
4877000 27
4878000 27
4879000 27
4880000 27
4881000 27
4882000 27
4883000 27
4884000 27
4885000 27
4886000 27
4887000 27
4888000 27
4889000 27
4890000 27
4891000 27
4892000 27
4893000 27
4894000 27
4895000 27
4896000 27
4897000 27
4898000 27
4899000 27
4900000 27
4901000 27
4902000 27
4903000 27
4904000 27
4905000 27
4906000 27
4907000 27
4908000 27
4909000 27
4910000 27
4911000 27
4912000 27
4913000 27
4914000 27
4915000 27
4916000 27
4917000 27
4918000 27
4919000 27
4920000 27
4921000 27
4922000 27
4923000 27
4924000 27
4925000 27
4926000 27
4927000 27
4928000 27
4929000 27
4930000 27
4931000 27
4932000 27
4933000 27
4934000 27
4935000 27
4936000 27
4937000 27
4938000 27
4939000 27
4940000 27
4941000 27
4942000 27
4943000 27
4944000 27
4945000 27
4946000 27
4947000 27
4948000 28
4949000 28
4950000 28
4951000 28
4952000 28
4953000 28
4954000 28
4955000 28
4956000 28
4957000 28
4958000 28
4959000 28
4960000 28
4961000 29
4962000 29
4963000 29
4964000 29
4965000 29
4966000 29
4967000 29
4968000 29
4969000 29
4970000 29
4971000 29
4972000 29
4973000 29
4974000 29
4975000 29
4976000 29
4977000 29
4978000 29
4979000 29
4980000 29
4981000 29
4982000 29
4983000 29
4984000 29
4985000 29
4986000 29
4987000 29
4988000 29
4989000 29
4990000 29
4991000 29
4992000 29
4993000 29
4994000 29
4995000 29
4996000 29
4997000 29
4998000 29
4999000 29
5000000 29
