0 0
1000 0
2000 0
3000 0
4000 0
5000 0
6000 0
7000 0
8000 0
9000 0
10000 0
11000 0
12000 0
13000 0
14000 0
15000 0
16000 0
17000 0
18000 0
19000 0
20000 0
21000 0
22000 0
23000 0
24000 0
25000 0
26000 0
27000 0
28000 0
29000 0
30000 0
31000 0
32000 0
33000 0
34000 0
35000 0
36000 0
37000 0
38000 1
39000 1
40000 1
41000 1
42000 1
43000 1
44000 1
45000 1
46000 1
47000 1
48000 1
49000 1
50000 1
51000 1
52000 1
53000 1
54000 1
55000 2
56000 2
57000 2
58000 2
59000 2
60000 2
61000 2
62000 2
63000 2
64000 2
65000 2
66000 2
67000 2
68000 2
69000 2
70000 2
71000 2
72000 2
73000 3
74000 3
75000 3
76000 3
77000 3
78000 3
79000 3
80000 3
81000 3
82000 3
83000 3
84000 3
85000 3
86000 4
87000 4
88000 4
89000 4
90000 4
91000 4
92000 4
93000 4
94000 4
95000 4
96000 4
97000 4
98000 4
99000 4
100000 4
101000 4
102000 4
103000 5
104000 5
105000 5
106000 5
107000 5
108000 5
109000 5
110000 5
111000 5
112000 5
113000 5
114000 5
115000 5
116000 5
117000 5
118000 5
119000 5
120000 5
121000 5
122000 6
123000 6
124000 6
125000 6
126000 6
127000 6
128000 6
129000 6
130000 6
131000 6
132000 6
133000 6
134000 6
135000 6
136000 6
137000 6
138000 6
139000 6
140000 6
141000 6
142000 6
143000 7
144000 7
145000 7
146000 7
147000 7
148000 7
149000 7
150000 7
151000 7
152000 7
153000 7
154000 7
155000 8
156000 8
157000 8
158000 8
159000 8
160000 8
161000 8
162000 8
163000 8
164000 8
165000 8
166000 8
167000 8
168000 9
169000 9
170000 9
171000 9
172000 9
173000 9
174000 9
175000 9
176000 9
177000 9
178000 10
179000 10
180000 10
181000 10
182000 10
183000 10
184000 10
185000 10
186000 10
187000 10
188000 10
189000 10
190000 10
191000 10
192000 11
193000 11
194000 11
195000 11
196000 11
197000 11
198000 11
199000 11
200000 11
201000 11
202000 11
203000 11
204000 11
205000 11
206000 11
207000 11
208000 11
209000 11
210000 11
211000 11
212000 12
213000 12
214000 12
215000 12
216000 12
217000 12
218000 12
219000 12
220000 12
221000 12
222000 12
223000 12
224000 12
225000 12
226000 12
227000 12
228000 12
229000 12
230000 12
231000 12
232000 12
233000 12
234000 12
235000 12
236000 12
237000 12
238000 12
239000 12
240000 13
241000 13
242000 13
243000 13
244000 13
245000 13
246000 13
247000 13
248000 13
249000 13
250000 13
251000 13
252000 13
253000 13
254000 13
255000 13
256000 13
257000 13
258000 13
259000 13
260000 13
261000 13
262000 13
263000 13
264000 13
265000 13
266000 13
267000 13
268000 13
269000 13
270000 13
271000 13
272000 13
273000 13
274000 13
275000 13
276000 13
277000 13
278000 13
279000 13
280000 13
281000 13
282000 13
283000 13
284000 13
285000 13
286000 13
287000 13
288000 13
289000 13
290000 13
291000 13
292000 13
293000 13
294000 13
295000 13
296000 13
297000 13
298000 13
299000 13
300000 13
301000 13
302000 13
303000 13
304000 13
305000 13
306000 13
307000 13
308000 13
309000 13
310000 13
311000 13
312000 13
313000 13
314000 13
315000 13
316000 13
317000 13
318000 13
319000 13
320000 13
321000 13
322000 13
323000 13
324000 13
325000 13
326000 13
327000 13
328000 13
329000 13
330000 13
331000 13
332000 13
333000 13
334000 13
335000 13
336000 13
337000 13
338000 13
339000 13
340000 13
341000 13
342000 13
343000 13
344000 13
345000 13
346000 13
347000 13
348000 13
349000 13
350000 13
351000 13
352000 13
353000 13
354000 13
355000 13
356000 13
357000 13
358000 13
359000 13
360000 13
361000 13
362000 13
363000 13
364000 13
365000 13
366000 13
367000 13
368000 13
369000 13
370000 13
371000 13
372000 13
373000 13
374000 13
375000 13
376000 13
377000 13
378000 13
379000 13
380000 13
381000 13
382000 13
383000 13
384000 13
385000 13
386000 13
387000 13
388000 13
389000 13
390000 13
391000 13
392000 13
393000 13
394000 13
395000 13
396000 13
397000 13
398000 13
399000 13
400000 13
401000 13
402000 13
403000 13
404000 13
405000 13
406000 13
407000 13
408000 13
409000 13
410000 13
411000 13
412000 13
413000 13
414000 13
415000 13
416000 13
417000 13
418000 13
419000 13
420000 13
421000 13
422000 13
423000 13
424000 13
425000 13
426000 13
427000 13
428000 13
429000 13
430000 13
431000 13
432000 13
433000 13
434000 13
435000 13
436000 13
437000 13
438000 13
439000 13
440000 13
441000 13
442000 13
443000 13
444000 13
445000 13
446000 13
447000 13
448000 13
449000 13
450000 13
451000 13
452000 13
453000 13
454000 13
455000 13
456000 13
457000 13
458000 13
459000 13
460000 13
461000 13
462000 13
463000 13
464000 13
465000 13
466000 13
467000 13
468000 13
469000 13
470000 13
471000 13
472000 13
473000 13
474000 13
475000 13
476000 13
477000 13
478000 13
479000 13
480000 13
481000 13
482000 13
483000 13
484000 13
485000 13
486000 13
487000 13
488000 13
489000 13
490000 13
491000 13
492000 13
493000 13
494000 13
495000 13
496000 13
497000 13
498000 13
499000 13
500000 13
501000 13
502000 13
503000 13
504000 13
505000 13
506000 13
507000 13
508000 13
509000 13
510000 13
511000 13
512000 13
513000 13
514000 13
515000 13
516000 13
517000 13
518000 13
519000 13
520000 13
521000 13
522000 13
523000 13
524000 13
525000 13
526000 13
527000 13
528000 13
529000 13
530000 13
531000 13
532000 13
533000 13
534000 13
535000 13
536000 13
537000 13
538000 13
539000 13
540000 13
541000 13
542000 13
543000 13
544000 13
545000 13
546000 13
547000 13
548000 13
549000 13
550000 13
551000 13
552000 13
553000 13
554000 13
555000 13
556000 13
557000 13
558000 14
559000 14
560000 14
561000 14
562000 14
563000 14
564000 14
565000 14
566000 14
567000 14
568000 14
569000 14
570000 14
571000 14
572000 14
573000 14
574000 14
575000 14
576000 14
577000 15
578000 15
579000 15
580000 15
581000 15
582000 15
583000 15
584000 15
585000 15
586000 15
587000 15
588000 15
589000 15
590000 15
591000 15
592000 15
593000 15
594000 15
595000 15
596000 15
597000 15
598000 15
599000 15
600000 15
601000 15
602000 15
603000 15
604000 15
605000 15
606000 15
607000 16
608000 16
609000 16
610000 16
611000 16
612000 16
613000 16
614000 16
615000 16
616000 16
617000 16
618000 16
619000 16
620000 16
621000 16
622000 16
623000 16
624000 16
625000 16
626000 16
627000 16
628000 16
629000 16
630000 16
631000 16
632000 16
633000 16
634000 16
635000 16
636000 16
637000 16
638000 16
639000 16
640000 16
641000 16
642000 16
643000 16
644000 16
645000 16
646000 16
647000 16
648000 16
649000 16
650000 16
651000 16
652000 16
653000 16
654000 16
655000 16
656000 16
657000 16
658000 16
659000 16
660000 16
661000 16
662000 16
663000 16
664000 16
665000 16
666000 16
667000 16
668000 16
669000 16
670000 16
671000 16
672000 16
673000 16
674000 16
675000 16
676000 16
677000 17
678000 17
679000 17
680000 17
681000 17
682000 17
683000 17
684000 17
685000 17
686000 17
687000 17
688000 17
689000 17
690000 17
691000 17
692000 17
693000 17
694000 17
695000 17
696000 17
697000 17
698000 17
699000 17
700000 17
701000 17
702000 17
703000 18
704000 18
705000 18
706000 18
707000 18
708000 18
709000 18
710000 18
711000 18
712000 18
713000 18
714000 18
715000 18
716000 18
717000 18
718000 18
719000 18
720000 18
721000 18
722000 18
723000 18
724000 19
725000 19
726000 19
727000 19
728000 19
729000 19
730000 19
731000 19
732000 19
733000 19
734000 19
735000 19
736000 19
737000 19
738000 19
739000 19
740000 19
741000 19
742000 19
743000 19
744000 19
745000 19
746000 19
747000 19
748000 19
749000 19
750000 20
751000 20
752000 20
753000 20
754000 20
755000 20
756000 20
757000 20
758000 20
759000 20
760000 20
761000 20
762000 20
763000 20
764000 20
765000 20
766000 20
767000 21
768000 21
769000 21
770000 21
771000 21
772000 21
773000 21
774000 21
775000 21
776000 21
777000 22
778000 22
779000 22
780000 22
781000 22
782000 22
783000 22
784000 22
785000 22
786000 22
787000 22
788000 23
789000 23
790000 23
791000 23
792000 23
793000 23
794000 23
795000 23
796000 23
797000 23
798000 24
799000 24
800000 24
801000 24
802000 24
803000 24
804000 24
805000 24
806000 24
807000 24
808000 25
809000 25
810000 25
811000 25
812000 25
813000 25
814000 25
815000 25
816000 25
817000 25
818000 26
819000 26
820000 26
821000 26
822000 26
823000 26
824000 26
825000 26
826000 26
827000 26
828000 26
829000 26
830000 26
831000 27
832000 27
833000 27
834000 27
835000 27
836000 27
837000 27
838000 27
839000 27
840000 28
841000 28
842000 28
843000 28
844000 28
845000 28
846000 28
847000 28
848000 28
849000 28
850000 29
851000 29
852000 29
853000 29
854000 29
855000 29
856000 29
857000 29
858000 29
859000 29
860000 30
861000 30
862000 30
863000 30
864000 30
865000 30
866000 30
867000 30
868000 31
869000 31
870000 31
871000 31
872000 31
873000 31
874000 31
875000 31
876000 31
877000 31
878000 32
879000 32
880000 32
881000 32
882000 32
883000 32
884000 32
885000 32
886000 32
887000 33
888000 33
889000 33
890000 33
891000 33
892000 33
893000 33
894000 33
895000 33
896000 33
897000 34
898000 34
899000 34
900000 34
901000 34
902000 34
903000 34
904000 34
905000 34
906000 35
907000 35
908000 35
909000 35
910000 35
911000 35
912000 35
913000 35
914000 35
915000 35
916000 35
917000 36
918000 36
919000 36
920000 36
921000 36
922000 36
923000 36
924000 36
925000 36
926000 36
927000 36
928000 36
929000 37
930000 37
931000 37
932000 37
933000 37
934000 37
935000 37
936000 37
937000 37
938000 37
939000 37
940000 38
941000 38
942000 38
943000 38
944000 38
945000 38
946000 38
947000 38
948000 38
949000 38
950000 38
951000 38
952000 39
953000 39
954000 39
955000 39
956000 39
957000 39
958000 39
959000 39
960000 39
961000 39
962000 39
963000 40
964000 40
965000 40
966000 40
967000 40
968000 40
969000 40
970000 40
971000 40
972000 40
973000 40
974000 41
975000 41
976000 41
977000 41
978000 41
979000 41
980000 41
981000 41
982000 41
983000 41
984000 41
985000 42
986000 42
987000 42
988000 42
989000 42
990000 42
991000 42
992000 42
993000 42
994000 42
995000 43
996000 43
997000 43
998000 43
999000 43
1000000 43
1001000 43
1002000 43
1003000 43
1004000 43
1005000 44
1006000 44
1007000 44
1008000 44
1009000 44
1010000 44
1011000 44
1012000 44
1013000 44
1014000 44
1015000 44
1016000 44
1017000 45
1018000 45
1019000 45
1020000 45
1021000 45
1022000 45
1023000 45
1024000 45
1025000 45
1026000 45
1027000 45
1028000 45
1029000 46
1030000 46
1031000 46
1032000 46
1033000 46
1034000 46
1035000 46
1036000 46
1037000 47
1038000 47
1039000 47
1040000 47
1041000 47
1042000 47
1043000 47
1044000 47
1045000 47
1046000 47
1047000 47
1048000 48
1049000 48
1050000 48
1051000 48
1052000 48
1053000 48
1054000 48
1055000 48
1056000 49
1057000 49
1058000 49
1059000 49
1060000 49
1061000 49
1062000 49
1063000 49
1064000 49
1065000 49
1066000 50
1067000 50
1068000 50
1069000 50
1070000 50
1071000 50
1072000 50
1073000 50
1074000 50
1075000 51
1076000 51
1077000 51
1078000 51
1079000 51
1080000 51
1081000 51
1082000 51
1083000 51
1084000 51
1085000 52
1086000 52
1087000 52
1088000 52
1089000 52
1090000 52
1091000 52
1092000 52
1093000 52
1094000 53
1095000 53
1096000 53
1097000 53
1098000 53
1099000 53
1100000 53
1101000 53
1102000 53
1103000 54
1104000 54
1105000 54
1106000 54
1107000 54
1108000 54
1109000 54
1110000 54
1111000 54
1112000 54
1113000 55
1114000 55
1115000 55
1116000 55
1117000 55
1118000 55
1119000 55
1120000 55
1121000 55
1122000 55
1123000 55
1124000 55
1125000 55
1126000 56
1127000 56
1128000 56
1129000 56
1130000 56
1131000 56
1132000 56
1133000 56
1134000 56
1135000 57
1136000 57
1137000 57
1138000 57
1139000 57
1140000 57
1141000 57
1142000 57
1143000 57
1144000 57
1145000 58
1146000 58
1147000 58
1148000 58
1149000 58
1150000 58
1151000 58
1152000 58
1153000 58
1154000 58
1155000 59
1156000 59
1157000 59
1158000 59
1159000 59
1160000 59
1161000 59
1162000 59
1163000 60
1164000 60
1165000 60
1166000 60
1167000 60
1168000 60
1169000 60
1170000 60
1171000 60
1172000 61
1173000 61
1174000 61
1175000 61
1176000 61
1177000 61
1178000 61
1179000 61
1180000 61
1181000 61
1182000 61
1183000 62
1184000 62
1185000 62
1186000 62
1187000 62
1188000 62
1189000 62
1190000 62
1191000 62
1192000 62
1193000 62
1194000 63
1195000 63
1196000 63
1197000 63
1198000 63
1199000 63
1200000 63
1201000 63
1202000 63
1203000 63
1204000 63
1205000 64
1206000 64
1207000 64
1208000 64
1209000 64
1210000 64
1211000 64
1212000 64
1213000 64
1214000 64
1215000 64
1216000 64
1217000 64
1218000 65
1219000 65
1220000 65
1221000 65
1222000 65
1223000 65
1224000 65
1225000 65
1226000 65
1227000 65
1228000 66
1229000 66
1230000 66
1231000 66
1232000 66
1233000 66
1234000 66
1235000 66
1236000 66
1237000 66
1238000 67
1239000 67
1240000 67
1241000 67
1242000 67
1243000 67
1244000 67
1245000 67
1246000 67
1247000 67
1248000 68
1249000 68
1250000 68
1251000 68
1252000 68
1253000 68
1254000 68
1255000 68
1256000 68
1257000 68
1258000 68
1259000 68
1260000 69
1261000 69
1262000 69
1263000 69
1264000 69
1265000 69
1266000 69
1267000 69
1268000 69
1269000 69
1270000 70
1271000 70
1272000 70
1273000 70
1274000 70
1275000 70
1276000 70
1277000 70
1278000 70
1279000 71
1280000 71
1281000 71
1282000 71
1283000 71
1284000 71
1285000 71
1286000 71
1287000 71
1288000 71
1289000 72
1290000 72
1291000 72
1292000 72
1293000 72
1294000 72
1295000 72
1296000 72
1297000 72
1298000 73
1299000 73
1300000 73
1301000 73
1302000 73
1303000 73
1304000 73
1305000 73
1306000 73
1307000 73
1308000 74
1309000 74
1310000 74
1311000 74
1312000 74
1313000 74
1314000 74
1315000 74
1316000 74
1317000 74
1318000 75
1319000 75
1320000 75
1321000 75
1322000 75
1323000 75
1324000 75
1325000 75
1326000 75
1327000 75
1328000 76
1329000 76
1330000 76
1331000 76
1332000 76
1333000 76
1334000 76
1335000 76
1336000 76
1337000 76
1338000 77
1339000 77
1340000 77
1341000 77
1342000 77
1343000 77
1344000 77
1345000 77
1346000 77
1347000 77
1348000 78
1349000 78
1350000 78
1351000 78
1352000 78
1353000 78
1354000 78
1355000 78
1356000 78
1357000 78
1358000 79
1359000 79
1360000 79
1361000 79
1362000 79
1363000 79
1364000 79
1365000 79
1366000 79
1367000 79
1368000 80
1369000 80
1370000 80
1371000 80
1372000 80
1373000 80
1374000 80
1375000 80
1376000 80
1377000 80
1378000 80
1379000 81
1380000 81
1381000 81
1382000 81
1383000 81
1384000 81
1385000 81
1386000 81
1387000 81
1388000 82
1389000 82
1390000 82
1391000 82
1392000 82
1393000 82
1394000 82
1395000 82
1396000 82
1397000 82
1398000 82
1399000 83
1400000 83
1401000 83
1402000 83
1403000 83
1404000 83
1405000 83
1406000 83
1407000 83
1408000 83
1409000 83
1410000 83
1411000 83
1412000 84
1413000 84
1414000 84
1415000 84
1416000 84
1417000 84
1418000 84
1419000 84
1420000 84
1421000 84
1422000 85
1423000 85
1424000 85
1425000 85
1426000 85
1427000 85
1428000 85
1429000 85
1430000 85
1431000 85
1432000 85
1433000 86
1434000 86
1435000 86
1436000 86
1437000 86
1438000 86
1439000 86
1440000 86
1441000 86
1442000 86
1443000 87
1444000 87
1445000 87
1446000 87
1447000 87
1448000 87
1449000 87
1450000 87
1451000 87
1452000 87
1453000 88
1454000 88
1455000 88
1456000 88
1457000 88
1458000 88
1459000 88
1460000 88
1461000 88
1462000 88
1463000 88
1464000 88
1465000 89
1466000 89
1467000 89
1468000 89
1469000 89
1470000 89
1471000 89
1472000 89
1473000 89
1474000 89
1475000 90
1476000 90
1477000 90
1478000 90
1479000 90
1480000 90
1481000 90
1482000 90
1483000 90
1484000 91
1485000 91
1486000 91
1487000 91
1488000 91
1489000 91
1490000 91
1491000 91
1492000 91
1493000 91
1494000 92
1495000 92
1496000 92
1497000 92
1498000 92
1499000 92
1500000 92
1501000 92
1502000 92
1503000 92
1504000 93
1505000 93
1506000 93
1507000 93
1508000 93
1509000 93
1510000 93
1511000 93
1512000 93
1513000 94
1514000 94
1515000 94
1516000 94
1517000 94
1518000 94
1519000 94
1520000 94
1521000 94
1522000 94
1523000 95
1524000 95
1525000 95
1526000 95
1527000 95
1528000 95
1529000 95
1530000 95
1531000 95
1532000 96
1533000 96
1534000 96
1535000 96
1536000 96
1537000 96
1538000 96
1539000 96
1540000 96
1541000 96
1542000 97
1543000 97
1544000 97
1545000 97
1546000 97
1547000 97
1548000 97
1549000 97
1550000 97
1551000 97
1552000 98
1553000 98
1554000 98
1555000 98
1556000 98
1557000 98
1558000 98
1559000 98
1560000 98
1561000 99
1562000 99
1563000 99
1564000 99
1565000 99
1566000 99
1567000 99
1568000 99
1569000 99
1570000 99
1571000 100
1572000 100
1573000 100
1574000 100
1575000 100
1576000 100
1577000 100
1578000 100
1579000 100
1580000 100
1581000 100
1582000 101
1583000 101
1584000 101
1585000 101
1586000 101
1587000 101
1588000 101
1589000 101
1590000 101
1591000 101
1592000 102
1593000 102
1594000 102
1595000 102
1596000 102
1597000 102
1598000 102
1599000 102
1600000 102
1601000 102
1602000 103
1603000 103
1604000 103
1605000 103
1606000 103
1607000 103
1608000 103
1609000 103
1610000 103
1611000 103
1612000 104
1613000 104
1614000 104
1615000 104
1616000 104
1617000 104
1618000 104
1619000 104
1620000 104
1621000 104
1622000 105
1623000 105
1624000 105
1625000 105
1626000 105
1627000 105
1628000 105
1629000 105
1630000 105
1631000 105
1632000 105
1633000 106
1634000 106
1635000 106
1636000 106
1637000 106
1638000 106
1639000 106
1640000 106
1641000 106
1642000 106
1643000 107
1644000 107
1645000 107
1646000 107
1647000 107
1648000 107
1649000 107
1650000 107
1651000 107
1652000 107
1653000 108
1654000 108
1655000 108
1656000 108
1657000 108
1658000 108
1659000 108
1660000 108
1661000 108
1662000 108
1663000 108
1664000 109
1665000 109
1666000 109
1667000 109
1668000 109
1669000 109
1670000 109
1671000 109
1672000 109
1673000 109
1674000 110
1675000 110
1676000 110
1677000 110
1678000 110
1679000 110
1680000 110
1681000 110
1682000 110
1683000 110
1684000 111
1685000 111
1686000 111
1687000 111
1688000 111
1689000 111
1690000 111
1691000 111
1692000 111
1693000 111
1694000 112
1695000 112
1696000 112
1697000 112
1698000 112
1699000 112
1700000 112
1701000 112
1702000 112
1703000 112
1704000 113
1705000 113
1706000 113
1707000 113
1708000 113
1709000 113
1710000 113
1711000 113
1712000 113
1713000 114
1714000 114
1715000 114
1716000 114
1717000 114
1718000 114
1719000 114
1720000 114
1721000 114
1722000 115
1723000 115
1724000 115
1725000 115
1726000 115
1727000 115
1728000 115
1729000 115
1730000 115
1731000 115
1732000 116
1733000 116
1734000 116
1735000 116
1736000 116
1737000 116
1738000 116
1739000 116
1740000 116
1741000 116
1742000 117
1743000 117
1744000 117
1745000 117
1746000 117
1747000 117
1748000 117
1749000 117
1750000 117
1751000 117
1752000 118
1753000 118
1754000 118
1755000 118
1756000 118
1757000 118
1758000 118
1759000 118
1760000 118
1761000 118
1762000 118
1763000 119
1764000 119
1765000 119
1766000 119
1767000 119
1768000 119
1769000 119
1770000 119
1771000 119
1772000 119
1773000 120
1774000 120
1775000 120
1776000 120
1777000 120
1778000 120
1779000 120
1780000 120
1781000 120
1782000 121
1783000 121
1784000 121
1785000 121
1786000 121
1787000 121
1788000 121
1789000 121
1790000 121
1791000 121
1792000 121
1793000 122
1794000 122
1795000 122
1796000 122
1797000 122
1798000 122
1799000 122
1800000 122
1801000 122
1802000 122
1803000 122
1804000 122
1805000 123
1806000 123
1807000 123
1808000 123
1809000 123
1810000 123
1811000 123
1812000 123
1813000 123
1814000 123
1815000 123
1816000 124
1817000 124
1818000 124
1819000 124
1820000 124
1821000 124
1822000 124
1823000 124
1824000 124
1825000 124
1826000 124
1827000 125
1828000 125
1829000 125
1830000 125
1831000 125
1832000 125
1833000 125
1834000 125
1835000 125
1836000 126
1837000 126
1838000 126
1839000 126
1840000 126
1841000 126
1842000 126
1843000 126
1844000 126
1845000 126
1846000 127
1847000 127
1848000 127
1849000 127
1850000 127
1851000 127
1852000 127
1853000 127
1854000 127
1855000 127
1856000 127
1857000 128
1858000 128
1859000 128
1860000 128
1861000 128
1862000 128
1863000 128
1864000 128
1865000 128
1866000 128
1867000 129
1868000 129
1869000 129
1870000 129
1871000 129
1872000 129
1873000 129
1874000 129
1875000 129
1876000 129
1877000 130
1878000 130
1879000 130
1880000 130
1881000 130
1882000 130
1883000 130
1884000 130
1885000 130
1886000 130
1887000 131
1888000 131
1889000 131
1890000 131
1891000 131
1892000 131
1893000 131
1894000 131
1895000 131
1896000 131
1897000 132
1898000 132
1899000 132
1900000 132
1901000 132
1902000 132
1903000 132
1904000 132
1905000 132
1906000 132
1907000 133
1908000 133
1909000 133
1910000 133
1911000 133
1912000 133
1913000 133
1914000 133
1915000 133
1916000 133
1917000 133
1918000 134
1919000 134
1920000 134
1921000 134
1922000 134
1923000 134
1924000 134
1925000 134
1926000 134
1927000 134
1928000 135
1929000 135
1930000 135
1931000 135
1932000 135
1933000 135
1934000 135
1935000 135
1936000 135
1937000 135
1938000 136
1939000 136
1940000 136
1941000 136
1942000 136
1943000 136
1944000 136
1945000 136
1946000 136
1947000 136
1948000 136
1949000 136
1950000 137
1951000 137
1952000 137
1953000 137
1954000 137
1955000 137
1956000 137
1957000 137
1958000 137
1959000 137
1960000 138
1961000 138
1962000 138
1963000 138
1964000 138
1965000 138
1966000 138
1967000 138
1968000 138
1969000 139
1970000 139
1971000 139
1972000 139
1973000 139
1974000 139
1975000 139
1976000 139
1977000 139
1978000 139
1979000 140
1980000 140
1981000 140
1982000 140
1983000 140
1984000 140
1985000 140
1986000 140
1987000 140
1988000 141
1989000 141
1990000 141
1991000 141
1992000 141
1993000 141
1994000 141
1995000 141
1996000 141
1997000 141
1998000 141
1999000 142
2000000 142
2001000 142
2002000 142
2003000 142
2004000 142
2005000 142
2006000 142
2007000 142
2008000 142
2009000 142
2010000 143
2011000 143
2012000 143
2013000 143
2014000 143
2015000 143
2016000 143
2017000 143
2018000 143
2019000 143
2020000 144
2021000 144
2022000 144
2023000 144
2024000 144
2025000 144
2026000 144
2027000 144
2028000 144
2029000 145
2030000 145
2031000 145
2032000 145
2033000 145
2034000 145
2035000 145
2036000 145
2037000 145
2038000 145
2039000 145
2040000 145
2041000 145
2042000 145
2043000 145
2044000 146
2045000 146
2046000 146
2047000 146
2048000 146
2049000 146
2050000 146
2051000 146
2052000 146
2053000 147
2054000 147
2055000 147
2056000 147
2057000 147
2058000 147
2059000 147
2060000 147
2061000 147
2062000 147
2063000 148
2064000 148
2065000 148
2066000 148
2067000 148
2068000 148
2069000 148
2070000 148
2071000 148
2072000 148
2073000 149
2074000 149
2075000 149
2076000 149
2077000 149
2078000 149
2079000 149
2080000 149
2081000 149
2082000 149
2083000 149
2084000 149
2085000 150
2086000 150
2087000 150
2088000 150
2089000 150
2090000 150
2091000 150
2092000 150
2093000 150
2094000 151
2095000 151
2096000 151
2097000 151
2098000 151
2099000 151
2100000 151
2101000 151
2102000 151
2103000 151
2104000 152
2105000 152
2106000 152
2107000 152
2108000 152
2109000 152
2110000 152
2111000 152
2112000 153
2113000 153
2114000 153
2115000 153
2116000 153
2117000 153
2118000 153
2119000 153
2120000 153
2121000 153
2122000 153
2123000 154
2124000 154
2125000 154
2126000 154
2127000 154
2128000 154
2129000 154
2130000 154
2131000 154
2132000 154
2133000 155
2134000 155
2135000 155
2136000 155
2137000 155
2138000 155
2139000 155
2140000 155
2141000 155
2142000 155
2143000 155
2144000 156
2145000 156
2146000 156
2147000 156
2148000 156
2149000 156
2150000 156
2151000 156
2152000 156
2153000 157
2154000 157
2155000 157
2156000 157
2157000 157
2158000 157
2159000 157
2160000 157
2161000 157
2162000 158
2163000 158
2164000 158
2165000 158
2166000 158
2167000 158
2168000 158
2169000 158
2170000 158
2171000 158
2172000 159
2173000 159
2174000 159
2175000 159
2176000 159
2177000 159
2178000 159
2179000 159
2180000 159
2181000 159
2182000 160
2183000 160
2184000 160
2185000 160
2186000 160
2187000 160
2188000 160
2189000 160
2190000 160
2191000 160
2192000 160
2193000 161
2194000 161
2195000 161
2196000 161
2197000 161
2198000 161
2199000 161
2200000 161
2201000 161
2202000 162
2203000 162
2204000 162
2205000 162
2206000 162
2207000 162
2208000 162
2209000 162
2210000 162
2211000 162
2212000 162
2213000 163
2214000 163
2215000 163
2216000 163
2217000 163
2218000 163
2219000 163
2220000 163
2221000 163
2222000 163
2223000 163
2224000 163
2225000 164
2226000 164
2227000 164
2228000 164
2229000 164
2230000 164
2231000 164
2232000 164
2233000 164
2234000 164
2235000 164
2236000 165
2237000 165
2238000 165
2239000 165
2240000 165
2241000 165
2242000 165
2243000 165
2244000 165
2245000 165
2246000 165
2247000 166
2248000 166
2249000 166
2250000 166
2251000 166
2252000 166
2253000 166
2254000 166
2255000 166
2256000 166
2257000 167
2258000 167
2259000 167
2260000 167
2261000 167
2262000 167
2263000 167
2264000 167
2265000 167
2266000 167
2267000 167
2268000 167
2269000 168
2270000 168
2271000 168
2272000 168
2273000 168
2274000 168
2275000 168
2276000 168
2277000 168
2278000 169
2279000 169
2280000 169
2281000 169
2282000 169
2283000 169
2284000 169
2285000 169
2286000 169
2287000 170
2288000 170
2289000 170
2290000 170
2291000 170
2292000 170
2293000 170
2294000 170
2295000 170
2296000 170
2297000 171
2298000 171
2299000 171
2300000 171
2301000 171
2302000 171
2303000 171
2304000 171
2305000 171
2306000 171
2307000 171
2308000 171
2309000 171
2310000 171
2311000 171
2312000 171
2313000 171
2314000 171
2315000 171
2316000 171
2317000 171
2318000 171
2319000 171
2320000 171
2321000 171
2322000 171
2323000 171
2324000 171
2325000 171
2326000 171
2327000 171
2328000 171
2329000 171
2330000 171
2331000 171
2332000 171
2333000 171
2334000 171
2335000 171
2336000 171
2337000 171
2338000 171
2339000 171
2340000 171
2341000 171
2342000 171
2343000 171
2344000 171
2345000 171
2346000 171
2347000 171
2348000 171
2349000 171
2350000 171
2351000 171
2352000 171
2353000 171
2354000 171
2355000 171
2356000 171
2357000 171
2358000 171
2359000 171
2360000 171
2361000 171
2362000 171
2363000 171
2364000 171
2365000 171
2366000 171
2367000 171
2368000 171
2369000 171
2370000 171
2371000 171
2372000 171
2373000 171
2374000 171
2375000 171
2376000 171
2377000 171
2378000 171
2379000 171
2380000 171
2381000 171
2382000 171
2383000 171
2384000 171
2385000 171
2386000 171
2387000 171
2388000 171
2389000 171
2390000 171
2391000 172
2392000 172
2393000 172
2394000 172
2395000 172
2396000 172
2397000 172
2398000 172
2399000 172
2400000 172
2401000 172
2402000 172
2403000 172
2404000 173
2405000 173
2406000 173
2407000 173
2408000 173
2409000 173
2410000 173
2411000 173
2412000 173
2413000 173
2414000 173
2415000 174
2416000 174
2417000 174
2418000 174
2419000 174
2420000 174
2421000 174
2422000 174
2423000 174
2424000 174
2425000 174
2426000 174
2427000 174
2428000 175
2429000 175
2430000 175
2431000 175
2432000 175
2433000 175
2434000 175
2435000 175
2436000 175
2437000 175
2438000 175
2439000 175
2440000 175
2441000 176
2442000 176
2443000 176
2444000 176
2445000 176
2446000 176
2447000 176
2448000 176
2449000 176
2450000 176
2451000 176
2452000 176
2453000 177
2454000 177
2455000 177
2456000 177
2457000 177
2458000 177
2459000 177
2460000 177
2461000 177
2462000 177
2463000 177
2464000 177
2465000 178
2466000 178
2467000 178
2468000 178
2469000 178
2470000 178
2471000 178
2472000 178
2473000 178
2474000 178
2475000 178
2476000 178
2477000 178
2478000 178
2479000 179
2480000 179
2481000 179
2482000 179
2483000 179
2484000 179
2485000 179
2486000 179
2487000 179
2488000 179
2489000 179
2490000 179
2491000 179
2492000 179
2493000 179
2494000 180
2495000 180
2496000 180
2497000 180
2498000 180
2499000 180
2500000 180
2501000 180
2502000 180
2503000 180
2504000 180
2505000 180
2506000 181
2507000 181
2508000 181
2509000 181
2510000 181
2511000 181
2512000 181
2513000 181
2514000 181
2515000 181
2516000 181
2517000 181
2518000 181
2519000 181
2520000 182
2521000 182
2522000 182
2523000 182
2524000 182
2525000 182
2526000 182
2527000 182
2528000 182
2529000 182
2530000 183
2531000 183
2532000 183
2533000 183
2534000 183
2535000 183
2536000 183
2537000 183
2538000 183
2539000 183
2540000 183
2541000 184
2542000 184
2543000 184
2544000 184
2545000 184
2546000 184
2547000 184
2548000 184
2549000 184
2550000 184
2551000 184
2552000 185
2553000 185
2554000 185
2555000 185
2556000 185
2557000 185
2558000 185
2559000 185
2560000 185
2561000 185
2562000 185
2563000 185
2564000 186
2565000 186
2566000 186
2567000 186
2568000 186
2569000 186
2570000 186
2571000 186
2572000 186
2573000 186
2574000 186
2575000 187
2576000 187
2577000 187
2578000 187
2579000 187
2580000 187
2581000 187
2582000 187
2583000 188
2584000 188
2585000 188
2586000 188
2587000 188
2588000 188
2589000 188
2590000 188
2591000 188
2592000 188
2593000 188
2594000 189
2595000 189
2596000 189
2597000 189
2598000 189
2599000 189
2600000 189
2601000 189
2602000 189
2603000 189
2604000 189
2605000 189
2606000 189
2607000 189
2608000 190
2609000 190
2610000 190
2611000 190
2612000 190
2613000 190
2614000 190
2615000 190
2616000 190
2617000 190
2618000 190
2619000 191
2620000 191
2621000 191
2622000 191
2623000 191
2624000 191
2625000 191
2626000 191
2627000 191
2628000 191
2629000 191
2630000 191
2631000 192
2632000 192
2633000 192
2634000 192
2635000 192
2636000 192
2637000 192
2638000 192
2639000 192
2640000 193
2641000 193
2642000 193
2643000 193
2644000 193
2645000 193
2646000 193
2647000 193
2648000 193
2649000 193
2650000 193
2651000 193
2652000 194
2653000 194
2654000 194
2655000 194
2656000 194
2657000 194
2658000 194
2659000 194
2660000 194
2661000 194
2662000 195
2663000 195
2664000 195
2665000 195
2666000 195
2667000 195
2668000 195
2669000 195
2670000 195
2671000 195
2672000 195
2673000 195
2674000 195
2675000 196
2676000 196
2677000 196
2678000 196
2679000 196
2680000 196
2681000 196
2682000 196
2683000 196
2684000 196
2685000 197
2686000 197
2687000 197
2688000 197
2689000 197
2690000 197
2691000 197
2692000 197
2693000 197
2694000 197
2695000 198
2696000 198
2697000 198
2698000 198
2699000 198
2700000 198
2701000 198
2702000 198
2703000 198
2704000 198
2705000 198
2706000 198
2707000 199
2708000 199
2709000 199
2710000 199
2711000 199
2712000 199
2713000 199
2714000 199
2715000 199
2716000 199
2717000 200
2718000 200
2719000 200
2720000 200
2721000 200
2722000 200
2723000 200
2724000 200
2725000 200
2726000 201
2727000 201
2728000 201
2729000 201
2730000 201
2731000 201
2732000 201
2733000 201
2734000 201
2735000 201
2736000 202
2737000 202
2738000 202
2739000 202
2740000 202
2741000 202
2742000 202
2743000 202
2744000 202
2745000 202
2746000 202
2747000 203
2748000 203
2749000 203
2750000 203
2751000 203
2752000 203
2753000 203
2754000 203
2755000 203
2756000 203
2757000 204
2758000 204
2759000 204
2760000 204
2761000 204
2762000 204
2763000 204
2764000 204
2765000 204
2766000 204
2767000 204
2768000 205
2769000 205
2770000 205
2771000 205
2772000 205
2773000 205
2774000 205
2775000 205
2776000 205
2777000 205
2778000 205
2779000 206
2780000 206
2781000 206
2782000 206
2783000 206
2784000 206
2785000 206
2786000 206
2787000 206
2788000 206
2789000 207
2790000 207
2791000 207
2792000 207
2793000 207
2794000 207
2795000 207
2796000 207
2797000 207
2798000 207
2799000 207
2800000 207
2801000 207
2802000 207
2803000 207
2804000 207
2805000 207
2806000 208
2807000 208
2808000 208
2809000 208
2810000 208
2811000 208
2812000 208
2813000 208
2814000 208
2815000 208
2816000 208
2817000 209
2818000 209
2819000 209
2820000 209
2821000 209
2822000 209
2823000 209
2824000 209
2825000 209
2826000 209
2827000 209
2828000 209
2829000 209
2830000 210
2831000 210
2832000 210
2833000 210
2834000 210
2835000 210
2836000 210
2837000 210
2838000 210
2839000 210
2840000 210
2841000 210
2842000 211
2843000 211
2844000 211
2845000 211
2846000 211
2847000 211
2848000 211
2849000 211
2850000 211
2851000 211
2852000 212
2853000 212
2854000 212
2855000 212
2856000 212
2857000 212
2858000 212
2859000 212
2860000 212
2861000 212
2862000 212
2863000 212
2864000 212
2865000 213
2866000 213
2867000 213
2868000 213
2869000 213
2870000 213
2871000 213
2872000 213
2873000 213
2874000 213
2875000 213
2876000 214
2877000 214
2878000 214
2879000 214
2880000 214
2881000 214
2882000 214
2883000 214
2884000 214
2885000 214
2886000 214
2887000 214
2888000 214
2889000 215
2890000 215
2891000 215
2892000 215
2893000 215
2894000 215
2895000 215
2896000 215
2897000 215
2898000 215
2899000 215
2900000 215
2901000 215
2902000 215
2903000 215
2904000 215
2905000 215
2906000 215
2907000 215
2908000 216
2909000 216
2910000 216
2911000 216
2912000 216
2913000 216
2914000 216
2915000 216
2916000 216
2917000 216
2918000 216
2919000 216
2920000 217
2921000 217
2922000 217
2923000 217
2924000 217
2925000 217
2926000 217
2927000 217
2928000 217
2929000 218
2930000 218
2931000 218
2932000 218
2933000 218
2934000 218
2935000 218
2936000 218
2937000 218
2938000 218
2939000 218
2940000 219
2941000 219
2942000 219
2943000 219
2944000 219
2945000 219
2946000 219
2947000 219
2948000 219
2949000 220
2950000 220
2951000 220
2952000 220
2953000 220
2954000 220
2955000 220
2956000 220
2957000 220
2958000 221
2959000 221
2960000 221
2961000 221
2962000 221
2963000 221
2964000 221
2965000 221
2966000 221
2967000 221
2968000 222
2969000 222
2970000 222
2971000 222
2972000 222
2973000 222
2974000 222
2975000 222
2976000 222
2977000 223
2978000 223
2979000 223
2980000 223
2981000 223
2982000 223
2983000 223
2984000 223
2985000 223
2986000 224
2987000 224
2988000 224
2989000 224
2990000 224
2991000 224
2992000 224
2993000 224
2994000 224
2995000 224
2996000 224
2997000 224
2998000 224
2999000 224
3000000 224
3001000 225
3002000 225
3003000 225
3004000 225
3005000 225
3006000 225
3007000 225
3008000 225
3009000 225
3010000 225
3011000 225
3012000 226
3013000 226
3014000 226
3015000 226
3016000 226
3017000 226
3018000 226
3019000 226
3020000 226
3021000 227
3022000 227
3023000 227
3024000 227
3025000 227
3026000 227
3027000 227
3028000 227
3029000 227
3030000 228
3031000 228
3032000 228
3033000 228
3034000 228
3035000 228
3036000 228
3037000 228
3038000 228
3039000 228
3040000 228
3041000 229
3042000 229
3043000 229
3044000 229
3045000 229
3046000 229
3047000 229
3048000 229
3049000 229
3050000 229
3051000 229
3052000 230
3053000 230
3054000 230
3055000 230
3056000 230
3057000 230
3058000 230
3059000 230
3060000 230
3061000 230
3062000 230
3063000 231
3064000 231
3065000 231
3066000 231
3067000 231
3068000 231
3069000 231
3070000 231
3071000 231
3072000 231
3073000 231
3074000 231
3075000 231
3076000 232
3077000 232
3078000 232
3079000 232
3080000 232
3081000 232
3082000 232
3083000 232
3084000 232
3085000 232
3086000 233
3087000 233
3088000 233
3089000 233
3090000 233
3091000 233
3092000 233
3093000 233
3094000 233
3095000 233
3096000 234
3097000 234
3098000 234
3099000 234
3100000 234
3101000 234
3102000 234
3103000 234
3104000 234
3105000 234
3106000 235
3107000 235
3108000 235
3109000 235
3110000 235
3111000 235
3112000 235
3113000 235
3114000 235
3115000 235
3116000 236
3117000 236
3118000 236
3119000 236
3120000 236
3121000 236
3122000 236
3123000 236
3124000 236
3125000 237
3126000 237
3127000 237
3128000 237
3129000 237
3130000 237
3131000 237
3132000 237
3133000 237
3134000 237
3135000 237
3136000 237
3137000 238
3138000 238
3139000 238
3140000 238
3141000 238
3142000 238
3143000 238
3144000 238
3145000 238
3146000 238
3147000 239
3148000 239
3149000 239
3150000 239
3151000 239
3152000 239
3153000 239
3154000 239
3155000 239
3156000 239
3157000 239
3158000 240
3159000 240
3160000 240
3161000 240
3162000 240
3163000 240
3164000 240
3165000 240
3166000 241
3167000 241
3168000 241
3169000 241
3170000 241
3171000 241
3172000 241
3173000 241
3174000 241
3175000 241
3176000 242
3177000 242
3178000 242
3179000 242
3180000 242
3181000 242
3182000 242
3183000 242
3184000 242
3185000 242
3186000 242
3187000 243
3188000 243
3189000 243
3190000 243
3191000 243
3192000 243
3193000 243
3194000 243
3195000 244
3196000 244
3197000 244
3198000 244
3199000 244
3200000 244
3201000 244
3202000 244
3203000 244
3204000 244
3205000 245
3206000 245
3207000 245
3208000 245
3209000 245
3210000 245
3211000 245
3212000 245
3213000 245
3214000 246
3215000 246
3216000 246
3217000 246
3218000 246
3219000 246
3220000 246
3221000 246
3222000 246
3223000 247
3224000 247
3225000 247
3226000 247
3227000 247
3228000 247
3229000 247
3230000 247
3231000 248
3232000 248
3233000 248
3234000 248
3235000 248
3236000 248
3237000 248
3238000 248
3239000 248
3240000 249
3241000 249
3242000 249
3243000 249
3244000 249
3245000 249
3246000 249
3247000 249
3248000 249
3249000 250
3250000 250
3251000 250
3252000 250
3253000 250
3254000 250
3255000 250
3256000 250
3257000 250
3258000 251
3259000 251
3260000 251
3261000 251
3262000 251
3263000 251
3264000 251
3265000 251
3266000 251
3267000 252
3268000 252
3269000 252
3270000 252
3271000 252
3272000 252
3273000 252
3274000 252
3275000 252
3276000 253
3277000 253
3278000 253
3279000 253
3280000 253
3281000 253
3282000 253
3283000 253
3284000 253
3285000 253
3286000 254
3287000 254
3288000 254
3289000 254
3290000 254
3291000 254
3292000 254
3293000 254
3294000 254
3295000 255
3296000 255
3297000 255
3298000 255
3299000 255
3300000 255
3301000 255
3302000 255
3303000 256
3304000 256
3305000 256
3306000 256
3307000 256
3308000 256
3309000 256
3310000 256
3311000 256
3312000 257
3313000 257
3314000 257
3315000 257
3316000 257
3317000 257
3318000 257
3319000 257
3320000 257
3321000 257
3322000 258
3323000 258
3324000 258
3325000 258
3326000 258
3327000 258
3328000 258
3329000 258
3330000 258
3331000 259
3332000 259
3333000 259
3334000 259
3335000 259
3336000 259
3337000 259
3338000 259
3339000 260
3340000 260
3341000 260
3342000 260
3343000 260
3344000 260
3345000 260
3346000 260
3347000 260
3348000 260
3349000 260
3350000 261
3351000 261
3352000 261
3353000 261
3354000 261
3355000 261
3356000 261
3357000 261
3358000 262
3359000 262
3360000 262
3361000 262
3362000 262
3363000 262
3364000 262
3365000 262
3366000 262
3367000 263
3368000 263
3369000 263
3370000 263
3371000 263
3372000 263
3373000 263
3374000 263
3375000 263
3376000 264
3377000 264
3378000 264
3379000 264
3380000 264
3381000 264
3382000 264
3383000 264
3384000 264
3385000 264
3386000 264
3387000 264
3388000 265
3389000 265
3390000 265
3391000 265
3392000 265
3393000 265
3394000 265
3395000 265
3396000 265
3397000 266
3398000 266
3399000 266
3400000 266
3401000 266
3402000 266
3403000 266
3404000 266
3405000 266
3406000 266
3407000 267
3408000 267
3409000 267
3410000 267
3411000 267
3412000 267
3413000 267
3414000 267
3415000 267
3416000 268
3417000 268
3418000 268
3419000 268
3420000 268
3421000 268
3422000 268
3423000 268
3424000 269
3425000 269
3426000 269
3427000 269
3428000 269
3429000 269
3430000 269
3431000 269
3432000 269
3433000 269
3434000 270
3435000 270
3436000 270
3437000 270
3438000 270
3439000 270
3440000 270
3441000 270
3442000 270
3443000 270
3444000 271
3445000 271
3446000 271
3447000 271
3448000 271
3449000 271
3450000 271
3451000 271
3452000 271
3453000 271
3454000 272
3455000 272
3456000 272
3457000 272
3458000 272
3459000 272
3460000 272
3461000 272
3462000 272
3463000 273
3464000 273
3465000 273
3466000 273
3467000 273
3468000 273
3469000 273
3470000 273
3471000 273
3472000 274
3473000 274
3474000 274
3475000 274
3476000 274
3477000 274
3478000 274
3479000 274
3480000 274
3481000 275
3482000 275
3483000 275
3484000 275
3485000 275
3486000 275
3487000 275
3488000 275
3489000 275
3490000 276
3491000 276
3492000 276
3493000 276
3494000 276
3495000 276
3496000 276
3497000 276
3498000 277
3499000 277
3500000 277
3501000 277
3502000 277
3503000 277
3504000 277
3505000 277
3506000 277
3507000 278
3508000 278
3509000 278
3510000 278
3511000 278
3512000 278
3513000 278
3514000 278
3515000 278
3516000 278
3517000 279
3518000 279
3519000 279
3520000 279
3521000 279
3522000 279
3523000 279
3524000 279
3525000 280
3526000 280
3527000 280
3528000 280
3529000 280
3530000 280
3531000 280
3532000 280
3533000 280
3534000 281
3535000 281
3536000 281
3537000 281
3538000 281
3539000 281
3540000 281
3541000 281
3542000 281
3543000 281
3544000 281
3545000 282
3546000 282
3547000 282
3548000 282
3549000 282
3550000 282
3551000 282
3552000 282
3553000 282
3554000 282
3555000 283
3556000 283
3557000 283
3558000 283
3559000 283
3560000 283
3561000 283
3562000 283
3563000 283
3564000 283
3565000 283
3566000 283
3567000 284
3568000 284
3569000 284
3570000 284
3571000 284
3572000 284
3573000 284
3574000 284
3575000 284
3576000 285
3577000 285
3578000 285
3579000 285
3580000 285
3581000 285
3582000 285
3583000 285
3584000 286
3585000 286
3586000 286
3587000 286
3588000 286
3589000 286
3590000 286
3591000 286
3592000 287
3593000 287
3594000 287
3595000 287
3596000 287
3597000 287
3598000 287
3599000 287
3600000 287
3601000 287
3602000 287
3603000 288
3604000 288
3605000 288
3606000 288
3607000 288
3608000 288
3609000 288
3610000 288
3611000 288
3612000 289
3613000 289
3614000 289
3615000 289
3616000 289
3617000 289
3618000 289
3619000 289
3620000 290
3621000 290
3622000 290
3623000 290
3624000 290
3625000 290
3626000 290
3627000 290
3628000 291
3629000 291
3630000 291
3631000 291
3632000 291
3633000 291
3634000 291
3635000 291
3636000 291
3637000 291
3638000 292
3639000 292
3640000 292
3641000 292
3642000 292
3643000 292
3644000 292
3645000 292
3646000 292
3647000 293
3648000 293
3649000 293
3650000 293
3651000 293
3652000 293
3653000 293
3654000 293
3655000 293
3656000 294
3657000 294
3658000 294
3659000 294
3660000 294
3661000 294
3662000 294
3663000 294
3664000 294
3665000 294
3666000 295
3667000 295
3668000 295
3669000 295
3670000 295
3671000 295
3672000 295
3673000 295
3674000 295
3675000 295
3676000 296
3677000 296
3678000 296
3679000 296
3680000 296
3681000 296
3682000 296
3683000 296
3684000 296
3685000 296
3686000 297
3687000 297
3688000 297
3689000 297
3690000 297
3691000 297
3692000 297
3693000 297
3694000 297
3695000 297
3696000 298
3697000 298
3698000 298
3699000 298
3700000 298
3701000 298
3702000 298
3703000 298
3704000 298
3705000 299
3706000 299
3707000 299
3708000 299
3709000 299
3710000 299
3711000 299
3712000 299
3713000 300
3714000 300
3715000 300
3716000 300
3717000 300
3718000 300
3719000 300
3720000 300
3721000 301
3722000 301
3723000 301
3724000 301
3725000 301
3726000 301
3727000 301
3728000 301
3729000 301
3730000 302
3731000 302
3732000 302
3733000 302
3734000 302
3735000 302
3736000 302
3737000 302
3738000 302
3739000 302
3740000 303
3741000 303
3742000 303
3743000 303
3744000 303
3745000 303
3746000 303
3747000 303
3748000 303
3749000 303
3750000 304
3751000 304
3752000 304
3753000 304
3754000 304
3755000 304
3756000 304
3757000 304
3758000 304
3759000 304
3760000 304
3761000 304
3762000 305
3763000 305
3764000 305
3765000 305
3766000 305
3767000 305
3768000 305
3769000 305
3770000 305
3771000 305
3772000 305
3773000 305
3774000 306
3775000 306
3776000 306
3777000 306
3778000 306
3779000 306
3780000 306
3781000 306
3782000 306
3783000 306
3784000 307
3785000 307
3786000 307
3787000 307
3788000 307
3789000 307
3790000 307
3791000 307
3792000 307
3793000 308
3794000 308
3795000 308
3796000 308
3797000 308
3798000 308
3799000 308
3800000 308
3801000 308
3802000 308
3803000 308
3804000 309
3805000 309
3806000 309
3807000 309
3808000 309
3809000 309
3810000 309
3811000 309
3812000 309
3813000 310
3814000 310
3815000 310
3816000 310
3817000 310
3818000 310
3819000 310
3820000 310
3821000 310
3822000 311
3823000 311
3824000 311
3825000 311
3826000 311
3827000 311
3828000 311
3829000 311
3830000 312
3831000 312
3832000 312
3833000 312
3834000 312
3835000 312
3836000 312
3837000 312
3838000 312
3839000 312
3840000 312
3841000 313
3842000 313
3843000 313
3844000 313
3845000 313
3846000 313
3847000 313
3848000 313
3849000 313
3850000 314
3851000 314
3852000 314
3853000 314
3854000 314
3855000 314
3856000 314
3857000 314
3858000 314
3859000 314
3860000 315
3861000 315
3862000 315
3863000 315
3864000 315
3865000 315
3866000 315
3867000 315
3868000 315
3869000 316
3870000 316
3871000 316
3872000 316
3873000 316
3874000 316
3875000 316
3876000 316
3877000 316
3878000 316
3879000 316
3880000 316
3881000 316
3882000 316
3883000 316
3884000 316
3885000 317
3886000 317
3887000 317
3888000 317
3889000 317
3890000 317
3891000 317
3892000 317
3893000 317
3894000 318
3895000 318
3896000 318
3897000 318
3898000 318
3899000 318
3900000 318
3901000 318
3902000 318
3903000 318
3904000 319
3905000 319
3906000 319
3907000 319
3908000 319
3909000 319
3910000 319
3911000 320
3912000 320
3913000 320
3914000 320
3915000 320
3916000 320
3917000 320
3918000 320
3919000 320
3920000 321
3921000 321
3922000 321
3923000 321
3924000 321
3925000 321
3926000 321
3927000 321
3928000 321
3929000 321
3930000 322
3931000 322
3932000 322
3933000 322
3934000 322
3935000 322
3936000 322
3937000 322
3938000 322
3939000 323
3940000 323
3941000 323
3942000 323
3943000 323
3944000 323
3945000 323
3946000 323
3947000 323
3948000 324
3949000 324
3950000 324
3951000 324
3952000 324
3953000 324
3954000 324
3955000 324
3956000 324
3957000 324
3958000 325
3959000 325
3960000 325
3961000 325
3962000 325
3963000 325
3964000 325
3965000 325
3966000 325
3967000 326
3968000 326
3969000 326
3970000 326
3971000 326
3972000 326
3973000 326
3974000 326
3975000 326
3976000 327
3977000 327
3978000 327
3979000 327
3980000 327
3981000 327
3982000 327
3983000 327
3984000 327
3985000 327
3986000 327
3987000 328
3988000 328
3989000 328
3990000 328
3991000 328
3992000 328
3993000 328
3994000 328
3995000 328
3996000 328
3997000 329
3998000 329
3999000 329
4000000 329
4001000 329
4002000 329
4003000 329
4004000 329
4005000 329
4006000 330
4007000 330
4008000 330
4009000 330
4010000 330
4011000 330
4012000 330
4013000 330
4014000 330
4015000 330
4016000 330
4017000 331
4018000 331
4019000 331
4020000 331
4021000 331
4022000 331
4023000 331
4024000 331
4025000 331
4026000 332
4027000 332
4028000 332
4029000 332
4030000 332
4031000 332
4032000 332
4033000 332
4034000 332
4035000 332
4036000 332
4037000 332
4038000 332
4039000 332
4040000 332
4041000 332
4042000 333
4043000 333
4044000 333
4045000 333
4046000 333
4047000 333
4048000 333
4049000 333
4050000 333
4051000 333
4052000 333
4053000 333
4054000 334
4055000 334
4056000 334
4057000 334
4058000 334
4059000 334
4060000 334
4061000 334
4062000 334
4063000 335
4064000 335
4065000 335
4066000 335
4067000 335
4068000 335
4069000 335
4070000 335
4071000 335
4072000 336
4073000 336
4074000 336
4075000 336
4076000 336
4077000 336
4078000 336
4079000 336
4080000 336
4081000 336
4082000 337
4083000 337
4084000 337
4085000 337
4086000 337
4087000 337
4088000 337
4089000 337
4090000 337
4091000 337
4092000 338
4093000 338
4094000 338
4095000 338
4096000 338
4097000 338
4098000 338
4099000 338
4100000 338
4101000 338
4102000 338
4103000 338
4104000 338
4105000 339
4106000 339
4107000 339
4108000 339
4109000 339
4110000 339
4111000 339
4112000 339
4113000 339
4114000 339
4115000 339
4116000 339
4117000 339
4118000 340
4119000 340
4120000 340
4121000 340
4122000 340
4123000 340
4124000 340
4125000 340
4126000 340
4127000 340
4128000 341
4129000 341
4130000 341
4131000 341
4132000 341
4133000 341
4134000 341
4135000 341
4136000 341
4137000 341
4138000 342
4139000 342
4140000 342
4141000 342
4142000 342
4143000 342
4144000 342
4145000 342
4146000 342
4147000 343
4148000 343
4149000 343
4150000 343
4151000 343
4152000 343
4153000 343
4154000 343
4155000 343
4156000 343
4157000 343
4158000 343
4159000 343
4160000 343
4161000 343
4162000 343
4163000 343
4164000 343
4165000 343
4166000 343
4167000 343
4168000 343
4169000 343
4170000 343
4171000 343
4172000 343
4173000 343
4174000 343
4175000 343
4176000 343
4177000 343
4178000 343
4179000 343
4180000 343
4181000 343
4182000 343
4183000 343
4184000 343
4185000 343
4186000 343
4187000 343
4188000 343
4189000 343
4190000 343
4191000 343
4192000 343
4193000 343
4194000 343
4195000 343
4196000 343
4197000 343
4198000 343
4199000 343
4200000 343
4201000 343
4202000 343
4203000 343
4204000 343
4205000 343
4206000 343
4207000 343
4208000 344
4209000 344
4210000 344
4211000 344
4212000 344
4213000 344
4214000 344
4215000 344
4216000 344
4217000 344
4218000 344
4219000 344
4220000 344
4221000 345
4222000 345
4223000 345
4224000 345
4225000 345
4226000 345
4227000 345
4228000 345
4229000 345
4230000 345
4231000 345
4232000 345
4233000 345
4234000 346
4235000 346
4236000 346
4237000 346
4238000 346
4239000 346
4240000 346
4241000 346
4242000 346
4243000 346
4244000 347
4245000 347
4246000 347
4247000 347
4248000 347
4249000 347
4250000 347
4251000 347
4252000 347
4253000 347
4254000 348
4255000 348
4256000 348
4257000 348
4258000 348
4259000 348
4260000 348
4261000 348
4262000 348
4263000 348
4264000 349
4265000 349
4266000 349
4267000 349
4268000 349
4269000 349
4270000 349
4271000 349
4272000 349
4273000 349
4274000 350
4275000 350
4276000 350
4277000 350
4278000 350
4279000 350
4280000 350
4281000 350
4282000 350
4283000 351
4284000 351
4285000 351
4286000 351
4287000 351
4288000 351
4289000 351
4290000 351
4291000 351
4292000 351
4293000 351
4294000 352
4295000 352
4296000 352
4297000 352
4298000 352
4299000 352
4300000 352
4301000 352
4302000 352
4303000 352
4304000 352
4305000 353
4306000 353
4307000 353
4308000 353
4309000 353
4310000 353
4311000 353
4312000 353
4313000 353
4314000 353
4315000 354
4316000 354
4317000 354
4318000 354
4319000 354
4320000 354
4321000 354
4322000 354
4323000 354
4324000 355
4325000 355
4326000 355
4327000 355
4328000 355
4329000 355
4330000 355
4331000 355
4332000 355
4333000 355
4334000 355
4335000 355
4336000 356
4337000 356
4338000 356
4339000 356
4340000 356
4341000 356
4342000 356
4343000 356
4344000 356
4345000 356
4346000 356
4347000 357
4348000 357
4349000 357
4350000 357
4351000 357
4352000 357
4353000 357
4354000 357
4355000 357
4356000 357
4357000 357
4358000 358
4359000 358
4360000 358
4361000 358
4362000 358
4363000 358
4364000 358
4365000 358
4366000 358
4367000 358
4368000 358
4369000 358
4370000 359
4371000 359
4372000 359
4373000 359
4374000 359
4375000 359
4376000 359
4377000 359
4378000 359
4379000 359
4380000 359
4381000 360
4382000 360
4383000 360
4384000 360
4385000 360
4386000 360
4387000 360
4388000 360
4389000 360
4390000 360
4391000 361
4392000 361
4393000 361
4394000 361
4395000 361
4396000 361
4397000 361
4398000 361
4399000 361
4400000 361
4401000 361
4402000 361
4403000 361
4404000 361
4405000 361
4406000 362
4407000 362
4408000 362
4409000 362
4410000 362
4411000 362
4412000 362
4413000 362
4414000 362
4415000 363
4416000 363
4417000 363
4418000 363
4419000 363
4420000 363
4421000 363
4422000 363
4423000 363
4424000 364
4425000 364
4426000 364
4427000 364
4428000 364
4429000 364
4430000 364
4431000 364
4432000 364
4433000 364
4434000 364
4435000 365
4436000 365
4437000 365
4438000 365
4439000 365
4440000 365
4441000 365
4442000 365
4443000 365
4444000 365
4445000 365
4446000 365
4447000 365
4448000 365
4449000 365
4450000 366
4451000 366
4452000 366
4453000 366
4454000 366
4455000 366
4456000 366
4457000 366
4458000 366
4459000 366
4460000 366
4461000 366
4462000 366
4463000 366
4464000 366
4465000 367
4466000 367
4467000 367
4468000 367
4469000 367
4470000 367
4471000 367
4472000 367
4473000 367
4474000 367
4475000 367
4476000 368
4477000 368
4478000 368
4479000 368
4480000 368
4481000 368
4482000 368
4483000 368
4484000 369
4485000 369
4486000 369
4487000 369
4488000 369
4489000 369
4490000 369
4491000 369
4492000 369
4493000 369
4494000 369
4495000 369
4496000 369
4497000 369
4498000 369
4499000 369
4500000 369
4501000 369
4502000 369
4503000 370
4504000 370
4505000 370
4506000 370
4507000 370
4508000 370
4509000 370
4510000 370
4511000 370
4512000 370
4513000 370
4514000 370
4515000 370
4516000 370
4517000 371
4518000 371
4519000 371
4520000 371
4521000 371
4522000 371
4523000 371
4524000 371
4525000 371
4526000 371
4527000 371
4528000 371
4529000 371
4530000 371
4531000 372
4532000 372
4533000 372
4534000 372
4535000 372
4536000 372
4537000 372
4538000 372
4539000 372
4540000 372
4541000 372
4542000 373
4543000 373
4544000 373
4545000 373
4546000 373
4547000 373
4548000 373
4549000 373
4550000 373
4551000 373
4552000 374
4553000 374
4554000 374
4555000 374
4556000 374
4557000 374
4558000 374
4559000 374
4560000 374
4561000 374
4562000 374
4563000 375
4564000 375
4565000 375
4566000 375
4567000 375
4568000 375
4569000 375
4570000 375
4571000 375
4572000 375
4573000 375
4574000 375
4575000 376
4576000 376
4577000 376
4578000 376
4579000 376
4580000 376
4581000 376
4582000 376
4583000 376
4584000 376
4585000 376
4586000 376
4587000 376
4588000 376
4589000 376
4590000 376
4591000 376
4592000 376
4593000 376
4594000 376
4595000 376
4596000 376
4597000 376
4598000 376
4599000 376
4600000 376
4601000 376
4602000 376
4603000 376
4604000 376
4605000 376
4606000 376
4607000 376
4608000 376
4609000 376
4610000 376
4611000 376
4612000 376
4613000 376
4614000 376
4615000 376
4616000 376
4617000 376
4618000 376
4619000 376
4620000 376
4621000 376
4622000 376
4623000 376
4624000 376
4625000 376
4626000 376
4627000 376
4628000 376
4629000 376
4630000 376
4631000 376
4632000 376
4633000 376
4634000 376
4635000 376
4636000 377
4637000 377
4638000 377
4639000 377
4640000 377
4641000 377
4642000 377
4643000 377
4644000 377
4645000 377
4646000 377
4647000 377
4648000 377
4649000 378
4650000 378
4651000 378
4652000 378
4653000 378
4654000 378
4655000 378
4656000 378
4657000 378
4658000 378
4659000 378
4660000 378
4661000 379
4662000 379
4663000 379
4664000 379
4665000 379
4666000 379
4667000 379
4668000 379
4669000 379
4670000 379
4671000 379
4672000 379
4673000 379
4674000 379
4675000 380
4676000 380
4677000 380
4678000 380
4679000 380
4680000 380
4681000 380
4682000 380
4683000 380
4684000 380
4685000 380
4686000 380
4687000 380
4688000 380
4689000 381
4690000 381
4691000 381
4692000 381
4693000 381
4694000 381
4695000 381
4696000 381
4697000 381
4698000 381
4699000 381
4700000 381
4701000 382
4702000 382
4703000 382
4704000 382
4705000 382
4706000 382
4707000 382
4708000 382
4709000 382
4710000 382
4711000 382
4712000 382
4713000 383
4714000 383
4715000 383
4716000 383
4717000 383
4718000 383
4719000 383
4720000 383
4721000 383
4722000 384
4723000 384
4724000 384
4725000 384
4726000 384
4727000 384
4728000 384
4729000 384
4730000 384
4731000 384
4732000 384
4733000 384
4734000 384
4735000 384
4736000 384
4737000 384
4738000 384
4739000 384
4740000 384
4741000 384
4742000 384
4743000 384
4744000 384
4745000 384
4746000 384
4747000 384
4748000 384
4749000 384
4750000 384
4751000 385
4752000 385
4753000 385
4754000 385
4755000 385
4756000 385
4757000 385
4758000 385
4759000 385
4760000 385
4761000 385
4762000 385
4763000 385
4764000 385
4765000 385
4766000 385
4767000 385
4768000 385
4769000 385
4770000 385
4771000 385
4772000 385
4773000 386
4774000 386
4775000 386
4776000 386
4777000 386
4778000 386
4779000 386
4780000 386
4781000 386
4782000 386
4783000 386
4784000 386
4785000 386
4786000 386
4787000 386
4788000 386
4789000 386
4790000 386
4791000 386
4792000 386
4793000 386
4794000 386
4795000 386
4796000 387
4797000 387
4798000 387
4799000 387
4800000 387
4801000 387
4802000 387
4803000 387
4804000 387
4805000 387
4806000 388
4807000 388
4808000 388
4809000 388
4810000 388
4811000 388
4812000 388
4813000 388
4814000 388
4815000 388
4816000 389
4817000 389
4818000 389
4819000 389
4820000 389
4821000 389
4822000 389
4823000 389
4824000 389
4825000 389
4826000 389
4827000 389
4828000 389
4829000 389
4830000 389
4831000 390
4832000 390
4833000 390
4834000 390
4835000 390
4836000 390
4837000 390
4838000 390
4839000 390
4840000 390
4841000 390
4842000 390
4843000 390
4844000 390
4845000 391
4846000 391
4847000 391
4848000 391
4849000 391
4850000 391
4851000 391
4852000 391
4853000 391
4854000 391
4855000 391
4856000 391
4857000 391
4858000 392
4859000 392
4860000 392
4861000 392
4862000 392
4863000 392
4864000 392
4865000 392
4866000 392
4867000 392
4868000 392
4869000 392
4870000 393
4871000 393
4872000 393
4873000 393
4874000 393
4875000 393
4876000 393
4877000 393
4878000 393
4879000 393
4880000 393
4881000 394
4882000 394
4883000 394
4884000 394
4885000 394
4886000 394
4887000 394
4888000 394
4889000 394
4890000 394
4891000 394
4892000 394
4893000 394
4894000 394
4895000 394
4896000 394
4897000 394
4898000 394
4899000 394
4900000 394
4901000 395
4902000 395
4903000 395
4904000 395
4905000 395
4906000 395
4907000 395
4908000 395
4909000 395
4910000 395
4911000 395
4912000 395
4913000 395
4914000 395
4915000 395
4916000 395
4917000 395
4918000 395
4919000 395
4920000 396
4921000 396
4922000 396
4923000 396
4924000 396
4925000 396
4926000 396
4927000 396
4928000 396
4929000 396
4930000 397
4931000 397
4932000 397
4933000 397
4934000 397
4935000 397
4936000 397
4937000 397
4938000 397
4939000 398
4940000 398
4941000 398
4942000 398
4943000 398
4944000 398
4945000 398
4946000 398
4947000 398
4948000 398
4949000 398
4950000 398
4951000 398
4952000 399
4953000 399
4954000 399
4955000 399
4956000 399
4957000 399
4958000 399
4959000 399
4960000 399
4961000 399
4962000 399
4963000 399
4964000 399
4965000 399
4966000 399
4967000 399
4968000 399
4969000 399
4970000 399
4971000 399
4972000 399
4973000 399
4974000 399
4975000 399
4976000 399
4977000 399
4978000 399
4979000 399
4980000 400
4981000 400
4982000 400
4983000 400
4984000 400
4985000 400
4986000 400
4987000 400
4988000 400
4989000 400
4990000 400
4991000 400
4992000 400
4993000 400
4994000 400
4995000 400
4996000 400
4997000 400
4998000 400
4999000 400
5000000 400
