0 0
1000 0
2000 0
3000 0
4000 0
5000 0
6000 0
7000 0
8000 0
9000 0
10000 0
11000 0
12000 0
13000 0
14000 0
15000 0
16000 0
17000 0
18000 0
19000 0
20000 0
21000 0
22000 0
23000 0
24000 0
25000 0
26000 0
27000 0
28000 0
29000 0
30000 0
31000 0
32000 0
33000 0
34000 0
35000 0
36000 0
37000 0
38000 0
39000 0
40000 0
41000 0
42000 0
43000 0
44000 0
45000 0
46000 0
47000 0
48000 0
49000 0
50000 0
51000 0
52000 0
53000 0
54000 0
55000 0
56000 0
57000 0
58000 1
59000 1
60000 1
61000 1
62000 1
63000 1
64000 1
65000 2
66000 2
67000 2
68000 2
69000 2
70000 2
71000 2
72000 3
73000 3
74000 3
75000 3
76000 3
77000 3
78000 3
79000 3
80000 3
81000 3
82000 4
83000 4
84000 4
85000 4
86000 4
87000 4
88000 4
89000 4
90000 5
91000 5
92000 5
93000 5
94000 5
95000 5
96000 5
97000 5
98000 6
99000 6
100000 6
101000 6
102000 6
103000 6
104000 6
105000 7
106000 7
107000 7
108000 7
109000 7
110000 7
111000 7
112000 7
113000 7
114000 8
115000 8
116000 8
117000 8
118000 8
119000 8
120000 8
121000 9
122000 9
123000 9
124000 9
125000 9
126000 9
127000 9
128000 9
129000 9
130000 9
131000 9
132000 9
133000 9
134000 9
135000 9
136000 9
137000 9
138000 9
139000 9
140000 9
141000 9
142000 9
143000 9
144000 9
145000 9
146000 9
147000 9
148000 9
149000 9
150000 9
151000 9
152000 9
153000 9
154000 9
155000 9
156000 9
157000 9
158000 9
159000 9
160000 9
161000 9
162000 9
163000 9
164000 9
165000 9
166000 9
167000 9
168000 9
169000 9
170000 9
171000 9
172000 9
173000 9
174000 9
175000 9
176000 9
177000 9
178000 10
179000 10
180000 10
181000 10
182000 10
183000 10
184000 10
185000 11
186000 11
187000 11
188000 11
189000 11
190000 11
191000 11
192000 11
193000 12
194000 12
195000 12
196000 12
197000 12
198000 12
199000 12
200000 12
201000 12
202000 12
203000 13
204000 13
205000 13
206000 13
207000 13
208000 13
209000 13
210000 13
211000 13
212000 13
213000 13
214000 13
215000 13
216000 13
217000 13
218000 13
219000 13
220000 13
221000 13
222000 13
223000 13
224000 13
225000 13
226000 13
227000 13
228000 13
229000 13
230000 13
231000 13
232000 13
233000 13
234000 13
235000 13
236000 13
237000 13
238000 13
239000 13
240000 13
241000 13
242000 13
243000 13
244000 13
245000 13
246000 13
247000 13
248000 13
249000 13
250000 13
251000 13
252000 13
253000 13
254000 13
255000 13
256000 13
257000 13
258000 13
259000 13
260000 13
261000 14
262000 14
263000 14
264000 14
265000 14
266000 14
267000 14
268000 15
269000 15
270000 15
271000 15
272000 15
273000 15
274000 15
275000 16
276000 16
277000 16
278000 16
279000 16
280000 16
281000 16
282000 16
283000 16
284000 17
285000 17
286000 17
287000 17
288000 17
289000 17
290000 17
291000 17
292000 17
293000 17
294000 17
295000 17
296000 17
297000 17
298000 17
299000 17
300000 17
301000 17
302000 17
303000 17
304000 17
305000 17
306000 17
307000 17
308000 17
309000 17
310000 17
311000 17
312000 17
313000 17
314000 17
315000 17
316000 17
317000 17
318000 17
319000 17
320000 17
321000 17
322000 17
323000 17
324000 17
325000 17
326000 17
327000 17
328000 17
329000 17
330000 17
331000 17
332000 17
333000 17
334000 17
335000 17
336000 17
337000 17
338000 17
339000 17
340000 17
341000 17
342000 17
343000 17
344000 17
345000 17
346000 17
347000 17
348000 17
349000 17
350000 17
351000 17
352000 17
353000 17
354000 17
355000 17
356000 17
357000 17
358000 17
359000 17
360000 17
361000 17
362000 17
363000 17
364000 17
365000 17
366000 17
367000 17
368000 17
369000 17
370000 17
371000 17
372000 17
373000 17
374000 17
375000 17
376000 17
377000 17
378000 17
379000 17
380000 17
381000 17
382000 17
383000 17
384000 17
385000 17
386000 17
387000 17
388000 17
389000 17
390000 17
391000 17
392000 18
393000 18
394000 18
395000 18
396000 18
397000 18
398000 18
399000 18
400000 19
401000 19
402000 19
403000 19
404000 19
405000 19
406000 19
407000 20
408000 20
409000 20
410000 20
411000 20
412000 20
413000 20
414000 20
415000 20
416000 21
417000 21
418000 21
419000 21
420000 21
421000 21
422000 21
423000 21
424000 21
425000 21
426000 21
427000 21
428000 21
429000 21
430000 21
431000 21
432000 21
433000 21
434000 21
435000 21
436000 21
437000 21
438000 21
439000 21
440000 21
441000 21
442000 21
443000 21
444000 21
445000 21
446000 21
447000 21
448000 21
449000 21
450000 21
451000 21
452000 21
453000 21
454000 21
455000 21
456000 21
457000 21
458000 21
459000 21
460000 21
461000 21
462000 21
463000 21
464000 21
465000 21
466000 21
467000 21
468000 21
469000 21
470000 21
471000 21
472000 21
473000 22
474000 22
475000 22
476000 22
477000 22
478000 22
479000 22
480000 22
481000 22
482000 22
483000 22
484000 22
485000 22
486000 22
487000 22
488000 22
489000 22
490000 22
491000 22
492000 22
493000 22
494000 22
495000 22
496000 22
497000 22
498000 22
499000 22
500000 22
501000 22
502000 22
503000 22
504000 22
505000 22
506000 22
507000 22
508000 22
509000 22
510000 22
511000 22
512000 22
513000 22
514000 22
515000 22
516000 22
517000 22
518000 22
519000 22
520000 22
521000 22
522000 22
523000 22
524000 22
525000 22
526000 22
527000 22
528000 22
529000 22
530000 23
531000 23
532000 23
533000 23
534000 23
535000 23
536000 23
537000 24
538000 24
539000 24
540000 24
541000 24
542000 24
543000 24
544000 24
545000 24
546000 24
547000 24
548000 24
549000 24
550000 24
551000 24
552000 24
553000 24
554000 24
555000 24
556000 24
557000 24
558000 24
559000 24
560000 24
561000 24
562000 24
563000 24
564000 24
565000 24
566000 24
567000 24
568000 24
569000 24
570000 24
571000 24
572000 24
573000 24
574000 24
575000 24
576000 24
577000 24
578000 24
579000 24
580000 24
581000 24
582000 24
583000 24
584000 24
585000 24
586000 24
587000 24
588000 24
589000 24
590000 24
591000 24
592000 24
593000 24
594000 25
595000 25
596000 25
597000 25
598000 25
599000 25
600000 25
601000 25
602000 25
603000 26
604000 26
605000 26
606000 26
607000 26
608000 26
609000 26
610000 26
611000 27
612000 27
613000 27
614000 27
615000 27
616000 27
617000 27
618000 27
619000 27
620000 27
621000 28
622000 28
623000 28
624000 28
625000 28
626000 28
627000 28
628000 28
629000 28
630000 28
631000 28
632000 28
633000 28
634000 28
635000 28
636000 28
637000 28
638000 28
639000 28
640000 28
641000 28
642000 28
643000 28
644000 28
645000 28
646000 28
647000 28
648000 28
649000 28
650000 28
651000 28
652000 28
653000 28
654000 28
655000 28
656000 28
657000 28
658000 28
659000 28
660000 28
661000 28
662000 28
663000 28
664000 28
665000 28
666000 28
667000 28
668000 28
669000 28
670000 28
671000 28
672000 28
673000 28
674000 28
675000 28
676000 28
677000 29
678000 29
679000 29
680000 29
681000 29
682000 29
683000 29
684000 29
685000 29
686000 29
687000 29
688000 29
689000 29
690000 29
691000 29
692000 29
693000 29
694000 29
695000 29
696000 29
697000 29
698000 29
699000 29
700000 29
701000 29
702000 29
703000 29
704000 29
705000 29
706000 29
707000 29
708000 29
709000 29
710000 29
711000 29
712000 29
713000 29
714000 29
715000 29
716000 29
717000 29
718000 29
719000 29
720000 29
721000 29
722000 29
723000 29
724000 29
725000 29
726000 29
727000 29
728000 29
729000 29
730000 29
731000 29
732000 29
733000 29
734000 29
735000 29
736000 29
737000 30
738000 30
739000 30
740000 30
741000 30
742000 30
743000 30
744000 30
745000 30
746000 30
747000 30
748000 30
749000 30
750000 30
751000 30
752000 30
753000 31
754000 31
755000 31
756000 31
757000 31
758000 31
759000 31
760000 32
761000 32
762000 32
763000 32
764000 32
765000 32
766000 32
767000 33
768000 33
769000 33
770000 33
771000 33
772000 33
773000 33
774000 34
775000 34
776000 34
777000 34
778000 34
779000 34
780000 34
781000 34
782000 35
783000 35
784000 35
785000 35
786000 35
787000 35
788000 35
789000 36
790000 36
791000 36
792000 36
793000 36
794000 36
795000 37
796000 37
797000 37
798000 37
799000 37
800000 37
801000 37
802000 38
803000 38
804000 38
805000 38
806000 38
807000 38
808000 38
809000 38
810000 38
811000 38
812000 38
813000 38
814000 38
815000 38
816000 39
817000 39
818000 39
819000 39
820000 39
821000 39
822000 39
823000 39
824000 40
825000 40
826000 40
827000 40
828000 40
829000 40
830000 40
831000 40
832000 40
833000 41
834000 41
835000 41
836000 41
837000 41
838000 41
839000 41
840000 41
841000 42
842000 42
843000 42
844000 42
845000 42
846000 42
847000 42
848000 42
849000 42
850000 42
851000 42
852000 42
853000 42
854000 43
855000 43
856000 43
857000 43
858000 43
859000 43
860000 43
861000 44
862000 44
863000 44
864000 44
865000 44
866000 44
867000 44
868000 44
869000 44
870000 44
871000 44
872000 44
873000 44
874000 44
875000 44
876000 44
877000 44
878000 44
879000 44
880000 44
881000 44
882000 45
883000 45
884000 45
885000 45
886000 45
887000 45
888000 45
889000 45
890000 45
891000 45
892000 45
893000 45
894000 45
895000 45
896000 45
897000 45
898000 45
899000 45
900000 45
901000 45
902000 45
903000 45
904000 45
905000 45
906000 45
907000 45
908000 45
909000 45
910000 45
911000 45
912000 45
913000 45
914000 45
915000 45
916000 45
917000 45
918000 45
919000 45
920000 45
921000 45
922000 45
923000 45
924000 45
925000 45
926000 45
927000 45
928000 45
929000 45
930000 45
931000 45
932000 45
933000 45
934000 45
935000 45
936000 45
937000 45
938000 45
939000 46
940000 46
941000 46
942000 46
943000 46
944000 46
945000 46
946000 47
947000 47
948000 47
949000 47
950000 47
951000 47
952000 47
953000 47
954000 47
955000 47
956000 47
957000 47
958000 47
959000 47
960000 48
961000 48
962000 48
963000 48
964000 48
965000 48
966000 48
967000 49
968000 49
969000 49
970000 49
971000 49
972000 49
973000 49
974000 49
975000 49
976000 49
977000 49
978000 49
979000 49
980000 49
981000 49
982000 49
983000 49
984000 49
985000 49
986000 49
987000 49
988000 49
989000 49
990000 49
991000 49
992000 49
993000 49
994000 49
995000 49
996000 49
997000 49
998000 49
999000 49
1000000 49
1001000 49
1002000 49
1003000 49
1004000 49
1005000 49
1006000 49
1007000 49
1008000 49
1009000 49
1010000 49
1011000 49
1012000 49
1013000 49
1014000 49
1015000 49
1016000 49
1017000 49
1018000 49
1019000 49
1020000 49
1021000 49
1022000 49
1023000 49
1024000 49
1025000 49
1026000 50
1027000 50
1028000 50
1029000 50
1030000 50
1031000 50
1032000 50
1033000 50
1034000 50
1035000 50
1036000 51
1037000 51
1038000 51
1039000 51
1040000 51
1041000 51
1042000 51
1043000 51
1044000 52
1045000 52
1046000 52
1047000 52
1048000 52
1049000 52
1050000 52
1051000 52
1052000 52
1053000 53
1054000 53
1055000 53
1056000 53
1057000 53
1058000 53
1059000 53
1060000 53
1061000 53
1062000 53
1063000 53
1064000 54
1065000 54
1066000 54
1067000 54
1068000 54
1069000 54
1070000 54
1071000 54
1072000 54
1073000 55
1074000 55
1075000 55
1076000 55
1077000 55
1078000 55
1079000 56
1080000 56
1081000 56
1082000 56
1083000 56
1084000 56
1085000 56
1086000 56
1087000 56
1088000 56
1089000 56
1090000 56
1091000 56
1092000 56
1093000 56
1094000 56
1095000 56
1096000 56
1097000 56
1098000 56
1099000 56
1100000 56
1101000 56
1102000 56
1103000 56
1104000 56
1105000 56
1106000 56
1107000 56
1108000 56
1109000 56
1110000 56
1111000 56
1112000 56
1113000 56
1114000 56
1115000 56
1116000 56
1117000 56
1118000 56
1119000 56
1120000 56
1121000 56
1122000 56
1123000 56
1124000 56
1125000 56
1126000 56
1127000 56
1128000 56
1129000 56
1130000 56
1131000 56
1132000 56
1133000 56
1134000 56
1135000 56
1136000 56
1137000 57
1138000 57
1139000 57
1140000 57
1141000 57
1142000 57
1143000 57
1144000 58
1145000 58
1146000 58
1147000 58
1148000 58
1149000 58
1150000 58
1151000 58
1152000 59
1153000 59
1154000 59
1155000 59
1156000 59
1157000 59
1158000 59
1159000 59
1160000 59
1161000 59
1162000 60
1163000 60
1164000 60
1165000 60
1166000 60
1167000 60
1168000 60
1169000 60
1170000 61
1171000 61
1172000 61
1173000 61
1174000 61
1175000 61
1176000 61
1177000 61
1178000 62
1179000 62
1180000 62
1181000 62
1182000 62
1183000 62
1184000 62
1185000 62
1186000 63
1187000 63
1188000 63
1189000 63
1190000 63
1191000 63
1192000 63
1193000 63
1194000 63
1195000 63
1196000 63
1197000 63
1198000 63
1199000 63
1200000 63
1201000 63
1202000 63
1203000 63
1204000 63
1205000 63
1206000 63
1207000 63
1208000 63
1209000 63
1210000 63
1211000 63
1212000 63
1213000 63
1214000 63
1215000 63
1216000 63
1217000 63
1218000 63
1219000 63
1220000 63
1221000 63
1222000 63
1223000 63
1224000 63
1225000 63
1226000 63
1227000 63
1228000 63
1229000 63
1230000 63
1231000 63
1232000 63
1233000 63
1234000 63
1235000 63
1236000 63
1237000 63
1238000 63
1239000 63
1240000 63
1241000 63
1242000 63
1243000 64
1244000 64
1245000 64
1246000 64
1247000 64
1248000 64
1249000 64
1250000 65
1251000 65
1252000 65
1253000 65
1254000 65
1255000 65
1256000 65
1257000 65
1258000 66
1259000 66
1260000 66
1261000 66
1262000 66
1263000 66
1264000 66
1265000 67
1266000 67
1267000 67
1268000 67
1269000 67
1270000 67
1271000 67
1272000 68
1273000 68
1274000 68
1275000 68
1276000 68
1277000 68
1278000 68
1279000 68
1280000 68
1281000 68
1282000 69
1283000 69
1284000 69
1285000 69
1286000 69
1287000 69
1288000 69
1289000 69
1290000 70
1291000 70
1292000 70
1293000 70
1294000 70
1295000 70
1296000 70
1297000 70
1298000 70
1299000 70
1300000 70
1301000 70
1302000 70
1303000 70
1304000 70
1305000 70
1306000 70
1307000 70
1308000 70
1309000 70
1310000 70
1311000 70
1312000 70
1313000 70
1314000 70
1315000 70
1316000 70
1317000 70
1318000 70
1319000 70
1320000 70
1321000 70
1322000 70
1323000 70
1324000 70
1325000 70
1326000 70
1327000 70
1328000 70
1329000 70
1330000 70
1331000 70
1332000 70
1333000 70
1334000 70
1335000 70
1336000 70
1337000 70
1338000 70
1339000 70
1340000 70
1341000 70
1342000 70
1343000 70
1344000 70
1345000 70
1346000 71
1347000 71
1348000 71
1349000 71
1350000 71
1351000 71
1352000 71
1353000 72
1354000 72
1355000 72
1356000 72
1357000 72
1358000 72
1359000 72
1360000 72
1361000 73
1362000 73
1363000 73
1364000 73
1365000 73
1366000 73
1367000 73
1368000 73
1369000 74
1370000 74
1371000 74
1372000 74
1373000 74
1374000 74
1375000 75
1376000 75
1377000 75
1378000 75
1379000 75
1380000 75
1381000 75
1382000 76
1383000 76
1384000 76
1385000 76
1386000 76
1387000 76
1388000 76
1389000 76
1390000 76
1391000 76
1392000 76
1393000 76
1394000 76
1395000 76
1396000 76
1397000 76
1398000 76
1399000 76
1400000 76
1401000 76
1402000 76
1403000 76
1404000 76
1405000 76
1406000 76
1407000 76
1408000 76
1409000 76
1410000 76
1411000 76
1412000 76
1413000 76
1414000 76
1415000 76
1416000 76
1417000 76
1418000 76
1419000 76
1420000 76
1421000 76
1422000 76
1423000 76
1424000 76
1425000 76
1426000 76
1427000 76
1428000 76
1429000 76
1430000 76
1431000 76
1432000 76
1433000 76
1434000 76
1435000 76
1436000 76
1437000 76
1438000 76
1439000 76
1440000 76
1441000 76
1442000 76
1443000 76
1444000 76
1445000 76
1446000 76
1447000 76
1448000 76
1449000 76
1450000 76
1451000 76
1452000 76
1453000 76
1454000 76
1455000 76
1456000 76
1457000 76
1458000 76
1459000 76
1460000 76
1461000 76
1462000 76
1463000 76
1464000 76
1465000 76
1466000 76
1467000 76
1468000 76
1469000 76
1470000 76
1471000 76
1472000 76
1473000 76
1474000 76
1475000 76
1476000 76
1477000 76
1478000 76
1479000 76
1480000 76
1481000 76
1482000 76
1483000 76
1484000 76
1485000 76
1486000 76
1487000 76
1488000 76
1489000 76
1490000 77
1491000 77
1492000 77
1493000 77
1494000 77
1495000 77
1496000 77
1497000 77
1498000 78
1499000 78
1500000 78
1501000 78
1502000 78
1503000 78
1504000 78
1505000 78
1506000 78
1507000 79
1508000 79
1509000 79
1510000 79
1511000 79
1512000 79
1513000 79
1514000 79
1515000 80
1516000 80
1517000 80
1518000 80
1519000 80
1520000 80
1521000 81
1522000 81
1523000 81
1524000 81
1525000 81
1526000 81
1527000 81
1528000 82
1529000 82
1530000 82
1531000 82
1532000 82
1533000 82
1534000 82
1535000 82
1536000 82
1537000 82
1538000 82
1539000 82
1540000 82
1541000 82
1542000 83
1543000 83
1544000 83
1545000 83
1546000 83
1547000 83
1548000 83
1549000 84
1550000 84
1551000 84
1552000 84
1553000 84
1554000 84
1555000 84
1556000 84
1557000 84
1558000 84
1559000 84
1560000 84
1561000 84
1562000 84
1563000 84
1564000 84
1565000 84
1566000 84
1567000 84
1568000 84
1569000 84
1570000 84
1571000 84
1572000 84
1573000 84
1574000 84
1575000 84
1576000 84
1577000 84
1578000 84
1579000 84
1580000 84
1581000 84
1582000 84
1583000 84
1584000 84
1585000 84
1586000 84
1587000 84
1588000 84
1589000 84
1590000 84
1591000 84
1592000 84
1593000 84
1594000 84
1595000 84
1596000 84
1597000 84
1598000 84
1599000 84
1600000 84
1601000 84
1602000 84
1603000 84
1604000 84
1605000 84
1606000 85
1607000 85
1608000 85
1609000 85
1610000 85
1611000 85
1612000 85
1613000 86
1614000 86
1615000 86
1616000 86
1617000 86
1618000 86
1619000 86
1620000 86
1621000 87
1622000 87
1623000 87
1624000 87
1625000 87
1626000 87
1627000 87
1628000 88
1629000 88
1630000 88
1631000 88
1632000 88
1633000 88
1634000 88
1635000 88
1636000 88
1637000 88
1638000 88
1639000 88
1640000 88
1641000 88
1642000 88
1643000 88
1644000 88
1645000 88
1646000 88
1647000 88
1648000 88
1649000 88
1650000 88
1651000 88
1652000 88
1653000 88
1654000 88
1655000 88
1656000 88
1657000 88
1658000 88
1659000 88
1660000 88
1661000 88
1662000 88
1663000 88
1664000 88
1665000 88
1666000 88
1667000 88
1668000 88
1669000 88
1670000 88
1671000 88
1672000 88
1673000 88
1674000 88
1675000 88
1676000 88
1677000 88
1678000 88
1679000 88
1680000 88
1681000 88
1682000 88
1683000 88
1684000 88
1685000 89
1686000 89
1687000 89
1688000 89
1689000 89
1690000 89
1691000 89
1692000 89
1693000 90
1694000 90
1695000 90
1696000 90
1697000 90
1698000 90
1699000 90
1700000 90
1701000 91
1702000 91
1703000 91
1704000 91
1705000 91
1706000 91
1707000 91
1708000 92
1709000 92
1710000 92
1711000 92
1712000 92
1713000 92
1714000 92
1715000 93
1716000 93
1717000 93
1718000 93
1719000 93
1720000 93
1721000 94
1722000 94
1723000 94
1724000 94
1725000 94
1726000 94
1727000 94
1728000 94
1729000 94
1730000 94
1731000 94
1732000 94
1733000 94
1734000 95
1735000 95
1736000 95
1737000 95
1738000 95
1739000 95
1740000 95
1741000 95
1742000 95
1743000 95
1744000 95
1745000 95
1746000 95
1747000 95
1748000 95
1749000 95
1750000 95
1751000 95
1752000 95
1753000 95
1754000 95
1755000 95
1756000 95
1757000 95
1758000 95
1759000 95
1760000 95
1761000 95
1762000 95
1763000 95
1764000 95
1765000 95
1766000 95
1767000 95
1768000 95
1769000 95
1770000 95
1771000 95
1772000 95
1773000 95
1774000 95
1775000 95
1776000 95
1777000 95
1778000 95
1779000 95
1780000 95
1781000 95
1782000 95
1783000 95
1784000 95
1785000 95
1786000 95
1787000 95
1788000 95
1789000 95
1790000 96
1791000 96
1792000 96
1793000 96
1794000 96
1795000 96
1796000 97
1797000 97
1798000 97
1799000 97
1800000 97
1801000 97
1802000 97
1803000 98
1804000 98
1805000 98
1806000 98
1807000 98
1808000 98
1809000 98
1810000 98
1811000 98
1812000 99
1813000 99
1814000 99
1815000 99
1816000 99
1817000 99
1818000 99
1819000 99
1820000 99
1821000 100
1822000 100
1823000 100
1824000 100
1825000 100
1826000 100
1827000 100
1828000 100
1829000 100
1830000 101
1831000 101
1832000 101
1833000 101
1834000 101
1835000 101
1836000 101
1837000 101
1838000 101
1839000 102
1840000 102
1841000 102
1842000 102
1843000 102
1844000 102
1845000 102
1846000 102
1847000 103
1848000 103
1849000 103
1850000 103
1851000 103
1852000 103
1853000 103
1854000 103
1855000 103
1856000 103
1857000 103
1858000 103
1859000 103
1860000 104
1861000 104
1862000 104
1863000 104
1864000 104
1865000 104
1866000 104
1867000 105
1868000 105
1869000 105
1870000 105
1871000 105
1872000 105
1873000 106
1874000 106
1875000 106
1876000 106
1877000 106
1878000 106
1879000 106
1880000 106
1881000 106
1882000 106
1883000 106
1884000 106
1885000 106
1886000 106
1887000 106
1888000 106
1889000 106
1890000 106
1891000 106
1892000 106
1893000 106
1894000 106
1895000 106
1896000 106
1897000 106
1898000 106
1899000 106
1900000 106
1901000 106
1902000 106
1903000 106
1904000 106
1905000 106
1906000 106
1907000 106
1908000 106
1909000 106
1910000 106
1911000 106
1912000 106
1913000 106
1914000 106
1915000 106
1916000 106
1917000 106
1918000 106
1919000 106
1920000 106
1921000 106
1922000 106
1923000 106
1924000 106
1925000 106
1926000 106
1927000 106
1928000 106
1929000 106
1930000 106
1931000 106
1932000 106
1933000 106
1934000 107
1935000 107
1936000 107
1937000 107
1938000 107
1939000 107
1940000 107
1941000 107
1942000 108
1943000 108
1944000 108
1945000 108
1946000 108
1947000 108
1948000 108
1949000 108
1950000 108
1951000 108
1952000 108
1953000 108
1954000 108
1955000 108
1956000 108
1957000 108
1958000 108
1959000 109
1960000 109
1961000 109
1962000 109
1963000 109
1964000 109
1965000 109
1966000 109
1967000 110
1968000 110
1969000 110
1970000 110
1971000 110
1972000 110
1973000 110
1974000 110
1975000 110
1976000 110
1977000 110
1978000 110
1979000 110
1980000 110
1981000 110
1982000 110
1983000 110
1984000 110
1985000 110
1986000 110
1987000 110
1988000 110
1989000 110
1990000 110
1991000 110
1992000 110
1993000 110
1994000 110
1995000 110
1996000 110
1997000 110
1998000 110
1999000 110
2000000 110
2001000 110
2002000 110
2003000 110
2004000 110
2005000 110
2006000 110
2007000 110
2008000 110
2009000 110
2010000 110
2011000 110
2012000 110
2013000 110
2014000 110
2015000 110
2016000 110
2017000 110
2018000 110
2019000 110
2020000 110
2021000 110
2022000 110
2023000 110
2024000 110
2025000 111
2026000 111
2027000 111
2028000 111
2029000 111
2030000 111
2031000 111
2032000 111
2033000 111
2034000 111
2035000 111
2036000 112
2037000 112
2038000 112
2039000 112
2040000 112
2041000 112
2042000 112
2043000 113
2044000 113
2045000 113
2046000 113
2047000 113
2048000 113
2049000 114
2050000 114
2051000 114
2052000 114
2053000 114
2054000 114
2055000 114
2056000 114
2057000 114
2058000 115
2059000 115
2060000 115
2061000 115
2062000 115
2063000 115
2064000 115
2065000 115
2066000 115
2067000 116
2068000 116
2069000 116
2070000 116
2071000 116
2072000 116
2073000 116
2074000 116
2075000 116
2076000 117
2077000 117
2078000 117
2079000 117
2080000 117
2081000 117
2082000 117
2083000 117
2084000 118
2085000 118
2086000 118
2087000 118
2088000 118
2089000 118
2090000 118
2091000 118
2092000 119
2093000 119
2094000 119
2095000 119
2096000 119
2097000 119
2098000 120
2099000 120
2100000 120
2101000 120
2102000 120
2103000 120
2104000 120
2105000 121
2106000 121
2107000 121
2108000 121
2109000 121
2110000 121
2111000 121
2112000 121
2113000 122
2114000 122
2115000 122
2116000 122
2117000 122
2118000 122
2119000 122
2120000 122
2121000 122
2122000 122
2123000 122
2124000 122
2125000 122
2126000 122
2127000 122
2128000 122
2129000 122
2130000 122
2131000 122
2132000 122
2133000 122
2134000 122
2135000 122
2136000 122
2137000 122
2138000 122
2139000 122
2140000 122
2141000 122
2142000 122
2143000 122
2144000 122
2145000 122
2146000 122
2147000 122
2148000 122
2149000 122
2150000 122
2151000 122
2152000 122
2153000 122
2154000 122
2155000 122
2156000 122
2157000 122
2158000 122
2159000 122
2160000 122
2161000 122
2162000 122
2163000 122
2164000 122
2165000 122
2166000 122
2167000 122
2168000 122
2169000 122
2170000 122
2171000 122
2172000 123
2173000 123
2174000 123
2175000 123
2176000 123
2177000 123
2178000 123
2179000 123
2180000 123
2181000 123
2182000 123
2183000 123
2184000 123
2185000 123
2186000 123
2187000 123
2188000 123
2189000 123
2190000 123
2191000 123
2192000 123
2193000 123
2194000 123
2195000 123
2196000 123
2197000 123
2198000 123
2199000 123
2200000 123
2201000 123
2202000 123
2203000 123
2204000 123
2205000 123
2206000 123
2207000 123
2208000 123
2209000 123
2210000 123
2211000 123
2212000 123
2213000 123
2214000 123
2215000 123
2216000 123
2217000 123
2218000 123
2219000 123
2220000 123
2221000 123
2222000 123
2223000 123
2224000 123
2225000 123
2226000 123
2227000 123
2228000 124
2229000 124
2230000 124
2231000 124
2232000 124
2233000 124
2234000 124
2235000 124
2236000 124
2237000 124
2238000 124
2239000 124
2240000 124
2241000 124
2242000 124
2243000 124
2244000 124
2245000 124
2246000 124
2247000 124
2248000 124
2249000 124
2250000 124
2251000 124
2252000 124
2253000 124
2254000 124
2255000 124
2256000 124
2257000 124
2258000 124
2259000 124
2260000 124
2261000 124
2262000 124
2263000 124
2264000 124
2265000 124
2266000 124
2267000 124
2268000 124
2269000 124
2270000 124
2271000 124
2272000 124
2273000 124
2274000 124
2275000 124
2276000 124
2277000 124
2278000 124
2279000 124
2280000 124
2281000 124
2282000 124
2283000 124
2284000 124
2285000 124
2286000 124
2287000 124
2288000 124
2289000 124
2290000 124
2291000 124
2292000 124
2293000 124
2294000 124
2295000 124
2296000 124
2297000 124
2298000 124
2299000 124
2300000 124
2301000 124
2302000 124
2303000 124
2304000 124
2305000 124
2306000 124
2307000 124
2308000 124
2309000 124
2310000 124
2311000 124
2312000 124
2313000 124
2314000 124
2315000 124
2316000 124
2317000 124
2318000 124
2319000 124
2320000 124
2321000 124
2322000 124
2323000 124
2324000 124
2325000 124
2326000 124
2327000 124
2328000 124
2329000 124
2330000 124
2331000 124
2332000 124
2333000 124
2334000 124
2335000 124
2336000 124
2337000 124
2338000 124
2339000 124
2340000 124
2341000 124
2342000 124
2343000 124
2344000 124
2345000 124
2346000 124
2347000 124
2348000 124
2349000 124
2350000 124
2351000 124
2352000 124
2353000 124
2354000 124
2355000 124
2356000 124
2357000 124
2358000 124
2359000 124
2360000 124
2361000 124
2362000 124
2363000 124
2364000 124
2365000 124
2366000 124
2367000 124
2368000 124
2369000 124
2370000 124
2371000 124
2372000 124
2373000 124
2374000 124
2375000 124
2376000 124
2377000 124
2378000 124
2379000 124
2380000 124
2381000 124
2382000 124
2383000 124
2384000 124
2385000 124
2386000 124
2387000 124
2388000 125
2389000 125
2390000 125
2391000 125
2392000 125
2393000 125
2394000 125
2395000 126
2396000 126
2397000 126
2398000 126
2399000 126
2400000 126
2401000 126
2402000 126
2403000 126
2404000 126
2405000 126
2406000 126
2407000 126
2408000 126
2409000 126
2410000 126
2411000 126
2412000 126
2413000 126
2414000 126
2415000 126
2416000 126
2417000 126
2418000 126
2419000 126
2420000 126
2421000 126
2422000 126
2423000 126
2424000 126
2425000 126
2426000 126
2427000 126
2428000 126
2429000 126
2430000 126
2431000 126
2432000 126
2433000 126
2434000 126
2435000 126
2436000 126
2437000 126
2438000 126
2439000 126
2440000 126
2441000 126
2442000 126
2443000 126
2444000 126
2445000 126
2446000 126
2447000 126
2448000 126
2449000 126
2450000 126
2451000 126
2452000 126
2453000 127
2454000 127
2455000 127
2456000 127
2457000 127
2458000 127
2459000 127
2460000 127
2461000 127
2462000 127
2463000 128
2464000 128
2465000 128
2466000 128
2467000 128
2468000 128
2469000 129
2470000 129
2471000 129
2472000 129
2473000 129
2474000 129
2475000 129
2476000 129
2477000 129
2478000 129
2479000 129
2480000 129
2481000 129
2482000 129
2483000 129
2484000 129
2485000 129
2486000 129
2487000 129
2488000 129
2489000 129
2490000 129
2491000 129
2492000 129
2493000 129
2494000 129
2495000 129
2496000 129
2497000 129
2498000 129
2499000 129
2500000 129
2501000 129
2502000 129
2503000 129
2504000 129
2505000 129
2506000 129
2507000 129
2508000 129
2509000 129
2510000 129
2511000 129
2512000 129
2513000 129
2514000 129
2515000 129
2516000 129
2517000 129
2518000 129
2519000 129
2520000 129
2521000 129
2522000 129
2523000 129
2524000 129
2525000 130
2526000 130
2527000 130
2528000 130
2529000 130
2530000 130
2531000 130
2532000 131
2533000 131
2534000 131
2535000 131
2536000 131
2537000 131
2538000 132
2539000 132
2540000 132
2541000 132
2542000 132
2543000 132
2544000 132
2545000 133
2546000 133
2547000 133
2548000 133
2549000 133
2550000 133
2551000 133
2552000 133
2553000 134
2554000 134
2555000 134
2556000 134
2557000 134
2558000 134
2559000 134
2560000 134
2561000 134
2562000 134
2563000 134
2564000 134
2565000 134
2566000 134
2567000 134
2568000 134
2569000 134
2570000 134
2571000 134
2572000 134
2573000 134
2574000 134
2575000 134
2576000 134
2577000 134
2578000 134
2579000 134
2580000 134
2581000 134
2582000 134
2583000 134
2584000 134
2585000 134
2586000 134
2587000 134
2588000 134
2589000 134
2590000 134
2591000 134
2592000 134
2593000 134
2594000 134
2595000 134
2596000 134
2597000 134
2598000 134
2599000 134
2600000 134
2601000 134
2602000 134
2603000 134
2604000 134
2605000 134
2606000 134
2607000 134
2608000 134
2609000 134
2610000 134
2611000 134
2612000 134
2613000 134
2614000 134
2615000 134
2616000 134
2617000 134
2618000 134
2619000 134
2620000 134
2621000 134
2622000 134
2623000 134
2624000 134
2625000 134
2626000 134
2627000 134
2628000 134
2629000 134
2630000 134
2631000 134
2632000 134
2633000 134
2634000 134
2635000 134
2636000 134
2637000 134
2638000 134
2639000 134
2640000 134
2641000 134
2642000 134
2643000 134
2644000 134
2645000 134
2646000 134
2647000 134
2648000 134
2649000 134
2650000 134
2651000 134
2652000 134
2653000 134
2654000 134
2655000 134
2656000 134
2657000 134
2658000 134
2659000 134
2660000 135
2661000 135
2662000 135
2663000 135
2664000 135
2665000 135
2666000 135
2667000 135
2668000 136
2669000 136
2670000 136
2671000 136
2672000 136
2673000 136
2674000 136
2675000 136
2676000 136
2677000 136
2678000 136
2679000 136
2680000 136
2681000 136
2682000 136
2683000 136
2684000 136
2685000 136
2686000 136
2687000 136
2688000 136
2689000 136
2690000 136
2691000 136
2692000 136
2693000 136
2694000 136
2695000 136
2696000 136
2697000 136
2698000 136
2699000 136
2700000 136
2701000 136
2702000 136
2703000 136
2704000 136
2705000 136
2706000 136
2707000 136
2708000 136
2709000 136
2710000 136
2711000 136
2712000 136
2713000 136
2714000 136
2715000 136
2716000 136
2717000 136
2718000 136
2719000 136
2720000 136
2721000 136
2722000 136
2723000 136
2724000 136
2725000 137
2726000 137
2727000 137
2728000 137
2729000 137
2730000 137
2731000 138
2732000 138
2733000 138
2734000 138
2735000 138
2736000 138
2737000 138
2738000 138
2739000 138
2740000 139
2741000 139
2742000 139
2743000 139
2744000 139
2745000 139
2746000 139
2747000 139
2748000 139
2749000 139
2750000 139
2751000 139
2752000 139
2753000 139
2754000 139
2755000 139
2756000 139
2757000 139
2758000 139
2759000 139
2760000 139
2761000 139
2762000 139
2763000 139
2764000 139
2765000 139
2766000 139
2767000 139
2768000 139
2769000 139
2770000 139
2771000 139
2772000 139
2773000 139
2774000 139
2775000 139
2776000 139
2777000 139
2778000 139
2779000 139
2780000 139
2781000 139
2782000 139
2783000 139
2784000 139
2785000 139
2786000 139
2787000 139
2788000 139
2789000 139
2790000 139
2791000 139
2792000 139
2793000 139
2794000 139
2795000 139
2796000 140
2797000 140
2798000 140
2799000 140
2800000 140
2801000 140
2802000 141
2803000 141
2804000 141
2805000 141
2806000 141
2807000 141
2808000 141
2809000 142
2810000 142
2811000 142
2812000 142
2813000 142
2814000 142
2815000 143
2816000 143
2817000 143
2818000 143
2819000 143
2820000 143
2821000 143
2822000 144
2823000 144
2824000 144
2825000 144
2826000 144
2827000 144
2828000 144
2829000 145
2830000 145
2831000 145
2832000 145
2833000 145
2834000 145
2835000 145
2836000 145
2837000 145
2838000 145
2839000 145
2840000 145
2841000 145
2842000 145
2843000 145
2844000 145
2845000 145
2846000 145
2847000 145
2848000 145
2849000 145
2850000 145
2851000 145
2852000 145
2853000 145
2854000 145
2855000 145
2856000 145
2857000 145
2858000 145
2859000 145
2860000 145
2861000 145
2862000 145
2863000 145
2864000 145
2865000 145
2866000 145
2867000 145
2868000 145
2869000 145
2870000 145
2871000 145
2872000 145
2873000 145
2874000 145
2875000 145
2876000 145
2877000 145
2878000 145
2879000 145
2880000 145
2881000 145
2882000 145
2883000 145
2884000 145
2885000 145
2886000 146
2887000 146
2888000 146
2889000 146
2890000 146
2891000 146
2892000 146
2893000 146
2894000 146
2895000 146
2896000 146
2897000 146
2898000 147
2899000 147
2900000 147
2901000 147
2902000 147
2903000 147
2904000 147
2905000 147
2906000 147
2907000 147
2908000 147
2909000 147
2910000 147
2911000 147
2912000 147
2913000 147
2914000 148
2915000 148
2916000 148
2917000 148
2918000 148
2919000 148
2920000 148
2921000 148
2922000 148
2923000 149
2924000 149
2925000 149
2926000 149
2927000 149
2928000 149
2929000 149
2930000 149
2931000 150
2932000 150
2933000 150
2934000 150
2935000 150
2936000 150
2937000 150
2938000 150
2939000 150
2940000 151
2941000 151
2942000 151
2943000 151
2944000 151
2945000 151
2946000 151
2947000 151
2948000 151
2949000 152
2950000 152
2951000 152
2952000 152
2953000 152
2954000 152
2955000 152
2956000 152
2957000 153
2958000 153
2959000 153
2960000 153
2961000 153
2962000 153
2963000 153
2964000 153
2965000 154
2966000 154
2967000 154
2968000 154
2969000 154
2970000 154
2971000 154
2972000 154
2973000 154
2974000 154
2975000 155
2976000 155
2977000 155
2978000 155
2979000 155
2980000 155
2981000 155
2982000 156
2983000 156
2984000 156
2985000 156
2986000 156
2987000 156
2988000 156
2989000 156
2990000 157
2991000 157
2992000 157
2993000 157
2994000 157
2995000 157
2996000 157
2997000 157
2998000 158
2999000 158
3000000 158
3001000 158
3002000 158
3003000 158
3004000 158
3005000 158
3006000 159
3007000 159
3008000 159
3009000 159
3010000 159
3011000 159
3012000 159
3013000 160
3014000 160
3015000 160
3016000 160
3017000 160
3018000 160
3019000 160
3020000 160
3021000 161
3022000 161
3023000 161
3024000 161
3025000 161
3026000 161
3027000 161
3028000 161
3029000 161
3030000 162
3031000 162
3032000 162
3033000 162
3034000 162
3035000 162
3036000 162
3037000 163
3038000 163
3039000 163
3040000 163
3041000 163
3042000 163
3043000 163
3044000 164
3045000 164
3046000 164
3047000 164
3048000 164
3049000 164
3050000 164
3051000 164
3052000 164
3053000 165
3054000 165
3055000 165
3056000 165
3057000 165
3058000 165
3059000 165
3060000 165
3061000 165
3062000 165
3063000 165
3064000 165
3065000 165
3066000 165
3067000 165
3068000 165
3069000 165
3070000 165
3071000 165
3072000 165
3073000 165
3074000 165
3075000 165
3076000 165
3077000 165
3078000 165
3079000 165
3080000 165
3081000 165
3082000 165
3083000 165
3084000 165
3085000 165
3086000 165
3087000 165
3088000 165
3089000 165
3090000 165
3091000 165
3092000 165
3093000 165
3094000 166
3095000 166
3096000 166
3097000 166
3098000 166
3099000 166
3100000 166
3101000 167
3102000 167
3103000 167
3104000 167
3105000 167
3106000 167
3107000 167
3108000 167
3109000 168
3110000 168
3111000 168
3112000 168
3113000 168
3114000 168
3115000 168
3116000 168
3117000 169
3118000 169
3119000 169
3120000 169
3121000 169
3122000 169
3123000 170
3124000 170
3125000 170
3126000 170
3127000 170
3128000 170
3129000 170
3130000 171
3131000 171
3132000 171
3133000 171
3134000 171
3135000 171
3136000 171
3137000 171
3138000 172
3139000 172
3140000 172
3141000 172
3142000 172
3143000 172
3144000 172
3145000 173
3146000 173
3147000 173
3148000 173
3149000 173
3150000 173
3151000 173
3152000 173
3153000 174
3154000 174
3155000 174
3156000 174
3157000 174
3158000 174
3159000 174
3160000 175
3161000 175
3162000 175
3163000 175
3164000 175
3165000 175
3166000 175
3167000 175
3168000 175
3169000 175
3170000 175
3171000 175
3172000 175
3173000 175
3174000 175
3175000 175
3176000 175
3177000 175
3178000 175
3179000 175
3180000 175
3181000 175
3182000 175
3183000 175
3184000 175
3185000 175
3186000 175
3187000 175
3188000 175
3189000 175
3190000 175
3191000 175
3192000 175
3193000 175
3194000 175
3195000 175
3196000 175
3197000 175
3198000 175
3199000 175
3200000 175
3201000 175
3202000 175
3203000 175
3204000 175
3205000 175
3206000 175
3207000 175
3208000 175
3209000 175
3210000 175
3211000 175
3212000 175
3213000 175
3214000 175
3215000 175
3216000 176
3217000 176
3218000 176
3219000 176
3220000 176
3221000 176
3222000 176
3223000 176
3224000 176
3225000 176
3226000 176
3227000 176
3228000 176
3229000 176
3230000 176
3231000 176
3232000 176
3233000 176
3234000 176
3235000 176
3236000 176
3237000 176
3238000 176
3239000 176
3240000 176
3241000 176
3242000 176
3243000 176
3244000 176
3245000 176
3246000 176
3247000 176
3248000 176
3249000 176
3250000 176
3251000 176
3252000 176
3253000 176
3254000 176
3255000 176
3256000 176
3257000 176
3258000 176
3259000 176
3260000 176
3261000 176
3262000 176
3263000 176
3264000 176
3265000 176
3266000 176
3267000 176
3268000 176
3269000 176
3270000 176
3271000 176
3272000 176
3273000 176
3274000 177
3275000 177
3276000 177
3277000 177
3278000 177
3279000 177
3280000 177
3281000 178
3282000 178
3283000 178
3284000 178
3285000 178
3286000 178
3287000 178
3288000 178
3289000 178
3290000 178
3291000 178
3292000 178
3293000 178
3294000 178
3295000 178
3296000 178
3297000 178
3298000 178
3299000 178
3300000 178
3301000 178
3302000 178
3303000 178
3304000 178
3305000 178
3306000 178
3307000 178
3308000 178
3309000 178
3310000 178
3311000 178
3312000 178
3313000 178
3314000 178
3315000 178
3316000 178
3317000 178
3318000 178
3319000 178
3320000 178
3321000 178
3322000 178
3323000 178
3324000 178
3325000 178
3326000 178
3327000 178
3328000 178
3329000 178
3330000 178
3331000 178
3332000 178
3333000 178
3334000 178
3335000 178
3336000 178
3337000 178
3338000 178
3339000 178
3340000 178
3341000 178
3342000 178
3343000 178
3344000 178
3345000 178
3346000 178
3347000 178
3348000 178
3349000 178
3350000 178
3351000 178
3352000 178
3353000 178
3354000 178
3355000 178
3356000 178
3357000 178
3358000 178
3359000 178
3360000 178
3361000 178
3362000 178
3363000 178
3364000 178
3365000 178
3366000 178
3367000 178
3368000 178
3369000 178
3370000 178
3371000 178
3372000 178
3373000 178
3374000 178
3375000 178
3376000 178
3377000 178
3378000 178
3379000 178
3380000 178
3381000 178
3382000 178
3383000 178
3384000 178
3385000 178
3386000 178
3387000 178
3388000 178
3389000 178
3390000 178
3391000 178
3392000 178
3393000 178
3394000 178
3395000 178
3396000 178
3397000 178
3398000 178
3399000 178
3400000 178
3401000 178
3402000 178
3403000 178
3404000 178
3405000 178
3406000 178
3407000 178
3408000 178
3409000 178
3410000 178
3411000 178
3412000 178
3413000 178
3414000 178
3415000 178
3416000 178
3417000 178
3418000 178
3419000 178
3420000 178
3421000 178
3422000 178
3423000 178
3424000 178
3425000 178
3426000 178
3427000 178
3428000 178
3429000 178
3430000 178
3431000 178
3432000 178
3433000 178
3434000 178
3435000 178
3436000 178
3437000 178
3438000 178
3439000 179
3440000 179
3441000 179
3442000 179
3443000 179
3444000 179
3445000 180
3446000 180
3447000 180
3448000 180
3449000 180
3450000 180
3451000 180
3452000 180
3453000 180
3454000 181
3455000 181
3456000 181
3457000 181
3458000 181
3459000 181
3460000 181
3461000 182
3462000 182
3463000 182
3464000 182
3465000 182
3466000 182
3467000 182
3468000 183
3469000 183
3470000 183
3471000 183
3472000 183
3473000 183
3474000 183
3475000 183
3476000 183
3477000 183
3478000 183
3479000 183
3480000 183
3481000 183
3482000 183
3483000 183
3484000 183
3485000 183
3486000 183
3487000 183
3488000 183
3489000 183
3490000 183
3491000 183
3492000 183
3493000 183
3494000 183
3495000 183
3496000 183
3497000 183
3498000 183
3499000 183
3500000 183
3501000 183
3502000 183
3503000 183
3504000 183
3505000 183
3506000 183
3507000 183
3508000 183
3509000 183
3510000 183
3511000 183
3512000 183
3513000 183
3514000 183
3515000 183
3516000 183
3517000 183
3518000 183
3519000 183
3520000 183
3521000 183
3522000 183
3523000 183
3524000 183
3525000 183
3526000 183
3527000 183
3528000 184
3529000 184
3530000 184
3531000 184
3532000 184
3533000 184
3534000 184
3535000 184
3536000 184
3537000 184
3538000 184
3539000 184
3540000 184
3541000 184
3542000 184
3543000 184
3544000 184
3545000 184
3546000 184
3547000 184
3548000 184
3549000 184
3550000 184
3551000 184
3552000 184
3553000 184
3554000 184
3555000 184
3556000 184
3557000 184
3558000 184
3559000 184
3560000 184
3561000 184
3562000 184
3563000 184
3564000 184
3565000 184
3566000 184
3567000 184
3568000 184
3569000 184
3570000 184
3571000 184
3572000 184
3573000 184
3574000 184
3575000 184
3576000 184
3577000 184
3578000 184
3579000 184
3580000 184
3581000 184
3582000 184
3583000 184
3584000 184
3585000 185
3586000 185
3587000 185
3588000 185
3589000 185
3590000 185
3591000 185
3592000 186
3593000 186
3594000 186
3595000 186
3596000 186
3597000 186
3598000 186
3599000 186
3600000 187
3601000 187
3602000 187
3603000 187
3604000 187
3605000 187
3606000 187
3607000 187
3608000 187
3609000 187
3610000 187
3611000 187
3612000 187
3613000 187
3614000 187
3615000 187
3616000 187
3617000 187
3618000 187
3619000 187
3620000 187
3621000 187
3622000 187
3623000 187
3624000 187
3625000 187
3626000 187
3627000 187
3628000 187
3629000 187
3630000 187
3631000 187
3632000 187
3633000 187
3634000 187
3635000 187
3636000 187
3637000 187
3638000 187
3639000 187
3640000 187
3641000 187
3642000 187
3643000 187
3644000 187
3645000 187
3646000 187
3647000 187
3648000 187
3649000 187
3650000 187
3651000 187
3652000 187
3653000 187
3654000 187
3655000 187
3656000 187
3657000 187
3658000 187
3659000 187
3660000 187
3661000 187
3662000 187
3663000 187
3664000 187
3665000 187
3666000 187
3667000 187
3668000 187
3669000 187
3670000 187
3671000 187
3672000 187
3673000 187
3674000 187
3675000 187
3676000 187
3677000 187
3678000 187
3679000 187
3680000 187
3681000 187
3682000 187
3683000 187
3684000 187
3685000 187
3686000 187
3687000 187
3688000 187
3689000 187
3690000 187
3691000 187
3692000 187
3693000 187
3694000 187
3695000 187
3696000 187
3697000 187
3698000 187
3699000 187
3700000 187
3701000 187
3702000 187
3703000 187
3704000 187
3705000 187
3706000 187
3707000 187
3708000 187
3709000 187
3710000 187
3711000 187
3712000 187
3713000 187
3714000 187
3715000 187
3716000 187
3717000 187
3718000 187
3719000 187
3720000 187
3721000 187
3722000 187
3723000 187
3724000 187
3725000 187
3726000 187
3727000 187
3728000 187
3729000 187
3730000 187
3731000 187
3732000 187
3733000 187
3734000 187
3735000 187
3736000 187
3737000 187
3738000 187
3739000 187
3740000 187
3741000 187
3742000 187
3743000 187
3744000 187
3745000 187
3746000 187
3747000 187
3748000 187
3749000 187
3750000 187
3751000 187
3752000 187
3753000 187
3754000 187
3755000 187
3756000 187
3757000 187
3758000 188
3759000 188
3760000 188
3761000 188
3762000 188
3763000 188
3764000 188
3765000 189
3766000 189
3767000 189
3768000 189
3769000 189
3770000 189
3771000 189
3772000 189
3773000 189
3774000 189
3775000 189
3776000 189
3777000 189
3778000 189
3779000 189
3780000 189
3781000 189
3782000 189
3783000 189
3784000 189
3785000 189
3786000 189
3787000 189
3788000 189
3789000 189
3790000 189
3791000 189
3792000 189
3793000 189
3794000 189
3795000 189
3796000 189
3797000 189
3798000 189
3799000 189
3800000 189
3801000 189
3802000 189
3803000 189
3804000 189
3805000 189
3806000 189
3807000 189
3808000 189
3809000 189
3810000 189
3811000 189
3812000 189
3813000 189
3814000 189
3815000 189
3816000 189
3817000 189
3818000 189
3819000 189
3820000 189
3821000 189
3822000 190
3823000 190
3824000 190
3825000 190
3826000 190
3827000 190
3828000 190
3829000 190
3830000 190
3831000 190
3832000 190
3833000 190
3834000 190
3835000 190
3836000 190
3837000 190
3838000 190
3839000 190
3840000 190
3841000 190
3842000 190
3843000 190
3844000 190
3845000 190
3846000 190
3847000 190
3848000 190
3849000 190
3850000 190
3851000 190
3852000 190
3853000 190
3854000 190
3855000 190
3856000 190
3857000 190
3858000 190
3859000 190
3860000 190
3861000 190
3862000 190
3863000 190
3864000 190
3865000 190
3866000 190
3867000 190
3868000 190
3869000 190
3870000 190
3871000 190
3872000 190
3873000 190
3874000 190
3875000 190
3876000 190
3877000 190
3878000 190
3879000 190
3880000 190
3881000 190
3882000 190
3883000 190
3884000 190
3885000 190
3886000 190
3887000 190
3888000 190
3889000 190
3890000 190
3891000 190
3892000 190
3893000 190
3894000 190
3895000 190
3896000 190
3897000 190
3898000 190
3899000 190
3900000 190
3901000 190
3902000 190
3903000 190
3904000 190
3905000 190
3906000 190
3907000 190
3908000 190
3909000 190
3910000 190
3911000 190
3912000 190
3913000 190
3914000 190
3915000 190
3916000 190
3917000 190
3918000 190
3919000 190
3920000 190
3921000 190
3922000 190
3923000 190
3924000 190
3925000 190
3926000 190
3927000 190
3928000 190
3929000 191
3930000 191
3931000 191
3932000 191
3933000 191
3934000 191
3935000 191
3936000 192
3937000 192
3938000 192
3939000 192
3940000 192
3941000 192
3942000 192
3943000 192
3944000 192
3945000 192
3946000 192
3947000 192
3948000 192
3949000 192
3950000 192
3951000 192
3952000 192
3953000 192
3954000 192
3955000 192
3956000 192
3957000 192
3958000 192
3959000 192
3960000 192
3961000 192
3962000 192
3963000 192
3964000 192
3965000 192
3966000 192
3967000 192
3968000 192
3969000 192
3970000 192
3971000 192
3972000 192
3973000 192
3974000 192
3975000 192
3976000 192
3977000 192
3978000 192
3979000 192
3980000 192
3981000 192
3982000 192
3983000 192
3984000 192
3985000 192
3986000 192
3987000 192
3988000 192
3989000 192
3990000 192
3991000 192
3992000 192
3993000 192
3994000 192
3995000 192
3996000 193
3997000 193
3998000 193
3999000 193
4000000 193
4001000 193
4002000 193
4003000 193
4004000 193
4005000 193
4006000 193
4007000 193
4008000 193
4009000 193
4010000 193
4011000 193
4012000 193
4013000 193
4014000 193
4015000 193
4016000 193
4017000 193
4018000 193
4019000 193
4020000 193
4021000 193
4022000 193
4023000 193
4024000 193
4025000 193
4026000 193
4027000 193
4028000 193
4029000 193
4030000 193
4031000 193
4032000 193
4033000 193
4034000 193
4035000 193
4036000 193
4037000 193
4038000 193
4039000 193
4040000 193
4041000 193
4042000 193
4043000 193
4044000 193
4045000 193
4046000 193
4047000 193
4048000 193
4049000 193
4050000 193
4051000 193
4052000 193
4053000 193
4054000 193
4055000 193
4056000 193
4057000 193
4058000 194
4059000 194
4060000 194
4061000 194
4062000 194
4063000 194
4064000 194
4065000 194
4066000 194
4067000 195
4068000 195
4069000 195
4070000 195
4071000 195
4072000 195
4073000 196
4074000 196
4075000 196
4076000 196
4077000 196
4078000 196
4079000 196
4080000 196
4081000 196
4082000 197
4083000 197
4084000 197
4085000 197
4086000 197
4087000 197
4088000 197
4089000 197
4090000 197
4091000 197
4092000 197
4093000 197
4094000 197
4095000 197
4096000 197
4097000 197
4098000 197
4099000 197
4100000 197
4101000 197
4102000 197
4103000 197
4104000 197
4105000 197
4106000 197
4107000 197
4108000 197
4109000 197
4110000 197
4111000 197
4112000 197
4113000 197
4114000 197
4115000 197
4116000 197
4117000 197
4118000 197
4119000 197
4120000 197
4121000 197
4122000 197
4123000 197
4124000 197
4125000 197
4126000 197
4127000 197
4128000 197
4129000 197
4130000 197
4131000 197
4132000 197
4133000 197
4134000 197
4135000 197
4136000 197
4137000 197
4138000 197
4139000 197
4140000 197
4141000 197
4142000 197
4143000 197
4144000 197
4145000 197
4146000 197
4147000 197
4148000 197
4149000 197
4150000 197
4151000 197
4152000 197
4153000 197
4154000 197
4155000 197
4156000 197
4157000 197
4158000 197
4159000 197
4160000 197
4161000 197
4162000 197
4163000 197
4164000 197
4165000 197
4166000 197
4167000 197
4168000 197
4169000 197
4170000 197
4171000 197
4172000 197
4173000 197
4174000 197
4175000 197
4176000 197
4177000 197
4178000 197
4179000 197
4180000 197
4181000 197
4182000 197
4183000 197
4184000 197
4185000 197
4186000 197
4187000 197
4188000 197
4189000 197
4190000 197
4191000 197
4192000 197
4193000 197
4194000 197
4195000 197
4196000 197
4197000 197
4198000 197
4199000 197
4200000 197
4201000 197
4202000 197
4203000 197
4204000 197
4205000 197
4206000 197
4207000 197
4208000 197
4209000 197
4210000 197
4211000 197
4212000 197
4213000 197
4214000 197
4215000 198
4216000 198
4217000 198
4218000 198
4219000 198
4220000 198
4221000 198
4222000 198
4223000 198
4224000 198
4225000 198
4226000 198
4227000 198
4228000 199
4229000 199
4230000 199
4231000 199
4232000 199
4233000 199
4234000 199
4235000 199
4236000 199
4237000 199
4238000 199
4239000 199
4240000 199
4241000 199
4242000 199
4243000 199
4244000 199
4245000 199
4246000 199
4247000 199
4248000 199
4249000 199
4250000 199
4251000 199
4252000 199
4253000 199
4254000 199
4255000 199
4256000 199
4257000 199
4258000 199
4259000 199
4260000 199
4261000 199
4262000 199
4263000 199
4264000 199
4265000 199
4266000 199
4267000 199
4268000 199
4269000 199
4270000 199
4271000 199
4272000 199
4273000 199
4274000 199
4275000 199
4276000 199
4277000 199
4278000 199
4279000 199
4280000 199
4281000 199
4282000 199
4283000 199
4284000 199
4285000 199
4286000 199
4287000 199
4288000 199
4289000 199
4290000 200
4291000 200
4292000 200
4293000 200
4294000 200
4295000 200
4296000 200
4297000 200
4298000 200
4299000 200
4300000 200
4301000 200
4302000 200
4303000 200
4304000 200
4305000 200
4306000 200
4307000 200
4308000 200
4309000 200
4310000 200
4311000 200
4312000 200
4313000 200
4314000 200
4315000 200
4316000 200
4317000 200
4318000 200
4319000 200
4320000 200
4321000 200
4322000 200
4323000 200
4324000 200
4325000 200
4326000 200
4327000 200
4328000 200
4329000 200
4330000 200
4331000 200
4332000 200
4333000 200
4334000 200
4335000 200
4336000 200
4337000 200
4338000 200
4339000 200
4340000 200
4341000 200
4342000 200
4343000 200
4344000 200
4345000 200
4346000 200
4347000 200
4348000 201
4349000 201
4350000 201
4351000 201
4352000 201
4353000 201
4354000 201
4355000 202
4356000 202
4357000 202
4358000 202
4359000 202
4360000 202
4361000 202
4362000 202
4363000 202
4364000 202
4365000 202
4366000 202
4367000 202
4368000 202
4369000 202
4370000 202
4371000 202
4372000 202
4373000 202
4374000 202
4375000 202
4376000 202
4377000 202
4378000 202
4379000 202
4380000 202
4381000 202
4382000 202
4383000 202
4384000 202
4385000 202
4386000 202
4387000 202
4388000 202
4389000 202
4390000 202
4391000 202
4392000 202
4393000 202
4394000 202
4395000 202
4396000 202
4397000 202
4398000 202
4399000 202
4400000 202
4401000 202
4402000 202
4403000 202
4404000 202
4405000 202
4406000 202
4407000 202
4408000 202
4409000 202
4410000 202
4411000 202
4412000 203
4413000 203
4414000 203
4415000 203
4416000 203
4417000 203
4418000 204
4419000 204
4420000 204
4421000 204
4422000 204
4423000 204
4424000 204
4425000 205
4426000 205
4427000 205
4428000 205
4429000 205
4430000 205
4431000 205
4432000 205
4433000 206
4434000 206
4435000 206
4436000 206
4437000 206
4438000 206
4439000 206
4440000 207
4441000 207
4442000 207
4443000 207
4444000 207
4445000 207
4446000 207
4447000 207
4448000 208
4449000 208
4450000 208
4451000 208
4452000 208
4453000 208
4454000 208
4455000 208
4456000 208
4457000 208
4458000 208
4459000 208
4460000 208
4461000 208
4462000 208
4463000 208
4464000 208
4465000 208
4466000 208
4467000 208
4468000 208
4469000 208
4470000 208
4471000 208
4472000 208
4473000 208
4474000 208
4475000 208
4476000 208
4477000 208
4478000 208
4479000 208
4480000 208
4481000 208
4482000 208
4483000 208
4484000 208
4485000 208
4486000 208
4487000 208
4488000 208
4489000 208
4490000 208
4491000 208
4492000 208
4493000 208
4494000 208
4495000 208
4496000 208
4497000 208
4498000 208
4499000 208
4500000 208
4501000 208
4502000 208
4503000 208
4504000 208
4505000 208
4506000 209
4507000 209
4508000 209
4509000 209
4510000 209
4511000 209
4512000 209
4513000 209
4514000 209
4515000 210
4516000 210
4517000 210
4518000 210
4519000 210
4520000 210
4521000 210
4522000 211
4523000 211
4524000 211
4525000 211
4526000 211
4527000 211
4528000 211
4529000 211
4530000 211
4531000 211
4532000 211
4533000 211
4534000 211
4535000 211
4536000 211
4537000 211
4538000 211
4539000 211
4540000 211
4541000 211
4542000 211
4543000 211
4544000 211
4545000 211
4546000 211
4547000 211
4548000 211
4549000 211
4550000 211
4551000 211
4552000 211
4553000 211
4554000 211
4555000 211
4556000 211
4557000 211
4558000 211
4559000 211
4560000 211
4561000 211
4562000 211
4563000 211
4564000 211
4565000 211
4566000 211
4567000 211
4568000 211
4569000 211
4570000 211
4571000 211
4572000 211
4573000 211
4574000 211
4575000 211
4576000 211
4577000 211
4578000 211
4579000 211
4580000 211
4581000 211
4582000 211
4583000 211
4584000 211
4585000 211
4586000 211
4587000 211
4588000 211
4589000 211
4590000 211
4591000 211
4592000 211
4593000 211
4594000 211
4595000 211
4596000 211
4597000 212
4598000 212
4599000 212
4600000 212
4601000 212
4602000 212
4603000 212
4604000 212
4605000 213
4606000 213
4607000 213
4608000 213
4609000 213
4610000 213
4611000 213
4612000 214
4613000 214
4614000 214
4615000 214
4616000 214
4617000 214
4618000 214
4619000 214
4620000 215
4621000 215
4622000 215
4623000 215
4624000 215
4625000 215
4626000 216
4627000 216
4628000 216
4629000 216
4630000 216
4631000 216
4632000 216
4633000 216
4634000 216
4635000 216
4636000 216
4637000 216
4638000 216
4639000 216
4640000 216
4641000 216
4642000 216
4643000 216
4644000 216
4645000 216
4646000 216
4647000 216
4648000 216
4649000 216
4650000 216
4651000 216
4652000 216
4653000 216
4654000 216
4655000 216
4656000 216
4657000 216
4658000 216
4659000 216
4660000 216
4661000 216
4662000 216
4663000 216
4664000 216
4665000 216
4666000 216
4667000 216
4668000 216
4669000 216
4670000 216
4671000 216
4672000 216
4673000 216
4674000 216
4675000 216
4676000 216
4677000 216
4678000 216
4679000 216
4680000 216
4681000 216
4682000 216
4683000 216
4684000 216
4685000 216
4686000 216
4687000 216
4688000 216
4689000 216
4690000 216
4691000 216
4692000 216
4693000 216
4694000 216
4695000 216
4696000 216
4697000 216
4698000 216
4699000 216
4700000 216
4701000 216
4702000 216
4703000 216
4704000 216
4705000 216
4706000 216
4707000 216
4708000 216
4709000 216
4710000 216
4711000 216
4712000 216
4713000 216
4714000 216
4715000 216
4716000 216
4717000 216
4718000 216
4719000 216
4720000 216
4721000 216
4722000 216
4723000 216
4724000 216
4725000 216
4726000 216
4727000 216
4728000 216
4729000 216
4730000 216
4731000 216
4732000 216
4733000 216
4734000 217
4735000 217
4736000 217
4737000 217
4738000 217
4739000 217
4740000 217
4741000 217
4742000 218
4743000 218
4744000 218
4745000 218
4746000 218
4747000 218
4748000 218
4749000 218
4750000 218
4751000 218
4752000 218
4753000 218
4754000 218
4755000 218
4756000 218
4757000 218
4758000 218
4759000 218
4760000 218
4761000 218
4762000 218
4763000 218
4764000 218
4765000 218
4766000 218
4767000 218
4768000 218
4769000 218
4770000 218
4771000 218
4772000 218
4773000 218
4774000 218
4775000 218
4776000 218
4777000 218
4778000 218
4779000 218
4780000 218
4781000 218
4782000 218
4783000 218
4784000 218
4785000 218
4786000 218
4787000 218
4788000 218
4789000 218
4790000 218
4791000 218
4792000 218
4793000 218
4794000 218
4795000 218
4796000 218
4797000 218
4798000 218
4799000 218
4800000 219
4801000 219
4802000 219
4803000 219
4804000 219
4805000 219
4806000 219
4807000 220
4808000 220
4809000 220
4810000 220
4811000 220
4812000 220
4813000 220
4814000 220
4815000 221
4816000 221
4817000 221
4818000 221
4819000 221
4820000 221
4821000 221
4822000 221
4823000 221
4824000 222
4825000 222
4826000 222
4827000 222
4828000 222
4829000 222
4830000 222
4831000 222
4832000 223
4833000 223
4834000 223
4835000 223
4836000 223
4837000 223
4838000 223
4839000 223
4840000 223
4841000 223
4842000 223
4843000 223
4844000 223
4845000 223
4846000 223
4847000 223
4848000 223
4849000 223
4850000 223
4851000 223
4852000 223
4853000 223
4854000 223
4855000 223
4856000 223
4857000 223
4858000 223
4859000 223
4860000 223
4861000 223
4862000 223
4863000 223
4864000 223
4865000 223
4866000 223
4867000 223
4868000 223
4869000 223
4870000 223
4871000 223
4872000 223
4873000 223
4874000 223
4875000 223
4876000 223
4877000 223
4878000 223
4879000 223
4880000 223
4881000 223
4882000 223
4883000 223
4884000 223
4885000 223
4886000 223
4887000 223
4888000 223
4889000 223
4890000 223
4891000 223
4892000 223
4893000 223
4894000 223
4895000 223
4896000 223
4897000 223
4898000 223
4899000 223
4900000 223
4901000 223
4902000 223
4903000 223
4904000 223
4905000 223
4906000 223
4907000 223
4908000 223
4909000 223
4910000 223
4911000 223
4912000 223
4913000 223
4914000 223
4915000 223
4916000 223
4917000 223
4918000 223
4919000 223
4920000 223
4921000 223
4922000 223
4923000 223
4924000 223
4925000 223
4926000 223
4927000 223
4928000 223
4929000 223
4930000 223
4931000 223
4932000 223
4933000 223
4934000 223
4935000 223
4936000 223
4937000 223
4938000 223
4939000 224
4940000 224
4941000 224
4942000 224
4943000 224
4944000 224
4945000 224
4946000 224
4947000 224
4948000 224
4949000 224
4950000 224
4951000 224
4952000 224
4953000 224
4954000 224
4955000 224
4956000 224
4957000 224
4958000 224
4959000 224
4960000 224
4961000 224
4962000 224
4963000 224
4964000 224
4965000 224
4966000 224
4967000 224
4968000 224
4969000 224
4970000 224
4971000 224
4972000 224
4973000 224
4974000 224
4975000 224
4976000 224
4977000 224
4978000 224
4979000 224
4980000 224
4981000 224
4982000 224
4983000 224
4984000 224
4985000 224
4986000 224
4987000 224
4988000 224
4989000 224
4990000 224
4991000 224
4992000 224
4993000 224
4994000 224
4995000 224
4996000 225
4997000 225
4998000 225
4999000 225
5000000 225
