0 0
1000 0
2000 0
3000 0
4000 0
5000 0
6000 0
7000 0
8000 0
9000 0
10000 0
11000 0
12000 0
13000 0
14000 0
15000 0
16000 0
17000 0
18000 0
19000 0
20000 0
21000 0
22000 0
23000 0
24000 0
25000 0
26000 0
27000 0
28000 0
29000 0
30000 0
31000 0
32000 0
33000 0
34000 0
35000 0
36000 0
37000 0
38000 0
39000 0
40000 0
41000 0
42000 0
43000 0
44000 0
45000 0
46000 0
47000 0
48000 0
49000 0
50000 0
51000 0
52000 0
53000 0
54000 0
55000 0
56000 0
57000 0
58000 0
59000 0
60000 0
61000 0
62000 0
63000 0
64000 0
65000 0
66000 0
67000 0
68000 0
69000 0
70000 0
71000 0
72000 0
73000 0
74000 0
75000 0
76000 0
77000 0
78000 0
79000 0
80000 0
81000 0
82000 0
83000 0
84000 0
85000 0
86000 0
87000 0
88000 0
89000 0
90000 0
91000 0
92000 0
93000 0
94000 0
95000 0
96000 0
97000 0
98000 0
99000 0
100000 0
101000 0
102000 0
103000 0
104000 0
105000 0
106000 0
107000 0
108000 0
109000 0
110000 0
111000 0
112000 0
113000 0
114000 0
115000 0
116000 0
117000 0
118000 0
119000 0
120000 0
121000 0
122000 0
123000 0
124000 0
125000 0
126000 0
127000 0
128000 0
129000 0
130000 0
131000 0
132000 0
133000 0
134000 0
135000 0
136000 0
137000 0
138000 0
139000 0
140000 0
141000 0
142000 0
143000 0
144000 0
145000 0
146000 0
147000 0
148000 0
149000 0
150000 0
151000 0
152000 0
153000 0
154000 0
155000 0
156000 0
157000 0
158000 0
159000 0
160000 0
161000 0
162000 0
163000 0
164000 0
165000 0
166000 0
167000 0
168000 0
169000 0
170000 0
171000 0
172000 0
173000 0
174000 0
175000 0
176000 0
177000 0
178000 0
179000 0
180000 0
181000 0
182000 0
183000 0
184000 0
185000 0
186000 0
187000 0
188000 0
189000 0
190000 0
191000 0
192000 0
193000 0
194000 0
195000 0
196000 0
197000 0
198000 0
199000 0
200000 0
201000 0
202000 0
203000 0
204000 0
205000 0
206000 0
207000 0
208000 0
209000 0
210000 0
211000 0
212000 0
213000 0
214000 0
215000 0
216000 0
217000 0
218000 0
219000 0
220000 0
221000 0
222000 0
223000 0
224000 0
225000 0
226000 0
227000 0
228000 0
229000 0
230000 0
231000 0
232000 0
233000 0
234000 0
235000 0
236000 0
237000 0
238000 0
239000 0
240000 0
241000 0
242000 0
243000 0
244000 0
245000 0
246000 0
247000 0
248000 0
249000 0
250000 0
251000 0
252000 0
253000 0
254000 0
255000 0
256000 0
257000 0
258000 0
259000 0
260000 0
261000 0
262000 0
263000 0
264000 0
265000 0
266000 0
267000 0
268000 0
269000 0
270000 0
271000 0
272000 0
273000 0
274000 0
275000 0
276000 0
277000 0
278000 0
279000 0
280000 0
281000 0
282000 0
283000 0
284000 0
285000 0
286000 0
287000 0
288000 0
289000 0
290000 0
291000 0
292000 0
293000 0
294000 0
295000 0
296000 0
297000 0
298000 0
299000 0
300000 0
301000 0
302000 0
303000 0
304000 0
305000 0
306000 0
307000 0
308000 0
309000 0
310000 0
311000 0
312000 0
313000 0
314000 0
315000 0
316000 0
317000 0
318000 0
319000 0
320000 0
321000 0
322000 0
323000 0
324000 0
325000 0
326000 0
327000 0
328000 0
329000 0
330000 0
331000 0
332000 0
333000 0
334000 0
335000 0
336000 0
337000 0
338000 0
339000 0
340000 0
341000 0
342000 0
343000 0
344000 0
345000 0
346000 0
347000 0
348000 0
349000 0
350000 0
351000 0
352000 0
353000 0
354000 0
355000 0
356000 0
357000 0
358000 0
359000 0
360000 0
361000 0
362000 0
363000 0
364000 0
365000 0
366000 0
367000 0
368000 0
369000 0
370000 0
371000 0
372000 0
373000 0
374000 0
375000 0
376000 0
377000 0
378000 0
379000 0
380000 0
381000 0
382000 0
383000 0
384000 0
385000 0
386000 0
387000 0
388000 0
389000 0
390000 0
391000 0
392000 0
393000 0
394000 0
395000 0
396000 0
397000 0
398000 0
399000 0
400000 0
401000 0
402000 0
403000 0
404000 0
405000 0
406000 0
407000 0
408000 0
409000 0
410000 0
411000 0
412000 0
413000 0
414000 0
415000 0
416000 0
417000 0
418000 0
419000 0
420000 0
421000 0
422000 0
423000 0
424000 0
425000 0
426000 0
427000 0
428000 0
429000 0
430000 0
431000 0
432000 0
433000 0
434000 0
435000 0
436000 0
437000 0
438000 0
439000 0
440000 0
441000 0
442000 0
443000 0
444000 0
445000 0
446000 0
447000 0
448000 0
449000 0
450000 0
451000 0
452000 0
453000 0
454000 0
455000 0
456000 0
457000 0
458000 0
459000 0
460000 0
461000 0
462000 0
463000 0
464000 0
465000 0
466000 0
467000 0
468000 0
469000 0
470000 0
471000 0
472000 0
473000 0
474000 0
475000 0
476000 0
477000 0
478000 0
479000 0
480000 0
481000 0
482000 0
483000 0
484000 0
485000 0
486000 0
487000 0
488000 0
489000 0
490000 0
491000 0
492000 0
493000 0
494000 0
495000 0
496000 0
497000 0
498000 0
499000 0
500000 0
501000 0
502000 0
503000 0
504000 0
505000 0
506000 0
507000 0
508000 0
509000 0
510000 0
511000 0
512000 0
513000 0
514000 0
515000 0
516000 0
517000 0
518000 0
519000 0
520000 0
521000 0
522000 0
523000 0
524000 0
525000 0
526000 0
527000 0
528000 0
529000 0
530000 0
531000 0
532000 0
533000 0
534000 0
535000 0
536000 0
537000 0
538000 0
539000 0
540000 0
541000 0
542000 0
543000 0
544000 0
545000 0
546000 0
547000 0
548000 0
549000 0
550000 0
551000 0
552000 0
553000 0
554000 0
555000 0
556000 0
557000 0
558000 0
559000 0
560000 0
561000 0
562000 0
563000 0
564000 0
565000 0
566000 0
567000 0
568000 0
569000 0
570000 0
571000 0
572000 0
573000 0
574000 0
575000 0
576000 0
577000 0
578000 0
579000 0
580000 0
581000 0
582000 0
583000 0
584000 0
585000 0
586000 0
587000 0
588000 0
589000 0
590000 0
591000 0
592000 0
593000 0
594000 0
595000 0
596000 0
597000 0
598000 0
599000 0
600000 0
601000 0
602000 0
603000 0
604000 0
605000 0
606000 0
607000 0
608000 0
609000 0
610000 0
611000 0
612000 0
613000 0
614000 0
615000 0
616000 0
617000 0
618000 0
619000 0
620000 0
621000 0
622000 0
623000 0
624000 0
625000 0
626000 0
627000 0
628000 0
629000 0
630000 0
631000 0
632000 0
633000 0
634000 0
635000 0
636000 0
637000 0
638000 0
639000 0
640000 0
641000 0
642000 0
643000 0
644000 0
645000 0
646000 0
647000 0
648000 0
649000 0
650000 0
651000 0
652000 0
653000 0
654000 0
655000 0
656000 0
657000 0
658000 0
659000 0
660000 0
661000 0
662000 0
663000 0
664000 0
665000 0
666000 0
667000 0
668000 0
669000 0
670000 0
671000 0
672000 0
673000 0
674000 0
675000 0
676000 0
677000 0
678000 0
679000 0
680000 0
681000 0
682000 0
683000 0
684000 0
685000 0
686000 0
687000 0
688000 0
689000 0
690000 0
691000 0
692000 0
693000 0
694000 0
695000 0
696000 0
697000 0
698000 0
699000 0
700000 0
701000 0
702000 0
703000 0
704000 0
705000 0
706000 0
707000 0
708000 0
709000 0
710000 0
711000 0
712000 0
713000 0
714000 0
715000 0
716000 0
717000 0
718000 0
719000 0
720000 0
721000 0
722000 0
723000 0
724000 0
725000 0
726000 0
727000 0
728000 0
729000 0
730000 0
731000 0
732000 0
733000 0
734000 0
735000 0
736000 0
737000 0
738000 0
739000 0
740000 0
741000 0
742000 0
743000 0
744000 0
745000 0
746000 0
747000 0
748000 0
749000 0
750000 0
751000 0
752000 0
753000 0
754000 0
755000 0
756000 0
757000 0
758000 0
759000 0
760000 0
761000 0
762000 0
763000 0
764000 0
765000 0
766000 0
767000 0
768000 0
769000 0
770000 0
771000 0
772000 0
773000 0
774000 0
775000 0
776000 0
777000 0
778000 0
779000 0
780000 0
781000 0
782000 0
783000 0
784000 0
785000 0
786000 0
787000 0
788000 0
789000 0
790000 0
791000 0
792000 0
793000 0
794000 0
795000 0
796000 0
797000 0
798000 0
799000 0
800000 0
801000 0
802000 0
803000 0
804000 0
805000 0
806000 0
807000 0
808000 0
809000 0
810000 0
811000 0
812000 0
813000 0
814000 0
815000 0
816000 0
817000 0
818000 0
819000 0
820000 0
821000 0
822000 0
823000 0
824000 0
825000 0
826000 0
827000 0
828000 0
829000 0
830000 0
831000 0
832000 0
833000 0
834000 0
835000 0
836000 0
837000 0
838000 0
839000 0
840000 0
841000 0
842000 0
843000 0
844000 0
845000 0
846000 0
847000 0
848000 0
849000 0
850000 0
851000 0
852000 0
853000 0
854000 0
855000 0
856000 0
857000 0
858000 0
859000 0
860000 0
861000 0
862000 0
863000 0
864000 0
865000 0
866000 0
867000 0
868000 0
869000 0
870000 0
871000 0
872000 0
873000 0
874000 0
875000 0
876000 0
877000 0
878000 0
879000 0
880000 0
881000 0
882000 0
883000 0
884000 0
885000 0
886000 0
887000 0
888000 0
889000 0
890000 0
891000 0
892000 0
893000 0
894000 0
895000 0
896000 0
897000 0
898000 0
899000 0
900000 0
901000 0
902000 0
903000 0
904000 0
905000 0
906000 0
907000 0
908000 0
909000 0
910000 0
911000 0
912000 0
913000 0
914000 0
915000 0
916000 0
917000 0
918000 0
919000 0
920000 0
921000 0
922000 0
923000 0
924000 0
925000 0
926000 0
927000 0
928000 0
929000 0
930000 0
931000 0
932000 0
933000 0
934000 0
935000 0
936000 0
937000 0
938000 0
939000 0
940000 0
941000 0
942000 0
943000 0
944000 0
945000 0
946000 0
947000 0
948000 0
949000 0
950000 0
951000 0
952000 0
953000 0
954000 0
955000 0
956000 0
957000 0
958000 0
959000 0
960000 0
961000 0
962000 0
963000 0
964000 0
965000 0
966000 0
967000 0
968000 0
969000 0
970000 0
971000 0
972000 0
973000 0
974000 0
975000 0
976000 0
977000 0
978000 0
979000 0
980000 0
981000 0
982000 0
983000 0
984000 0
985000 0
986000 0
987000 0
988000 0
989000 0
990000 0
991000 0
992000 0
993000 0
994000 0
995000 0
996000 0
997000 0
998000 0
999000 0
1000000 0
1001000 0
1002000 0
1003000 0
1004000 0
1005000 0
1006000 0
1007000 0
1008000 0
1009000 0
1010000 0
1011000 0
1012000 0
1013000 0
1014000 0
1015000 0
1016000 0
1017000 0
1018000 0
1019000 0
1020000 0
1021000 0
1022000 0
1023000 0
1024000 0
1025000 0
1026000 0
1027000 0
1028000 0
1029000 0
1030000 0
1031000 0
1032000 0
1033000 0
1034000 0
1035000 0
1036000 0
1037000 0
1038000 0
1039000 0
1040000 0
1041000 0
1042000 0
1043000 0
1044000 0
1045000 0
1046000 0
1047000 0
1048000 0
1049000 0
1050000 0
1051000 0
1052000 0
1053000 0
1054000 0
1055000 0
1056000 0
1057000 0
1058000 0
1059000 0
1060000 0
1061000 0
1062000 0
1063000 0
1064000 0
1065000 0
1066000 0
1067000 0
1068000 0
1069000 0
1070000 0
1071000 0
1072000 0
1073000 0
1074000 0
1075000 0
1076000 0
1077000 0
1078000 0
1079000 0
1080000 0
1081000 0
1082000 0
1083000 0
1084000 0
1085000 0
1086000 0
1087000 0
1088000 0
1089000 0
1090000 0
1091000 0
1092000 0
1093000 0
1094000 0
1095000 0
1096000 0
1097000 0
1098000 0
1099000 0
1100000 0
1101000 0
1102000 0
1103000 0
1104000 0
1105000 0
1106000 0
1107000 0
1108000 0
1109000 0
1110000 0
1111000 0
1112000 0
1113000 0
1114000 0
1115000 0
1116000 0
1117000 0
1118000 0
1119000 0
1120000 0
1121000 0
1122000 0
1123000 0
1124000 0
1125000 0
1126000 0
1127000 0
1128000 0
1129000 0
1130000 0
1131000 0
1132000 0
1133000 0
1134000 0
1135000 0
1136000 0
1137000 0
1138000 0
1139000 0
1140000 0
1141000 0
1142000 0
1143000 0
1144000 0
1145000 0
1146000 0
1147000 0
1148000 0
1149000 0
1150000 0
1151000 0
1152000 0
1153000 0
1154000 0
1155000 0
1156000 0
1157000 0
1158000 0
1159000 0
1160000 0
1161000 0
1162000 0
1163000 0
1164000 0
1165000 0
1166000 0
1167000 0
1168000 0
1169000 0
1170000 0
1171000 0
1172000 0
1173000 0
1174000 0
1175000 0
1176000 0
1177000 0
1178000 0
1179000 0
1180000 0
1181000 0
1182000 0
1183000 0
1184000 0
1185000 0
1186000 0
1187000 0
1188000 0
1189000 0
1190000 0
1191000 0
1192000 0
1193000 0
1194000 0
1195000 0
1196000 0
1197000 0
1198000 0
1199000 0
1200000 0
1201000 0
1202000 0
1203000 0
1204000 0
1205000 0
1206000 0
1207000 0
1208000 0
1209000 0
1210000 0
1211000 0
1212000 0
1213000 0
1214000 0
1215000 0
1216000 0
1217000 0
1218000 0
1219000 0
1220000 0
1221000 0
1222000 0
1223000 0
1224000 0
1225000 0
1226000 0
1227000 0
1228000 0
1229000 0
1230000 0
1231000 0
1232000 0
1233000 0
1234000 0
1235000 0
1236000 0
1237000 0
1238000 0
1239000 0
1240000 0
1241000 0
1242000 0
1243000 0
1244000 0
1245000 0
1246000 0
1247000 0
1248000 0
1249000 0
1250000 0
1251000 0
1252000 0
1253000 0
1254000 0
1255000 0
1256000 0
1257000 0
1258000 0
1259000 0
1260000 0
1261000 0
1262000 0
1263000 0
1264000 0
1265000 0
1266000 0
1267000 0
1268000 0
1269000 0
1270000 0
1271000 0
1272000 0
1273000 0
1274000 0
1275000 0
1276000 0
1277000 0
1278000 0
1279000 0
1280000 0
1281000 0
1282000 0
1283000 0
1284000 0
1285000 0
1286000 0
1287000 0
1288000 0
1289000 0
1290000 0
1291000 0
1292000 0
1293000 0
1294000 0
1295000 0
1296000 0
1297000 0
1298000 0
1299000 0
1300000 0
1301000 0
1302000 0
1303000 0
1304000 0
1305000 0
1306000 0
1307000 0
1308000 0
1309000 0
1310000 0
1311000 0
1312000 0
1313000 0
1314000 0
1315000 0
1316000 0
1317000 0
1318000 0
1319000 0
1320000 0
1321000 0
1322000 0
1323000 0
1324000 0
1325000 0
1326000 0
1327000 0
1328000 0
1329000 0
1330000 0
1331000 0
1332000 0
1333000 0
1334000 0
1335000 0
1336000 0
1337000 0
1338000 0
1339000 0
1340000 0
1341000 0
1342000 0
1343000 0
1344000 0
1345000 0
1346000 0
1347000 0
1348000 0
1349000 0
1350000 0
1351000 0
1352000 0
1353000 0
1354000 0
1355000 0
1356000 0
1357000 0
1358000 0
1359000 0
1360000 0
1361000 0
1362000 0
1363000 0
1364000 0
1365000 0
1366000 0
1367000 0
1368000 0
1369000 0
1370000 0
1371000 0
1372000 0
1373000 0
1374000 0
1375000 0
1376000 0
1377000 0
1378000 0
1379000 0
1380000 0
1381000 0
1382000 0
1383000 0
1384000 0
1385000 0
1386000 0
1387000 0
1388000 0
1389000 0
1390000 0
1391000 0
1392000 0
1393000 0
1394000 0
1395000 0
1396000 0
1397000 0
1398000 0
1399000 0
1400000 0
1401000 0
1402000 0
1403000 0
1404000 0
1405000 0
1406000 0
1407000 0
1408000 0
1409000 0
1410000 0
1411000 0
1412000 0
1413000 0
1414000 0
1415000 0
1416000 0
1417000 0
1418000 0
1419000 0
1420000 0
1421000 0
1422000 0
1423000 0
1424000 0
1425000 0
1426000 0
1427000 0
1428000 0
1429000 0
1430000 0
1431000 0
1432000 0
1433000 0
1434000 0
1435000 0
1436000 0
1437000 0
1438000 0
1439000 0
1440000 0
1441000 0
1442000 0
1443000 0
1444000 0
1445000 0
1446000 0
1447000 0
1448000 0
1449000 0
1450000 0
1451000 0
1452000 0
1453000 0
1454000 0
1455000 0
1456000 0
1457000 0
1458000 0
1459000 0
1460000 0
1461000 0
1462000 0
1463000 0
1464000 0
1465000 0
1466000 0
1467000 0
1468000 0
1469000 0
1470000 0
1471000 0
1472000 0
1473000 0
1474000 0
1475000 0
1476000 0
1477000 0
1478000 0
1479000 0
1480000 0
1481000 0
1482000 0
1483000 0
1484000 0
1485000 0
1486000 0
1487000 0
1488000 0
1489000 0
1490000 0
1491000 0
1492000 0
1493000 0
1494000 0
1495000 0
1496000 0
1497000 0
1498000 0
1499000 0
1500000 0
1501000 0
1502000 0
1503000 0
1504000 0
1505000 0
1506000 0
1507000 0
1508000 0
1509000 0
1510000 0
1511000 0
1512000 0
1513000 0
1514000 0
1515000 0
1516000 0
1517000 0
1518000 0
1519000 0
1520000 0
1521000 0
1522000 0
1523000 0
1524000 0
1525000 0
1526000 0
1527000 0
1528000 0
1529000 0
1530000 0
1531000 0
1532000 0
1533000 0
1534000 0
1535000 0
1536000 0
1537000 0
1538000 0
1539000 0
1540000 0
1541000 0
1542000 0
1543000 0
1544000 0
1545000 0
1546000 0
1547000 0
1548000 0
1549000 0
1550000 0
1551000 0
1552000 0
1553000 0
1554000 0
1555000 0
1556000 0
1557000 0
1558000 0
1559000 0
1560000 0
1561000 0
1562000 0
1563000 0
1564000 0
1565000 0
1566000 0
1567000 0
1568000 0
1569000 0
1570000 0
1571000 0
1572000 0
1573000 0
1574000 0
1575000 0
1576000 0
1577000 0
1578000 0
1579000 0
1580000 0
1581000 0
1582000 0
1583000 0
1584000 0
1585000 0
1586000 0
1587000 0
1588000 0
1589000 0
1590000 0
1591000 0
1592000 0
1593000 0
1594000 0
1595000 0
1596000 0
1597000 0
1598000 0
1599000 0
1600000 0
1601000 0
1602000 0
1603000 0
1604000 0
1605000 0
1606000 0
1607000 0
1608000 0
1609000 0
1610000 0
1611000 0
1612000 0
1613000 0
1614000 0
1615000 0
1616000 0
1617000 0
1618000 0
1619000 0
1620000 0
1621000 0
1622000 0
1623000 0
1624000 0
1625000 0
1626000 0
1627000 0
1628000 0
1629000 0
1630000 0
1631000 0
1632000 0
1633000 0
1634000 0
1635000 0
1636000 0
1637000 0
1638000 0
1639000 0
1640000 0
1641000 0
1642000 0
1643000 0
1644000 0
1645000 0
1646000 0
1647000 0
1648000 0
1649000 0
1650000 0
1651000 0
1652000 0
1653000 0
1654000 0
1655000 0
1656000 0
1657000 0
1658000 0
1659000 0
1660000 0
1661000 0
1662000 0
1663000 0
1664000 0
1665000 0
1666000 0
1667000 0
1668000 0
1669000 0
1670000 0
1671000 0
1672000 0
1673000 0
1674000 0
1675000 0
1676000 0
1677000 0
1678000 0
1679000 0
1680000 0
1681000 0
1682000 0
1683000 0
1684000 0
1685000 0
1686000 0
1687000 0
1688000 0
1689000 0
1690000 0
1691000 0
1692000 0
1693000 0
1694000 0
1695000 0
1696000 0
1697000 0
1698000 0
1699000 0
1700000 0
1701000 0
1702000 0
1703000 0
1704000 0
1705000 0
1706000 0
1707000 0
1708000 0
1709000 0
1710000 0
1711000 0
1712000 0
1713000 0
1714000 0
1715000 0
1716000 0
1717000 0
1718000 0
1719000 0
1720000 0
1721000 0
1722000 0
1723000 0
1724000 0
1725000 0
1726000 0
1727000 0
1728000 0
1729000 0
1730000 0
1731000 0
1732000 0
1733000 0
1734000 0
1735000 0
1736000 0
1737000 0
1738000 0
1739000 0
1740000 0
1741000 0
1742000 0
1743000 0
1744000 0
1745000 0
1746000 0
1747000 0
1748000 0
1749000 0
1750000 0
1751000 0
1752000 0
1753000 0
1754000 0
1755000 0
1756000 0
1757000 0
1758000 0
1759000 0
1760000 0
1761000 0
1762000 0
1763000 0
1764000 0
1765000 0
1766000 0
1767000 0
1768000 0
1769000 0
1770000 0
1771000 0
1772000 0
1773000 0
1774000 0
1775000 0
1776000 0
1777000 0
1778000 0
1779000 0
1780000 0
1781000 0
1782000 0
1783000 0
1784000 0
1785000 0
1786000 0
1787000 0
1788000 0
1789000 0
1790000 0
1791000 0
1792000 0
1793000 0
1794000 0
1795000 0
1796000 0
1797000 0
1798000 0
1799000 0
1800000 0
1801000 0
1802000 0
1803000 0
1804000 0
1805000 0
1806000 0
1807000 0
1808000 0
1809000 0
1810000 0
1811000 0
1812000 0
1813000 0
1814000 0
1815000 0
1816000 0
1817000 0
1818000 0
1819000 0
1820000 0
1821000 0
1822000 0
1823000 0
1824000 0
1825000 0
1826000 0
1827000 0
1828000 0
1829000 0
1830000 0
1831000 0
1832000 0
1833000 0
1834000 0
1835000 0
1836000 0
1837000 0
1838000 0
1839000 0
1840000 0
1841000 0
1842000 0
1843000 0
1844000 0
1845000 0
1846000 0
1847000 0
1848000 0
1849000 0
1850000 0
1851000 0
1852000 0
1853000 0
1854000 0
1855000 0
1856000 0
1857000 0
1858000 0
1859000 0
1860000 0
1861000 0
1862000 0
1863000 0
1864000 0
1865000 0
1866000 0
1867000 0
1868000 0
1869000 0
1870000 0
1871000 0
1872000 0
1873000 0
1874000 0
1875000 0
1876000 0
1877000 0
1878000 0
1879000 0
1880000 0
1881000 0
1882000 0
1883000 0
1884000 0
1885000 0
1886000 0
1887000 0
1888000 0
1889000 0
1890000 0
1891000 0
1892000 0
1893000 0
1894000 0
1895000 0
1896000 0
1897000 0
1898000 0
1899000 0
1900000 0
1901000 0
1902000 0
1903000 0
1904000 0
1905000 0
1906000 0
1907000 0
1908000 0
1909000 0
1910000 0
1911000 0
1912000 0
1913000 0
1914000 0
1915000 0
1916000 0
1917000 0
1918000 0
1919000 0
1920000 0
1921000 0
1922000 0
1923000 0
1924000 0
1925000 0
1926000 0
1927000 0
1928000 0
1929000 0
1930000 0
1931000 0
1932000 0
1933000 0
1934000 0
1935000 0
1936000 0
1937000 0
1938000 0
1939000 0
1940000 0
1941000 0
1942000 0
1943000 0
1944000 0
1945000 0
1946000 0
1947000 0
1948000 0
1949000 0
1950000 0
1951000 0
1952000 0
1953000 0
1954000 0
1955000 0
1956000 0
1957000 0
1958000 0
1959000 0
1960000 0
1961000 0
1962000 0
1963000 0
1964000 0
1965000 0
1966000 0
1967000 0
1968000 0
1969000 0
1970000 0
1971000 0
1972000 0
1973000 0
1974000 0
1975000 0
1976000 0
1977000 0
1978000 0
1979000 0
1980000 0
1981000 0
1982000 0
1983000 0
1984000 0
1985000 0
1986000 0
1987000 0
1988000 0
1989000 0
1990000 0
1991000 0
1992000 0
1993000 0
1994000 0
1995000 0
1996000 0
1997000 0
1998000 0
1999000 0
2000000 0
2001000 0
2002000 0
2003000 0
2004000 0
2005000 0
2006000 0
2007000 0
2008000 0
2009000 0
2010000 0
2011000 0
2012000 0
2013000 0
2014000 0
2015000 0
2016000 0
2017000 0
2018000 0
2019000 0
2020000 0
2021000 0
2022000 0
2023000 0
2024000 0
2025000 0
2026000 0
2027000 0
2028000 0
2029000 0
2030000 0
2031000 0
2032000 0
2033000 0
2034000 0
2035000 0
2036000 0
2037000 0
2038000 0
2039000 0
2040000 0
2041000 0
2042000 0
2043000 0
2044000 0
2045000 0
2046000 0
2047000 0
2048000 0
2049000 0
2050000 0
2051000 0
2052000 0
2053000 0
2054000 0
2055000 0
2056000 0
2057000 0
2058000 0
2059000 0
2060000 0
2061000 0
2062000 0
2063000 0
2064000 0
2065000 0
2066000 0
2067000 0
2068000 0
2069000 0
2070000 0
2071000 0
2072000 0
2073000 0
2074000 0
2075000 0
2076000 0
2077000 0
2078000 0
2079000 0
2080000 0
2081000 0
2082000 0
2083000 0
2084000 0
2085000 0
2086000 0
2087000 0
2088000 0
2089000 0
2090000 0
2091000 0
2092000 0
2093000 0
2094000 0
2095000 0
2096000 0
2097000 0
2098000 0
2099000 0
2100000 0
2101000 0
2102000 0
2103000 0
2104000 0
2105000 0
2106000 0
2107000 0
2108000 0
2109000 0
2110000 0
2111000 0
2112000 0
2113000 0
2114000 0
2115000 0
2116000 0
2117000 0
2118000 0
2119000 0
2120000 0
2121000 0
2122000 0
2123000 0
2124000 0
2125000 0
2126000 0
2127000 0
2128000 0
2129000 0
2130000 0
2131000 0
2132000 0
2133000 0
2134000 0
2135000 0
2136000 0
2137000 0
2138000 0
2139000 0
2140000 0
2141000 0
2142000 0
2143000 0
2144000 0
2145000 0
2146000 0
2147000 0
2148000 0
2149000 0
2150000 0
2151000 0
2152000 0
2153000 0
2154000 0
2155000 0
2156000 0
2157000 0
2158000 0
2159000 0
2160000 0
2161000 0
2162000 0
2163000 0
2164000 0
2165000 0
2166000 0
2167000 0
2168000 0
2169000 0
2170000 0
2171000 0
2172000 0
2173000 0
2174000 0
2175000 0
2176000 0
2177000 0
2178000 0
2179000 0
2180000 0
2181000 0
2182000 0
2183000 0
2184000 0
2185000 0
2186000 0
2187000 0
2188000 0
2189000 0
2190000 0
2191000 0
2192000 0
2193000 0
2194000 0
2195000 0
2196000 0
2197000 0
2198000 0
2199000 0
2200000 0
2201000 0
2202000 0
2203000 0
2204000 0
2205000 0
2206000 0
2207000 0
2208000 0
2209000 0
2210000 0
2211000 0
2212000 0
2213000 0
2214000 0
2215000 0
2216000 0
2217000 0
2218000 0
2219000 0
2220000 0
2221000 0
2222000 0
2223000 0
2224000 0
2225000 0
2226000 0
2227000 0
2228000 0
2229000 0
2230000 0
2231000 0
2232000 0
2233000 0
2234000 0
2235000 0
2236000 0
2237000 0
2238000 0
2239000 0
2240000 0
2241000 0
2242000 0
2243000 0
2244000 0
2245000 0
2246000 0
2247000 0
2248000 0
2249000 0
2250000 0
2251000 0
2252000 0
2253000 0
2254000 0
2255000 0
2256000 0
2257000 0
2258000 0
2259000 0
2260000 0
2261000 0
2262000 0
2263000 0
2264000 0
2265000 0
2266000 0
2267000 0
2268000 0
2269000 0
2270000 0
2271000 0
2272000 0
2273000 0
2274000 0
2275000 1
2276000 1
2277000 1
2278000 1
2279000 1
2280000 1
2281000 1
2282000 1
2283000 1
2284000 1
2285000 1
2286000 1
2287000 1
2288000 1
2289000 1
2290000 1
2291000 1
2292000 1
2293000 1
2294000 1
2295000 1
2296000 1
2297000 1
2298000 1
2299000 1
2300000 1
2301000 1
2302000 1
2303000 1
2304000 1
2305000 1
2306000 1
2307000 1
2308000 1
2309000 1
2310000 1
2311000 1
2312000 1
2313000 1
2314000 1
2315000 1
2316000 1
2317000 1
2318000 1
2319000 1
2320000 1
2321000 1
2322000 1
2323000 1
2324000 1
2325000 1
2326000 1
2327000 1
2328000 1
2329000 1
2330000 1
2331000 1
2332000 1
2333000 1
2334000 1
2335000 1
2336000 1
2337000 1
2338000 1
2339000 1
2340000 1
2341000 1
2342000 1
2343000 1
2344000 1
2345000 1
2346000 1
2347000 1
2348000 1
2349000 1
2350000 1
2351000 1
2352000 1
2353000 1
2354000 1
2355000 1
2356000 1
2357000 1
2358000 1
2359000 1
2360000 1
2361000 1
2362000 1
2363000 1
2364000 1
2365000 1
2366000 1
2367000 1
2368000 1
2369000 1
2370000 1
2371000 1
2372000 1
2373000 1
2374000 1
2375000 1
2376000 1
2377000 1
2378000 1
2379000 1
2380000 1
2381000 1
2382000 1
2383000 1
2384000 1
2385000 1
2386000 1
2387000 1
2388000 1
2389000 1
2390000 1
2391000 1
2392000 1
2393000 1
2394000 1
2395000 1
2396000 1
2397000 1
2398000 1
2399000 1
2400000 1
2401000 1
2402000 1
2403000 1
2404000 1
2405000 1
2406000 1
2407000 1
2408000 1
2409000 1
2410000 1
2411000 1
2412000 1
2413000 1
2414000 1
2415000 1
2416000 1
2417000 1
2418000 1
2419000 1
2420000 1
2421000 1
2422000 1
2423000 1
2424000 1
2425000 1
2426000 1
2427000 1
2428000 1
2429000 1
2430000 1
2431000 1
2432000 1
2433000 1
2434000 1
2435000 1
2436000 1
2437000 1
2438000 1
2439000 1
2440000 1
2441000 1
2442000 1
2443000 1
2444000 1
2445000 1
2446000 1
2447000 1
2448000 1
2449000 1
2450000 1
2451000 1
2452000 1
2453000 1
2454000 1
2455000 1
2456000 1
2457000 1
2458000 1
2459000 1
2460000 1
2461000 1
2462000 1
2463000 1
2464000 1
2465000 1
2466000 1
2467000 1
2468000 1
2469000 1
2470000 1
2471000 1
2472000 1
2473000 1
2474000 1
2475000 1
2476000 1
2477000 1
2478000 1
2479000 1
2480000 1
2481000 1
2482000 1
2483000 1
2484000 1
2485000 1
2486000 1
2487000 1
2488000 1
2489000 1
2490000 1
2491000 1
2492000 1
2493000 1
2494000 1
2495000 1
2496000 1
2497000 1
2498000 1
2499000 1
2500000 1
2501000 1
2502000 1
2503000 1
2504000 1
2505000 1
2506000 1
2507000 1
2508000 1
2509000 1
2510000 1
2511000 1
2512000 1
2513000 1
2514000 1
2515000 1
2516000 1
2517000 1
2518000 1
2519000 1
2520000 1
2521000 1
2522000 1
2523000 1
2524000 1
2525000 1
2526000 1
2527000 1
2528000 1
2529000 1
2530000 1
2531000 1
2532000 1
2533000 1
2534000 1
2535000 1
2536000 1
2537000 1
2538000 1
2539000 1
2540000 1
2541000 1
2542000 1
2543000 1
2544000 1
2545000 1
2546000 1
2547000 1
2548000 1
2549000 1
2550000 1
2551000 1
2552000 1
2553000 1
2554000 1
2555000 1
2556000 1
2557000 1
2558000 1
2559000 1
2560000 1
2561000 1
2562000 1
2563000 1
2564000 1
2565000 1
2566000 1
2567000 1
2568000 1
2569000 1
2570000 1
2571000 1
2572000 1
2573000 1
2574000 1
2575000 1
2576000 1
2577000 1
2578000 1
2579000 1
2580000 1
2581000 1
2582000 1
2583000 1
2584000 1
2585000 1
2586000 1
2587000 1
2588000 1
2589000 1
2590000 1
2591000 1
2592000 1
2593000 1
2594000 1
2595000 1
2596000 1
2597000 1
2598000 1
2599000 1
2600000 1
2601000 1
2602000 1
2603000 1
2604000 1
2605000 1
2606000 1
2607000 1
2608000 1
2609000 1
2610000 1
2611000 1
2612000 1
2613000 1
2614000 1
2615000 1
2616000 1
2617000 1
2618000 1
2619000 1
2620000 1
2621000 1
2622000 1
2623000 1
2624000 1
2625000 1
2626000 1
2627000 1
2628000 1
2629000 1
2630000 1
2631000 1
2632000 1
2633000 1
2634000 1
2635000 1
2636000 1
2637000 1
2638000 1
2639000 1
2640000 1
2641000 1
2642000 1
2643000 1
2644000 1
2645000 1
2646000 1
2647000 1
2648000 1
2649000 1
2650000 1
2651000 1
2652000 1
2653000 1
2654000 1
2655000 1
2656000 1
2657000 1
2658000 1
2659000 1
2660000 1
2661000 1
2662000 1
2663000 1
2664000 1
2665000 1
2666000 1
2667000 1
2668000 1
2669000 1
2670000 1
2671000 1
2672000 1
2673000 1
2674000 1
2675000 1
2676000 1
2677000 1
2678000 1
2679000 1
2680000 1
2681000 1
2682000 1
2683000 1
2684000 1
2685000 1
2686000 1
2687000 1
2688000 1
2689000 1
2690000 1
2691000 1
2692000 1
2693000 1
2694000 1
2695000 1
2696000 1
2697000 1
2698000 1
2699000 1
2700000 1
2701000 1
2702000 1
2703000 1
2704000 1
2705000 1
2706000 1
2707000 1
2708000 1
2709000 1
2710000 1
2711000 1
2712000 1
2713000 1
2714000 1
2715000 1
2716000 1
2717000 1
2718000 1
2719000 1
2720000 1
2721000 1
2722000 1
2723000 1
2724000 1
2725000 1
2726000 1
2727000 1
2728000 1
2729000 1
2730000 1
2731000 1
2732000 1
2733000 1
2734000 1
2735000 1
2736000 1
2737000 1
2738000 1
2739000 1
2740000 1
2741000 1
2742000 1
2743000 1
2744000 1
2745000 1
2746000 1
2747000 1
2748000 1
2749000 1
2750000 1
2751000 1
2752000 1
2753000 1
2754000 1
2755000 1
2756000 1
2757000 1
2758000 1
2759000 1
2760000 1
2761000 1
2762000 1
2763000 1
2764000 1
2765000 1
2766000 1
2767000 1
2768000 1
2769000 1
2770000 1
2771000 1
2772000 1
2773000 1
2774000 1
2775000 1
2776000 1
2777000 1
2778000 1
2779000 1
2780000 1
2781000 1
2782000 1
2783000 1
2784000 1
2785000 1
2786000 1
2787000 1
2788000 1
2789000 1
2790000 1
2791000 1
2792000 1
2793000 1
2794000 1
2795000 1
2796000 1
2797000 1
2798000 1
2799000 1
2800000 1
2801000 1
2802000 1
2803000 1
2804000 1
2805000 1
2806000 1
2807000 1
2808000 1
2809000 1
2810000 1
2811000 1
2812000 1
2813000 1
2814000 1
2815000 1
2816000 1
2817000 1
2818000 1
2819000 1
2820000 1
2821000 1
2822000 1
2823000 1
2824000 1
2825000 1
2826000 1
2827000 1
2828000 1
2829000 1
2830000 1
2831000 1
2832000 1
2833000 1
2834000 1
2835000 1
2836000 1
2837000 1
2838000 1
2839000 1
2840000 1
2841000 1
2842000 1
2843000 1
2844000 1
2845000 1
2846000 1
2847000 1
2848000 1
2849000 1
2850000 1
2851000 1
2852000 1
2853000 1
2854000 1
2855000 1
2856000 1
2857000 1
2858000 1
2859000 1
2860000 1
2861000 1
2862000 1
2863000 1
2864000 1
2865000 1
2866000 1
2867000 1
2868000 1
2869000 1
2870000 1
2871000 1
2872000 1
2873000 1
2874000 1
2875000 1
2876000 1
2877000 1
2878000 1
2879000 1
2880000 1
2881000 1
2882000 1
2883000 1
2884000 1
2885000 1
2886000 1
2887000 1
2888000 1
2889000 1
2890000 1
2891000 1
2892000 1
2893000 1
2894000 1
2895000 1
2896000 1
2897000 1
2898000 2
2899000 2
2900000 2
2901000 2
2902000 2
2903000 2
2904000 2
2905000 2
2906000 2
2907000 2
2908000 2
2909000 2
2910000 2
2911000 2
2912000 2
2913000 2
2914000 2
2915000 2
2916000 2
2917000 2
2918000 2
2919000 2
2920000 2
2921000 2
2922000 2
2923000 2
2924000 2
2925000 2
2926000 2
2927000 2
2928000 2
2929000 2
2930000 2
2931000 2
2932000 2
2933000 2
2934000 2
2935000 2
2936000 2
2937000 2
2938000 2
2939000 2
2940000 2
2941000 2
2942000 2
2943000 2
2944000 2
2945000 2
2946000 2
2947000 2
2948000 2
2949000 2
2950000 2
2951000 2
2952000 2
2953000 2
2954000 2
2955000 2
2956000 2
2957000 2
2958000 2
2959000 2
2960000 2
2961000 2
2962000 2
2963000 2
2964000 2
2965000 2
2966000 2
2967000 2
2968000 2
2969000 2
2970000 2
2971000 2
2972000 2
2973000 2
2974000 2
2975000 2
2976000 2
2977000 2
2978000 2
2979000 2
2980000 2
2981000 2
2982000 2
2983000 2
2984000 2
2985000 2
2986000 2
2987000 2
2988000 2
2989000 2
2990000 2
2991000 2
2992000 2
2993000 2
2994000 2
2995000 2
2996000 2
2997000 2
2998000 2
2999000 2
3000000 2
3001000 2
3002000 2
3003000 2
3004000 2
3005000 2
3006000 2
3007000 2
3008000 2
3009000 2
3010000 2
3011000 2
3012000 2
3013000 2
3014000 2
3015000 2
3016000 2
3017000 2
3018000 2
3019000 2
3020000 2
3021000 2
3022000 2
3023000 2
3024000 2
3025000 2
3026000 2
3027000 2
3028000 2
3029000 2
3030000 2
3031000 2
3032000 2
3033000 2
3034000 2
3035000 2
3036000 2
3037000 2
3038000 2
3039000 2
3040000 2
3041000 2
3042000 2
3043000 2
3044000 2
3045000 2
3046000 2
3047000 2
3048000 2
3049000 2
3050000 2
3051000 2
3052000 2
3053000 2
3054000 2
3055000 2
3056000 2
3057000 2
3058000 2
3059000 2
3060000 2
3061000 2
3062000 2
3063000 2
3064000 2
3065000 2
3066000 2
3067000 2
3068000 2
3069000 2
3070000 2
3071000 2
3072000 2
3073000 2
3074000 2
3075000 2
3076000 2
3077000 2
3078000 2
3079000 2
3080000 2
3081000 2
3082000 2
3083000 2
3084000 2
3085000 2
3086000 2
3087000 2
3088000 2
3089000 2
3090000 2
3091000 2
3092000 2
3093000 2
3094000 2
3095000 2
3096000 2
3097000 2
3098000 2
3099000 2
3100000 2
3101000 2
3102000 2
3103000 2
3104000 2
3105000 2
3106000 2
3107000 2
3108000 2
3109000 2
3110000 2
3111000 2
3112000 2
3113000 2
3114000 2
3115000 2
3116000 2
3117000 2
3118000 2
3119000 2
3120000 2
3121000 2
3122000 2
3123000 2
3124000 2
3125000 2
3126000 2
3127000 2
3128000 2
3129000 2
3130000 2
3131000 2
3132000 2
3133000 2
3134000 2
3135000 2
3136000 2
3137000 2
3138000 2
3139000 2
3140000 2
3141000 2
3142000 2
3143000 2
3144000 2
3145000 2
3146000 2
3147000 2
3148000 2
3149000 2
3150000 2
3151000 2
3152000 2
3153000 2
3154000 2
3155000 2
3156000 2
3157000 2
3158000 2
3159000 2
3160000 2
3161000 2
3162000 2
3163000 2
3164000 2
3165000 2
3166000 2
3167000 2
3168000 2
3169000 2
3170000 2
3171000 2
3172000 2
3173000 2
3174000 2
3175000 2
3176000 2
3177000 2
3178000 2
3179000 2
3180000 2
3181000 2
3182000 2
3183000 2
3184000 2
3185000 2
3186000 2
3187000 2
3188000 2
3189000 2
3190000 2
3191000 2
3192000 2
3193000 2
3194000 2
3195000 2
3196000 2
3197000 2
3198000 2
3199000 2
3200000 2
3201000 2
3202000 2
3203000 2
3204000 2
3205000 2
3206000 2
3207000 2
3208000 2
3209000 2
3210000 2
3211000 2
3212000 2
3213000 2
3214000 2
3215000 2
3216000 2
3217000 2
3218000 2
3219000 2
3220000 2
3221000 2
3222000 2
3223000 2
3224000 2
3225000 2
3226000 2
3227000 2
3228000 2
3229000 2
3230000 2
3231000 2
3232000 2
3233000 2
3234000 2
3235000 2
3236000 2
3237000 2
3238000 2
3239000 2
3240000 2
3241000 2
3242000 2
3243000 2
3244000 2
3245000 2
3246000 2
3247000 2
3248000 2
3249000 2
3250000 2
3251000 2
3252000 2
3253000 2
3254000 2
3255000 2
3256000 2
3257000 2
3258000 2
3259000 2
3260000 2
3261000 2
3262000 2
3263000 2
3264000 2
3265000 2
3266000 2
3267000 2
3268000 2
3269000 2
3270000 2
3271000 2
3272000 2
3273000 2
3274000 2
3275000 2
3276000 2
3277000 2
3278000 2
3279000 2
3280000 2
3281000 2
3282000 2
3283000 2
3284000 2
3285000 2
3286000 2
3287000 2
3288000 2
3289000 2
3290000 2
3291000 2
3292000 2
3293000 2
3294000 2
3295000 2
3296000 2
3297000 2
3298000 2
3299000 2
3300000 2
3301000 2
3302000 2
3303000 2
3304000 2
3305000 2
3306000 2
3307000 2
3308000 2
3309000 2
3310000 2
3311000 2
3312000 2
3313000 2
3314000 2
3315000 2
3316000 2
3317000 2
3318000 2
3319000 2
3320000 2
3321000 2
3322000 2
3323000 2
3324000 2
3325000 2
3326000 2
3327000 2
3328000 2
3329000 2
3330000 2
3331000 2
3332000 2
3333000 2
3334000 2
3335000 2
3336000 2
3337000 2
3338000 2
3339000 2
3340000 2
3341000 2
3342000 2
3343000 2
3344000 2
3345000 2
3346000 2
3347000 2
3348000 2
3349000 2
3350000 2
3351000 2
3352000 2
3353000 2
3354000 2
3355000 2
3356000 2
3357000 2
3358000 2
3359000 2
3360000 2
3361000 2
3362000 2
3363000 2
3364000 2
3365000 2
3366000 2
3367000 2
3368000 2
3369000 2
3370000 2
3371000 2
3372000 2
3373000 2
3374000 2
3375000 2
3376000 2
3377000 2
3378000 2
3379000 2
3380000 2
3381000 2
3382000 2
3383000 2
3384000 2
3385000 2
3386000 2
3387000 2
3388000 2
3389000 2
3390000 2
3391000 2
3392000 2
3393000 2
3394000 2
3395000 2
3396000 2
3397000 2
3398000 2
3399000 2
3400000 2
3401000 2
3402000 2
3403000 2
3404000 2
3405000 2
3406000 2
3407000 2
3408000 2
3409000 2
3410000 2
3411000 2
3412000 2
3413000 2
3414000 2
3415000 2
3416000 2
3417000 2
3418000 2
3419000 2
3420000 2
3421000 2
3422000 2
3423000 2
3424000 2
3425000 2
3426000 2
3427000 2
3428000 2
3429000 2
3430000 2
3431000 2
3432000 2
3433000 2
3434000 2
3435000 2
3436000 2
3437000 2
3438000 2
3439000 2
3440000 2
3441000 2
3442000 2
3443000 2
3444000 2
3445000 2
3446000 2
3447000 2
3448000 2
3449000 2
3450000 2
3451000 2
3452000 2
3453000 2
3454000 2
3455000 2
3456000 2
3457000 2
3458000 2
3459000 2
3460000 2
3461000 2
3462000 2
3463000 2
3464000 3
3465000 3
3466000 3
3467000 3
3468000 3
3469000 3
3470000 3
3471000 3
3472000 3
3473000 3
3474000 3
3475000 3
3476000 3
3477000 3
3478000 3
3479000 3
3480000 3
3481000 3
3482000 3
3483000 3
3484000 3
3485000 3
3486000 3
3487000 3
3488000 3
3489000 3
3490000 3
3491000 3
3492000 3
3493000 3
3494000 3
3495000 3
3496000 3
3497000 3
3498000 3
3499000 3
3500000 3
3501000 3
3502000 3
3503000 3
3504000 3
3505000 3
3506000 3
3507000 3
3508000 3
3509000 3
3510000 3
3511000 3
3512000 3
3513000 3
3514000 3
3515000 3
3516000 3
3517000 3
3518000 3
3519000 3
3520000 3
3521000 3
3522000 3
3523000 3
3524000 3
3525000 3
3526000 3
3527000 3
3528000 3
3529000 3
3530000 3
3531000 3
3532000 3
3533000 3
3534000 3
3535000 3
3536000 3
3537000 3
3538000 3
3539000 3
3540000 3
3541000 3
3542000 3
3543000 3
3544000 3
3545000 3
3546000 3
3547000 3
3548000 3
3549000 3
3550000 3
3551000 3
3552000 3
3553000 3
3554000 3
3555000 3
3556000 3
3557000 3
3558000 3
3559000 3
3560000 3
3561000 3
3562000 3
3563000 3
3564000 3
3565000 3
3566000 3
3567000 3
3568000 3
3569000 3
3570000 3
3571000 3
3572000 3
3573000 3
3574000 3
3575000 3
3576000 3
3577000 3
3578000 3
3579000 3
3580000 3
3581000 3
3582000 3
3583000 3
3584000 3
3585000 3
3586000 3
3587000 3
3588000 3
3589000 3
3590000 3
3591000 3
3592000 3
3593000 3
3594000 3
3595000 3
3596000 3
3597000 3
3598000 3
3599000 3
3600000 3
3601000 3
3602000 3
3603000 3
3604000 3
3605000 3
3606000 3
3607000 3
3608000 3
3609000 3
3610000 3
3611000 3
3612000 3
3613000 3
3614000 3
3615000 3
3616000 3
3617000 3
3618000 3
3619000 3
3620000 3
3621000 3
3622000 3
3623000 3
3624000 3
3625000 3
3626000 3
3627000 3
3628000 3
3629000 3
3630000 3
3631000 3
3632000 3
3633000 3
3634000 3
3635000 3
3636000 3
3637000 3
3638000 3
3639000 3
3640000 3
3641000 3
3642000 3
3643000 3
3644000 3
3645000 3
3646000 3
3647000 3
3648000 3
3649000 3
3650000 3
3651000 3
3652000 3
3653000 3
3654000 3
3655000 3
3656000 3
3657000 3
3658000 3
3659000 3
3660000 3
3661000 3
3662000 3
3663000 3
3664000 3
3665000 3
3666000 3
3667000 3
3668000 3
3669000 3
3670000 3
3671000 3
3672000 3
3673000 3
3674000 3
3675000 3
3676000 3
3677000 3
3678000 3
3679000 3
3680000 3
3681000 3
3682000 3
3683000 3
3684000 3
3685000 3
3686000 3
3687000 3
3688000 3
3689000 3
3690000 3
3691000 3
3692000 3
3693000 3
3694000 3
3695000 3
3696000 3
3697000 3
3698000 3
3699000 3
3700000 3
3701000 3
3702000 3
3703000 3
3704000 3
3705000 3
3706000 3
3707000 3
3708000 3
3709000 3
3710000 3
3711000 3
3712000 3
3713000 3
3714000 3
3715000 3
3716000 3
3717000 3
3718000 3
3719000 3
3720000 3
3721000 3
3722000 3
3723000 3
3724000 3
3725000 3
3726000 3
3727000 3
3728000 3
3729000 3
3730000 3
3731000 3
3732000 3
3733000 3
3734000 3
3735000 3
3736000 3
3737000 3
3738000 3
3739000 3
3740000 3
3741000 3
3742000 3
3743000 3
3744000 3
3745000 3
3746000 3
3747000 3
3748000 3
3749000 3
3750000 3
3751000 3
3752000 3
3753000 3
3754000 3
3755000 3
3756000 3
3757000 3
3758000 3
3759000 3
3760000 3
3761000 3
3762000 3
3763000 3
3764000 3
3765000 3
3766000 3
3767000 3
3768000 3
3769000 3
3770000 3
3771000 3
3772000 3
3773000 3
3774000 3
3775000 3
3776000 3
3777000 3
3778000 3
3779000 3
3780000 3
3781000 3
3782000 3
3783000 3
3784000 3
3785000 3
3786000 3
3787000 3
3788000 3
3789000 3
3790000 3
3791000 3
3792000 3
3793000 3
3794000 3
3795000 3
3796000 3
3797000 3
3798000 3
3799000 3
3800000 3
3801000 3
3802000 3
3803000 3
3804000 3
3805000 3
3806000 3
3807000 3
3808000 3
3809000 3
3810000 3
3811000 3
3812000 3
3813000 3
3814000 3
3815000 3
3816000 3
3817000 3
3818000 3
3819000 3
3820000 3
3821000 3
3822000 3
3823000 3
3824000 3
3825000 3
3826000 3
3827000 3
3828000 3
3829000 3
3830000 3
3831000 3
3832000 3
3833000 3
3834000 3
3835000 3
3836000 3
3837000 3
3838000 3
3839000 3
3840000 3
3841000 3
3842000 3
3843000 3
3844000 3
3845000 3
3846000 3
3847000 3
3848000 3
3849000 3
3850000 3
3851000 3
3852000 3
3853000 3
3854000 3
3855000 3
3856000 3
3857000 3
3858000 3
3859000 3
3860000 3
3861000 3
3862000 3
3863000 3
3864000 3
3865000 3
3866000 3
3867000 3
3868000 3
3869000 3
3870000 3
3871000 3
3872000 3
3873000 3
3874000 3
3875000 3
3876000 3
3877000 3
3878000 3
3879000 3
3880000 3
3881000 3
3882000 3
3883000 3
3884000 3
3885000 3
3886000 3
3887000 3
3888000 3
3889000 3
3890000 3
3891000 3
3892000 3
3893000 3
3894000 3
3895000 3
3896000 3
3897000 3
3898000 3
3899000 3
3900000 3
3901000 3
3902000 3
3903000 3
3904000 3
3905000 3
3906000 3
3907000 3
3908000 3
3909000 3
3910000 3
3911000 3
3912000 3
3913000 3
3914000 3
3915000 3
3916000 3
3917000 3
3918000 3
3919000 3
3920000 3
3921000 3
3922000 3
3923000 3
3924000 3
3925000 3
3926000 3
3927000 3
3928000 3
3929000 3
3930000 3
3931000 3
3932000 3
3933000 3
3934000 3
3935000 3
3936000 3
3937000 3
3938000 3
3939000 3
3940000 3
3941000 3
3942000 3
3943000 3
3944000 3
3945000 3
3946000 3
3947000 3
3948000 3
3949000 3
3950000 3
3951000 3
3952000 3
3953000 3
3954000 3
3955000 3
3956000 3
3957000 3
3958000 3
3959000 3
3960000 3
3961000 3
3962000 3
3963000 3
3964000 3
3965000 3
3966000 3
3967000 3
3968000 3
3969000 3
3970000 3
3971000 3
3972000 3
3973000 3
3974000 3
3975000 3
3976000 3
3977000 3
3978000 3
3979000 3
3980000 3
3981000 4
3982000 4
3983000 4
3984000 4
3985000 4
3986000 4
3987000 4
3988000 4
3989000 4
3990000 4
3991000 4
3992000 4
3993000 4
3994000 4
3995000 4
3996000 4
3997000 4
3998000 4
3999000 4
4000000 4
4001000 4
4002000 4
4003000 4
4004000 4
4005000 4
4006000 4
4007000 4
4008000 4
4009000 4
4010000 4
4011000 4
4012000 4
4013000 4
4014000 4
4015000 4
4016000 4
4017000 4
4018000 4
4019000 4
4020000 4
4021000 4
4022000 4
4023000 4
4024000 4
4025000 4
4026000 4
4027000 4
4028000 4
4029000 4
4030000 4
4031000 4
4032000 4
4033000 4
4034000 4
4035000 4
4036000 4
4037000 4
4038000 4
4039000 4
4040000 4
4041000 4
4042000 4
4043000 4
4044000 4
4045000 4
4046000 4
4047000 4
4048000 4
4049000 4
4050000 4
4051000 4
4052000 4
4053000 4
4054000 4
4055000 4
4056000 4
4057000 4
4058000 4
4059000 4
4060000 4
4061000 4
4062000 4
4063000 4
4064000 4
4065000 4
4066000 4
4067000 4
4068000 4
4069000 4
4070000 4
4071000 4
4072000 4
4073000 4
4074000 4
4075000 4
4076000 4
4077000 4
4078000 4
4079000 4
4080000 4
4081000 4
4082000 4
4083000 4
4084000 4
4085000 4
4086000 4
4087000 4
4088000 4
4089000 4
4090000 4
4091000 4
4092000 4
4093000 4
4094000 4
4095000 4
4096000 4
4097000 4
4098000 4
4099000 4
4100000 4
4101000 4
4102000 4
4103000 4
4104000 4
4105000 4
4106000 4
4107000 4
4108000 4
4109000 4
4110000 4
4111000 4
4112000 4
4113000 4
4114000 4
4115000 4
4116000 4
4117000 4
4118000 4
4119000 4
4120000 4
4121000 4
4122000 4
4123000 4
4124000 4
4125000 4
4126000 4
4127000 4
4128000 4
4129000 4
4130000 4
4131000 4
4132000 4
4133000 4
4134000 4
4135000 4
4136000 4
4137000 4
4138000 4
4139000 4
4140000 4
4141000 4
4142000 4
4143000 4
4144000 4
4145000 4
4146000 4
4147000 4
4148000 4
4149000 4
4150000 4
4151000 4
4152000 4
4153000 4
4154000 4
4155000 4
4156000 4
4157000 4
4158000 4
4159000 4
4160000 4
4161000 4
4162000 4
4163000 4
4164000 4
4165000 4
4166000 4
4167000 4
4168000 4
4169000 4
4170000 4
4171000 4
4172000 4
4173000 4
4174000 4
4175000 4
4176000 4
4177000 4
4178000 4
4179000 4
4180000 4
4181000 4
4182000 4
4183000 4
4184000 4
4185000 4
4186000 4
4187000 4
4188000 4
4189000 4
4190000 4
4191000 4
4192000 4
4193000 4
4194000 4
4195000 4
4196000 4
4197000 4
4198000 4
4199000 4
4200000 4
4201000 4
4202000 4
4203000 4
4204000 5
4205000 5
4206000 5
4207000 5
4208000 5
4209000 5
4210000 5
4211000 5
4212000 5
4213000 5
4214000 5
4215000 5
4216000 5
4217000 5
4218000 5
4219000 5
4220000 5
4221000 5
4222000 5
4223000 5
4224000 5
4225000 5
4226000 5
4227000 5
4228000 5
4229000 5
4230000 5
4231000 5
4232000 5
4233000 5
4234000 5
4235000 5
4236000 5
4237000 5
4238000 5
4239000 5
4240000 5
4241000 5
4242000 5
4243000 5
4244000 5
4245000 5
4246000 5
4247000 5
4248000 5
4249000 5
4250000 5
4251000 5
4252000 5
4253000 5
4254000 5
4255000 5
4256000 5
4257000 5
4258000 5
4259000 5
4260000 5
4261000 5
4262000 5
4263000 5
4264000 5
4265000 5
4266000 5
4267000 5
4268000 5
4269000 5
4270000 5
4271000 5
4272000 5
4273000 5
4274000 5
4275000 5
4276000 5
4277000 5
4278000 5
4279000 5
4280000 5
4281000 5
4282000 5
4283000 5
4284000 5
4285000 5
4286000 5
4287000 5
4288000 5
4289000 5
4290000 5
4291000 5
4292000 5
4293000 5
4294000 5
4295000 5
4296000 5
4297000 5
4298000 5
4299000 5
4300000 5
4301000 5
4302000 5
4303000 5
4304000 5
4305000 5
4306000 5
4307000 5
4308000 5
4309000 5
4310000 5
4311000 5
4312000 5
4313000 5
4314000 5
4315000 5
4316000 5
4317000 5
4318000 5
4319000 5
4320000 5
4321000 5
4322000 5
4323000 5
4324000 5
4325000 5
4326000 5
4327000 5
4328000 5
4329000 5
4330000 5
4331000 5
4332000 5
4333000 5
4334000 5
4335000 5
4336000 5
4337000 5
4338000 5
4339000 5
4340000 5
4341000 5
4342000 5
4343000 5
4344000 5
4345000 5
4346000 5
4347000 5
4348000 5
4349000 5
4350000 5
4351000 5
4352000 5
4353000 5
4354000 5
4355000 5
4356000 5
4357000 5
4358000 5
4359000 5
4360000 5
4361000 5
4362000 5
4363000 5
4364000 5
4365000 5
4366000 5
4367000 5
4368000 5
4369000 5
4370000 5
4371000 5
4372000 5
4373000 5
4374000 5
4375000 5
4376000 5
4377000 5
4378000 5
4379000 5
4380000 5
4381000 5
4382000 5
4383000 5
4384000 5
4385000 5
4386000 5
4387000 5
4388000 5
4389000 5
4390000 5
4391000 5
4392000 5
4393000 5
4394000 5
4395000 5
4396000 5
4397000 5
4398000 5
4399000 5
4400000 5
4401000 5
4402000 5
4403000 5
4404000 5
4405000 5
4406000 5
4407000 5
4408000 5
4409000 5
4410000 5
4411000 5
4412000 5
4413000 5
4414000 5
4415000 5
4416000 5
4417000 6
4418000 6
4419000 6
4420000 6
4421000 6
4422000 6
4423000 6
4424000 6
4425000 6
4426000 6
4427000 6
4428000 6
4429000 6
4430000 6
4431000 6
4432000 6
4433000 6
4434000 6
4435000 6
4436000 6
4437000 6
4438000 6
4439000 6
4440000 6
4441000 7
4442000 7
4443000 7
4444000 7
4445000 7
4446000 7
4447000 7
4448000 7
4449000 7
4450000 7
4451000 7
4452000 7
4453000 7
4454000 7
4455000 7
4456000 7
4457000 7
4458000 7
4459000 7
4460000 7
4461000 7
4462000 7
4463000 7
4464000 7
4465000 7
4466000 7
4467000 7
4468000 7
4469000 7
4470000 7
4471000 7
4472000 7
4473000 7
4474000 7
4475000 7
4476000 7
4477000 7
4478000 7
4479000 7
4480000 7
4481000 7
4482000 7
4483000 7
4484000 7
4485000 7
4486000 7
4487000 7
4488000 7
4489000 7
4490000 7
4491000 7
4492000 7
4493000 7
4494000 7
4495000 7
4496000 7
4497000 7
4498000 7
4499000 7
4500000 7
4501000 7
4502000 7
4503000 7
4504000 7
4505000 7
4506000 7
4507000 7
4508000 7
4509000 7
4510000 7
4511000 7
4512000 7
4513000 7
4514000 7
4515000 7
4516000 7
4517000 7
4518000 7
4519000 7
4520000 7
4521000 7
4522000 7
4523000 7
4524000 7
4525000 7
4526000 7
4527000 7
4528000 7
4529000 7
4530000 7
4531000 7
4532000 7
4533000 7
4534000 7
4535000 7
4536000 7
4537000 7
4538000 7
4539000 7
4540000 7
4541000 7
4542000 7
4543000 7
4544000 7
4545000 7
4546000 7
4547000 7
4548000 7
4549000 7
4550000 7
4551000 7
4552000 7
4553000 7
4554000 7
4555000 7
4556000 7
4557000 7
4558000 7
4559000 7
4560000 7
4561000 7
4562000 7
4563000 7
4564000 7
4565000 7
4566000 7
4567000 7
4568000 7
4569000 7
4570000 7
4571000 7
4572000 7
4573000 7
4574000 7
4575000 7
4576000 7
4577000 7
4578000 7
4579000 7
4580000 7
4581000 7
4582000 7
4583000 7
4584000 7
4585000 7
4586000 7
4587000 7
4588000 7
4589000 7
4590000 7
4591000 7
4592000 7
4593000 7
4594000 7
4595000 7
4596000 7
4597000 7
4598000 7
4599000 7
4600000 7
4601000 7
4602000 7
4603000 7
4604000 7
4605000 7
4606000 7
4607000 7
4608000 7
4609000 7
4610000 7
4611000 7
4612000 7
4613000 7
4614000 7
4615000 7
4616000 7
4617000 7
4618000 7
4619000 7
4620000 7
4621000 7
4622000 7
4623000 7
4624000 7
4625000 7
4626000 7
4627000 7
4628000 7
4629000 7
4630000 7
4631000 7
4632000 7
4633000 7
4634000 7
4635000 7
4636000 7
4637000 7
4638000 7
4639000 7
4640000 7
4641000 7
4642000 7
4643000 7
4644000 7
4645000 7
4646000 7
4647000 7
4648000 7
4649000 7
4650000 7
4651000 7
4652000 7
4653000 7
4654000 7
4655000 7
4656000 7
4657000 8
4658000 8
4659000 8
4660000 8
4661000 8
4662000 8
4663000 8
4664000 8
4665000 8
4666000 8
4667000 8
4668000 8
4669000 8
4670000 8
4671000 8
4672000 8
4673000 8
4674000 8
4675000 8
4676000 8
4677000 8
4678000 8
4679000 8
4680000 8
4681000 8
4682000 8
4683000 8
4684000 8
4685000 8
4686000 8
4687000 8
4688000 8
4689000 8
4690000 8
4691000 8
4692000 8
4693000 8
4694000 8
4695000 8
4696000 8
4697000 8
4698000 8
4699000 8
4700000 8
4701000 8
4702000 8
4703000 8
4704000 8
4705000 8
4706000 8
4707000 8
4708000 8
4709000 8
4710000 8
4711000 8
4712000 8
4713000 8
4714000 8
4715000 8
4716000 8
4717000 8
4718000 8
4719000 8
4720000 8
4721000 8
4722000 8
4723000 8
4724000 9
4725000 9
4726000 9
4727000 9
4728000 9
4729000 9
4730000 9
4731000 9
4732000 9
4733000 9
4734000 9
4735000 9
4736000 9
4737000 9
4738000 9
4739000 9
4740000 9
4741000 9
4742000 9
4743000 9
4744000 9
4745000 9
4746000 9
4747000 9
4748000 9
4749000 9
4750000 9
4751000 9
4752000 9
4753000 9
4754000 9
4755000 9
4756000 9
4757000 9
4758000 9
4759000 9
4760000 9
4761000 9
4762000 9
4763000 9
4764000 9
4765000 9
4766000 9
4767000 9
4768000 9
4769000 9
4770000 9
4771000 9
4772000 9
4773000 9
4774000 9
4775000 9
4776000 9
4777000 9
4778000 9
4779000 9
4780000 9
4781000 9
4782000 9
4783000 9
4784000 9
4785000 9
4786000 9
4787000 9
4788000 9
4789000 9
4790000 9
4791000 9
4792000 9
4793000 9
4794000 9
4795000 9
4796000 9
4797000 9
4798000 9
4799000 9
4800000 9
4801000 9
4802000 9
4803000 9
4804000 9
4805000 9
4806000 9
4807000 9
4808000 9
4809000 9
4810000 9
4811000 9
4812000 9
4813000 9
4814000 9
4815000 9
4816000 9
4817000 9
4818000 9
4819000 9
4820000 9
4821000 9
4822000 9
4823000 9
4824000 9
4825000 9
4826000 9
4827000 9
4828000 9
4829000 9
4830000 9
4831000 9
4832000 9
4833000 9
4834000 9
4835000 9
4836000 9
4837000 9
4838000 9
4839000 9
4840000 9
4841000 9
4842000 9
4843000 9
4844000 9
4845000 9
4846000 9
4847000 9
4848000 9
4849000 9
4850000 9
4851000 9
4852000 9
4853000 9
4854000 9
4855000 9
4856000 9
4857000 9
4858000 9
4859000 9
4860000 9
4861000 9
4862000 9
4863000 9
4864000 9
4865000 9
4866000 9
4867000 9
4868000 9
4869000 9
4870000 9
4871000 9
4872000 9
4873000 9
4874000 9
4875000 9
4876000 9
4877000 9
4878000 9
4879000 9
4880000 9
4881000 9
4882000 9
4883000 9
4884000 9
4885000 9
4886000 9
4887000 9
4888000 9
4889000 9
4890000 9
4891000 9
4892000 9
4893000 9
4894000 9
4895000 9
4896000 9
4897000 9
4898000 9
4899000 9
4900000 9
4901000 9
4902000 9
4903000 9
4904000 9
4905000 9
4906000 9
4907000 9
4908000 9
4909000 9
4910000 9
4911000 9
4912000 9
4913000 9
4914000 9
4915000 9
4916000 9
4917000 9
4918000 9
4919000 9
4920000 9
4921000 9
4922000 9
4923000 9
4924000 9
4925000 9
4926000 9
4927000 9
4928000 9
4929000 9
4930000 9
4931000 9
4932000 9
4933000 9
4934000 9
4935000 9
4936000 9
4937000 9
4938000 9
4939000 9
4940000 9
4941000 9
4942000 9
4943000 9
4944000 9
4945000 9
4946000 9
4947000 9
4948000 9
4949000 9
4950000 9
4951000 9
4952000 9
4953000 9
4954000 9
4955000 9
4956000 9
4957000 9
4958000 9
4959000 9
4960000 9
4961000 9
4962000 9
4963000 9
4964000 9
4965000 9
4966000 9
4967000 9
4968000 9
4969000 9
4970000 9
4971000 9
4972000 9
4973000 9
4974000 9
4975000 9
4976000 9
4977000 9
4978000 9
4979000 9
4980000 9
4981000 9
4982000 9
4983000 9
4984000 9
4985000 9
4986000 9
4987000 9
4988000 9
4989000 9
4990000 9
4991000 9
4992000 9
4993000 9
4994000 9
4995000 9
4996000 9
4997000 9
4998000 9
4999000 9
5000000 9
