0 0
34000 1
46000 2
54000 3
61000 4
73000 5
83000 6
92000 7
110000 8
117000 9
138000 10
147000 11
160000 12
176000 13
185000 14
192000 15
202000 16
214000 17
225000 18
233000 19
244000 20
251000 21
256000 22
262000 23
269000 24
276000 25
283000 26
292000 27
299000 28
305000 29
311000 30
317000 31
323000 32
329000 33
335000 34
340000 35
347000 36
352000 37
357000 38
363000 39
369000 40
375000 41
381000 42
387000 43
393000 44
399000 45
405000 46
411000 47
417000 48
423000 49
430000 50
436000 51
442000 52
448000 53
458000 54
463000 55
470000 56
476000 57
483000 58
489000 59
495000 60
502000 61
511000 62
523000 63
531000 64
539000 65
548000 66
556000 67
563000 68
570000 69
577000 70
583000 71
589000 72
595000 73
601000 74
608000 75
615000 76
621000 77
628000 78
635000 79
643000 80
649000 81
656000 82
662000 83
669000 84
675000 85
681000 86
686000 87
692000 88
699000 89
704000 90
711000 91
717000 92
724000 93
730000 94
737000 95
745000 96
753000 97
760000 98
766000 99
775000 100
782000 101
789000 102
803000 103
821000 104
841000 105
850000 106
857000 107
863000 108
869000 109
876000 110
884000 111
891000 112
897000 113
904000 114
910000 115
915000 116
922000 117
929000 118
936000 119
942000 120
948000 121
954000 122
962000 123
968000 124
974000 125
980000 126
986000 127
991000 128
996000 129
1001000 130
1008000 131
1015000 132
1021000 133
1027000 134
1033000 135
1040000 136
1048000 137
1054000 138
1060000 139
1066000 140
1072000 141
1079000 142
1086000 143
1093000 144
1100000 145
1107000 146
1113000 147
1120000 148
1124000 149
1129000 150
1136000 151
1142000 152
1148000 153
1154000 154
1160000 155
1167000 156
1173000 157
1180000 158
1186000 159
1192000 160
1197000 161
1205000 162
1212000 163
1218000 164
1225000 165
1232000 166
1239000 167
1244000 168
1250000 169
1257000 170
1264000 171
1271000 172
1280000 173
1285000 174
1293000 175
1299000 176
1305000 177
1313000 178
1319000 179
1325000 180
1333000 181
1338000 182
1345000 183
1353000 184
1359000 185
1366000 186
1371000 187
1379000 188
1386000 189
1392000 190
1398000 191
1404000 192
1412000 193
1419000 194
1425000 195
1431000 196
1438000 197
1449000 198
1479000 199
1499000 200
1505000 201
1511000 202
1516000 203
1522000 204
1529000 205
1548000 206
1557000 207
1565000 208
1573000 209
1580000 210
1587000 211
1595000 212
1601000 213
1607000 214
1615000 215
1622000 216
1629000 217
1634000 218
1640000 219
1647000 220
1654000 221
1662000 222
1669000 223
1676000 224
1700000 225
1739000 226
1757000 227
1803000 228
1847000 229
1859000 230
1866000 231
1882000 232
1891000 233
1899000 234
1909000 235
1924000 236
1933000 237
1950000 238
1984000 239
2038000 240
2048000 241
2058000 242
2067000 243
2076000 244
2086000 245
2095000 246
2104000 247
2117000 248
2135000 249
2146000 250
2163000 251
2180000 252
2192000 253
2204000 254
2211000 255
2221000 256
2234000 257
2246000 258
2258000 259
2267000 260
2277000 261
2285000 262
2294000 263
2309000 264
2325000 265
2342000 266
2354000 267
2472000 268
2491000 269
2624000 270
2645000 271
2653000 272
2661000 273
2668000 274
2683000 275
2690000 276
2696000 277
2704000 278
2710000 279
2717000 280
2727000 281
2735000 282
2743000 283
2753000 284
2760000 285
2767000 286
2773000 287
2781000 288
2791000 289
2796000 290
2803000 291
2811000 292
2819000 293
2824000 294
2832000 295
2845000 296
2851000 297
2857000 298
2864000 299
2873000 300
2880000 301
2887000 302
2894000 303
2903000 304
2910000 305
2916000 306
2922000 307
2927000 308
2933000 309
2940000 310
2949000 311
2957000 312
2964000 313
2970000 314
2978000 315
2985000 316
2991000 317
2998000 318
3008000 319
3018000 320
3030000 321
3036000 322
3049000 323
3556000 324
3566000 325
3575000 326
3583000 327
3592000 328
3604000 329
3610000 330
3620000 331
3629000 332
3640000 333
3651000 334
3673000 335
3681000 336
3688000 337
3696000 338
3708000 339
3720000 340
3729000 341
3752000 342
3760000 343
3770000 344
3784000 345
3799000 346
3807000 347
3812000 348
3820000 349
3832000 350
3838000 351
3845000 352
3854000 353
3860000 354
3864000 355
3869000 356
3875000 357
3880000 358
3885000 359
3892000 360
3898000 361
3903000 362
3909000 363
3917000 364
3923000 365
3930000 366
3937000 367
3944000 368
3952000 369
3958000 370
3964000 371
3970000 372
3975000 373
3989000 374
3997000 375
4003000 376
4008000 377
4014000 378
4019000 379
4025000 380
4032000 381
4039000 382
4045000 383
4051000 384
4085000 385
4089000 386
4094000 387
4100000 388
4105000 389
4110000 390
4116000 391
4122000 392
4127000 393
4132000 394
4137000 395
4142000 396
4148000 397
4155000 398
4161000 399
4168000 400
4174000 401
4180000 402
4187000 403
4192000 404
4200000 405
4206000 406
4213000 407
4220000 408
4226000 409
4232000 410
4238000 411
4243000 412
4248000 413
4253000 414
4260000 415
4265000 416
4270000 417
4274000 418
4280000 419
4286000 420
4292000 421
4299000 422
4306000 423
4312000 424
4318000 425
4324000 426
4330000 427
4336000 428
4342000 429
4349000 430
4355000 431
4359000 432
4364000 433
4369000 434
4375000 435
4380000 436
4387000 437
4392000 438
4397000 439
4403000 440
4409000 441
4415000 442
4420000 443
4426000 444
4431000 445
4437000 446
4443000 447
4449000 448
4456000 449
4463000 450
4469000 451
4475000 452
4480000 453
4486000 454
4491000 455
4497000 456
4504000 457
4512000 458
4518000 459
4523000 460
4529000 461
4535000 462
4540000 463
4545000 464
4551000 465
4557000 466
4562000 467
4568000 468
4576000 469
4583000 470
4590000 471
4598000 472
4603000 473
4609000 474
4614000 475
4619000 476
4627000 477
4632000 478
4638000 479
4644000 480
4650000 481
4656000 482
4662000 483
4668000 484
4674000 485
4682000 486
4688000 487
4696000 488
4703000 489
4709000 490
4714000 491
4718000 492
4725000 493
4747000 494
4753000 495
4759000 496
4764000 497
4769000 498
4777000 499
4783000 500
4788000 501
4793000 502
4800000 503
4806000 504
4811000 505
4817000 506
4822000 507
4829000 508
4835000 509
4842000 510
4848000 511
4854000 512
4861000 513
4867000 514
4873000 515
4881000 516
4887000 517
4892000 518
4898000 519
4904000 520
4910000 521
4915000 522
4920000 523
4926000 524
4934000 525
4942000 526
4949000 527
4955000 528
4961000 529
4969000 530
4974000 531
4979000 532
4984000 533
4990000 534
4996000 535
5001000 536
