0 0
1000 0
2000 0
3000 0
4000 0
5000 0
6000 0
7000 0
8000 0
9000 0
10000 0
11000 0
12000 0
13000 0
14000 0
15000 0
16000 0
17000 0
18000 0
19000 0
20000 0
21000 0
22000 0
23000 0
24000 0
25000 0
26000 0
27000 0
28000 0
29000 0
30000 0
31000 0
32000 0
33000 0
34000 0
35000 0
36000 0
37000 0
38000 0
39000 0
40000 0
41000 0
42000 0
43000 0
44000 0
45000 0
46000 0
47000 0
48000 0
49000 0
50000 0
51000 0
52000 0
53000 0
54000 0
55000 0
56000 0
57000 0
58000 0
59000 0
60000 0
61000 1
62000 1
63000 1
64000 1
65000 1
66000 1
67000 1
68000 1
69000 1
70000 1
71000 1
72000 1
73000 1
74000 1
75000 1
76000 1
77000 1
78000 1
79000 1
80000 1
81000 1
82000 1
83000 1
84000 1
85000 1
86000 1
87000 1
88000 1
89000 1
90000 1
91000 1
92000 1
93000 1
94000 1
95000 1
96000 1
97000 1
98000 1
99000 1
100000 1
101000 1
102000 1
103000 1
104000 1
105000 1
106000 1
107000 1
108000 1
109000 1
110000 1
111000 1
112000 1
113000 1
114000 1
115000 1
116000 1
117000 1
118000 1
119000 1
120000 1
121000 1
122000 1
123000 1
124000 1
125000 1
126000 1
127000 1
128000 1
129000 1
130000 1
131000 1
132000 1
133000 1
134000 1
135000 1
136000 1
137000 1
138000 1
139000 1
140000 1
141000 1
142000 1
143000 1
144000 1
145000 1
146000 1
147000 1
148000 1
149000 1
150000 1
151000 1
152000 1
153000 1
154000 1
155000 1
156000 1
157000 1
158000 1
159000 1
160000 1
161000 1
162000 1
163000 1
164000 1
165000 1
166000 1
167000 1
168000 1
169000 1
170000 1
171000 1
172000 1
173000 1
174000 1
175000 1
176000 1
177000 1
178000 1
179000 1
180000 1
181000 1
182000 1
183000 1
184000 1
185000 1
186000 1
187000 1
188000 1
189000 1
190000 1
191000 1
192000 1
193000 1
194000 1
195000 1
196000 1
197000 1
198000 1
199000 1
200000 1
201000 1
202000 1
203000 1
204000 1
205000 1
206000 1
207000 1
208000 1
209000 1
210000 1
211000 1
212000 1
213000 1
214000 1
215000 1
216000 1
217000 1
218000 1
219000 1
220000 1
221000 1
222000 1
223000 1
224000 1
225000 1
226000 1
227000 1
228000 1
229000 1
230000 1
231000 1
232000 1
233000 1
234000 1
235000 1
236000 1
237000 1
238000 1
239000 1
240000 1
241000 1
242000 1
243000 1
244000 1
245000 1
246000 1
247000 1
248000 1
249000 1
250000 1
251000 1
252000 1
253000 1
254000 1
255000 1
256000 1
257000 1
258000 1
259000 1
260000 1
261000 1
262000 1
263000 1
264000 1
265000 1
266000 1
267000 1
268000 1
269000 1
270000 1
271000 1
272000 1
273000 1
274000 1
275000 1
276000 1
277000 1
278000 1
279000 1
280000 1
281000 1
282000 1
283000 1
284000 1
285000 1
286000 1
287000 1
288000 1
289000 1
290000 1
291000 1
292000 1
293000 1
294000 1
295000 1
296000 1
297000 1
298000 1
299000 1
300000 1
301000 1
302000 1
303000 1
304000 1
305000 1
306000 1
307000 1
308000 1
309000 1
310000 1
311000 1
312000 1
313000 1
314000 1
315000 1
316000 1
317000 1
318000 1
319000 1
320000 1
321000 1
322000 1
323000 1
324000 1
325000 1
326000 1
327000 1
328000 1
329000 1
330000 1
331000 1
332000 1
333000 1
334000 1
335000 1
336000 1
337000 1
338000 1
339000 1
340000 1
341000 1
342000 1
343000 1
344000 1
345000 1
346000 1
347000 1
348000 1
349000 1
350000 1
351000 1
352000 1
353000 1
354000 1
355000 1
356000 1
357000 1
358000 1
359000 1
360000 1
361000 1
362000 1
363000 1
364000 1
365000 1
366000 1
367000 1
368000 1
369000 1
370000 1
371000 1
372000 1
373000 1
374000 1
375000 1
376000 1
377000 1
378000 1
379000 1
380000 1
381000 1
382000 1
383000 1
384000 1
385000 1
386000 1
387000 1
388000 1
389000 1
390000 1
391000 1
392000 1
393000 1
394000 1
395000 1
396000 1
397000 1
398000 1
399000 1
400000 1
401000 1
402000 1
403000 1
404000 1
405000 1
406000 1
407000 1
408000 1
409000 1
410000 1
411000 1
412000 1
413000 1
414000 1
415000 1
416000 1
417000 1
418000 1
419000 1
420000 1
421000 1
422000 1
423000 1
424000 1
425000 1
426000 1
427000 1
428000 1
429000 1
430000 1
431000 1
432000 1
433000 1
434000 1
435000 1
436000 1
437000 1
438000 1
439000 1
440000 1
441000 1
442000 1
443000 1
444000 1
445000 1
446000 1
447000 1
448000 1
449000 1
450000 1
451000 1
452000 1
453000 1
454000 1
455000 1
456000 1
457000 1
458000 1
459000 1
460000 1
461000 1
462000 1
463000 1
464000 1
465000 1
466000 1
467000 1
468000 1
469000 1
470000 1
471000 1
472000 1
473000 2
474000 2
475000 2
476000 2
477000 2
478000 2
479000 2
480000 2
481000 2
482000 2
483000 3
484000 3
485000 3
486000 3
487000 3
488000 3
489000 3
490000 3
491000 3
492000 3
493000 3
494000 3
495000 3
496000 3
497000 3
498000 3
499000 3
500000 3
501000 3
502000 3
503000 3
504000 3
505000 3
506000 3
507000 3
508000 3
509000 3
510000 3
511000 3
512000 3
513000 3
514000 3
515000 3
516000 3
517000 3
518000 3
519000 3
520000 3
521000 3
522000 3
523000 3
524000 3
525000 3
526000 3
527000 3
528000 3
529000 3
530000 3
531000 3
532000 3
533000 3
534000 3
535000 3
536000 3
537000 3
538000 3
539000 3
540000 3
541000 3
542000 3
543000 4
544000 4
545000 4
546000 4
547000 4
548000 4
549000 4
550000 4
551000 4
552000 4
553000 5
554000 5
555000 5
556000 5
557000 5
558000 5
559000 5
560000 5
561000 5
562000 5
563000 5
564000 5
565000 5
566000 5
567000 5
568000 5
569000 5
570000 5
571000 5
572000 5
573000 5
574000 5
575000 5
576000 5
577000 5
578000 5
579000 5
580000 5
581000 5
582000 5
583000 5
584000 5
585000 5
586000 5
587000 5
588000 5
589000 5
590000 5
591000 5
592000 5
593000 5
594000 5
595000 5
596000 5
597000 5
598000 5
599000 5
600000 5
601000 5
602000 5
603000 5
604000 5
605000 5
606000 5
607000 5
608000 5
609000 5
610000 5
611000 5
612000 5
613000 6
614000 6
615000 6
616000 6
617000 6
618000 6
619000 6
620000 6
621000 6
622000 6
623000 6
624000 6
625000 6
626000 6
627000 6
628000 6
629000 6
630000 6
631000 6
632000 6
633000 6
634000 6
635000 6
636000 6
637000 6
638000 6
639000 6
640000 6
641000 6
642000 6
643000 6
644000 6
645000 6
646000 6
647000 6
648000 6
649000 6
650000 6
651000 6
652000 6
653000 6
654000 6
655000 6
656000 6
657000 6
658000 6
659000 6
660000 6
661000 6
662000 6
663000 6
664000 6
665000 6
666000 6
667000 6
668000 6
669000 6
670000 6
671000 6
672000 6
673000 6
674000 6
675000 6
676000 6
677000 6
678000 6
679000 6
680000 6
681000 6
682000 6
683000 6
684000 6
685000 6
686000 6
687000 6
688000 6
689000 6
690000 6
691000 6
692000 6
693000 6
694000 6
695000 6
696000 6
697000 6
698000 6
699000 6
700000 6
701000 6
702000 6
703000 6
704000 6
705000 6
706000 6
707000 6
708000 6
709000 6
710000 6
711000 6
712000 6
713000 6
714000 6
715000 6
716000 6
717000 6
718000 6
719000 6
720000 6
721000 6
722000 6
723000 6
724000 6
725000 6
726000 6
727000 6
728000 6
729000 6
730000 6
731000 6
732000 6
733000 6
734000 6
735000 6
736000 6
737000 6
738000 6
739000 6
740000 6
741000 6
742000 6
743000 6
744000 6
745000 6
746000 6
747000 6
748000 6
749000 6
750000 6
751000 6
752000 6
753000 6
754000 6
755000 6
756000 6
757000 6
758000 6
759000 6
760000 6
761000 6
762000 6
763000 6
764000 6
765000 6
766000 6
767000 6
768000 6
769000 6
770000 6
771000 6
772000 6
773000 6
774000 6
775000 6
776000 6
777000 6
778000 6
779000 6
780000 6
781000 6
782000 6
783000 6
784000 6
785000 6
786000 6
787000 6
788000 6
789000 6
790000 6
791000 6
792000 6
793000 6
794000 6
795000 6
796000 6
797000 6
798000 6
799000 6
800000 6
801000 6
802000 6
803000 6
804000 6
805000 6
806000 6
807000 6
808000 6
809000 6
810000 6
811000 6
812000 6
813000 6
814000 6
815000 6
816000 6
817000 6
818000 6
819000 6
820000 6
821000 6
822000 6
823000 6
824000 6
825000 7
826000 7
827000 7
828000 7
829000 7
830000 7
831000 7
832000 7
833000 7
834000 7
835000 7
836000 7
837000 7
838000 7
839000 7
840000 7
841000 7
842000 7
843000 7
844000 7
845000 7
846000 7
847000 7
848000 7
849000 7
850000 7
851000 7
852000 7
853000 7
854000 7
855000 7
856000 7
857000 7
858000 7
859000 7
860000 7
861000 7
862000 7
863000 7
864000 7
865000 7
866000 7
867000 7
868000 7
869000 7
870000 7
871000 7
872000 7
873000 7
874000 7
875000 7
876000 7
877000 7
878000 7
879000 7
880000 7
881000 7
882000 7
883000 7
884000 8
885000 8
886000 8
887000 8
888000 8
889000 8
890000 8
891000 8
892000 8
893000 8
894000 8
895000 8
896000 8
897000 8
898000 8
899000 8
900000 8
901000 8
902000 8
903000 8
904000 8
905000 8
906000 8
907000 8
908000 8
909000 8
910000 8
911000 8
912000 8
913000 8
914000 8
915000 8
916000 8
917000 8
918000 8
919000 8
920000 8
921000 8
922000 8
923000 8
924000 8
925000 8
926000 8
927000 8
928000 8
929000 8
930000 8
931000 8
932000 8
933000 8
934000 8
935000 8
936000 8
937000 8
938000 8
939000 8
940000 8
941000 8
942000 8
943000 8
944000 8
945000 8
946000 8
947000 8
948000 8
949000 8
950000 8
951000 8
952000 8
953000 8
954000 8
955000 8
956000 8
957000 8
958000 8
959000 8
960000 8
961000 8
962000 8
963000 8
964000 8
965000 8
966000 8
967000 8
968000 8
969000 8
970000 8
971000 8
972000 8
973000 8
974000 8
975000 8
976000 8
977000 8
978000 8
979000 8
980000 8
981000 8
982000 8
983000 8
984000 8
985000 8
986000 8
987000 8
988000 8
989000 8
990000 8
991000 8
992000 8
993000 8
994000 8
995000 8
996000 8
997000 8
998000 8
999000 8
1000000 8
1001000 8
1002000 8
1003000 8
1004000 8
1005000 8
1006000 8
1007000 8
1008000 8
1009000 8
1010000 8
1011000 8
1012000 8
1013000 8
1014000 8
1015000 8
1016000 8
1017000 8
1018000 8
1019000 8
1020000 8
1021000 8
1022000 8
1023000 8
1024000 8
1025000 8
1026000 8
1027000 8
1028000 8
1029000 8
1030000 8
1031000 8
1032000 8
1033000 8
1034000 8
1035000 8
1036000 8
1037000 8
1038000 8
1039000 8
1040000 8
1041000 8
1042000 8
1043000 8
1044000 8
1045000 8
1046000 8
1047000 8
1048000 8
1049000 8
1050000 8
1051000 8
1052000 8
1053000 8
1054000 8
1055000 8
1056000 8
1057000 8
1058000 8
1059000 8
1060000 8
1061000 8
1062000 8
1063000 8
1064000 8
1065000 8
1066000 8
1067000 8
1068000 8
1069000 8
1070000 8
1071000 8
1072000 8
1073000 8
1074000 8
1075000 8
1076000 8
1077000 8
1078000 8
1079000 8
1080000 8
1081000 8
1082000 8
1083000 8
1084000 8
1085000 8
1086000 8
1087000 8
1088000 8
1089000 8
1090000 8
1091000 8
1092000 8
1093000 8
1094000 8
1095000 8
1096000 8
1097000 8
1098000 8
1099000 8
1100000 8
1101000 8
1102000 8
1103000 8
1104000 8
1105000 8
1106000 8
1107000 8
1108000 8
1109000 8
1110000 8
1111000 8
1112000 8
1113000 8
1114000 8
1115000 8
1116000 8
1117000 8
1118000 8
1119000 8
1120000 8
1121000 8
1122000 8
1123000 8
1124000 8
1125000 8
1126000 8
1127000 8
1128000 8
1129000 8
1130000 8
1131000 8
1132000 8
1133000 8
1134000 8
1135000 8
1136000 8
1137000 8
1138000 8
1139000 8
1140000 8
1141000 8
1142000 8
1143000 8
1144000 8
1145000 8
1146000 8
1147000 8
1148000 8
1149000 8
1150000 8
1151000 8
1152000 8
1153000 8
1154000 8
1155000 8
1156000 8
1157000 8
1158000 8
1159000 8
1160000 8
1161000 8
1162000 8
1163000 8
1164000 8
1165000 8
1166000 8
1167000 8
1168000 8
1169000 8
1170000 8
1171000 8
1172000 8
1173000 8
1174000 8
1175000 8
1176000 8
1177000 8
1178000 8
1179000 8
1180000 8
1181000 8
1182000 8
1183000 8
1184000 8
1185000 8
1186000 8
1187000 8
1188000 8
1189000 8
1190000 8
1191000 8
1192000 8
1193000 8
1194000 8
1195000 8
1196000 8
1197000 8
1198000 8
1199000 8
1200000 8
1201000 8
1202000 8
1203000 8
1204000 8
1205000 8
1206000 8
1207000 8
1208000 8
1209000 8
1210000 8
1211000 8
1212000 8
1213000 8
1214000 8
1215000 8
1216000 8
1217000 8
1218000 8
1219000 8
1220000 8
1221000 8
1222000 8
1223000 8
1224000 8
1225000 8
1226000 8
1227000 8
1228000 8
1229000 8
1230000 8
1231000 8
1232000 8
1233000 8
1234000 8
1235000 8
1236000 8
1237000 8
1238000 8
1239000 8
1240000 8
1241000 8
1242000 8
1243000 8
1244000 8
1245000 8
1246000 8
1247000 8
1248000 8
1249000 8
1250000 8
1251000 8
1252000 8
1253000 8
1254000 8
1255000 8
1256000 8
1257000 8
1258000 8
1259000 8
1260000 8
1261000 8
1262000 8
1263000 8
1264000 8
1265000 8
1266000 8
1267000 8
1268000 8
1269000 8
1270000 8
1271000 8
1272000 8
1273000 8
1274000 8
1275000 8
1276000 8
1277000 8
1278000 8
1279000 8
1280000 8
1281000 8
1282000 8
1283000 8
1284000 8
1285000 8
1286000 8
1287000 8
1288000 8
1289000 8
1290000 8
1291000 8
1292000 8
1293000 8
1294000 8
1295000 8
1296000 8
1297000 8
1298000 8
1299000 8
1300000 8
1301000 8
1302000 8
1303000 8
1304000 8
1305000 8
1306000 8
1307000 8
1308000 8
1309000 8
1310000 8
1311000 8
1312000 8
1313000 8
1314000 8
1315000 8
1316000 8
1317000 8
1318000 8
1319000 8
1320000 8
1321000 8
1322000 8
1323000 8
1324000 8
1325000 8
1326000 8
1327000 8
1328000 8
1329000 8
1330000 8
1331000 8
1332000 8
1333000 8
1334000 8
1335000 8
1336000 8
1337000 8
1338000 8
1339000 8
1340000 8
1341000 8
1342000 8
1343000 8
1344000 8
1345000 8
1346000 8
1347000 8
1348000 8
1349000 8
1350000 8
1351000 8
1352000 8
1353000 8
1354000 8
1355000 8
1356000 8
1357000 8
1358000 8
1359000 8
1360000 8
1361000 8
1362000 8
1363000 8
1364000 8
1365000 8
1366000 8
1367000 8
1368000 8
1369000 8
1370000 8
1371000 8
1372000 8
1373000 8
1374000 8
1375000 8
1376000 8
1377000 8
1378000 8
1379000 8
1380000 8
1381000 8
1382000 8
1383000 8
1384000 8
1385000 8
1386000 8
1387000 8
1388000 8
1389000 8
1390000 8
1391000 8
1392000 8
1393000 8
1394000 8
1395000 8
1396000 8
1397000 8
1398000 8
1399000 8
1400000 8
1401000 8
1402000 8
1403000 8
1404000 8
1405000 8
1406000 8
1407000 8
1408000 8
1409000 8
1410000 8
1411000 8
1412000 8
1413000 8
1414000 8
1415000 8
1416000 8
1417000 8
1418000 8
1419000 8
1420000 8
1421000 8
1422000 8
1423000 8
1424000 8
1425000 8
1426000 8
1427000 8
1428000 8
1429000 8
1430000 8
1431000 8
1432000 8
1433000 8
1434000 8
1435000 8
1436000 8
1437000 8
1438000 8
1439000 8
1440000 8
1441000 8
1442000 8
1443000 8
1444000 8
1445000 8
1446000 8
1447000 8
1448000 8
1449000 8
1450000 8
1451000 8
1452000 8
1453000 8
1454000 8
1455000 8
1456000 8
1457000 8
1458000 8
1459000 8
1460000 8
1461000 8
1462000 8
1463000 8
1464000 8
1465000 8
1466000 8
1467000 8
1468000 8
1469000 8
1470000 8
1471000 8
1472000 8
1473000 8
1474000 8
1475000 8
1476000 8
1477000 8
1478000 8
1479000 8
1480000 8
1481000 8
1482000 8
1483000 8
1484000 8
1485000 8
1486000 8
1487000 8
1488000 8
1489000 8
1490000 8
1491000 8
1492000 8
1493000 8
1494000 8
1495000 8
1496000 8
1497000 8
1498000 8
1499000 8
1500000 8
1501000 8
1502000 8
1503000 8
1504000 8
1505000 8
1506000 8
1507000 8
1508000 8
1509000 8
1510000 8
1511000 8
1512000 8
1513000 8
1514000 8
1515000 8
1516000 8
1517000 8
1518000 8
1519000 8
1520000 8
1521000 8
1522000 8
1523000 8
1524000 8
1525000 8
1526000 8
1527000 8
1528000 8
1529000 8
1530000 8
1531000 8
1532000 8
1533000 8
1534000 8
1535000 8
1536000 8
1537000 8
1538000 8
1539000 8
1540000 8
1541000 8
1542000 8
1543000 8
1544000 8
1545000 8
1546000 8
1547000 8
1548000 8
1549000 8
1550000 8
1551000 8
1552000 8
1553000 8
1554000 8
1555000 8
1556000 8
1557000 8
1558000 8
1559000 8
1560000 8
1561000 8
1562000 8
1563000 8
1564000 8
1565000 8
1566000 8
1567000 8
1568000 8
1569000 8
1570000 8
1571000 8
1572000 8
1573000 8
1574000 8
1575000 8
1576000 8
1577000 8
1578000 8
1579000 8
1580000 8
1581000 8
1582000 8
1583000 8
1584000 8
1585000 8
1586000 8
1587000 8
1588000 8
1589000 8
1590000 8
1591000 8
1592000 8
1593000 8
1594000 8
1595000 8
1596000 8
1597000 8
1598000 8
1599000 8
1600000 8
1601000 8
1602000 8
1603000 8
1604000 8
1605000 8
1606000 8
1607000 8
1608000 8
1609000 8
1610000 8
1611000 8
1612000 8
1613000 8
1614000 8
1615000 8
1616000 8
1617000 8
1618000 8
1619000 8
1620000 8
1621000 8
1622000 8
1623000 8
1624000 8
1625000 8
1626000 8
1627000 8
1628000 8
1629000 8
1630000 8
1631000 8
1632000 8
1633000 8
1634000 8
1635000 8
1636000 8
1637000 8
1638000 8
1639000 8
1640000 8
1641000 8
1642000 8
1643000 8
1644000 8
1645000 8
1646000 8
1647000 8
1648000 8
1649000 8
1650000 8
1651000 8
1652000 8
1653000 8
1654000 8
1655000 8
1656000 8
1657000 8
1658000 8
1659000 8
1660000 8
1661000 8
1662000 8
1663000 8
1664000 8
1665000 8
1666000 8
1667000 8
1668000 8
1669000 8
1670000 8
1671000 8
1672000 8
1673000 8
1674000 8
1675000 8
1676000 8
1677000 8
1678000 8
1679000 8
1680000 8
1681000 8
1682000 8
1683000 8
1684000 8
1685000 8
1686000 8
1687000 8
1688000 8
1689000 8
1690000 8
1691000 8
1692000 8
1693000 9
1694000 9
1695000 9
1696000 9
1697000 9
1698000 9
1699000 9
1700000 9
1701000 9
1702000 9
1703000 9
1704000 9
1705000 9
1706000 9
1707000 9
1708000 9
1709000 9
1710000 9
1711000 9
1712000 9
1713000 9
1714000 9
1715000 9
1716000 9
1717000 9
1718000 9
1719000 9
1720000 9
1721000 9
1722000 9
1723000 9
1724000 9
1725000 9
1726000 9
1727000 9
1728000 9
1729000 9
1730000 9
1731000 9
1732000 9
1733000 9
1734000 9
1735000 9
1736000 9
1737000 9
1738000 9
1739000 9
1740000 9
1741000 9
1742000 9
1743000 9
1744000 9
1745000 9
1746000 9
1747000 9
1748000 9
1749000 9
1750000 9
1751000 9
1752000 9
1753000 10
1754000 10
1755000 10
1756000 10
1757000 10
1758000 10
1759000 10
1760000 10
1761000 10
1762000 10
1763000 10
1764000 10
1765000 10
1766000 10
1767000 11
1768000 11
1769000 11
1770000 11
1771000 11
1772000 11
1773000 11
1774000 11
1775000 11
1776000 12
1777000 12
1778000 12
1779000 12
1780000 12
1781000 12
1782000 12
1783000 12
1784000 12
1785000 12
1786000 12
1787000 12
1788000 12
1789000 12
1790000 12
1791000 12
1792000 12
1793000 12
1794000 12
1795000 12
1796000 12
1797000 12
1798000 12
1799000 12
1800000 12
1801000 12
1802000 12
1803000 12
1804000 12
1805000 12
1806000 12
1807000 12
1808000 12
1809000 12
1810000 12
1811000 12
1812000 12
1813000 12
1814000 12
1815000 12
1816000 12
1817000 12
1818000 12
1819000 12
1820000 12
1821000 12
1822000 12
1823000 12
1824000 12
1825000 12
1826000 12
1827000 12
1828000 12
1829000 12
1830000 12
1831000 12
1832000 12
1833000 12
1834000 12
1835000 12
1836000 12
1837000 12
1838000 12
1839000 12
1840000 12
1841000 12
1842000 12
1843000 12
1844000 12
1845000 12
1846000 12
1847000 12
1848000 12
1849000 12
1850000 12
1851000 12
1852000 12
1853000 12
1854000 12
1855000 12
1856000 12
1857000 12
1858000 12
1859000 12
1860000 12
1861000 12
1862000 12
1863000 12
1864000 12
1865000 12
1866000 12
1867000 12
1868000 12
1869000 12
1870000 12
1871000 12
1872000 12
1873000 12
1874000 12
1875000 12
1876000 12
1877000 12
1878000 12
1879000 12
1880000 12
1881000 12
1882000 12
1883000 12
1884000 12
1885000 12
1886000 12
1887000 12
1888000 12
1889000 12
1890000 12
1891000 12
1892000 12
1893000 12
1894000 12
1895000 12
1896000 12
1897000 12
1898000 12
1899000 12
1900000 12
1901000 12
1902000 12
1903000 12
1904000 12
1905000 12
1906000 12
1907000 12
1908000 12
1909000 12
1910000 12
1911000 12
1912000 12
1913000 12
1914000 12
1915000 12
1916000 12
1917000 12
1918000 12
1919000 12
1920000 12
1921000 12
1922000 12
1923000 12
1924000 12
1925000 12
1926000 12
1927000 12
1928000 12
1929000 12
1930000 12
1931000 12
1932000 12
1933000 12
1934000 12
1935000 12
1936000 12
1937000 12
1938000 12
1939000 12
1940000 12
1941000 12
1942000 12
1943000 12
1944000 12
1945000 12
1946000 12
1947000 12
1948000 12
1949000 12
1950000 12
1951000 12
1952000 12
1953000 12
1954000 12
1955000 12
1956000 12
1957000 12
1958000 12
1959000 12
1960000 12
1961000 12
1962000 12
1963000 12
1964000 12
1965000 12
1966000 12
1967000 12
1968000 12
1969000 12
1970000 12
1971000 12
1972000 12
1973000 12
1974000 12
1975000 12
1976000 12
1977000 12
1978000 12
1979000 12
1980000 12
1981000 12
1982000 12
1983000 12
1984000 12
1985000 12
1986000 12
1987000 12
1988000 12
1989000 12
1990000 12
1991000 12
1992000 12
1993000 12
1994000 12
1995000 12
1996000 12
1997000 12
1998000 12
1999000 12
2000000 12
2001000 12
2002000 12
2003000 12
2004000 12
2005000 12
2006000 12
2007000 12
2008000 12
2009000 12
2010000 12
2011000 12
2012000 12
2013000 12
2014000 12
2015000 12
2016000 12
2017000 12
2018000 12
2019000 12
2020000 12
2021000 12
2022000 12
2023000 12
2024000 12
2025000 12
2026000 12
2027000 12
2028000 12
2029000 12
2030000 12
2031000 12
2032000 12
2033000 12
2034000 12
2035000 12
2036000 12
2037000 12
2038000 12
2039000 12
2040000 12
2041000 12
2042000 12
2043000 12
2044000 12
2045000 12
2046000 12
2047000 12
2048000 12
2049000 12
2050000 12
2051000 12
2052000 12
2053000 12
2054000 12
2055000 12
2056000 12
2057000 12
2058000 12
2059000 12
2060000 12
2061000 12
2062000 12
2063000 12
2064000 12
2065000 12
2066000 12
2067000 12
2068000 12
2069000 12
2070000 12
2071000 12
2072000 12
2073000 12
2074000 12
2075000 12
2076000 12
2077000 12
2078000 12
2079000 12
2080000 12
2081000 12
2082000 12
2083000 12
2084000 12
2085000 12
2086000 12
2087000 12
2088000 12
2089000 12
2090000 12
2091000 12
2092000 12
2093000 12
2094000 12
2095000 12
2096000 12
2097000 12
2098000 12
2099000 12
2100000 12
2101000 12
2102000 12
2103000 12
2104000 12
2105000 12
2106000 12
2107000 12
2108000 12
2109000 12
2110000 12
2111000 12
2112000 12
2113000 12
2114000 12
2115000 12
2116000 12
2117000 12
2118000 12
2119000 12
2120000 12
2121000 12
2122000 12
2123000 12
2124000 12
2125000 12
2126000 13
2127000 13
2128000 13
2129000 13
2130000 13
2131000 13
2132000 13
2133000 13
2134000 13
2135000 13
2136000 13
2137000 13
2138000 13
2139000 13
2140000 13
2141000 13
2142000 13
2143000 13
2144000 13
2145000 13
2146000 13
2147000 13
2148000 13
2149000 13
2150000 13
2151000 13
2152000 13
2153000 13
2154000 13
2155000 13
2156000 13
2157000 13
2158000 13
2159000 13
2160000 13
2161000 13
2162000 13
2163000 13
2164000 13
2165000 13
2166000 13
2167000 13
2168000 13
2169000 13
2170000 13
2171000 13
2172000 13
2173000 13
2174000 13
2175000 13
2176000 13
2177000 13
2178000 13
2179000 13
2180000 13
2181000 13
2182000 13
2183000 13
2184000 13
2185000 13
2186000 13
2187000 13
2188000 14
2189000 14
2190000 14
2191000 14
2192000 14
2193000 14
2194000 14
2195000 14
2196000 14
2197000 14
2198000 14
2199000 14
2200000 14
2201000 14
2202000 14
2203000 14
2204000 14
2205000 14
2206000 14
2207000 14
2208000 14
2209000 14
2210000 14
2211000 14
2212000 14
2213000 14
2214000 14
2215000 14
2216000 14
2217000 14
2218000 14
2219000 14
2220000 14
2221000 14
2222000 14
2223000 14
2224000 14
2225000 14
2226000 14
2227000 14
2228000 14
2229000 14
2230000 14
2231000 14
2232000 14
2233000 14
2234000 14
2235000 14
2236000 14
2237000 14
2238000 14
2239000 14
2240000 14
2241000 14
2242000 14
2243000 14
2244000 14
2245000 14
2246000 14
2247000 14
2248000 14
2249000 14
2250000 14
2251000 14
2252000 14
2253000 14
2254000 14
2255000 14
2256000 14
2257000 14
2258000 14
2259000 14
2260000 14
2261000 14
2262000 14
2263000 14
2264000 14
2265000 14
2266000 14
2267000 14
2268000 14
2269000 14
2270000 14
2271000 14
2272000 14
2273000 14
2274000 14
2275000 14
2276000 14
2277000 14
2278000 14
2279000 14
2280000 14
2281000 14
2282000 14
2283000 14
2284000 14
2285000 14
2286000 14
2287000 14
2288000 14
2289000 14
2290000 14
2291000 14
2292000 14
2293000 14
2294000 14
2295000 14
2296000 14
2297000 14
2298000 14
2299000 14
2300000 14
2301000 14
2302000 14
2303000 14
2304000 14
2305000 14
2306000 14
2307000 14
2308000 14
2309000 14
2310000 14
2311000 14
2312000 14
2313000 14
2314000 14
2315000 14
2316000 14
2317000 14
2318000 14
2319000 14
2320000 14
2321000 14
2322000 14
2323000 14
2324000 14
2325000 14
2326000 14
2327000 14
2328000 14
2329000 14
2330000 14
2331000 14
2332000 14
2333000 14
2334000 14
2335000 14
2336000 14
2337000 14
2338000 14
2339000 14
2340000 14
2341000 14
2342000 14
2343000 14
2344000 14
2345000 14
2346000 14
2347000 14
2348000 14
2349000 14
2350000 14
2351000 14
2352000 14
2353000 14
2354000 14
2355000 14
2356000 14
2357000 14
2358000 14
2359000 14
2360000 14
2361000 14
2362000 14
2363000 14
2364000 14
2365000 14
2366000 14
2367000 14
2368000 14
2369000 14
2370000 14
2371000 14
2372000 14
2373000 14
2374000 14
2375000 14
2376000 14
2377000 14
2378000 14
2379000 14
2380000 14
2381000 14
2382000 14
2383000 14
2384000 14
2385000 14
2386000 14
2387000 14
2388000 14
2389000 14
2390000 14
2391000 14
2392000 14
2393000 14
2394000 14
2395000 14
2396000 14
2397000 14
2398000 14
2399000 14
2400000 14
2401000 14
2402000 14
2403000 14
2404000 14
2405000 14
2406000 14
2407000 14
2408000 14
2409000 14
2410000 14
2411000 14
2412000 14
2413000 14
2414000 14
2415000 14
2416000 14
2417000 14
2418000 14
2419000 14
2420000 14
2421000 14
2422000 14
2423000 14
2424000 14
2425000 14
2426000 14
2427000 14
2428000 14
2429000 14
2430000 14
2431000 14
2432000 14
2433000 14
2434000 14
2435000 14
2436000 14
2437000 14
2438000 14
2439000 14
2440000 14
2441000 14
2442000 14
2443000 14
2444000 14
2445000 14
2446000 14
2447000 14
2448000 14
2449000 14
2450000 14
2451000 14
2452000 14
2453000 14
2454000 14
2455000 14
2456000 14
2457000 14
2458000 14
2459000 14
2460000 14
2461000 14
2462000 14
2463000 14
2464000 14
2465000 14
2466000 14
2467000 14
2468000 14
2469000 14
2470000 14
2471000 14
2472000 14
2473000 14
2474000 14
2475000 14
2476000 14
2477000 14
2478000 14
2479000 14
2480000 14
2481000 14
2482000 14
2483000 14
2484000 14
2485000 14
2486000 14
2487000 14
2488000 14
2489000 14
2490000 14
2491000 14
2492000 14
2493000 14
2494000 14
2495000 14
2496000 14
2497000 14
2498000 14
2499000 14
2500000 14
2501000 14
2502000 14
2503000 14
2504000 14
2505000 14
2506000 14
2507000 14
2508000 14
2509000 14
2510000 14
2511000 14
2512000 14
2513000 14
2514000 14
2515000 14
2516000 14
2517000 14
2518000 14
2519000 14
2520000 14
2521000 14
2522000 14
2523000 14
2524000 14
2525000 14
2526000 14
2527000 14
2528000 14
2529000 14
2530000 14
2531000 14
2532000 14
2533000 14
2534000 14
2535000 14
2536000 14
2537000 14
2538000 14
2539000 14
2540000 14
2541000 14
2542000 14
2543000 14
2544000 14
2545000 14
2546000 14
2547000 14
2548000 14
2549000 14
2550000 14
2551000 14
2552000 14
2553000 14
2554000 14
2555000 14
2556000 14
2557000 14
2558000 14
2559000 14
2560000 14
2561000 14
2562000 14
2563000 14
2564000 14
2565000 14
2566000 14
2567000 14
2568000 14
2569000 14
2570000 14
2571000 14
2572000 14
2573000 14
2574000 14
2575000 14
2576000 14
2577000 14
2578000 14
2579000 14
2580000 14
2581000 14
2582000 14
2583000 14
2584000 14
2585000 14
2586000 14
2587000 14
2588000 14
2589000 14
2590000 14
2591000 14
2592000 14
2593000 14
2594000 14
2595000 14
2596000 14
2597000 14
2598000 14
2599000 14
2600000 14
2601000 14
2602000 14
2603000 14
2604000 14
2605000 14
2606000 14
2607000 14
2608000 14
2609000 14
2610000 14
2611000 14
2612000 14
2613000 14
2614000 14
2615000 14
2616000 14
2617000 14
2618000 14
2619000 14
2620000 14
2621000 14
2622000 14
2623000 14
2624000 14
2625000 14
2626000 14
2627000 14
2628000 14
2629000 14
2630000 14
2631000 14
2632000 14
2633000 14
2634000 14
2635000 14
2636000 14
2637000 14
2638000 14
2639000 14
2640000 14
2641000 14
2642000 14
2643000 14
2644000 14
2645000 14
2646000 14
2647000 14
2648000 14
2649000 14
2650000 14
2651000 14
2652000 14
2653000 14
2654000 14
2655000 14
2656000 14
2657000 14
2658000 14
2659000 14
2660000 14
2661000 14
2662000 14
2663000 14
2664000 14
2665000 14
2666000 14
2667000 14
2668000 14
2669000 14
2670000 14
2671000 14
2672000 14
2673000 14
2674000 14
2675000 14
2676000 14
2677000 14
2678000 14
2679000 14
2680000 14
2681000 14
2682000 14
2683000 14
2684000 14
2685000 14
2686000 14
2687000 14
2688000 14
2689000 14
2690000 14
2691000 14
2692000 14
2693000 14
2694000 14
2695000 14
2696000 14
2697000 14
2698000 14
2699000 14
2700000 14
2701000 14
2702000 14
2703000 14
2704000 14
2705000 14
2706000 14
2707000 14
2708000 14
2709000 14
2710000 14
2711000 14
2712000 14
2713000 14
2714000 14
2715000 14
2716000 14
2717000 14
2718000 14
2719000 14
2720000 14
2721000 14
2722000 14
2723000 14
2724000 14
2725000 14
2726000 14
2727000 14
2728000 14
2729000 14
2730000 14
2731000 14
2732000 14
2733000 14
2734000 14
2735000 14
2736000 14
2737000 14
2738000 14
2739000 14
2740000 14
2741000 14
2742000 14
2743000 14
2744000 14
2745000 14
2746000 14
2747000 14
2748000 14
2749000 14
2750000 14
2751000 14
2752000 14
2753000 14
2754000 14
2755000 14
2756000 14
2757000 14
2758000 14
2759000 14
2760000 14
2761000 14
2762000 14
2763000 14
2764000 14
2765000 14
2766000 14
2767000 14
2768000 14
2769000 14
2770000 14
2771000 14
2772000 14
2773000 14
2774000 14
2775000 14
2776000 14
2777000 14
2778000 14
2779000 14
2780000 14
2781000 14
2782000 14
2783000 14
2784000 14
2785000 14
2786000 14
2787000 14
2788000 14
2789000 14
2790000 14
2791000 14
2792000 14
2793000 14
2794000 14
2795000 14
2796000 14
2797000 14
2798000 14
2799000 14
2800000 14
2801000 14
2802000 14
2803000 14
2804000 14
2805000 14
2806000 14
2807000 14
2808000 14
2809000 14
2810000 14
2811000 14
2812000 14
2813000 14
2814000 14
2815000 14
2816000 14
2817000 14
2818000 14
2819000 14
2820000 14
2821000 14
2822000 14
2823000 14
2824000 14
2825000 14
2826000 14
2827000 14
2828000 14
2829000 14
2830000 14
2831000 14
2832000 14
2833000 14
2834000 14
2835000 14
2836000 14
2837000 14
2838000 14
2839000 14
2840000 14
2841000 14
2842000 14
2843000 14
2844000 14
2845000 14
2846000 14
2847000 14
2848000 14
2849000 14
2850000 14
2851000 14
2852000 14
2853000 14
2854000 14
2855000 14
2856000 14
2857000 14
2858000 14
2859000 14
2860000 14
2861000 14
2862000 14
2863000 14
2864000 14
2865000 14
2866000 14
2867000 14
2868000 14
2869000 14
2870000 14
2871000 14
2872000 14
2873000 14
2874000 14
2875000 14
2876000 14
2877000 14
2878000 14
2879000 14
2880000 14
2881000 14
2882000 14
2883000 14
2884000 14
2885000 14
2886000 14
2887000 14
2888000 14
2889000 14
2890000 14
2891000 14
2892000 14
2893000 14
2894000 14
2895000 14
2896000 14
2897000 14
2898000 14
2899000 14
2900000 14
2901000 14
2902000 14
2903000 14
2904000 14
2905000 14
2906000 14
2907000 14
2908000 14
2909000 14
2910000 14
2911000 14
2912000 14
2913000 14
2914000 14
2915000 14
2916000 14
2917000 14
2918000 14
2919000 14
2920000 14
2921000 14
2922000 14
2923000 14
2924000 14
2925000 14
2926000 14
2927000 14
2928000 14
2929000 14
2930000 14
2931000 14
2932000 14
2933000 14
2934000 14
2935000 14
2936000 14
2937000 14
2938000 14
2939000 14
2940000 14
2941000 14
2942000 14
2943000 14
2944000 14
2945000 14
2946000 14
2947000 14
2948000 14
2949000 14
2950000 14
2951000 14
2952000 14
2953000 14
2954000 14
2955000 14
2956000 14
2957000 14
2958000 14
2959000 14
2960000 14
2961000 14
2962000 14
2963000 14
2964000 14
2965000 14
2966000 14
2967000 14
2968000 14
2969000 14
2970000 14
2971000 14
2972000 14
2973000 14
2974000 14
2975000 14
2976000 14
2977000 14
2978000 14
2979000 14
2980000 14
2981000 14
2982000 14
2983000 14
2984000 14
2985000 14
2986000 14
2987000 14
2988000 14
2989000 14
2990000 14
2991000 14
2992000 14
2993000 14
2994000 14
2995000 14
2996000 14
2997000 14
2998000 14
2999000 14
3000000 14
3001000 14
3002000 14
3003000 14
3004000 14
3005000 14
3006000 14
3007000 14
3008000 14
3009000 14
3010000 14
3011000 14
3012000 14
3013000 14
3014000 14
3015000 14
3016000 14
3017000 14
3018000 14
3019000 14
3020000 14
3021000 14
3022000 14
3023000 14
3024000 14
3025000 14
3026000 14
3027000 14
3028000 14
3029000 14
3030000 14
3031000 14
3032000 14
3033000 14
3034000 14
3035000 14
3036000 14
3037000 14
3038000 14
3039000 14
3040000 14
3041000 14
3042000 14
3043000 14
3044000 14
3045000 14
3046000 14
3047000 14
3048000 14
3049000 14
3050000 14
3051000 14
3052000 14
3053000 14
3054000 14
3055000 14
3056000 14
3057000 14
3058000 14
3059000 14
3060000 14
3061000 14
3062000 14
3063000 14
3064000 14
3065000 14
3066000 14
3067000 14
3068000 14
3069000 14
3070000 14
3071000 14
3072000 14
3073000 14
3074000 14
3075000 14
3076000 14
3077000 14
3078000 14
3079000 14
3080000 14
3081000 14
3082000 14
3083000 14
3084000 14
3085000 14
3086000 14
3087000 14
3088000 14
3089000 14
3090000 14
3091000 14
3092000 14
3093000 14
3094000 14
3095000 14
3096000 14
3097000 14
3098000 14
3099000 14
3100000 14
3101000 14
3102000 15
3103000 15
3104000 15
3105000 15
3106000 15
3107000 15
3108000 15
3109000 15
3110000 15
3111000 15
3112000 15
3113000 15
3114000 15
3115000 15
3116000 15
3117000 15
3118000 15
3119000 15
3120000 15
3121000 15
3122000 15
3123000 15
3124000 15
3125000 15
3126000 15
3127000 15
3128000 15
3129000 15
3130000 15
3131000 15
3132000 15
3133000 15
3134000 15
3135000 15
3136000 15
3137000 15
3138000 15
3139000 15
3140000 15
3141000 15
3142000 15
3143000 15
3144000 15
3145000 15
3146000 15
3147000 15
3148000 15
3149000 15
3150000 15
3151000 15
3152000 15
3153000 15
3154000 15
3155000 15
3156000 15
3157000 15
3158000 15
3159000 15
3160000 15
3161000 15
3162000 15
3163000 15
3164000 15
3165000 15
3166000 15
3167000 15
3168000 15
3169000 15
3170000 15
3171000 15
3172000 15
3173000 15
3174000 15
3175000 15
3176000 15
3177000 15
3178000 15
3179000 15
3180000 15
3181000 15
3182000 15
3183000 15
3184000 15
3185000 15
3186000 15
3187000 15
3188000 15
3189000 15
3190000 15
3191000 15
3192000 15
3193000 15
3194000 15
3195000 15
3196000 15
3197000 15
3198000 15
3199000 15
3200000 15
3201000 15
3202000 15
3203000 15
3204000 15
3205000 15
3206000 15
3207000 15
3208000 15
3209000 15
3210000 15
3211000 15
3212000 15
3213000 15
3214000 15
3215000 15
3216000 15
3217000 15
3218000 15
3219000 15
3220000 15
3221000 15
3222000 15
3223000 15
3224000 15
3225000 15
3226000 15
3227000 15
3228000 15
3229000 15
3230000 15
3231000 15
3232000 15
3233000 15
3234000 15
3235000 15
3236000 15
3237000 15
3238000 15
3239000 15
3240000 15
3241000 15
3242000 15
3243000 15
3244000 15
3245000 15
3246000 15
3247000 15
3248000 15
3249000 15
3250000 15
3251000 15
3252000 15
3253000 15
3254000 15
3255000 15
3256000 15
3257000 15
3258000 15
3259000 15
3260000 15
3261000 15
3262000 15
3263000 15
3264000 15
3265000 15
3266000 15
3267000 15
3268000 15
3269000 15
3270000 15
3271000 15
3272000 15
3273000 15
3274000 15
3275000 15
3276000 15
3277000 15
3278000 15
3279000 15
3280000 15
3281000 15
3282000 15
3283000 15
3284000 15
3285000 15
3286000 15
3287000 15
3288000 15
3289000 15
3290000 15
3291000 15
3292000 15
3293000 15
3294000 15
3295000 15
3296000 15
3297000 15
3298000 15
3299000 15
3300000 15
3301000 15
3302000 15
3303000 15
3304000 15
3305000 15
3306000 15
3307000 15
3308000 15
3309000 15
3310000 15
3311000 15
3312000 15
3313000 15
3314000 15
3315000 15
3316000 15
3317000 15
3318000 15
3319000 15
3320000 15
3321000 15
3322000 15
3323000 15
3324000 15
3325000 15
3326000 15
3327000 15
3328000 15
3329000 15
3330000 15
3331000 15
3332000 15
3333000 15
3334000 15
3335000 15
3336000 15
3337000 15
3338000 15
3339000 15
3340000 15
3341000 15
3342000 15
3343000 15
3344000 15
3345000 15
3346000 15
3347000 15
3348000 15
3349000 15
3350000 15
3351000 15
3352000 15
3353000 15
3354000 15
3355000 15
3356000 15
3357000 15
3358000 15
3359000 15
3360000 15
3361000 15
3362000 15
3363000 15
3364000 15
3365000 15
3366000 15
3367000 15
3368000 15
3369000 15
3370000 15
3371000 15
3372000 15
3373000 15
3374000 15
3375000 15
3376000 15
3377000 15
3378000 15
3379000 15
3380000 15
3381000 15
3382000 15
3383000 15
3384000 15
3385000 15
3386000 15
3387000 15
3388000 15
3389000 15
3390000 15
3391000 15
3392000 15
3393000 15
3394000 15
3395000 15
3396000 15
3397000 15
3398000 15
3399000 15
3400000 15
3401000 15
3402000 15
3403000 15
3404000 15
3405000 15
3406000 15
3407000 15
3408000 15
3409000 15
3410000 15
3411000 15
3412000 15
3413000 15
3414000 15
3415000 15
3416000 15
3417000 15
3418000 15
3419000 15
3420000 15
3421000 15
3422000 15
3423000 15
3424000 15
3425000 15
3426000 15
3427000 15
3428000 15
3429000 15
3430000 15
3431000 15
3432000 15
3433000 15
3434000 15
3435000 15
3436000 15
3437000 15
3438000 15
3439000 15
3440000 15
3441000 15
3442000 15
3443000 15
3444000 15
3445000 15
3446000 15
3447000 15
3448000 15
3449000 15
3450000 15
3451000 15
3452000 15
3453000 15
3454000 15
3455000 15
3456000 15
3457000 15
3458000 15
3459000 15
3460000 15
3461000 16
3462000 16
3463000 16
3464000 16
3465000 16
3466000 16
3467000 16
3468000 16
3469000 16
3470000 16
3471000 16
3472000 16
3473000 16
3474000 16
3475000 16
3476000 16
3477000 16
3478000 16
3479000 16
3480000 16
3481000 16
3482000 16
3483000 16
3484000 16
3485000 16
3486000 16
3487000 16
3488000 16
3489000 16
3490000 16
3491000 16
3492000 16
3493000 16
3494000 16
3495000 16
3496000 16
3497000 16
3498000 16
3499000 16
3500000 16
3501000 16
3502000 16
3503000 16
3504000 16
3505000 16
3506000 16
3507000 16
3508000 16
3509000 16
3510000 16
3511000 16
3512000 16
3513000 16
3514000 16
3515000 16
3516000 16
3517000 16
3518000 16
3519000 16
3520000 16
3521000 16
3522000 17
3523000 17
3524000 17
3525000 17
3526000 17
3527000 17
3528000 17
3529000 17
3530000 17
3531000 17
3532000 17
3533000 17
3534000 17
3535000 17
3536000 17
3537000 17
3538000 17
3539000 17
3540000 17
3541000 17
3542000 17
3543000 17
3544000 17
3545000 17
3546000 17
3547000 17
3548000 17
3549000 17
3550000 17
3551000 17
3552000 17
3553000 17
3554000 17
3555000 17
3556000 17
3557000 17
3558000 17
3559000 17
3560000 17
3561000 17
3562000 17
3563000 17
3564000 17
3565000 17
3566000 17
3567000 17
3568000 17
3569000 17
3570000 17
3571000 17
3572000 17
3573000 17
3574000 17
3575000 17
3576000 17
3577000 17
3578000 17
3579000 17
3580000 17
3581000 17
3582000 17
3583000 17
3584000 17
3585000 17
3586000 17
3587000 17
3588000 17
3589000 17
3590000 17
3591000 17
3592000 17
3593000 17
3594000 17
3595000 17
3596000 17
3597000 17
3598000 17
3599000 17
3600000 17
3601000 17
3602000 17
3603000 17
3604000 17
3605000 17
3606000 17
3607000 17
3608000 17
3609000 17
3610000 17
3611000 17
3612000 17
3613000 17
3614000 17
3615000 17
3616000 17
3617000 17
3618000 17
3619000 17
3620000 17
3621000 17
3622000 17
3623000 17
3624000 17
3625000 17
3626000 17
3627000 17
3628000 17
3629000 17
3630000 17
3631000 17
3632000 17
3633000 17
3634000 17
3635000 17
3636000 17
3637000 17
3638000 17
3639000 17
3640000 17
3641000 17
3642000 17
3643000 17
3644000 17
3645000 17
3646000 17
3647000 17
3648000 17
3649000 17
3650000 17
3651000 17
3652000 17
3653000 17
3654000 17
3655000 17
3656000 17
3657000 17
3658000 17
3659000 17
3660000 17
3661000 17
3662000 17
3663000 17
3664000 17
3665000 17
3666000 17
3667000 17
3668000 17
3669000 17
3670000 17
3671000 17
3672000 17
3673000 17
3674000 17
3675000 17
3676000 17
3677000 17
3678000 17
3679000 17
3680000 17
3681000 17
3682000 17
3683000 17
3684000 17
3685000 17
3686000 17
3687000 17
3688000 17
3689000 17
3690000 17
3691000 17
3692000 17
3693000 17
3694000 17
3695000 17
3696000 17
3697000 17
3698000 17
3699000 17
3700000 17
3701000 17
3702000 17
3703000 17
3704000 17
3705000 17
3706000 17
3707000 17
3708000 17
3709000 17
3710000 17
3711000 17
3712000 17
3713000 17
3714000 17
3715000 17
3716000 17
3717000 17
3718000 17
3719000 17
3720000 17
3721000 17
3722000 17
3723000 17
3724000 17
3725000 17
3726000 17
3727000 17
3728000 17
3729000 17
3730000 17
3731000 17
3732000 17
3733000 17
3734000 17
3735000 17
3736000 17
3737000 17
3738000 17
3739000 17
3740000 17
3741000 17
3742000 17
3743000 17
3744000 17
3745000 17
3746000 17
3747000 17
3748000 17
3749000 17
3750000 17
3751000 17
3752000 17
3753000 17
3754000 17
3755000 17
3756000 17
3757000 17
3758000 17
3759000 17
3760000 17
3761000 17
3762000 17
3763000 17
3764000 17
3765000 17
3766000 17
3767000 17
3768000 17
3769000 17
3770000 17
3771000 17
3772000 17
3773000 17
3774000 17
3775000 17
3776000 17
3777000 17
3778000 17
3779000 17
3780000 17
3781000 17
3782000 17
3783000 17
3784000 17
3785000 17
3786000 17
3787000 17
3788000 17
3789000 17
3790000 17
3791000 17
3792000 17
3793000 17
3794000 17
3795000 17
3796000 17
3797000 17
3798000 17
3799000 17
3800000 17
3801000 17
3802000 17
3803000 17
3804000 17
3805000 17
3806000 17
3807000 17
3808000 17
3809000 17
3810000 17
3811000 17
3812000 17
3813000 17
3814000 17
3815000 17
3816000 17
3817000 17
3818000 17
3819000 17
3820000 17
3821000 17
3822000 17
3823000 17
3824000 17
3825000 17
3826000 17
3827000 17
3828000 17
3829000 17
3830000 17
3831000 17
3832000 17
3833000 17
3834000 17
3835000 17
3836000 17
3837000 17
3838000 17
3839000 17
3840000 17
3841000 17
3842000 17
3843000 17
3844000 17
3845000 17
3846000 17
3847000 17
3848000 17
3849000 17
3850000 17
3851000 17
3852000 17
3853000 17
3854000 17
3855000 17
3856000 17
3857000 17
3858000 17
3859000 17
3860000 17
3861000 17
3862000 17
3863000 17
3864000 17
3865000 17
3866000 17
3867000 17
3868000 17
3869000 17
3870000 17
3871000 17
3872000 17
3873000 17
3874000 17
3875000 17
3876000 17
3877000 17
3878000 17
3879000 17
3880000 17
3881000 17
3882000 17
3883000 17
3884000 17
3885000 17
3886000 17
3887000 17
3888000 17
3889000 17
3890000 17
3891000 17
3892000 17
3893000 17
3894000 17
3895000 17
3896000 17
3897000 17
3898000 17
3899000 17
3900000 17
3901000 17
3902000 17
3903000 17
3904000 17
3905000 17
3906000 17
3907000 17
3908000 17
3909000 17
3910000 17
3911000 17
3912000 17
3913000 17
3914000 17
3915000 17
3916000 17
3917000 17
3918000 17
3919000 17
3920000 17
3921000 17
3922000 17
3923000 17
3924000 17
3925000 17
3926000 17
3927000 17
3928000 17
3929000 17
3930000 17
3931000 17
3932000 17
3933000 17
3934000 17
3935000 17
3936000 17
3937000 17
3938000 17
3939000 17
3940000 17
3941000 17
3942000 17
3943000 17
3944000 17
3945000 17
3946000 17
3947000 17
3948000 17
3949000 17
3950000 17
3951000 17
3952000 17
3953000 17
3954000 17
3955000 17
3956000 17
3957000 17
3958000 17
3959000 17
3960000 17
3961000 17
3962000 17
3963000 17
3964000 17
3965000 17
3966000 17
3967000 17
3968000 17
3969000 17
3970000 17
3971000 17
3972000 17
3973000 17
3974000 17
3975000 17
3976000 17
3977000 17
3978000 17
3979000 17
3980000 17
3981000 17
3982000 17
3983000 17
3984000 17
3985000 17
3986000 17
3987000 17
3988000 17
3989000 17
3990000 17
3991000 17
3992000 17
3993000 17
3994000 17
3995000 17
3996000 17
3997000 17
3998000 17
3999000 17
4000000 17
4001000 17
4002000 17
4003000 17
4004000 17
4005000 17
4006000 17
4007000 17
4008000 17
4009000 17
4010000 17
4011000 17
4012000 17
4013000 17
4014000 17
4015000 17
4016000 17
4017000 17
4018000 17
4019000 17
4020000 17
4021000 17
4022000 17
4023000 17
4024000 17
4025000 17
4026000 17
4027000 17
4028000 17
4029000 17
4030000 17
4031000 17
4032000 18
4033000 18
4034000 18
4035000 18
4036000 18
4037000 18
4038000 18
4039000 18
4040000 18
4041000 18
4042000 18
4043000 18
4044000 18
4045000 18
4046000 18
4047000 18
4048000 18
4049000 18
4050000 18
4051000 18
4052000 18
4053000 18
4054000 18
4055000 18
4056000 18
4057000 18
4058000 18
4059000 18
4060000 18
4061000 18
4062000 18
4063000 18
4064000 18
4065000 18
4066000 18
4067000 18
4068000 18
4069000 18
4070000 18
4071000 18
4072000 18
4073000 18
4074000 18
4075000 18
4076000 18
4077000 18
4078000 18
4079000 18
4080000 18
4081000 18
4082000 18
4083000 18
4084000 18
4085000 18
4086000 18
4087000 18
4088000 18
4089000 18
4090000 18
4091000 18
4092000 18
4093000 18
4094000 18
4095000 18
4096000 18
4097000 18
4098000 18
4099000 18
4100000 18
4101000 18
4102000 18
4103000 18
4104000 18
4105000 18
4106000 18
4107000 18
4108000 18
4109000 18
4110000 18
4111000 18
4112000 18
4113000 18
4114000 18
4115000 18
4116000 18
4117000 18
4118000 18
4119000 18
4120000 18
4121000 18
4122000 18
4123000 18
4124000 18
4125000 18
4126000 18
4127000 18
4128000 18
4129000 18
4130000 18
4131000 18
4132000 18
4133000 18
4134000 18
4135000 18
4136000 18
4137000 18
4138000 18
4139000 18
4140000 18
4141000 18
4142000 18
4143000 18
4144000 18
4145000 18
4146000 18
4147000 18
4148000 18
4149000 18
4150000 18
4151000 18
4152000 18
4153000 18
4154000 18
4155000 18
4156000 18
4157000 18
4158000 18
4159000 18
4160000 18
4161000 18
4162000 18
4163000 18
4164000 18
4165000 18
4166000 18
4167000 18
4168000 18
4169000 18
4170000 18
4171000 18
4172000 18
4173000 18
4174000 18
4175000 18
4176000 18
4177000 18
4178000 18
4179000 18
4180000 18
4181000 18
4182000 18
4183000 18
4184000 18
4185000 18
4186000 18
4187000 18
4188000 18
4189000 18
4190000 18
4191000 18
4192000 18
4193000 18
4194000 18
4195000 18
4196000 18
4197000 18
4198000 18
4199000 18
4200000 18
4201000 18
4202000 18
4203000 18
4204000 18
4205000 18
4206000 18
4207000 18
4208000 18
4209000 18
4210000 18
4211000 18
4212000 18
4213000 18
4214000 18
4215000 18
4216000 18
4217000 18
4218000 18
4219000 18
4220000 18
4221000 18
4222000 18
4223000 18
4224000 18
4225000 18
4226000 18
4227000 18
4228000 18
4229000 18
4230000 18
4231000 18
4232000 18
4233000 18
4234000 18
4235000 18
4236000 18
4237000 18
4238000 18
4239000 18
4240000 18
4241000 18
4242000 18
4243000 18
4244000 18
4245000 18
4246000 18
4247000 18
4248000 18
4249000 18
4250000 18
4251000 18
4252000 18
4253000 18
4254000 18
4255000 18
4256000 18
4257000 18
4258000 18
4259000 18
4260000 18
4261000 18
4262000 18
4263000 18
4264000 18
4265000 18
4266000 18
4267000 18
4268000 18
4269000 18
4270000 18
4271000 18
4272000 18
4273000 18
4274000 18
4275000 18
4276000 18
4277000 18
4278000 18
4279000 18
4280000 18
4281000 18
4282000 18
4283000 18
4284000 18
4285000 18
4286000 18
4287000 18
4288000 18
4289000 18
4290000 18
4291000 18
4292000 18
4293000 18
4294000 18
4295000 18
4296000 18
4297000 18
4298000 18
4299000 18
4300000 18
4301000 18
4302000 18
4303000 18
4304000 18
4305000 18
4306000 18
4307000 18
4308000 18
4309000 18
4310000 18
4311000 18
4312000 18
4313000 18
4314000 18
4315000 18
4316000 18
4317000 18
4318000 18
4319000 18
4320000 18
4321000 18
4322000 18
4323000 18
4324000 18
4325000 18
4326000 18
4327000 18
4328000 18
4329000 18
4330000 18
4331000 18
4332000 18
4333000 18
4334000 18
4335000 18
4336000 18
4337000 18
4338000 18
4339000 18
4340000 18
4341000 18
4342000 18
4343000 18
4344000 18
4345000 18
4346000 18
4347000 18
4348000 18
4349000 18
4350000 18
4351000 18
4352000 18
4353000 18
4354000 18
4355000 18
4356000 18
4357000 18
4358000 18
4359000 18
4360000 18
4361000 18
4362000 18
4363000 18
4364000 18
4365000 18
4366000 18
4367000 18
4368000 18
4369000 18
4370000 18
4371000 18
4372000 18
4373000 18
4374000 18
4375000 18
4376000 18
4377000 18
4378000 18
4379000 18
4380000 18
4381000 18
4382000 18
4383000 18
4384000 18
4385000 18
4386000 18
4387000 18
4388000 18
4389000 18
4390000 18
4391000 18
4392000 18
4393000 18
4394000 18
4395000 18
4396000 18
4397000 18
4398000 18
4399000 18
4400000 18
4401000 18
4402000 18
4403000 18
4404000 18
4405000 18
4406000 18
4407000 18
4408000 18
4409000 18
4410000 18
4411000 18
4412000 18
4413000 18
4414000 18
4415000 18
4416000 18
4417000 18
4418000 18
4419000 18
4420000 18
4421000 18
4422000 18
4423000 18
4424000 18
4425000 18
4426000 18
4427000 18
4428000 18
4429000 18
4430000 18
4431000 18
4432000 18
4433000 18
4434000 18
4435000 18
4436000 18
4437000 18
4438000 18
4439000 18
4440000 18
4441000 18
4442000 18
4443000 18
4444000 18
4445000 18
4446000 18
4447000 18
4448000 18
4449000 18
4450000 18
4451000 18
4452000 18
4453000 18
4454000 18
4455000 18
4456000 18
4457000 18
4458000 18
4459000 18
4460000 18
4461000 18
4462000 18
4463000 18
4464000 18
4465000 18
4466000 18
4467000 18
4468000 18
4469000 18
4470000 18
4471000 18
4472000 18
4473000 18
4474000 18
4475000 18
4476000 18
4477000 18
4478000 18
4479000 18
4480000 18
4481000 18
4482000 18
4483000 18
4484000 18
4485000 18
4486000 18
4487000 18
4488000 18
4489000 18
4490000 18
4491000 18
4492000 18
4493000 18
4494000 18
4495000 18
4496000 18
4497000 18
4498000 18
4499000 18
4500000 18
4501000 18
4502000 18
4503000 18
4504000 18
4505000 18
4506000 18
4507000 18
4508000 18
4509000 18
4510000 18
4511000 18
4512000 18
4513000 18
4514000 18
4515000 18
4516000 18
4517000 18
4518000 18
4519000 18
4520000 18
4521000 18
4522000 18
4523000 18
4524000 18
4525000 18
4526000 18
4527000 18
4528000 18
4529000 18
4530000 18
4531000 18
4532000 18
4533000 18
4534000 18
4535000 18
4536000 18
4537000 18
4538000 18
4539000 18
4540000 18
4541000 18
4542000 18
4543000 18
4544000 18
4545000 19
4546000 19
4547000 19
4548000 19
4549000 19
4550000 19
4551000 19
4552000 19
4553000 19
4554000 19
4555000 19
4556000 19
4557000 19
4558000 19
4559000 19
4560000 19
4561000 19
4562000 19
4563000 19
4564000 19
4565000 19
4566000 19
4567000 19
4568000 19
4569000 19
4570000 19
4571000 19
4572000 19
4573000 19
4574000 19
4575000 19
4576000 19
4577000 19
4578000 19
4579000 19
4580000 19
4581000 19
4582000 19
4583000 19
4584000 19
4585000 19
4586000 19
4587000 19
4588000 19
4589000 19
4590000 19
4591000 19
4592000 19
4593000 19
4594000 19
4595000 19
4596000 19
4597000 19
4598000 19
4599000 19
4600000 19
4601000 19
4602000 19
4603000 19
4604000 19
4605000 19
4606000 19
4607000 19
4608000 19
4609000 19
4610000 19
4611000 19
4612000 19
4613000 19
4614000 19
4615000 19
4616000 19
4617000 19
4618000 19
4619000 19
4620000 19
4621000 19
4622000 19
4623000 19
4624000 19
4625000 19
4626000 19
4627000 19
4628000 19
4629000 19
4630000 19
4631000 19
4632000 19
4633000 19
4634000 19
4635000 19
4636000 19
4637000 19
4638000 19
4639000 19
4640000 19
4641000 19
4642000 19
4643000 19
4644000 19
4645000 19
4646000 19
4647000 19
4648000 19
4649000 19
4650000 19
4651000 19
4652000 19
4653000 19
4654000 19
4655000 19
4656000 19
4657000 19
4658000 19
4659000 19
4660000 19
4661000 19
4662000 19
4663000 19
4664000 19
4665000 19
4666000 19
4667000 19
4668000 19
4669000 19
4670000 19
4671000 19
4672000 19
4673000 19
4674000 19
4675000 19
4676000 19
4677000 19
4678000 19
4679000 19
4680000 19
4681000 19
4682000 19
4683000 19
4684000 19
4685000 19
4686000 19
4687000 19
4688000 19
4689000 19
4690000 19
4691000 19
4692000 19
4693000 19
4694000 19
4695000 19
4696000 19
4697000 19
4698000 19
4699000 19
4700000 19
4701000 19
4702000 19
4703000 19
4704000 19
4705000 19
4706000 19
4707000 19
4708000 19
4709000 19
4710000 19
4711000 19
4712000 19
4713000 19
4714000 19
4715000 19
4716000 19
4717000 19
4718000 19
4719000 19
4720000 19
4721000 19
4722000 19
4723000 19
4724000 19
4725000 19
4726000 19
4727000 19
4728000 19
4729000 19
4730000 19
4731000 19
4732000 19
4733000 19
4734000 19
4735000 19
4736000 19
4737000 19
4738000 19
4739000 19
4740000 19
4741000 19
4742000 19
4743000 19
4744000 19
4745000 19
4746000 19
4747000 19
4748000 19
4749000 19
4750000 19
4751000 19
4752000 19
4753000 19
4754000 19
4755000 19
4756000 19
4757000 19
4758000 19
4759000 19
4760000 19
4761000 19
4762000 19
4763000 19
4764000 19
4765000 19
4766000 19
4767000 19
4768000 19
4769000 19
4770000 19
4771000 19
4772000 19
4773000 19
4774000 19
4775000 19
4776000 19
4777000 19
4778000 19
4779000 19
4780000 19
4781000 19
4782000 19
4783000 19
4784000 19
4785000 19
4786000 19
4787000 19
4788000 19
4789000 19
4790000 19
4791000 19
4792000 19
4793000 19
4794000 19
4795000 19
4796000 19
4797000 19
4798000 19
4799000 19
4800000 19
4801000 19
4802000 19
4803000 19
4804000 19
4805000 19
4806000 19
4807000 19
4808000 19
4809000 19
4810000 19
4811000 19
4812000 19
4813000 19
4814000 19
4815000 19
4816000 19
4817000 19
4818000 19
4819000 19
4820000 19
4821000 19
4822000 19
4823000 19
4824000 19
4825000 19
4826000 19
4827000 19
4828000 19
4829000 19
4830000 19
4831000 19
4832000 19
4833000 19
4834000 19
4835000 19
4836000 19
4837000 19
4838000 19
4839000 19
4840000 19
4841000 19
4842000 19
4843000 19
4844000 19
4845000 19
4846000 19
4847000 19
4848000 19
4849000 19
4850000 19
4851000 19
4852000 19
4853000 19
4854000 19
4855000 19
4856000 19
4857000 19
4858000 19
4859000 19
4860000 19
4861000 19
4862000 19
4863000 19
4864000 19
4865000 19
4866000 19
4867000 19
4868000 19
4869000 19
4870000 19
4871000 19
4872000 19
4873000 19
4874000 19
4875000 19
4876000 19
4877000 19
4878000 19
4879000 19
4880000 19
4881000 19
4882000 19
4883000 19
4884000 19
4885000 19
4886000 19
4887000 19
4888000 19
4889000 19
4890000 19
4891000 19
4892000 19
4893000 19
4894000 19
4895000 19
4896000 19
4897000 19
4898000 19
4899000 19
4900000 19
4901000 19
4902000 19
4903000 19
4904000 19
4905000 19
4906000 19
4907000 19
4908000 19
4909000 19
4910000 19
4911000 19
4912000 19
4913000 19
4914000 19
4915000 19
4916000 19
4917000 19
4918000 19
4919000 19
4920000 19
4921000 19
4922000 19
4923000 19
4924000 19
4925000 19
4926000 19
4927000 19
4928000 19
4929000 19
4930000 19
4931000 19
4932000 19
4933000 19
4934000 19
4935000 19
4936000 19
4937000 19
4938000 19
4939000 19
4940000 19
4941000 19
4942000 19
4943000 19
4944000 19
4945000 19
4946000 19
4947000 19
4948000 19
4949000 19
4950000 19
4951000 19
4952000 19
4953000 19
4954000 19
4955000 20
4956000 20
4957000 20
4958000 20
4959000 20
4960000 20
4961000 20
4962000 20
4963000 20
4964000 20
4965000 20
4966000 20
4967000 20
4968000 20
4969000 20
4970000 20
4971000 20
4972000 20
4973000 20
4974000 20
4975000 20
4976000 20
4977000 20
4978000 20
4979000 20
4980000 20
4981000 20
4982000 20
4983000 20
4984000 20
4985000 20
4986000 20
4987000 20
4988000 20
4989000 20
4990000 20
4991000 20
4992000 20
4993000 20
4994000 20
4995000 20
4996000 20
4997000 20
4998000 20
4999000 20
5000000 20
