0 0
1000 0
2000 0
3000 0
4000 0
5000 0
6000 0
7000 0
8000 1
9000 1
10000 1
11000 1
12000 1
13000 1
14000 1
15000 2
16000 2
17000 2
18000 2
19000 2
20000 2
21000 2
22000 2
23000 2
24000 2
25000 2
26000 2
27000 2
28000 2
29000 2
30000 2
31000 2
32000 2
33000 2
34000 2
35000 2
36000 3
37000 3
38000 3
39000 3
40000 3
41000 3
42000 3
43000 3
44000 3
45000 3
46000 4
47000 4
48000 4
49000 4
50000 4
51000 4
52000 4
53000 4
54000 4
55000 4
56000 5
57000 5
58000 5
59000 5
60000 5
61000 5
62000 6
63000 6
64000 6
65000 6
66000 6
67000 6
68000 6
69000 6
70000 6
71000 6
72000 6
73000 6
74000 7
75000 7
76000 7
77000 7
78000 7
79000 7
80000 7
81000 7
82000 7
83000 7
84000 7
85000 7
86000 7
87000 7
88000 7
89000 7
90000 7
91000 7
92000 7
93000 7
94000 7
95000 7
96000 7
97000 7
98000 7
99000 7
100000 7
101000 7
102000 7
103000 7
104000 7
105000 7
106000 7
107000 7
108000 7
109000 7
110000 7
111000 7
112000 7
113000 7
114000 7
115000 7
116000 7
117000 7
118000 7
119000 7
120000 7
121000 7
122000 7
123000 7
124000 7
125000 7
126000 7
127000 7
128000 7
129000 7
130000 7
131000 7
132000 8
133000 8
134000 8
135000 8
136000 8
137000 8
138000 8
139000 8
140000 9
141000 9
142000 9
143000 9
144000 9
145000 9
146000 10
147000 10
148000 10
149000 10
150000 10
151000 10
152000 10
153000 11
154000 11
155000 11
156000 11
157000 11
158000 11
159000 11
160000 11
161000 11
162000 11
163000 12
164000 12
165000 12
166000 12
167000 12
168000 12
169000 12
170000 12
171000 13
172000 13
173000 13
174000 13
175000 13
176000 13
177000 13
178000 13
179000 14
180000 14
181000 14
182000 14
183000 14
184000 14
185000 14
186000 15
187000 15
188000 15
189000 15
190000 15
191000 15
192000 15
193000 15
194000 15
195000 16
196000 16
197000 16
198000 16
199000 16
200000 16
201000 16
202000 17
203000 17
204000 17
205000 17
206000 17
207000 17
208000 17
209000 17
210000 17
211000 17
212000 17
213000 17
214000 17
215000 17
216000 17
217000 17
218000 17
219000 17
220000 17
221000 17
222000 17
223000 17
224000 17
225000 17
226000 17
227000 17
228000 17
229000 17
230000 17
231000 17
232000 17
233000 17
234000 17
235000 17
236000 17
237000 17
238000 17
239000 17
240000 17
241000 17
242000 17
243000 17
244000 17
245000 17
246000 17
247000 17
248000 17
249000 17
250000 17
251000 17
252000 17
253000 17
254000 17
255000 17
256000 17
257000 17
258000 17
259000 18
260000 18
261000 18
262000 18
263000 18
264000 18
265000 18
266000 19
267000 19
268000 19
269000 19
270000 19
271000 19
272000 19
273000 19
274000 19
275000 19
276000 19
277000 19
278000 19
279000 19
280000 19
281000 19
282000 19
283000 19
284000 19
285000 19
286000 19
287000 19
288000 19
289000 19
290000 19
291000 19
292000 19
293000 19
294000 19
295000 19
296000 19
297000 19
298000 19
299000 19
300000 19
301000 19
302000 19
303000 19
304000 19
305000 19
306000 19
307000 19
308000 19
309000 19
310000 20
311000 20
312000 20
313000 20
314000 20
315000 20
316000 20
317000 21
318000 21
319000 21
320000 21
321000 21
322000 21
323000 21
324000 21
325000 22
326000 22
327000 22
328000 22
329000 22
330000 22
331000 22
332000 23
333000 23
334000 23
335000 23
336000 23
337000 23
338000 23
339000 24
340000 24
341000 24
342000 24
343000 24
344000 24
345000 25
346000 25
347000 25
348000 25
349000 25
350000 25
351000 25
352000 26
353000 26
354000 26
355000 26
356000 26
357000 26
358000 26
359000 26
360000 26
361000 27
362000 27
363000 27
364000 27
365000 27
366000 27
367000 27
368000 27
369000 27
370000 27
371000 27
372000 27
373000 27
374000 27
375000 27
376000 27
377000 27
378000 27
379000 27
380000 27
381000 27
382000 27
383000 27
384000 27
385000 27
386000 27
387000 27
388000 27
389000 27
390000 27
391000 27
392000 27
393000 27
394000 27
395000 27
396000 27
397000 27
398000 27
399000 27
400000 27
401000 27
402000 27
403000 27
404000 27
405000 27
406000 27
407000 27
408000 27
409000 27
410000 27
411000 27
412000 27
413000 27
414000 27
415000 27
416000 27
417000 27
418000 27
419000 27
420000 27
421000 27
422000 27
423000 27
424000 27
425000 27
426000 27
427000 27
428000 27
429000 27
430000 27
431000 27
432000 27
433000 27
434000 27
435000 27
436000 27
437000 27
438000 27
439000 27
440000 27
441000 27
442000 27
443000 27
444000 27
445000 27
446000 27
447000 27
448000 27
449000 27
450000 27
451000 27
452000 27
453000 27
454000 27
455000 27
456000 27
457000 27
458000 27
459000 27
460000 27
461000 27
462000 27
463000 27
464000 27
465000 27
466000 27
467000 27
468000 27
469000 27
470000 27
471000 27
472000 27
473000 27
474000 27
475000 27
476000 27
477000 27
478000 27
479000 27
480000 27
481000 27
482000 27
483000 27
484000 27
485000 27
486000 27
487000 27
488000 27
489000 27
490000 27
491000 27
492000 27
493000 27
494000 27
495000 27
496000 27
497000 27
498000 27
499000 27
500000 27
501000 27
502000 27
503000 27
504000 27
505000 27
506000 27
507000 27
508000 27
509000 27
510000 27
511000 27
512000 27
513000 27
514000 27
515000 27
516000 27
517000 28
518000 28
519000 28
520000 28
521000 28
522000 28
523000 28
524000 28
525000 28
526000 29
527000 29
528000 29
529000 29
530000 29
531000 29
532000 29
533000 29
534000 29
535000 29
536000 29
537000 29
538000 29
539000 29
540000 29
541000 29
542000 29
543000 29
544000 29
545000 29
546000 29
547000 29
548000 29
549000 29
550000 29
551000 29
552000 29
553000 29
554000 29
555000 29
556000 29
557000 29
558000 29
559000 29
560000 29
561000 29
562000 29
563000 29
564000 29
565000 29
566000 29
567000 29
568000 29
569000 29
570000 29
571000 29
572000 29
573000 29
574000 29
575000 29
576000 29
577000 29
578000 29
579000 29
580000 29
581000 29
582000 29
583000 29
584000 29
585000 29
586000 29
587000 29
588000 29
589000 29
590000 29
591000 29
592000 29
593000 29
594000 29
595000 29
596000 29
597000 29
598000 29
599000 29
600000 29
601000 29
602000 29
603000 29
604000 29
605000 29
606000 29
607000 29
608000 29
609000 29
610000 29
611000 29
612000 29
613000 29
614000 29
615000 29
616000 29
617000 29
618000 29
619000 29
620000 29
621000 29
622000 29
623000 29
624000 29
625000 29
626000 29
627000 29
628000 29
629000 29
630000 29
631000 29
632000 29
633000 29
634000 29
635000 29
636000 29
637000 29
638000 29
639000 29
640000 29
641000 29
642000 29
643000 29
644000 29
645000 29
646000 29
647000 29
648000 29
649000 29
650000 29
651000 29
652000 29
653000 29
654000 29
655000 29
656000 29
657000 29
658000 29
659000 29
660000 29
661000 29
662000 29
663000 29
664000 29
665000 29
666000 29
667000 29
668000 29
669000 29
670000 29
671000 29
672000 29
673000 29
674000 29
675000 29
676000 29
677000 29
678000 29
679000 29
680000 29
681000 29
682000 29
683000 30
684000 30
685000 30
686000 30
687000 30
688000 30
689000 30
690000 30
691000 30
692000 31
693000 31
694000 31
695000 31
696000 31
697000 31
698000 31
699000 31
700000 32
701000 32
702000 32
703000 32
704000 32
705000 32
706000 32
707000 32
708000 32
709000 32
710000 33
711000 33
712000 33
713000 33
714000 33
715000 33
716000 33
717000 33
718000 33
719000 33
720000 33
721000 33
722000 33
723000 33
724000 33
725000 33
726000 33
727000 33
728000 33
729000 33
730000 33
731000 33
732000 33
733000 33
734000 33
735000 33
736000 33
737000 33
738000 33
739000 33
740000 33
741000 33
742000 33
743000 33
744000 33
745000 33
746000 33
747000 33
748000 33
749000 33
750000 33
751000 33
752000 33
753000 33
754000 33
755000 33
756000 33
757000 33
758000 33
759000 33
760000 33
761000 33
762000 33
763000 33
764000 33
765000 33
766000 33
767000 34
768000 34
769000 34
770000 34
771000 34
772000 34
773000 34
774000 34
775000 35
776000 35
777000 35
778000 35
779000 35
780000 35
781000 35
782000 36
783000 36
784000 36
785000 36
786000 36
787000 36
788000 36
789000 37
790000 37
791000 37
792000 37
793000 37
794000 37
795000 37
796000 37
797000 38
798000 38
799000 38
800000 38
801000 38
802000 38
803000 38
804000 39
805000 39
806000 39
807000 39
808000 39
809000 39
810000 39
811000 40
812000 40
813000 40
814000 40
815000 40
816000 40
817000 40
818000 40
819000 40
820000 40
821000 40
822000 40
823000 40
824000 40
825000 40
826000 40
827000 40
828000 40
829000 40
830000 40
831000 40
832000 40
833000 40
834000 40
835000 40
836000 40
837000 40
838000 40
839000 40
840000 40
841000 40
842000 40
843000 40
844000 40
845000 40
846000 40
847000 40
848000 40
849000 40
850000 40
851000 40
852000 40
853000 40
854000 40
855000 40
856000 40
857000 40
858000 40
859000 40
860000 40
861000 40
862000 40
863000 40
864000 40
865000 40
866000 40
867000 40
868000 40
869000 40
870000 40
871000 40
872000 40
873000 40
874000 40
875000 40
876000 40
877000 40
878000 40
879000 40
880000 40
881000 40
882000 40
883000 40
884000 40
885000 40
886000 40
887000 40
888000 40
889000 40
890000 40
891000 40
892000 40
893000 40
894000 40
895000 40
896000 40
897000 40
898000 40
899000 40
900000 40
901000 40
902000 40
903000 40
904000 40
905000 40
906000 40
907000 40
908000 40
909000 40
910000 40
911000 40
912000 40
913000 40
914000 40
915000 40
916000 40
917000 41
918000 41
919000 41
920000 41
921000 41
922000 41
923000 41
924000 41
925000 42
926000 42
927000 42
928000 42
929000 42
930000 42
931000 43
932000 43
933000 43
934000 43
935000 43
936000 43
937000 43
938000 43
939000 44
940000 44
941000 44
942000 44
943000 44
944000 44
945000 44
946000 44
947000 44
948000 44
949000 44
950000 44
951000 44
952000 45
953000 45
954000 45
955000 45
956000 45
957000 45
958000 45
959000 46
960000 46
961000 46
962000 46
963000 46
964000 46
965000 46
966000 46
967000 46
968000 46
969000 46
970000 46
971000 46
972000 46
973000 46
974000 46
975000 46
976000 46
977000 46
978000 46
979000 46
980000 47
981000 47
982000 47
983000 47
984000 47
985000 47
986000 47
987000 48
988000 48
989000 48
990000 48
991000 48
992000 48
993000 48
994000 48
995000 48
996000 48
997000 48
998000 48
999000 49
1000000 49
1001000 49
1002000 49
1003000 49
1004000 49
1005000 49
1006000 49
1007000 49
1008000 49
1009000 49
1010000 49
1011000 49
1012000 49
1013000 49
1014000 49
1015000 49
1016000 49
1017000 49
1018000 49
1019000 49
1020000 49
1021000 49
1022000 49
1023000 49
1024000 49
1025000 49
1026000 49
1027000 49
1028000 49
1029000 49
1030000 49
1031000 49
1032000 49
1033000 49
1034000 49
1035000 49
1036000 49
1037000 49
1038000 49
1039000 49
1040000 49
1041000 49
1042000 49
1043000 49
1044000 49
1045000 49
1046000 49
1047000 49
1048000 49
1049000 49
1050000 49
1051000 49
1052000 49
1053000 49
1054000 49
1055000 49
1056000 49
1057000 49
1058000 49
1059000 49
1060000 49
1061000 49
1062000 49
1063000 49
1064000 49
1065000 49
1066000 49
1067000 49
1068000 49
1069000 49
1070000 49
1071000 49
1072000 49
1073000 49
1074000 49
1075000 49
1076000 49
1077000 49
1078000 49
1079000 49
1080000 49
1081000 49
1082000 49
1083000 49
1084000 49
1085000 49
1086000 49
1087000 49
1088000 49
1089000 49
1090000 49
1091000 49
1092000 49
1093000 49
1094000 49
1095000 49
1096000 49
1097000 49
1098000 49
1099000 49
1100000 49
1101000 49
1102000 49
1103000 49
1104000 49
1105000 49
1106000 49
1107000 49
1108000 49
1109000 49
1110000 50
1111000 50
1112000 50
1113000 50
1114000 50
1115000 50
1116000 50
1117000 50
1118000 50
1119000 51
1120000 51
1121000 51
1122000 51
1123000 51
1124000 51
1125000 51
1126000 51
1127000 51
1128000 51
1129000 51
1130000 51
1131000 51
1132000 51
1133000 51
1134000 51
1135000 51
1136000 51
1137000 51
1138000 51
1139000 51
1140000 51
1141000 51
1142000 51
1143000 51
1144000 51
1145000 51
1146000 51
1147000 51
1148000 51
1149000 51
1150000 51
1151000 51
1152000 51
1153000 51
1154000 51
1155000 51
1156000 51
1157000 51
1158000 51
1159000 51
1160000 51
1161000 51
1162000 51
1163000 51
1164000 51
1165000 51
1166000 51
1167000 51
1168000 51
1169000 51
1170000 51
1171000 51
1172000 51
1173000 51
1174000 51
1175000 51
1176000 51
1177000 52
1178000 52
1179000 52
1180000 52
1181000 52
1182000 52
1183000 52
1184000 52
1185000 52
1186000 53
1187000 53
1188000 53
1189000 53
1190000 53
1191000 53
1192000 54
1193000 54
1194000 54
1195000 54
1196000 54
1197000 54
1198000 54
1199000 54
1200000 54
1201000 54
1202000 54
1203000 54
1204000 54
1205000 54
1206000 54
1207000 54
1208000 54
1209000 54
1210000 54
1211000 54
1212000 54
1213000 54
1214000 54
1215000 54
1216000 54
1217000 54
1218000 54
1219000 54
1220000 54
1221000 54
1222000 54
1223000 54
1224000 54
1225000 54
1226000 54
1227000 54
1228000 54
1229000 54
1230000 54
1231000 54
1232000 54
1233000 54
1234000 54
1235000 54
1236000 54
1237000 54
1238000 54
1239000 54
1240000 54
1241000 54
1242000 54
1243000 54
1244000 54
1245000 54
1246000 54
1247000 54
1248000 54
1249000 54
1250000 55
1251000 55
1252000 55
1253000 55
1254000 55
1255000 55
1256000 55
1257000 55
1258000 55
1259000 55
1260000 55
1261000 55
1262000 55
1263000 55
1264000 55
1265000 55
1266000 56
1267000 56
1268000 56
1269000 56
1270000 56
1271000 56
1272000 56
1273000 57
1274000 57
1275000 57
1276000 57
1277000 57
1278000 57
1279000 57
1280000 57
1281000 57
1282000 57
1283000 57
1284000 57
1285000 57
1286000 57
1287000 57
1288000 57
1289000 57
1290000 57
1291000 57
1292000 57
1293000 57
1294000 57
1295000 57
1296000 57
1297000 57
1298000 57
1299000 57
1300000 57
1301000 57
1302000 57
1303000 57
1304000 57
1305000 57
1306000 57
1307000 57
1308000 57
1309000 57
1310000 57
1311000 57
1312000 57
1313000 57
1314000 57
1315000 57
1316000 57
1317000 57
1318000 57
1319000 57
1320000 57
1321000 57
1322000 57
1323000 57
1324000 57
1325000 57
1326000 57
1327000 57
1328000 57
1329000 57
1330000 57
1331000 57
1332000 58
1333000 58
1334000 58
1335000 58
1336000 58
1337000 58
1338000 58
1339000 58
1340000 58
1341000 58
1342000 59
1343000 59
1344000 59
1345000 59
1346000 59
1347000 59
1348000 59
1349000 60
1350000 60
1351000 60
1352000 60
1353000 60
1354000 60
1355000 60
1356000 61
1357000 61
1358000 61
1359000 61
1360000 61
1361000 61
1362000 61
1363000 61
1364000 62
1365000 62
1366000 62
1367000 62
1368000 62
1369000 62
1370000 62
1371000 63
1372000 63
1373000 63
1374000 63
1375000 63
1376000 63
1377000 63
1378000 64
1379000 64
1380000 64
1381000 64
1382000 64
1383000 64
1384000 64
1385000 65
1386000 65
1387000 65
1388000 65
1389000 65
1390000 65
1391000 65
1392000 65
1393000 66
1394000 66
1395000 66
1396000 66
1397000 66
1398000 66
1399000 66
1400000 66
1401000 66
1402000 66
1403000 66
1404000 66
1405000 66
1406000 66
1407000 66
1408000 66
1409000 66
1410000 66
1411000 66
1412000 66
1413000 66
1414000 66
1415000 66
1416000 66
1417000 66
1418000 66
1419000 66
1420000 66
1421000 66
1422000 66
1423000 66
1424000 66
1425000 66
1426000 66
1427000 66
1428000 66
1429000 66
1430000 66
1431000 66
1432000 66
1433000 66
1434000 66
1435000 66
1436000 66
1437000 66
1438000 66
1439000 66
1440000 66
1441000 66
1442000 66
1443000 66
1444000 66
1445000 66
1446000 66
1447000 66
1448000 66
1449000 66
1450000 67
1451000 67
1452000 67
1453000 67
1454000 67
1455000 67
1456000 67
1457000 67
1458000 67
1459000 67
1460000 67
1461000 67
1462000 67
1463000 67
1464000 67
1465000 67
1466000 67
1467000 67
1468000 67
1469000 68
1470000 68
1471000 68
1472000 68
1473000 68
1474000 68
1475000 68
1476000 68
1477000 69
1478000 69
1479000 69
1480000 69
1481000 69
1482000 69
1483000 69
1484000 70
1485000 70
1486000 70
1487000 70
1488000 70
1489000 70
1490000 70
1491000 71
1492000 71
1493000 71
1494000 71
1495000 71
1496000 71
1497000 71
1498000 72
1499000 72
1500000 72
1501000 72
1502000 72
1503000 72
1504000 72
1505000 72
1506000 72
1507000 72
1508000 72
1509000 72
1510000 72
1511000 72
1512000 72
1513000 72
1514000 72
1515000 72
1516000 72
1517000 72
1518000 72
1519000 72
1520000 72
1521000 72
1522000 72
1523000 72
1524000 72
1525000 72
1526000 72
1527000 72
1528000 72
1529000 72
1530000 72
1531000 72
1532000 72
1533000 72
1534000 72
1535000 72
1536000 72
1537000 72
1538000 72
1539000 72
1540000 72
1541000 72
1542000 72
1543000 72
1544000 72
1545000 72
1546000 72
1547000 72
1548000 72
1549000 72
1550000 72
1551000 72
1552000 72
1553000 72
1554000 72
1555000 72
1556000 73
1557000 73
1558000 73
1559000 73
1560000 73
1561000 73
1562000 73
1563000 73
1564000 74
1565000 74
1566000 74
1567000 74
1568000 74
1569000 74
1570000 74
1571000 75
1572000 75
1573000 75
1574000 75
1575000 75
1576000 75
1577000 75
1578000 75
1579000 75
1580000 75
1581000 75
1582000 76
1583000 76
1584000 76
1585000 76
1586000 76
1587000 76
1588000 76
1589000 77
1590000 77
1591000 77
1592000 77
1593000 77
1594000 77
1595000 77
1596000 77
1597000 78
1598000 78
1599000 78
1600000 78
1601000 78
1602000 78
1603000 78
1604000 78
1605000 78
1606000 78
1607000 78
1608000 78
1609000 78
1610000 78
1611000 78
1612000 78
1613000 78
1614000 78
1615000 78
1616000 78
1617000 78
1618000 78
1619000 78
1620000 78
1621000 78
1622000 78
1623000 78
1624000 78
1625000 78
1626000 78
1627000 78
1628000 78
1629000 78
1630000 78
1631000 78
1632000 78
1633000 78
1634000 78
1635000 78
1636000 78
1637000 78
1638000 78
1639000 78
1640000 78
1641000 78
1642000 78
1643000 78
1644000 78
1645000 78
1646000 78
1647000 78
1648000 78
1649000 78
1650000 78
1651000 78
1652000 78
1653000 78
1654000 78
1655000 78
1656000 78
1657000 78
1658000 78
1659000 78
1660000 78
1661000 78
1662000 78
1663000 78
1664000 78
1665000 78
1666000 78
1667000 78
1668000 78
1669000 78
1670000 78
1671000 78
1672000 78
1673000 78
1674000 78
1675000 78
1676000 78
1677000 78
1678000 78
1679000 78
1680000 78
1681000 78
1682000 78
1683000 78
1684000 78
1685000 78
1686000 78
1687000 78
1688000 78
1689000 78
1690000 78
1691000 78
1692000 78
1693000 78
1694000 78
1695000 78
1696000 78
1697000 78
1698000 78
1699000 78
1700000 78
1701000 78
1702000 78
1703000 78
1704000 79
1705000 79
1706000 79
1707000 79
1708000 79
1709000 79
1710000 79
1711000 79
1712000 79
1713000 80
1714000 80
1715000 80
1716000 80
1717000 80
1718000 80
1719000 80
1720000 81
1721000 81
1722000 81
1723000 81
1724000 81
1725000 81
1726000 81
1727000 81
1728000 81
1729000 82
1730000 82
1731000 82
1732000 82
1733000 82
1734000 82
1735000 82
1736000 83
1737000 83
1738000 83
1739000 83
1740000 83
1741000 83
1742000 83
1743000 83
1744000 83
1745000 83
1746000 83
1747000 83
1748000 83
1749000 83
1750000 83
1751000 83
1752000 83
1753000 83
1754000 83
1755000 83
1756000 83
1757000 83
1758000 83
1759000 83
1760000 83
1761000 83
1762000 83
1763000 83
1764000 83
1765000 83
1766000 83
1767000 83
1768000 83
1769000 83
1770000 83
1771000 83
1772000 83
1773000 83
1774000 83
1775000 83
1776000 83
1777000 83
1778000 83
1779000 83
1780000 83
1781000 83
1782000 83
1783000 83
1784000 83
1785000 83
1786000 83
1787000 83
1788000 83
1789000 83
1790000 83
1791000 83
1792000 83
1793000 84
1794000 84
1795000 84
1796000 84
1797000 84
1798000 84
1799000 84
1800000 84
1801000 85
1802000 85
1803000 85
1804000 85
1805000 85
1806000 85
1807000 85
1808000 85
1809000 86
1810000 86
1811000 86
1812000 86
1813000 86
1814000 86
1815000 86
1816000 87
1817000 87
1818000 87
1819000 87
1820000 87
1821000 87
1822000 87
1823000 88
1824000 88
1825000 88
1826000 88
1827000 88
1828000 88
1829000 89
1830000 89
1831000 89
1832000 89
1833000 89
1834000 89
1835000 89
1836000 89
1837000 89
1838000 89
1839000 89
1840000 89
1841000 89
1842000 90
1843000 90
1844000 90
1845000 90
1846000 90
1847000 90
1848000 90
1849000 90
1850000 90
1851000 90
1852000 90
1853000 90
1854000 90
1855000 90
1856000 90
1857000 90
1858000 90
1859000 90
1860000 90
1861000 90
1862000 90
1863000 90
1864000 90
1865000 90
1866000 90
1867000 90
1868000 90
1869000 90
1870000 90
1871000 90
1872000 90
1873000 90
1874000 90
1875000 90
1876000 90
1877000 90
1878000 90
1879000 90
1880000 90
1881000 90
1882000 90
1883000 90
1884000 90
1885000 90
1886000 90
1887000 90
1888000 90
1889000 90
1890000 90
1891000 90
1892000 90
1893000 90
1894000 90
1895000 90
1896000 90
1897000 90
1898000 91
1899000 91
1900000 91
1901000 91
1902000 91
1903000 91
1904000 91
1905000 92
1906000 92
1907000 92
1908000 92
1909000 92
1910000 92
1911000 92
1912000 93
1913000 93
1914000 93
1915000 93
1916000 93
1917000 93
1918000 93
1919000 93
1920000 93
1921000 94
1922000 94
1923000 94
1924000 94
1925000 94
1926000 94
1927000 94
1928000 95
1929000 95
1930000 95
1931000 95
1932000 95
1933000 95
1934000 95
1935000 95
1936000 95
1937000 96
1938000 96
1939000 96
1940000 96
1941000 96
1942000 96
1943000 96
1944000 96
1945000 97
1946000 97
1947000 97
1948000 97
1949000 97
1950000 97
1951000 97
1952000 97
1953000 97
1954000 97
1955000 97
1956000 97
1957000 97
1958000 98
1959000 98
1960000 98
1961000 98
1962000 98
1963000 98
1964000 98
1965000 99
1966000 99
1967000 99
1968000 99
1969000 99
1970000 99
1971000 100
1972000 100
1973000 100
1974000 100
1975000 100
1976000 100
1977000 100
1978000 100
1979000 100
1980000 100
1981000 100
1982000 100
1983000 100
1984000 100
1985000 100
1986000 100
1987000 100
1988000 100
1989000 100
1990000 100
1991000 100
1992000 100
1993000 100
1994000 100
1995000 100
1996000 100
1997000 100
1998000 100
1999000 100
2000000 100
2001000 100
2002000 100
2003000 100
2004000 100
2005000 100
2006000 100
2007000 100
2008000 100
2009000 100
2010000 100
2011000 100
2012000 100
2013000 100
2014000 100
2015000 100
2016000 100
2017000 100
2018000 100
2019000 100
2020000 100
2021000 100
2022000 100
2023000 100
2024000 100
2025000 100
2026000 100
2027000 100
2028000 100
2029000 101
2030000 101
2031000 101
2032000 101
2033000 101
2034000 101
2035000 101
2036000 101
2037000 101
2038000 101
2039000 101
2040000 101
2041000 101
2042000 101
2043000 102
2044000 102
2045000 102
2046000 102
2047000 102
2048000 102
2049000 102
2050000 102
2051000 102
2052000 102
2053000 102
2054000 102
2055000 102
2056000 102
2057000 102
2058000 102
2059000 102
2060000 103
2061000 103
2062000 103
2063000 103
2064000 103
2065000 103
2066000 103
2067000 103
2068000 104
2069000 104
2070000 104
2071000 104
2072000 104
2073000 104
2074000 104
2075000 104
2076000 105
2077000 105
2078000 105
2079000 105
2080000 105
2081000 105
2082000 105
2083000 105
2084000 105
2085000 105
2086000 105
2087000 105
2088000 105
2089000 105
2090000 105
2091000 105
2092000 105
2093000 105
2094000 105
2095000 105
2096000 105
2097000 105
2098000 105
2099000 105
2100000 105
2101000 105
2102000 105
2103000 105
2104000 105
2105000 105
2106000 105
2107000 105
2108000 105
2109000 105
2110000 105
2111000 105
2112000 105
2113000 105
2114000 105
2115000 105
2116000 105
2117000 105
2118000 105
2119000 105
2120000 105
2121000 105
2122000 105
2123000 105
2124000 105
2125000 105
2126000 105
2127000 105
2128000 105
2129000 105
2130000 105
2131000 105
2132000 105
2133000 105
2134000 106
2135000 106
2136000 106
2137000 106
2138000 106
2139000 106
2140000 106
2141000 106
2142000 106
2143000 106
2144000 106
2145000 107
2146000 107
2147000 107
2148000 107
2149000 107
2150000 107
2151000 107
2152000 108
2153000 108
2154000 108
2155000 108
2156000 108
2157000 108
2158000 108
2159000 108
2160000 108
2161000 108
2162000 108
2163000 108
2164000 108
2165000 108
2166000 108
2167000 108
2168000 108
2169000 108
2170000 108
2171000 108
2172000 108
2173000 108
2174000 108
2175000 108
2176000 108
2177000 108
2178000 108
2179000 108
2180000 108
2181000 108
2182000 108
2183000 108
2184000 108
2185000 108
2186000 108
2187000 108
2188000 108
2189000 108
2190000 108
2191000 108
2192000 108
2193000 108
2194000 108
2195000 108
2196000 108
2197000 108
2198000 108
2199000 108
2200000 108
2201000 108
2202000 108
2203000 108
2204000 108
2205000 108
2206000 108
2207000 108
2208000 109
2209000 109
2210000 109
2211000 109
2212000 109
2213000 109
2214000 109
2215000 109
2216000 109
2217000 110
2218000 110
2219000 110
2220000 110
2221000 110
2222000 110
2223000 110
2224000 110
2225000 111
2226000 111
2227000 111
2228000 111
2229000 111
2230000 111
2231000 111
2232000 112
2233000 112
2234000 112
2235000 112
2236000 112
2237000 112
2238000 112
2239000 113
2240000 113
2241000 113
2242000 113
2243000 113
2244000 113
2245000 114
2246000 114
2247000 114
2248000 114
2249000 114
2250000 114
2251000 114
2252000 115
2253000 115
2254000 115
2255000 115
2256000 115
2257000 115
2258000 116
2259000 116
2260000 116
2261000 116
2262000 116
2263000 116
2264000 116
2265000 116
2266000 117
2267000 117
2268000 117
2269000 117
2270000 117
2271000 117
2272000 117
2273000 117
2274000 117
2275000 118
2276000 118
2277000 118
2278000 118
2279000 118
2280000 118
2281000 118
2282000 118
2283000 118
2284000 118
2285000 118
2286000 118
2287000 118
2288000 118
2289000 118
2290000 118
2291000 118
2292000 118
2293000 118
2294000 118
2295000 118
2296000 118
2297000 118
2298000 118
2299000 118
2300000 118
2301000 118
2302000 118
2303000 118
2304000 118
2305000 118
2306000 118
2307000 118
2308000 118
2309000 118
2310000 118
2311000 118
2312000 118
2313000 118
2314000 118
2315000 118
2316000 118
2317000 118
2318000 118
2319000 118
2320000 118
2321000 118
2322000 118
2323000 118
2324000 118
2325000 118
2326000 118
2327000 118
2328000 118
2329000 118
2330000 118
2331000 119
2332000 119
2333000 119
2334000 119
2335000 119
2336000 119
2337000 120
2338000 120
2339000 120
2340000 120
2341000 120
2342000 120
2343000 120
2344000 120
2345000 120
2346000 120
2347000 120
2348000 120
2349000 120
2350000 120
2351000 120
2352000 120
2353000 120
2354000 120
2355000 120
2356000 120
2357000 120
2358000 120
2359000 120
2360000 120
2361000 120
2362000 120
2363000 120
2364000 120
2365000 120
2366000 120
2367000 120
2368000 120
2369000 120
2370000 120
2371000 120
2372000 120
2373000 120
2374000 120
2375000 120
2376000 120
2377000 120
2378000 120
2379000 120
2380000 120
2381000 120
2382000 120
2383000 120
2384000 120
2385000 120
2386000 120
2387000 120
2388000 120
2389000 120
2390000 120
2391000 120
2392000 120
2393000 120
2394000 120
2395000 120
2396000 120
2397000 120
2398000 120
2399000 120
2400000 120
2401000 120
2402000 120
2403000 120
2404000 120
2405000 120
2406000 120
2407000 120
2408000 120
2409000 120
2410000 120
2411000 120
2412000 120
2413000 120
2414000 120
2415000 120
2416000 120
2417000 120
2418000 120
2419000 120
2420000 120
2421000 120
2422000 120
2423000 120
2424000 120
2425000 120
2426000 120
2427000 120
2428000 120
2429000 120
2430000 120
2431000 120
2432000 120
2433000 120
2434000 120
2435000 120
2436000 120
2437000 120
2438000 120
2439000 120
2440000 120
2441000 120
2442000 120
2443000 120
2444000 120
2445000 120
2446000 120
2447000 120
2448000 120
2449000 120
2450000 120
2451000 120
2452000 120
2453000 120
2454000 120
2455000 120
2456000 120
2457000 120
2458000 120
2459000 120
2460000 120
2461000 120
2462000 120
2463000 120
2464000 120
2465000 120
2466000 120
2467000 120
2468000 120
2469000 120
2470000 120
2471000 120
2472000 120
2473000 120
2474000 120
2475000 120
2476000 120
2477000 120
2478000 120
2479000 120
2480000 120
2481000 120
2482000 120
2483000 120
2484000 120
2485000 120
2486000 120
2487000 120
2488000 120
2489000 120
2490000 120
2491000 120
2492000 120
2493000 120
2494000 121
2495000 121
2496000 121
2497000 121
2498000 121
2499000 121
2500000 121
2501000 121
2502000 121
2503000 121
2504000 121
2505000 121
2506000 121
2507000 121
2508000 121
2509000 121
2510000 121
2511000 121
2512000 121
2513000 121
2514000 121
2515000 121
2516000 121
2517000 121
2518000 121
2519000 121
2520000 121
2521000 121
2522000 121
2523000 121
2524000 121
2525000 121
2526000 121
2527000 121
2528000 121
2529000 121
2530000 121
2531000 121
2532000 121
2533000 121
2534000 121
2535000 121
2536000 121
2537000 121
2538000 121
2539000 121
2540000 121
2541000 121
2542000 121
2543000 121
2544000 121
2545000 121
2546000 121
2547000 121
2548000 121
2549000 121
2550000 121
2551000 121
2552000 122
2553000 122
2554000 122
2555000 122
2556000 122
2557000 122
2558000 122
2559000 122
2560000 122
2561000 123
2562000 123
2563000 123
2564000 123
2565000 123
2566000 123
2567000 123
2568000 123
2569000 123
2570000 123
2571000 124
2572000 124
2573000 124
2574000 124
2575000 124
2576000 124
2577000 125
2578000 125
2579000 125
2580000 125
2581000 125
2582000 125
2583000 125
2584000 125
2585000 125
2586000 125
2587000 125
2588000 125
2589000 125
2590000 125
2591000 125
2592000 125
2593000 125
2594000 125
2595000 125
2596000 125
2597000 125
2598000 125
2599000 125
2600000 125
2601000 125
2602000 125
2603000 125
2604000 125
2605000 125
2606000 125
2607000 125
2608000 125
2609000 125
2610000 125
2611000 125
2612000 125
2613000 125
2614000 125
2615000 125
2616000 125
2617000 125
2618000 125
2619000 125
2620000 125
2621000 125
2622000 125
2623000 125
2624000 125
2625000 125
2626000 125
2627000 125
2628000 125
2629000 125
2630000 125
2631000 125
2632000 125
2633000 126
2634000 126
2635000 126
2636000 126
2637000 126
2638000 126
2639000 126
2640000 127
2641000 127
2642000 127
2643000 127
2644000 127
2645000 127
2646000 128
2647000 128
2648000 128
2649000 128
2650000 128
2651000 128
2652000 128
2653000 129
2654000 129
2655000 129
2656000 129
2657000 129
2658000 129
2659000 129
2660000 129
2661000 130
2662000 130
2663000 130
2664000 130
2665000 130
2666000 130
2667000 130
2668000 130
2669000 130
2670000 130
2671000 130
2672000 130
2673000 130
2674000 130
2675000 130
2676000 130
2677000 130
2678000 130
2679000 130
2680000 130
2681000 130
2682000 130
2683000 130
2684000 130
2685000 130
2686000 131
2687000 131
2688000 131
2689000 131
2690000 131
2691000 131
2692000 131
2693000 131
2694000 131
2695000 132
2696000 132
2697000 132
2698000 132
2699000 132
2700000 132
2701000 132
2702000 132
2703000 133
2704000 133
2705000 133
2706000 133
2707000 133
2708000 133
2709000 133
2710000 133
2711000 133
2712000 133
2713000 133
2714000 133
2715000 133
2716000 133
2717000 133
2718000 133
2719000 133
2720000 133
2721000 133
2722000 133
2723000 133
2724000 133
2725000 133
2726000 133
2727000 133
2728000 133
2729000 133
2730000 133
2731000 133
2732000 133
2733000 133
2734000 133
2735000 133
2736000 133
2737000 133
2738000 133
2739000 133
2740000 133
2741000 133
2742000 133
2743000 133
2744000 133
2745000 133
2746000 133
2747000 133
2748000 133
2749000 133
2750000 133
2751000 133
2752000 133
2753000 133
2754000 133
2755000 133
2756000 133
2757000 133
2758000 133
2759000 133
2760000 134
2761000 134
2762000 134
2763000 134
2764000 134
2765000 134
2766000 134
2767000 134
2768000 135
2769000 135
2770000 135
2771000 135
2772000 135
2773000 135
2774000 135
2775000 135
2776000 135
2777000 135
2778000 135
2779000 135
2780000 135
2781000 135
2782000 135
2783000 135
2784000 135
2785000 135
2786000 135
2787000 135
2788000 135
2789000 135
2790000 135
2791000 135
2792000 135
2793000 135
2794000 135
2795000 135
2796000 135
2797000 135
2798000 135
2799000 135
2800000 135
2801000 135
2802000 135
2803000 135
2804000 135
2805000 135
2806000 135
2807000 135
2808000 135
2809000 135
2810000 135
2811000 135
2812000 135
2813000 135
2814000 135
2815000 135
2816000 135
2817000 135
2818000 135
2819000 135
2820000 135
2821000 135
2822000 135
2823000 135
2824000 135
2825000 136
2826000 136
2827000 136
2828000 136
2829000 136
2830000 136
2831000 136
2832000 137
2833000 137
2834000 137
2835000 137
2836000 137
2837000 137
2838000 137
2839000 137
2840000 137
2841000 138
2842000 138
2843000 138
2844000 138
2845000 138
2846000 138
2847000 138
2848000 138
2849000 138
2850000 138
2851000 138
2852000 138
2853000 138
2854000 138
2855000 138
2856000 138
2857000 138
2858000 138
2859000 138
2860000 138
2861000 138
2862000 138
2863000 138
2864000 138
2865000 138
2866000 138
2867000 138
2868000 138
2869000 138
2870000 138
2871000 138
2872000 138
2873000 138
2874000 138
2875000 138
2876000 138
2877000 138
2878000 138
2879000 138
2880000 138
2881000 138
2882000 138
2883000 138
2884000 138
2885000 138
2886000 138
2887000 138
2888000 138
2889000 138
2890000 138
2891000 138
2892000 138
2893000 138
2894000 138
2895000 138
2896000 138
2897000 139
2898000 139
2899000 139
2900000 139
2901000 139
2902000 139
2903000 140
2904000 140
2905000 140
2906000 140
2907000 140
2908000 140
2909000 140
2910000 140
2911000 140
2912000 140
2913000 140
2914000 140
2915000 140
2916000 140
2917000 140
2918000 140
2919000 140
2920000 140
2921000 140
2922000 140
2923000 140
2924000 140
2925000 140
2926000 140
2927000 140
2928000 140
2929000 140
2930000 140
2931000 140
2932000 140
2933000 140
2934000 140
2935000 140
2936000 140
2937000 140
2938000 140
2939000 140
2940000 140
2941000 140
2942000 140
2943000 140
2944000 140
2945000 140
2946000 140
2947000 140
2948000 140
2949000 140
2950000 140
2951000 140
2952000 140
2953000 140
2954000 140
2955000 140
2956000 140
2957000 140
2958000 140
2959000 140
2960000 141
2961000 141
2962000 141
2963000 141
2964000 141
2965000 141
2966000 141
2967000 141
2968000 141
2969000 141
2970000 141
2971000 141
2972000 141
2973000 141
2974000 141
2975000 141
2976000 141
2977000 141
2978000 141
2979000 141
2980000 141
2981000 141
2982000 141
2983000 141
2984000 141
2985000 141
2986000 141
2987000 141
2988000 141
2989000 141
2990000 141
2991000 141
2992000 141
2993000 141
2994000 141
2995000 141
2996000 141
2997000 141
2998000 141
2999000 141
3000000 141
3001000 141
3002000 141
3003000 141
3004000 141
3005000 141
3006000 141
3007000 141
3008000 141
3009000 141
3010000 141
3011000 141
3012000 141
3013000 141
3014000 141
3015000 141
3016000 141
3017000 142
3018000 142
3019000 142
3020000 142
3021000 142
3022000 142
3023000 142
3024000 142
3025000 143
3026000 143
3027000 143
3028000 143
3029000 143
3030000 143
3031000 143
3032000 143
3033000 144
3034000 144
3035000 144
3036000 144
3037000 144
3038000 144
3039000 144
3040000 144
3041000 145
3042000 145
3043000 145
3044000 145
3045000 145
3046000 145
3047000 145
3048000 145
3049000 146
3050000 146
3051000 146
3052000 146
3053000 146
3054000 146
3055000 146
3056000 146
3057000 147
3058000 147
3059000 147
3060000 147
3061000 147
3062000 147
3063000 147
3064000 147
3065000 147
3066000 147
3067000 148
3068000 148
3069000 148
3070000 148
3071000 148
3072000 148
3073000 148
3074000 149
3075000 149
3076000 149
3077000 149
3078000 149
3079000 149
3080000 149
3081000 149
3082000 150
3083000 150
3084000 150
3085000 150
3086000 150
3087000 150
3088000 150
3089000 150
3090000 151
3091000 151
3092000 151
3093000 151
3094000 151
3095000 151
3096000 151
3097000 151
3098000 152
3099000 152
3100000 152
3101000 152
3102000 152
3103000 152
3104000 152
3105000 153
3106000 153
3107000 153
3108000 153
3109000 153
3110000 153
3111000 153
3112000 153
3113000 154
3114000 154
3115000 154
3116000 154
3117000 154
3118000 154
3119000 154
3120000 154
3121000 154
3122000 155
3123000 155
3124000 155
3125000 155
3126000 155
3127000 155
3128000 155
3129000 156
3130000 156
3131000 156
3132000 156
3133000 156
3134000 156
3135000 156
3136000 157
3137000 157
3138000 157
3139000 157
3140000 157
3141000 157
3142000 157
3143000 157
3144000 157
3145000 158
3146000 158
3147000 158
3148000 158
3149000 158
3150000 158
3151000 158
3152000 158
3153000 158
3154000 158
3155000 158
3156000 158
3157000 158
3158000 158
3159000 158
3160000 158
3161000 158
3162000 158
3163000 158
3164000 158
3165000 158
3166000 158
3167000 158
3168000 158
3169000 158
3170000 158
3171000 158
3172000 158
3173000 158
3174000 158
3175000 158
3176000 158
3177000 158
3178000 158
3179000 158
3180000 158
3181000 158
3182000 158
3183000 158
3184000 158
3185000 158
3186000 159
3187000 159
3188000 159
3189000 159
3190000 159
3191000 159
3192000 159
3193000 160
3194000 160
3195000 160
3196000 160
3197000 160
3198000 160
3199000 161
3200000 161
3201000 161
3202000 161
3203000 161
3204000 161
3205000 161
3206000 161
3207000 162
3208000 162
3209000 162
3210000 162
3211000 162
3212000 162
3213000 163
3214000 163
3215000 163
3216000 163
3217000 163
3218000 163
3219000 164
3220000 164
3221000 164
3222000 164
3223000 164
3224000 164
3225000 164
3226000 164
3227000 165
3228000 165
3229000 165
3230000 165
3231000 165
3232000 165
3233000 165
3234000 165
3235000 166
3236000 166
3237000 166
3238000 166
3239000 166
3240000 166
3241000 166
3242000 167
3243000 167
3244000 167
3245000 167
3246000 167
3247000 167
3248000 167
3249000 167
3250000 167
3251000 167
3252000 167
3253000 167
3254000 167
3255000 167
3256000 167
3257000 167
3258000 167
3259000 167
3260000 167
3261000 167
3262000 167
3263000 167
3264000 167
3265000 167
3266000 167
3267000 167
3268000 167
3269000 167
3270000 167
3271000 167
3272000 167
3273000 167
3274000 167
3275000 167
3276000 167
3277000 167
3278000 167
3279000 167
3280000 167
3281000 167
3282000 167
3283000 167
3284000 167
3285000 167
3286000 167
3287000 167
3288000 167
3289000 167
3290000 167
3291000 167
3292000 167
3293000 167
3294000 167
3295000 167
3296000 167
3297000 167
3298000 168
3299000 168
3300000 168
3301000 168
3302000 168
3303000 168
3304000 168
3305000 169
3306000 169
3307000 169
3308000 169
3309000 169
3310000 169
3311000 169
3312000 170
3313000 170
3314000 170
3315000 170
3316000 170
3317000 170
3318000 171
3319000 171
3320000 171
3321000 171
3322000 171
3323000 171
3324000 171
3325000 171
3326000 171
3327000 171
3328000 171
3329000 171
3330000 171
3331000 171
3332000 171
3333000 171
3334000 172
3335000 172
3336000 172
3337000 172
3338000 172
3339000 172
3340000 172
3341000 172
3342000 172
3343000 172
3344000 172
3345000 172
3346000 172
3347000 172
3348000 172
3349000 172
3350000 172
3351000 172
3352000 173
3353000 173
3354000 173
3355000 173
3356000 173
3357000 173
3358000 173
3359000 174
3360000 174
3361000 174
3362000 174
3363000 174
3364000 174
3365000 174
3366000 174
3367000 174
3368000 175
3369000 175
3370000 175
3371000 175
3372000 175
3373000 175
3374000 175
3375000 175
3376000 176
3377000 176
3378000 176
3379000 176
3380000 176
3381000 176
3382000 176
3383000 177
3384000 177
3385000 177
3386000 177
3387000 177
3388000 177
3389000 177
3390000 177
3391000 177
3392000 178
3393000 178
3394000 178
3395000 178
3396000 178
3397000 178
3398000 178
3399000 178
3400000 178
3401000 178
3402000 178
3403000 178
3404000 178
3405000 178
3406000 178
3407000 178
3408000 178
3409000 178
3410000 178
3411000 178
3412000 178
3413000 178
3414000 178
3415000 178
3416000 178
3417000 178
3418000 178
3419000 178
3420000 178
3421000 178
3422000 178
3423000 178
3424000 178
3425000 178
3426000 178
3427000 178
3428000 178
3429000 178
3430000 178
3431000 178
3432000 178
3433000 178
3434000 178
3435000 178
3436000 178
3437000 178
3438000 178
3439000 178
3440000 178
3441000 178
3442000 178
3443000 178
3444000 178
3445000 178
3446000 178
3447000 178
3448000 178
3449000 178
3450000 179
3451000 179
3452000 179
3453000 179
3454000 179
3455000 179
3456000 179
3457000 180
3458000 180
3459000 180
3460000 180
3461000 180
3462000 180
3463000 180
3464000 180
3465000 180
3466000 180
3467000 180
3468000 180
3469000 180
3470000 180
3471000 180
3472000 180
3473000 180
3474000 180
3475000 180
3476000 180
3477000 180
3478000 180
3479000 180
3480000 180
3481000 180
3482000 180
3483000 180
3484000 180
3485000 180
3486000 180
3487000 180
3488000 180
3489000 180
3490000 180
3491000 180
3492000 180
3493000 180
3494000 180
3495000 180
3496000 180
3497000 180
3498000 180
3499000 180
3500000 180
3501000 180
3502000 180
3503000 180
3504000 180
3505000 180
3506000 180
3507000 180
3508000 180
3509000 180
3510000 180
3511000 180
3512000 180
3513000 180
3514000 181
3515000 181
3516000 181
3517000 181
3518000 181
3519000 181
3520000 182
3521000 182
3522000 182
3523000 182
3524000 182
3525000 182
3526000 182
3527000 182
3528000 182
3529000 182
3530000 182
3531000 182
3532000 182
3533000 182
3534000 182
3535000 182
3536000 182
3537000 182
3538000 182
3539000 182
3540000 182
3541000 182
3542000 182
3543000 182
3544000 182
3545000 182
3546000 182
3547000 182
3548000 182
3549000 182
3550000 182
3551000 182
3552000 182
3553000 182
3554000 182
3555000 182
3556000 182
3557000 182
3558000 182
3559000 182
3560000 182
3561000 182
3562000 182
3563000 182
3564000 182
3565000 182
3566000 182
3567000 182
3568000 182
3569000 182
3570000 182
3571000 182
3572000 182
3573000 182
3574000 182
3575000 182
3576000 182
3577000 183
3578000 183
3579000 183
3580000 183
3581000 183
3582000 183
3583000 183
3584000 184
3585000 184
3586000 184
3587000 184
3588000 184
3589000 184
3590000 184
3591000 184
3592000 185
3593000 185
3594000 185
3595000 185
3596000 185
3597000 185
3598000 185
3599000 185
3600000 186
3601000 186
3602000 186
3603000 186
3604000 186
3605000 186
3606000 186
3607000 186
3608000 187
3609000 187
3610000 187
3611000 187
3612000 187
3613000 187
3614000 187
3615000 187
3616000 187
3617000 187
3618000 187
3619000 187
3620000 187
3621000 187
3622000 187
3623000 187
3624000 187
3625000 187
3626000 187
3627000 187
3628000 187
3629000 187
3630000 187
3631000 187
3632000 187
3633000 187
3634000 187
3635000 187
3636000 187
3637000 187
3638000 187
3639000 187
3640000 187
3641000 187
3642000 187
3643000 187
3644000 187
3645000 187
3646000 187
3647000 187
3648000 187
3649000 187
3650000 187
3651000 187
3652000 187
3653000 187
3654000 187
3655000 187
3656000 187
3657000 187
3658000 187
3659000 187
3660000 187
3661000 187
3662000 187
3663000 187
3664000 187
3665000 188
3666000 188
3667000 188
3668000 188
3669000 188
3670000 188
3671000 188
3672000 189
3673000 189
3674000 189
3675000 189
3676000 189
3677000 189
3678000 189
3679000 189
3680000 189
3681000 190
3682000 190
3683000 190
3684000 190
3685000 190
3686000 190
3687000 190
3688000 190
3689000 191
3690000 191
3691000 191
3692000 191
3693000 191
3694000 191
3695000 191
3696000 191
3697000 191
3698000 191
3699000 191
3700000 191
3701000 191
3702000 191
3703000 191
3704000 191
3705000 191
3706000 191
3707000 191
3708000 191
3709000 191
3710000 191
3711000 191
3712000 191
3713000 191
3714000 191
3715000 191
3716000 191
3717000 191
3718000 191
3719000 191
3720000 191
3721000 191
3722000 191
3723000 191
3724000 191
3725000 191
3726000 191
3727000 191
3728000 191
3729000 191
3730000 191
3731000 191
3732000 191
3733000 191
3734000 191
3735000 191
3736000 191
3737000 191
3738000 191
3739000 191
3740000 191
3741000 191
3742000 191
3743000 191
3744000 191
3745000 192
3746000 192
3747000 192
3748000 192
3749000 192
3750000 192
3751000 192
3752000 193
3753000 193
3754000 193
3755000 193
3756000 193
3757000 193
3758000 193
3759000 193
3760000 193
3761000 194
3762000 194
3763000 194
3764000 194
3765000 194
3766000 194
3767000 194
3768000 194
3769000 194
3770000 194
3771000 195
3772000 195
3773000 195
3774000 195
3775000 195
3776000 195
3777000 195
3778000 195
3779000 195
3780000 195
3781000 195
3782000 195
3783000 195
3784000 195
3785000 195
3786000 195
3787000 195
3788000 195
3789000 195
3790000 195
3791000 195
3792000 195
3793000 195
3794000 195
3795000 195
3796000 195
3797000 195
3798000 195
3799000 195
3800000 195
3801000 195
3802000 195
3803000 195
3804000 195
3805000 195
3806000 195
3807000 195
3808000 195
3809000 195
3810000 195
3811000 195
3812000 195
3813000 195
3814000 195
3815000 195
3816000 195
3817000 195
3818000 195
3819000 195
3820000 195
3821000 195
3822000 195
3823000 195
3824000 195
3825000 195
3826000 195
3827000 195
3828000 195
3829000 196
3830000 196
3831000 196
3832000 196
3833000 196
3834000 196
3835000 196
3836000 196
3837000 197
3838000 197
3839000 197
3840000 197
3841000 197
3842000 197
3843000 197
3844000 198
3845000 198
3846000 198
3847000 198
3848000 198
3849000 198
3850000 198
3851000 198
3852000 198
3853000 198
3854000 198
3855000 198
3856000 198
3857000 198
3858000 198
3859000 198
3860000 198
3861000 198
3862000 198
3863000 198
3864000 198
3865000 198
3866000 198
3867000 198
3868000 198
3869000 198
3870000 198
3871000 198
3872000 198
3873000 198
3874000 198
3875000 198
3876000 198
3877000 198
3878000 198
3879000 198
3880000 198
3881000 198
3882000 198
3883000 198
3884000 198
3885000 198
3886000 198
3887000 198
3888000 198
3889000 198
3890000 198
3891000 198
3892000 198
3893000 198
3894000 198
3895000 198
3896000 198
3897000 198
3898000 198
3899000 198
3900000 198
3901000 199
3902000 199
3903000 199
3904000 199
3905000 199
3906000 199
3907000 199
3908000 199
3909000 199
3910000 199
3911000 199
3912000 199
3913000 199
3914000 199
3915000 199
3916000 199
3917000 199
3918000 199
3919000 199
3920000 199
3921000 199
3922000 199
3923000 199
3924000 199
3925000 199
3926000 199
3927000 199
3928000 199
3929000 199
3930000 199
3931000 199
3932000 199
3933000 199
3934000 199
3935000 199
3936000 199
3937000 199
3938000 199
3939000 199
3940000 199
3941000 199
3942000 199
3943000 199
3944000 199
3945000 199
3946000 199
3947000 199
3948000 199
3949000 199
3950000 199
3951000 199
3952000 199
3953000 199
3954000 199
3955000 199
3956000 199
3957000 199
3958000 200
3959000 200
3960000 200
3961000 200
3962000 200
3963000 200
3964000 200
3965000 201
3966000 201
3967000 201
3968000 201
3969000 201
3970000 201
3971000 201
3972000 201
3973000 202
3974000 202
3975000 202
3976000 202
3977000 202
3978000 202
3979000 202
3980000 202
3981000 202
3982000 202
3983000 202
3984000 202
3985000 202
3986000 202
3987000 202
3988000 202
3989000 202
3990000 202
3991000 202
3992000 202
3993000 202
3994000 202
3995000 202
3996000 202
3997000 202
3998000 202
3999000 202
4000000 202
4001000 202
4002000 202
4003000 202
4004000 202
4005000 202
4006000 202
4007000 202
4008000 202
4009000 202
4010000 202
4011000 202
4012000 202
4013000 202
4014000 202
4015000 202
4016000 202
4017000 202
4018000 202
4019000 202
4020000 202
4021000 202
4022000 202
4023000 202
4024000 202
4025000 202
4026000 202
4027000 202
4028000 202
4029000 202
4030000 203
4031000 203
4032000 203
4033000 203
4034000 203
4035000 203
4036000 203
4037000 203
4038000 203
4039000 203
4040000 204
4041000 204
4042000 204
4043000 204
4044000 204
4045000 204
4046000 205
4047000 205
4048000 205
4049000 205
4050000 205
4051000 205
4052000 205
4053000 206
4054000 206
4055000 206
4056000 206
4057000 206
4058000 206
4059000 206
4060000 207
4061000 207
4062000 207
4063000 207
4064000 207
4065000 207
4066000 207
4067000 207
4068000 207
4069000 207
4070000 208
4071000 208
4072000 208
4073000 208
4074000 208
4075000 208
4076000 208
4077000 208
4078000 208
4079000 209
4080000 209
4081000 209
4082000 209
4083000 209
4084000 209
4085000 209
4086000 210
4087000 210
4088000 210
4089000 210
4090000 210
4091000 210
4092000 210
4093000 210
4094000 210
4095000 211
4096000 211
4097000 211
4098000 211
4099000 211
4100000 211
4101000 211
4102000 212
4103000 212
4104000 212
4105000 212
4106000 212
4107000 212
4108000 212
4109000 212
4110000 213
4111000 213
4112000 213
4113000 213
4114000 213
4115000 213
4116000 213
4117000 213
4118000 214
4119000 214
4120000 214
4121000 214
4122000 214
4123000 214
4124000 214
4125000 214
4126000 214
4127000 214
4128000 214
4129000 214
4130000 214
4131000 214
4132000 214
4133000 214
4134000 214
4135000 214
4136000 214
4137000 214
4138000 214
4139000 214
4140000 214
4141000 214
4142000 214
4143000 214
4144000 214
4145000 214
4146000 214
4147000 214
4148000 214
4149000 214
4150000 214
4151000 214
4152000 214
4153000 214
4154000 214
4155000 214
4156000 214
4157000 214
4158000 214
4159000 214
4160000 214
4161000 214
4162000 214
4163000 214
4164000 214
4165000 214
4166000 214
4167000 214
4168000 214
4169000 214
4170000 214
4171000 214
4172000 214
4173000 214
4174000 214
4175000 214
4176000 214
4177000 214
4178000 214
4179000 214
4180000 214
4181000 214
4182000 214
4183000 214
4184000 214
4185000 214
4186000 214
4187000 214
4188000 214
4189000 214
4190000 214
4191000 214
4192000 214
4193000 214
4194000 214
4195000 214
4196000 214
4197000 214
4198000 214
4199000 214
4200000 214
4201000 214
4202000 214
4203000 214
4204000 214
4205000 214
4206000 214
4207000 214
4208000 214
4209000 214
4210000 214
4211000 214
4212000 214
4213000 214
4214000 214
4215000 214
4216000 214
4217000 214
4218000 214
4219000 214
4220000 214
4221000 214
4222000 214
4223000 214
4224000 214
4225000 214
4226000 215
4227000 215
4228000 215
4229000 215
4230000 215
4231000 215
4232000 215
4233000 216
4234000 216
4235000 216
4236000 216
4237000 216
4238000 216
4239000 217
4240000 217
4241000 217
4242000 217
4243000 217
4244000 217
4245000 217
4246000 217
4247000 218
4248000 218
4249000 218
4250000 218
4251000 218
4252000 218
4253000 218
4254000 218
4255000 218
4256000 218
4257000 218
4258000 218
4259000 218
4260000 218
4261000 218
4262000 218
4263000 218
4264000 218
4265000 218
4266000 218
4267000 218
4268000 218
4269000 218
4270000 218
4271000 218
4272000 218
4273000 218
4274000 218
4275000 218
4276000 218
4277000 218
4278000 218
4279000 218
4280000 219
4281000 219
4282000 219
4283000 219
4284000 219
4285000 219
4286000 219
4287000 219
4288000 219
4289000 219
4290000 219
4291000 219
4292000 219
4293000 220
4294000 220
4295000 220
4296000 220
4297000 220
4298000 220
4299000 220
4300000 220
4301000 221
4302000 221
4303000 221
4304000 221
4305000 221
4306000 221
4307000 221
4308000 221
4309000 221
4310000 221
4311000 221
4312000 221
4313000 221
4314000 221
4315000 221
4316000 221
4317000 221
4318000 221
4319000 221
4320000 221
4321000 221
4322000 221
4323000 221
4324000 221
4325000 221
4326000 221
4327000 221
4328000 221
4329000 221
4330000 221
4331000 221
4332000 221
4333000 221
4334000 221
4335000 221
4336000 221
4337000 221
4338000 221
4339000 221
4340000 221
4341000 221
4342000 221
4343000 221
4344000 221
4345000 221
4346000 221
4347000 221
4348000 221
4349000 221
4350000 221
4351000 221
4352000 221
4353000 221
4354000 221
4355000 221
4356000 221
4357000 221
4358000 221
4359000 221
4360000 221
4361000 221
4362000 222
4363000 222
4364000 222
4365000 222
4366000 222
4367000 222
4368000 222
4369000 222
4370000 222
4371000 223
4372000 223
4373000 223
4374000 223
4375000 223
4376000 223
4377000 223
4378000 223
4379000 223
4380000 223
4381000 224
4382000 224
4383000 224
4384000 224
4385000 224
4386000 224
4387000 224
4388000 224
4389000 225
4390000 225
4391000 225
4392000 225
4393000 225
4394000 225
4395000 225
4396000 225
4397000 226
4398000 226
4399000 226
4400000 226
4401000 226
4402000 226
4403000 226
4404000 226
4405000 226
4406000 226
4407000 226
4408000 226
4409000 226
4410000 226
4411000 226
4412000 226
4413000 226
4414000 226
4415000 226
4416000 226
4417000 226
4418000 226
4419000 226
4420000 226
4421000 226
4422000 226
4423000 226
4424000 226
4425000 226
4426000 226
4427000 226
4428000 226
4429000 226
4430000 226
4431000 226
4432000 226
4433000 226
4434000 226
4435000 226
4436000 226
4437000 226
4438000 226
4439000 226
4440000 226
4441000 226
4442000 226
4443000 226
4444000 226
4445000 226
4446000 226
4447000 226
4448000 226
4449000 226
4450000 226
4451000 226
4452000 226
4453000 226
4454000 227
4455000 227
4456000 227
4457000 227
4458000 227
4459000 227
4460000 227
4461000 228
4462000 228
4463000 228
4464000 228
4465000 228
4466000 228
4467000 228
4468000 229
4469000 229
4470000 229
4471000 229
4472000 229
4473000 229
4474000 229
4475000 230
4476000 230
4477000 230
4478000 230
4479000 230
4480000 230
4481000 230
4482000 230
4483000 231
4484000 231
4485000 231
4486000 231
4487000 231
4488000 231
4489000 231
4490000 232
4491000 232
4492000 232
4493000 232
4494000 232
4495000 232
4496000 232
4497000 232
4498000 233
4499000 233
4500000 233
4501000 233
4502000 233
4503000 233
4504000 233
4505000 233
4506000 233
4507000 233
4508000 233
4509000 234
4510000 234
4511000 234
4512000 234
4513000 234
4514000 234
4515000 234
4516000 234
4517000 234
4518000 234
4519000 234
4520000 234
4521000 234
4522000 234
4523000 234
4524000 234
4525000 234
4526000 234
4527000 234
4528000 234
4529000 234
4530000 234
4531000 234
4532000 234
4533000 234
4534000 234
4535000 234
4536000 234
4537000 234
4538000 234
4539000 234
4540000 234
4541000 234
4542000 234
4543000 234
4544000 234
4545000 234
4546000 234
4547000 234
4548000 234
4549000 234
4550000 234
4551000 234
4552000 234
4553000 234
4554000 234
4555000 234
4556000 234
4557000 234
4558000 234
4559000 234
4560000 234
4561000 234
4562000 234
4563000 234
4564000 234
4565000 234
4566000 234
4567000 235
4568000 235
4569000 235
4570000 235
4571000 235
4572000 235
4573000 235
4574000 235
4575000 235
4576000 236
4577000 236
4578000 236
4579000 236
4580000 236
4581000 236
4582000 236
4583000 237
4584000 237
4585000 237
4586000 237
4587000 237
4588000 237
4589000 237
4590000 238
4591000 238
4592000 238
4593000 238
4594000 238
4595000 238
4596000 238
4597000 238
4598000 238
4599000 238
4600000 238
4601000 238
4602000 238
4603000 239
4604000 239
4605000 239
4606000 239
4607000 239
4608000 239
4609000 239
4610000 239
4611000 239
4612000 239
4613000 239
4614000 239
4615000 239
4616000 239
4617000 239
4618000 239
4619000 239
4620000 239
4621000 239
4622000 239
4623000 239
4624000 239
4625000 239
4626000 239
4627000 239
4628000 239
4629000 239
4630000 239
4631000 239
4632000 239
4633000 239
4634000 239
4635000 239
4636000 239
4637000 239
4638000 239
4639000 239
4640000 239
4641000 239
4642000 239
4643000 239
4644000 239
4645000 239
4646000 239
4647000 239
4648000 239
4649000 239
4650000 239
4651000 239
4652000 239
4653000 239
4654000 239
4655000 239
4656000 239
4657000 239
4658000 239
4659000 239
4660000 239
4661000 240
4662000 240
4663000 240
4664000 240
4665000 240
4666000 240
4667000 240
4668000 241
4669000 241
4670000 241
4671000 241
4672000 241
4673000 241
4674000 241
4675000 242
4676000 242
4677000 242
4678000 242
4679000 242
4680000 242
4681000 242
4682000 242
4683000 242
4684000 242
4685000 242
4686000 242
4687000 242
4688000 242
4689000 242
4690000 242
4691000 242
4692000 242
4693000 242
4694000 242
4695000 242
4696000 242
4697000 242
4698000 242
4699000 242
4700000 242
4701000 242
4702000 242
4703000 242
4704000 242
4705000 242
4706000 242
4707000 242
4708000 242
4709000 242
4710000 242
4711000 242
4712000 242
4713000 242
4714000 242
4715000 242
4716000 242
4717000 242
4718000 242
4719000 242
4720000 242
4721000 242
4722000 242
4723000 242
4724000 242
4725000 242
4726000 242
4727000 242
4728000 242
4729000 242
4730000 242
4731000 242
4732000 242
4733000 242
4734000 242
4735000 242
4736000 242
4737000 242
4738000 242
4739000 242
4740000 242
4741000 242
4742000 242
4743000 242
4744000 242
4745000 242
4746000 242
4747000 242
4748000 242
4749000 242
4750000 242
4751000 242
4752000 242
4753000 242
4754000 242
4755000 242
4756000 242
4757000 242
4758000 242
4759000 242
4760000 242
4761000 242
4762000 242
4763000 242
4764000 242
4765000 242
4766000 242
4767000 242
4768000 242
4769000 242
4770000 242
4771000 242
4772000 242
4773000 242
4774000 242
4775000 242
4776000 242
4777000 242
4778000 242
4779000 242
4780000 242
4781000 243
4782000 243
4783000 243
4784000 243
4785000 243
4786000 243
4787000 243
4788000 243
4789000 244
4790000 244
4791000 244
4792000 244
4793000 244
4794000 244
4795000 244
4796000 244
4797000 245
4798000 245
4799000 245
4800000 245
4801000 245
4802000 245
4803000 245
4804000 245
4805000 245
4806000 245
4807000 245
4808000 245
4809000 245
4810000 245
4811000 245
4812000 245
4813000 245
4814000 245
4815000 245
4816000 245
4817000 245
4818000 245
4819000 245
4820000 245
4821000 245
4822000 245
4823000 245
4824000 245
4825000 245
4826000 245
4827000 245
4828000 245
4829000 245
4830000 245
4831000 245
4832000 245
4833000 245
4834000 245
4835000 245
4836000 245
4837000 245
4838000 245
4839000 245
4840000 245
4841000 245
4842000 245
4843000 245
4844000 245
4845000 245
4846000 245
4847000 245
4848000 245
4849000 245
4850000 245
4851000 245
4852000 245
4853000 245
4854000 245
4855000 245
4856000 245
4857000 246
4858000 246
4859000 246
4860000 246
4861000 246
4862000 246
4863000 246
4864000 246
4865000 247
4866000 247
4867000 247
4868000 247
4869000 247
4870000 247
4871000 247
4872000 247
4873000 248
4874000 248
4875000 248
4876000 248
4877000 248
4878000 248
4879000 248
4880000 248
4881000 248
4882000 249
4883000 249
4884000 249
4885000 249
4886000 249
4887000 249
4888000 249
4889000 249
4890000 250
4891000 250
4892000 250
4893000 250
4894000 250
4895000 250
4896000 250
4897000 250
4898000 250
4899000 250
4900000 250
4901000 250
4902000 250
4903000 250
4904000 250
4905000 250
4906000 250
4907000 250
4908000 250
4909000 250
4910000 250
4911000 250
4912000 250
4913000 250
4914000 250
4915000 250
4916000 250
4917000 250
4918000 250
4919000 250
4920000 250
4921000 250
4922000 250
4923000 250
4924000 250
4925000 250
4926000 250
4927000 250
4928000 250
4929000 250
4930000 250
4931000 250
4932000 250
4933000 250
4934000 250
4935000 250
4936000 250
4937000 250
4938000 250
4939000 250
4940000 250
4941000 250
4942000 250
4943000 250
4944000 250
4945000 250
4946000 250
4947000 250
4948000 250
4949000 250
4950000 250
4951000 250
4952000 250
4953000 250
4954000 250
4955000 250
4956000 250
4957000 250
4958000 250
4959000 250
4960000 250
4961000 250
4962000 250
4963000 250
4964000 250
4965000 250
4966000 250
4967000 250
4968000 250
4969000 250
4970000 250
4971000 250
4972000 250
4973000 250
4974000 250
4975000 250
4976000 250
4977000 250
4978000 250
4979000 250
4980000 250
4981000 250
4982000 250
4983000 250
4984000 250
4985000 250
4986000 250
4987000 250
4988000 250
4989000 250
4990000 250
4991000 250
4992000 250
4993000 250
4994000 250
4995000 250
4996000 250
4997000 251
4998000 251
4999000 251
5000000 251
