0 0
1000 0
2000 0
3000 0
4000 0
5000 0
6000 0
7000 0
8000 0
9000 0
10000 0
11000 0
12000 0
13000 0
14000 0
15000 0
16000 0
17000 0
18000 0
19000 0
20000 0
21000 0
22000 0
23000 0
24000 0
25000 0
26000 0
27000 0
28000 0
29000 0
30000 0
31000 0
32000 0
33000 0
34000 0
35000 0
36000 0
37000 0
38000 0
39000 0
40000 0
41000 0
42000 0
43000 1
44000 1
45000 1
46000 1
47000 1
48000 1
49000 1
50000 1
51000 1
52000 1
53000 1
54000 1
55000 1
56000 1
57000 1
58000 1
59000 1
60000 1
61000 1
62000 1
63000 1
64000 1
65000 1
66000 1
67000 1
68000 1
69000 1
70000 1
71000 1
72000 1
73000 1
74000 1
75000 1
76000 1
77000 1
78000 1
79000 1
80000 1
81000 1
82000 1
83000 1
84000 1
85000 1
86000 1
87000 1
88000 1
89000 1
90000 1
91000 1
92000 1
93000 1
94000 1
95000 1
96000 1
97000 1
98000 1
99000 1
100000 1
101000 1
102000 1
103000 1
104000 1
105000 1
106000 1
107000 1
108000 1
109000 1
110000 1
111000 1
112000 1
113000 1
114000 1
115000 1
116000 1
117000 1
118000 1
119000 1
120000 1
121000 1
122000 1
123000 1
124000 1
125000 1
126000 1
127000 1
128000 1
129000 1
130000 1
131000 1
132000 1
133000 1
134000 1
135000 1
136000 1
137000 1
138000 1
139000 1
140000 1
141000 1
142000 1
143000 1
144000 1
145000 1
146000 1
147000 1
148000 1
149000 1
150000 1
151000 1
152000 1
153000 1
154000 1
155000 1
156000 1
157000 1
158000 1
159000 1
160000 1
161000 1
162000 1
163000 1
164000 1
165000 1
166000 1
167000 1
168000 1
169000 1
170000 1
171000 1
172000 1
173000 1
174000 1
175000 1
176000 1
177000 2
178000 2
179000 2
180000 2
181000 2
182000 2
183000 2
184000 2
185000 2
186000 2
187000 2
188000 2
189000 2
190000 2
191000 2
192000 2
193000 2
194000 2
195000 2
196000 2
197000 3
198000 3
199000 3
200000 3
201000 3
202000 3
203000 3
204000 3
205000 3
206000 3
207000 3
208000 3
209000 3
210000 3
211000 4
212000 4
213000 4
214000 4
215000 4
216000 4
217000 4
218000 4
219000 4
220000 4
221000 4
222000 4
223000 4
224000 5
225000 5
226000 5
227000 5
228000 5
229000 5
230000 5
231000 5
232000 5
233000 5
234000 5
235000 5
236000 5
237000 5
238000 5
239000 5
240000 5
241000 5
242000 6
243000 6
244000 6
245000 6
246000 6
247000 6
248000 6
249000 6
250000 6
251000 6
252000 6
253000 6
254000 6
255000 6
256000 6
257000 6
258000 6
259000 7
260000 7
261000 7
262000 7
263000 7
264000 7
265000 7
266000 7
267000 7
268000 7
269000 7
270000 7
271000 7
272000 7
273000 7
274000 8
275000 8
276000 8
277000 8
278000 8
279000 8
280000 8
281000 8
282000 8
283000 8
284000 8
285000 8
286000 8
287000 8
288000 8
289000 8
290000 8
291000 8
292000 8
293000 8
294000 8
295000 8
296000 8
297000 8
298000 8
299000 8
300000 8
301000 8
302000 8
303000 8
304000 8
305000 8
306000 8
307000 8
308000 8
309000 8
310000 8
311000 8
312000 8
313000 8
314000 8
315000 8
316000 8
317000 8
318000 8
319000 8
320000 8
321000 8
322000 8
323000 8
324000 8
325000 8
326000 8
327000 8
328000 8
329000 8
330000 8
331000 8
332000 8
333000 8
334000 8
335000 8
336000 8
337000 8
338000 8
339000 8
340000 8
341000 9
342000 9
343000 9
344000 9
345000 9
346000 9
347000 9
348000 9
349000 9
350000 9
351000 9
352000 9
353000 9
354000 9
355000 9
356000 9
357000 9
358000 9
359000 9
360000 9
361000 9
362000 9
363000 9
364000 9
365000 9
366000 9
367000 9
368000 9
369000 9
370000 9
371000 9
372000 9
373000 9
374000 9
375000 9
376000 9
377000 9
378000 9
379000 9
380000 9
381000 9
382000 9
383000 9
384000 9
385000 9
386000 9
387000 9
388000 9
389000 9
390000 9
391000 9
392000 9
393000 9
394000 9
395000 9
396000 9
397000 9
398000 9
399000 9
400000 9
401000 9
402000 9
403000 9
404000 9
405000 9
406000 9
407000 9
408000 9
409000 9
410000 9
411000 9
412000 9
413000 9
414000 9
415000 9
416000 9
417000 9
418000 9
419000 9
420000 9
421000 9
422000 9
423000 9
424000 9
425000 9
426000 9
427000 9
428000 9
429000 9
430000 9
431000 9
432000 9
433000 9
434000 9
435000 9
436000 9
437000 9
438000 9
439000 9
440000 9
441000 9
442000 9
443000 9
444000 9
445000 9
446000 9
447000 9
448000 9
449000 9
450000 9
451000 9
452000 9
453000 9
454000 9
455000 9
456000 9
457000 9
458000 9
459000 9
460000 9
461000 9
462000 9
463000 9
464000 9
465000 9
466000 9
467000 9
468000 9
469000 9
470000 9
471000 9
472000 9
473000 9
474000 9
475000 9
476000 9
477000 9
478000 9
479000 9
480000 9
481000 9
482000 9
483000 9
484000 9
485000 9
486000 9
487000 9
488000 9
489000 9
490000 9
491000 9
492000 9
493000 9
494000 9
495000 9
496000 9
497000 9
498000 9
499000 9
500000 9
501000 9
502000 9
503000 9
504000 9
505000 9
506000 9
507000 9
508000 9
509000 9
510000 9
511000 9
512000 9
513000 9
514000 9
515000 9
516000 9
517000 9
518000 9
519000 9
520000 9
521000 9
522000 9
523000 9
524000 9
525000 9
526000 9
527000 9
528000 9
529000 9
530000 9
531000 9
532000 9
533000 9
534000 9
535000 9
536000 9
537000 9
538000 9
539000 9
540000 9
541000 9
542000 9
543000 9
544000 9
545000 9
546000 9
547000 9
548000 9
549000 9
550000 9
551000 9
552000 9
553000 9
554000 9
555000 9
556000 9
557000 9
558000 9
559000 9
560000 9
561000 9
562000 9
563000 9
564000 9
565000 9
566000 9
567000 9
568000 9
569000 9
570000 9
571000 9
572000 9
573000 9
574000 9
575000 9
576000 9
577000 9
578000 10
579000 10
580000 10
581000 10
582000 10
583000 10
584000 10
585000 10
586000 10
587000 10
588000 10
589000 10
590000 10
591000 10
592000 10
593000 10
594000 10
595000 10
596000 10
597000 10
598000 10
599000 10
600000 10
601000 10
602000 10
603000 10
604000 10
605000 10
606000 10
607000 10
608000 10
609000 10
610000 10
611000 10
612000 10
613000 10
614000 10
615000 10
616000 10
617000 10
618000 10
619000 10
620000 10
621000 10
622000 10
623000 10
624000 10
625000 10
626000 10
627000 10
628000 10
629000 10
630000 10
631000 10
632000 10
633000 10
634000 10
635000 10
636000 10
637000 10
638000 10
639000 10
640000 10
641000 10
642000 10
643000 10
644000 10
645000 10
646000 10
647000 10
648000 10
649000 10
650000 10
651000 10
652000 10
653000 10
654000 10
655000 10
656000 10
657000 10
658000 10
659000 10
660000 10
661000 10
662000 10
663000 10
664000 10
665000 10
666000 10
667000 10
668000 10
669000 10
670000 10
671000 10
672000 10
673000 10
674000 10
675000 10
676000 10
677000 10
678000 10
679000 10
680000 10
681000 10
682000 10
683000 10
684000 10
685000 10
686000 10
687000 10
688000 10
689000 10
690000 10
691000 10
692000 10
693000 10
694000 10
695000 10
696000 10
697000 10
698000 10
699000 10
700000 10
701000 10
702000 10
703000 10
704000 10
705000 10
706000 10
707000 10
708000 10
709000 10
710000 10
711000 10
712000 10
713000 10
714000 10
715000 10
716000 10
717000 10
718000 10
719000 10
720000 10
721000 10
722000 10
723000 10
724000 10
725000 10
726000 10
727000 10
728000 10
729000 10
730000 10
731000 10
732000 10
733000 10
734000 10
735000 10
736000 10
737000 10
738000 10
739000 10
740000 10
741000 10
742000 10
743000 10
744000 10
745000 10
746000 10
747000 10
748000 10
749000 10
750000 10
751000 10
752000 10
753000 10
754000 10
755000 10
756000 10
757000 10
758000 10
759000 10
760000 10
761000 10
762000 10
763000 10
764000 10
765000 10
766000 10
767000 10
768000 10
769000 10
770000 10
771000 10
772000 10
773000 10
774000 10
775000 10
776000 10
777000 10
778000 10
779000 10
780000 10
781000 10
782000 10
783000 10
784000 10
785000 10
786000 10
787000 10
788000 10
789000 10
790000 10
791000 10
792000 10
793000 10
794000 10
795000 10
796000 10
797000 10
798000 10
799000 10
800000 10
801000 10
802000 10
803000 10
804000 10
805000 10
806000 10
807000 10
808000 10
809000 10
810000 10
811000 10
812000 10
813000 10
814000 10
815000 10
816000 10
817000 10
818000 10
819000 10
820000 10
821000 10
822000 10
823000 10
824000 10
825000 10
826000 10
827000 10
828000 10
829000 10
830000 10
831000 10
832000 10
833000 10
834000 10
835000 10
836000 10
837000 10
838000 10
839000 10
840000 10
841000 10
842000 10
843000 10
844000 10
845000 10
846000 10
847000 10
848000 10
849000 10
850000 10
851000 10
852000 10
853000 10
854000 10
855000 10
856000 10
857000 10
858000 10
859000 10
860000 10
861000 10
862000 10
863000 10
864000 10
865000 10
866000 10
867000 10
868000 10
869000 10
870000 10
871000 10
872000 10
873000 10
874000 10
875000 10
876000 10
877000 10
878000 11
879000 11
880000 11
881000 11
882000 11
883000 11
884000 11
885000 11
886000 11
887000 11
888000 11
889000 11
890000 11
891000 11
892000 11
893000 11
894000 11
895000 11
896000 11
897000 11
898000 11
899000 11
900000 11
901000 11
902000 11
903000 11
904000 11
905000 12
906000 12
907000 12
908000 12
909000 12
910000 12
911000 12
912000 12
913000 12
914000 12
915000 12
916000 12
917000 12
918000 12
919000 12
920000 12
921000 12
922000 12
923000 12
924000 12
925000 12
926000 12
927000 12
928000 12
929000 12
930000 12
931000 12
932000 12
933000 12
934000 12
935000 12
936000 13
937000 13
938000 13
939000 13
940000 13
941000 13
942000 13
943000 13
944000 13
945000 13
946000 13
947000 13
948000 13
949000 13
950000 13
951000 13
952000 13
953000 13
954000 13
955000 13
956000 13
957000 14
958000 14
959000 14
960000 14
961000 14
962000 14
963000 14
964000 14
965000 14
966000 14
967000 14
968000 14
969000 14
970000 14
971000 14
972000 14
973000 14
974000 14
975000 14
976000 14
977000 14
978000 14
979000 14
980000 15
981000 15
982000 15
983000 15
984000 15
985000 15
986000 15
987000 15
988000 15
989000 15
990000 15
991000 15
992000 15
993000 15
994000 15
995000 15
996000 15
997000 15
998000 16
999000 16
1000000 16
1001000 16
1002000 16
1003000 16
1004000 16
1005000 16
1006000 16
1007000 16
1008000 16
1009000 16
1010000 16
1011000 16
1012000 16
1013000 16
1014000 16
1015000 16
1016000 16
1017000 16
1018000 16
1019000 16
1020000 16
1021000 16
1022000 16
1023000 16
1024000 16
1025000 16
1026000 16
1027000 16
1028000 16
1029000 16
1030000 16
1031000 16
1032000 16
1033000 16
1034000 16
1035000 16
1036000 16
1037000 16
1038000 16
1039000 16
1040000 16
1041000 16
1042000 16
1043000 16
1044000 17
1045000 17
1046000 17
1047000 17
1048000 17
1049000 17
1050000 17
1051000 17
1052000 17
1053000 17
1054000 17
1055000 17
1056000 17
1057000 17
1058000 17
1059000 17
1060000 17
1061000 18
1062000 18
1063000 18
1064000 18
1065000 18
1066000 18
1067000 18
1068000 18
1069000 18
1070000 18
1071000 18
1072000 18
1073000 18
1074000 18
1075000 18
1076000 18
1077000 18
1078000 18
1079000 19
1080000 19
1081000 19
1082000 19
1083000 19
1084000 19
1085000 19
1086000 19
1087000 19
1088000 19
1089000 19
1090000 19
1091000 19
1092000 19
1093000 19
1094000 19
1095000 19
1096000 19
1097000 19
1098000 20
1099000 20
1100000 20
1101000 20
1102000 20
1103000 20
1104000 20
1105000 20
1106000 20
1107000 20
1108000 20
1109000 20
1110000 20
1111000 20
1112000 20
1113000 21
1114000 21
1115000 21
1116000 21
1117000 21
1118000 21
1119000 21
1120000 21
1121000 21
1122000 21
1123000 21
1124000 21
1125000 21
1126000 21
1127000 21
1128000 21
1129000 21
1130000 21
1131000 21
1132000 22
1133000 22
1134000 22
1135000 22
1136000 22
1137000 22
1138000 22
1139000 22
1140000 22
1141000 22
1142000 22
1143000 22
1144000 22
1145000 22
1146000 23
1147000 23
1148000 23
1149000 23
1150000 23
1151000 23
1152000 23
1153000 23
1154000 23
1155000 23
1156000 23
1157000 23
1158000 23
1159000 23
1160000 23
1161000 23
1162000 23
1163000 23
1164000 24
1165000 24
1166000 24
1167000 24
1168000 24
1169000 24
1170000 24
1171000 24
1172000 24
1173000 24
1174000 24
1175000 24
1176000 24
1177000 24
1178000 24
1179000 24
1180000 25
1181000 25
1182000 25
1183000 25
1184000 25
1185000 25
1186000 25
1187000 25
1188000 25
1189000 25
1190000 25
1191000 25
1192000 26
1193000 26
1194000 26
1195000 26
1196000 26
1197000 26
1198000 26
1199000 26
1200000 26
1201000 26
1202000 26
1203000 26
1204000 26
1205000 26
1206000 26
1207000 27
1208000 27
1209000 27
1210000 27
1211000 27
1212000 27
1213000 27
1214000 27
1215000 27
1216000 27
1217000 27
1218000 27
1219000 27
1220000 28
1221000 28
1222000 28
1223000 28
1224000 28
1225000 28
1226000 28
1227000 28
1228000 28
1229000 28
1230000 28
1231000 28
1232000 28
1233000 28
1234000 28
1235000 28
1236000 28
1237000 29
1238000 29
1239000 29
1240000 29
1241000 29
1242000 29
1243000 29
1244000 29
1245000 29
1246000 29
1247000 29
1248000 29
1249000 29
1250000 29
1251000 29
1252000 29
1253000 30
1254000 30
1255000 30
1256000 30
1257000 30
1258000 30
1259000 30
1260000 30
1261000 30
1262000 30
1263000 30
1264000 30
1265000 30
1266000 30
1267000 30
1268000 31
1269000 31
1270000 31
1271000 31
1272000 31
1273000 31
1274000 31
1275000 31
1276000 31
1277000 31
1278000 31
1279000 31
1280000 31
1281000 31
1282000 31
1283000 32
1284000 32
1285000 32
1286000 32
1287000 32
1288000 32
1289000 32
1290000 32
1291000 32
1292000 32
1293000 32
1294000 32
1295000 32
1296000 32
1297000 32
1298000 33
1299000 33
1300000 33
1301000 33
1302000 33
1303000 33
1304000 33
1305000 33
1306000 33
1307000 33
1308000 33
1309000 33
1310000 33
1311000 33
1312000 34
1313000 34
1314000 34
1315000 34
1316000 34
1317000 34
1318000 34
1319000 34
1320000 34
1321000 34
1322000 34
1323000 34
1324000 34
1325000 34
1326000 34
1327000 34
1328000 35
1329000 35
1330000 35
1331000 35
1332000 35
1333000 35
1334000 35
1335000 35
1336000 35
1337000 35
1338000 35
1339000 35
1340000 35
1341000 35
1342000 35
1343000 36
1344000 36
1345000 36
1346000 36
1347000 36
1348000 36
1349000 36
1350000 36
1351000 36
1352000 36
1353000 36
1354000 36
1355000 36
1356000 36
1357000 36
1358000 36
1359000 36
1360000 36
1361000 36
1362000 36
1363000 36
1364000 36
1365000 36
1366000 36
1367000 36
1368000 36
1369000 36
1370000 36
1371000 36
1372000 36
1373000 36
1374000 36
1375000 36
1376000 36
1377000 36
1378000 36
1379000 36
1380000 36
1381000 37
1382000 37
1383000 37
1384000 37
1385000 37
1386000 37
1387000 37
1388000 37
1389000 37
1390000 37
1391000 37
1392000 37
1393000 37
1394000 37
1395000 37
1396000 37
1397000 38
1398000 38
1399000 38
1400000 38
1401000 38
1402000 38
1403000 38
1404000 38
1405000 38
1406000 38
1407000 38
1408000 38
1409000 38
1410000 38
1411000 38
1412000 38
1413000 38
1414000 38
1415000 38
1416000 38
1417000 38
1418000 38
1419000 38
1420000 38
1421000 38
1422000 38
1423000 38
1424000 38
1425000 38
1426000 38
1427000 38
1428000 38
1429000 38
1430000 38
1431000 38
1432000 38
1433000 38
1434000 38
1435000 38
1436000 38
1437000 38
1438000 38
1439000 38
1440000 38
1441000 38
1442000 38
1443000 38
1444000 38
1445000 38
1446000 38
1447000 38
1448000 38
1449000 38
1450000 38
1451000 38
1452000 38
1453000 38
1454000 38
1455000 38
1456000 38
1457000 38
1458000 38
1459000 38
1460000 38
1461000 38
1462000 38
1463000 39
1464000 39
1465000 39
1466000 39
1467000 39
1468000 39
1469000 39
1470000 39
1471000 39
1472000 39
1473000 39
1474000 39
1475000 39
1476000 39
1477000 39
1478000 39
1479000 39
1480000 39
1481000 39
1482000 39
1483000 39
1484000 39
1485000 39
1486000 39
1487000 39
1488000 39
1489000 39
1490000 39
1491000 39
1492000 39
1493000 39
1494000 39
1495000 39
1496000 39
1497000 39
1498000 39
1499000 39
1500000 39
1501000 39
1502000 39
1503000 39
1504000 39
1505000 39
1506000 39
1507000 39
1508000 39
1509000 39
1510000 39
1511000 39
1512000 39
1513000 39
1514000 39
1515000 39
1516000 39
1517000 39
1518000 39
1519000 39
1520000 39
1521000 39
1522000 39
1523000 39
1524000 39
1525000 39
1526000 40
1527000 40
1528000 40
1529000 40
1530000 40
1531000 40
1532000 40
1533000 40
1534000 40
1535000 41
1536000 41
1537000 41
1538000 41
1539000 41
1540000 41
1541000 41
1542000 41
1543000 41
1544000 41
1545000 41
1546000 41
1547000 42
1548000 42
1549000 42
1550000 42
1551000 42
1552000 42
1553000 42
1554000 42
1555000 42
1556000 42
1557000 42
1558000 42
1559000 42
1560000 42
1561000 42
1562000 43
1563000 43
1564000 43
1565000 43
1566000 43
1567000 43
1568000 43
1569000 43
1570000 43
1571000 44
1572000 44
1573000 44
1574000 44
1575000 44
1576000 44
1577000 44
1578000 44
1579000 44
1580000 45
1581000 45
1582000 45
1583000 45
1584000 45
1585000 45
1586000 45
1587000 45
1588000 45
1589000 45
1590000 45
1591000 45
1592000 45
1593000 46
1594000 46
1595000 46
1596000 46
1597000 46
1598000 46
1599000 46
1600000 46
1601000 46
1602000 46
1603000 46
1604000 46
1605000 47
1606000 47
1607000 47
1608000 47
1609000 47
1610000 47
1611000 47
1612000 47
1613000 47
1614000 47
1615000 47
1616000 47
1617000 47
1618000 47
1619000 48
1620000 48
1621000 48
1622000 48
1623000 48
1624000 48
1625000 48
1626000 48
1627000 48
1628000 48
1629000 48
1630000 49
1631000 49
1632000 49
1633000 49
1634000 49
1635000 49
1636000 49
1637000 49
1638000 49
1639000 49
1640000 49
1641000 50
1642000 50
1643000 50
1644000 50
1645000 50
1646000 50
1647000 50
1648000 50
1649000 50
1650000 50
1651000 50
1652000 51
1653000 51
1654000 51
1655000 51
1656000 51
1657000 51
1658000 51
1659000 51
1660000 51
1661000 51
1662000 51
1663000 51
1664000 51
1665000 52
1666000 52
1667000 52
1668000 52
1669000 52
1670000 52
1671000 52
1672000 52
1673000 52
1674000 52
1675000 53
1676000 53
1677000 53
1678000 53
1679000 53
1680000 53
1681000 53
1682000 53
1683000 53
1684000 53
1685000 53
1686000 54
1687000 54
1688000 54
1689000 54
1690000 54
1691000 54
1692000 54
1693000 54
1694000 54
1695000 54
1696000 54
1697000 55
1698000 55
1699000 55
1700000 55
1701000 55
1702000 55
1703000 55
1704000 55
1705000 55
1706000 55
1707000 55
1708000 55
1709000 56
1710000 56
1711000 56
1712000 56
1713000 56
1714000 56
1715000 56
1716000 56
1717000 56
1718000 56
1719000 56
1720000 56
1721000 56
1722000 56
1723000 56
1724000 56
1725000 57
1726000 57
1727000 57
1728000 57
1729000 57
1730000 57
1731000 57
1732000 57
1733000 57
1734000 57
1735000 57
1736000 57
1737000 57
1738000 57
1739000 57
1740000 58
1741000 58
1742000 58
1743000 58
1744000 58
1745000 58
1746000 58
1747000 58
1748000 58
1749000 58
1750000 58
1751000 58
1752000 58
1753000 59
1754000 59
1755000 59
1756000 59
1757000 59
1758000 59
1759000 59
1760000 59
1761000 59
1762000 59
1763000 59
1764000 59
1765000 60
1766000 60
1767000 60
1768000 60
1769000 60
1770000 60
1771000 60
1772000 60
1773000 60
1774000 60
1775000 60
1776000 60
1777000 61
1778000 61
1779000 61
1780000 61
1781000 61
1782000 61
1783000 61
1784000 61
1785000 61
1786000 61
1787000 61
1788000 61
1789000 61
1790000 61
1791000 61
1792000 62
1793000 62
1794000 62
1795000 62
1796000 62
1797000 62
1798000 62
1799000 62
1800000 62
1801000 62
1802000 62
1803000 62
1804000 62
1805000 63
1806000 63
1807000 63
1808000 63
1809000 63
1810000 63
1811000 63
1812000 63
1813000 63
1814000 63
1815000 63
1816000 63
1817000 63
1818000 63
1819000 64
1820000 64
1821000 64
1822000 64
1823000 64
1824000 64
1825000 64
1826000 64
1827000 64
1828000 65
1829000 65
1830000 65
1831000 65
1832000 65
1833000 65
1834000 65
1835000 65
1836000 65
1837000 65
1838000 65
1839000 65
1840000 65
1841000 65
1842000 65
1843000 66
1844000 66
1845000 66
1846000 66
1847000 66
1848000 66
1849000 66
1850000 66
1851000 66
1852000 66
1853000 66
1854000 66
1855000 66
1856000 66
1857000 66
1858000 66
1859000 67
1860000 67
1861000 67
1862000 67
1863000 67
1864000 67
1865000 67
1866000 67
1867000 67
1868000 67
1869000 67
1870000 67
1871000 68
1872000 68
1873000 68
1874000 68
1875000 68
1876000 68
1877000 68
1878000 68
1879000 68
1880000 68
1881000 68
1882000 68
1883000 68
1884000 68
1885000 68
1886000 68
1887000 68
1888000 68
1889000 68
1890000 68
1891000 69
1892000 69
1893000 69
1894000 69
1895000 69
1896000 69
1897000 69
1898000 69
1899000 69
1900000 69
1901000 69
1902000 69
1903000 69
1904000 69
1905000 69
1906000 69
1907000 70
1908000 70
1909000 70
1910000 70
1911000 70
1912000 70
1913000 70
1914000 70
1915000 70
1916000 70
1917000 70
1918000 70
1919000 71
1920000 71
1921000 71
1922000 71
1923000 71
1924000 71
1925000 71
1926000 71
1927000 71
1928000 71
1929000 71
1930000 71
1931000 71
1932000 72
1933000 72
1934000 72
1935000 72
1936000 72
1937000 72
1938000 72
1939000 72
1940000 72
1941000 72
1942000 72
1943000 73
1944000 73
1945000 73
1946000 73
1947000 73
1948000 73
1949000 73
1950000 73
1951000 73
1952000 73
1953000 73
1954000 73
1955000 73
1956000 73
1957000 73
1958000 74
1959000 74
1960000 74
1961000 74
1962000 74
1963000 74
1964000 74
1965000 74
1966000 74
1967000 74
1968000 74
1969000 74
1970000 74
1971000 74
1972000 74
1973000 75
1974000 75
1975000 75
1976000 75
1977000 75
1978000 75
1979000 75
1980000 75
1981000 75
1982000 75
1983000 75
1984000 75
1985000 75
1986000 75
1987000 75
1988000 76
1989000 76
1990000 76
1991000 76
1992000 76
1993000 76
1994000 76
1995000 76
1996000 76
1997000 76
1998000 76
1999000 76
2000000 76
2001000 76
2002000 76
2003000 77
2004000 77
2005000 77
2006000 77
2007000 77
2008000 77
2009000 77
2010000 77
2011000 77
2012000 77
2013000 77
2014000 77
2015000 78
2016000 78
2017000 78
2018000 78
2019000 78
2020000 78
2021000 78
2022000 78
2023000 78
2024000 78
2025000 78
2026000 78
2027000 78
2028000 78
2029000 78
2030000 78
2031000 78
2032000 78
2033000 78
2034000 79
2035000 79
2036000 79
2037000 79
2038000 79
2039000 79
2040000 79
2041000 79
2042000 79
2043000 79
2044000 79
2045000 79
2046000 79
2047000 79
2048000 79
2049000 79
2050000 79
2051000 80
2052000 80
2053000 80
2054000 80
2055000 80
2056000 80
2057000 80
2058000 80
2059000 80
2060000 80
2061000 80
2062000 80
2063000 80
2064000 80
2065000 80
2066000 80
2067000 80
2068000 80
2069000 80
2070000 80
2071000 81
2072000 81
2073000 81
2074000 81
2075000 81
2076000 81
2077000 81
2078000 81
2079000 81
2080000 81
2081000 81
2082000 81
2083000 81
2084000 81
2085000 81
2086000 81
2087000 82
2088000 82
2089000 82
2090000 82
2091000 82
2092000 82
2093000 82
2094000 82
2095000 82
2096000 82
2097000 82
2098000 82
2099000 82
2100000 82
2101000 82
2102000 82
2103000 83
2104000 83
2105000 83
2106000 83
2107000 83
2108000 83
2109000 83
2110000 83
2111000 83
2112000 83
2113000 83
2114000 83
2115000 83
2116000 83
2117000 83
2118000 83
2119000 83
2120000 83
2121000 83
2122000 83
2123000 83
2124000 84
2125000 84
2126000 84
2127000 84
2128000 84
2129000 84
2130000 84
2131000 84
2132000 84
2133000 84
2134000 84
2135000 84
2136000 85
2137000 85
2138000 85
2139000 85
2140000 85
2141000 85
2142000 85
2143000 85
2144000 85
2145000 85
2146000 85
2147000 85
2148000 85
2149000 86
2150000 86
2151000 86
2152000 86
2153000 86
2154000 86
2155000 86
2156000 86
2157000 86
2158000 86
2159000 86
2160000 86
2161000 86
2162000 86
2163000 86
2164000 86
2165000 86
2166000 86
2167000 86
2168000 86
2169000 86
2170000 86
2171000 86
2172000 87
2173000 87
2174000 87
2175000 87
2176000 87
2177000 87
2178000 87
2179000 87
2180000 87
2181000 87
2182000 87
2183000 87
2184000 87
2185000 87
2186000 88
2187000 88
2188000 88
2189000 88
2190000 88
2191000 88
2192000 88
2193000 88
2194000 88
2195000 88
2196000 88
2197000 88
2198000 88
2199000 88
2200000 88
2201000 89
2202000 89
2203000 89
2204000 89
2205000 89
2206000 89
2207000 89
2208000 89
2209000 89
2210000 89
2211000 90
2212000 90
2213000 90
2214000 90
2215000 90
2216000 90
2217000 90
2218000 90
2219000 90
2220000 90
2221000 90
2222000 90
2223000 91
2224000 91
2225000 91
2226000 91
2227000 91
2228000 91
2229000 91
2230000 91
2231000 91
2232000 91
2233000 92
2234000 92
2235000 92
2236000 92
2237000 92
2238000 92
2239000 92
2240000 92
2241000 92
2242000 92
2243000 92
2244000 92
2245000 93
2246000 93
2247000 93
2248000 93
2249000 93
2250000 93
2251000 93
2252000 93
2253000 93
2254000 94
2255000 94
2256000 94
2257000 94
2258000 94
2259000 94
2260000 94
2261000 94
2262000 94
2263000 94
2264000 94
2265000 95
2266000 95
2267000 95
2268000 95
2269000 95
2270000 95
2271000 95
2272000 95
2273000 95
2274000 95
2275000 96
2276000 96
2277000 96
2278000 96
2279000 96
2280000 96
2281000 96
2282000 96
2283000 96
2284000 96
2285000 96
2286000 96
2287000 96
2288000 97
2289000 97
2290000 97
2291000 97
2292000 97
2293000 97
2294000 97
2295000 97
2296000 97
2297000 97
2298000 97
2299000 97
2300000 98
2301000 98
2302000 98
2303000 98
2304000 98
2305000 98
2306000 98
2307000 98
2308000 98
2309000 98
2310000 98
2311000 98
2312000 98
2313000 99
2314000 99
2315000 99
2316000 99
2317000 99
2318000 99
2319000 99
2320000 99
2321000 99
2322000 99
2323000 99
2324000 100
2325000 100
2326000 100
2327000 100
2328000 100
2329000 100
2330000 100
2331000 100
2332000 100
2333000 100
2334000 100
2335000 100
2336000 100
2337000 101
2338000 101
2339000 101
2340000 101
2341000 101
2342000 101
2343000 101
2344000 101
2345000 101
2346000 101
2347000 101
2348000 101
2349000 102
2350000 102
2351000 102
2352000 102
2353000 102
2354000 102
2355000 102
2356000 102
2357000 102
2358000 102
2359000 102
2360000 103
2361000 103
2362000 103
2363000 103
2364000 103
2365000 103
2366000 103
2367000 103
2368000 103
2369000 103
2370000 103
2371000 103
2372000 104
2373000 104
2374000 104
2375000 104
2376000 104
2377000 104
2378000 104
2379000 104
2380000 104
2381000 104
2382000 104
2383000 105
2384000 105
2385000 105
2386000 105
2387000 105
2388000 105
2389000 105
2390000 105
2391000 105
2392000 105
2393000 105
2394000 105
2395000 106
2396000 106
2397000 106
2398000 106
2399000 106
2400000 106
2401000 106
2402000 106
2403000 106
2404000 106
2405000 106
2406000 106
2407000 107
2408000 107
2409000 107
2410000 107
2411000 107
2412000 107
2413000 107
2414000 107
2415000 107
2416000 108
2417000 108
2418000 108
2419000 108
2420000 108
2421000 108
2422000 108
2423000 108
2424000 108
2425000 108
2426000 108
2427000 108
2428000 109
2429000 109
2430000 109
2431000 109
2432000 109
2433000 109
2434000 109
2435000 109
2436000 109
2437000 109
2438000 109
2439000 109
2440000 109
2441000 110
2442000 110
2443000 110
2444000 110
2445000 110
2446000 110
2447000 110
2448000 110
2449000 110
2450000 110
2451000 110
2452000 110
2453000 110
2454000 110
2455000 110
2456000 111
2457000 111
2458000 111
2459000 111
2460000 111
2461000 111
2462000 111
2463000 111
2464000 111
2465000 111
2466000 112
2467000 112
2468000 112
2469000 112
2470000 112
2471000 112
2472000 112
2473000 112
2474000 112
2475000 112
2476000 112
2477000 112
2478000 112
2479000 112
2480000 112
2481000 112
2482000 113
2483000 113
2484000 113
2485000 113
2486000 113
2487000 113
2488000 113
2489000 113
2490000 113
2491000 113
2492000 113
2493000 113
2494000 114
2495000 114
2496000 114
2497000 114
2498000 114
2499000 114
2500000 114
2501000 114
2502000 114
2503000 114
2504000 114
2505000 114
2506000 114
2507000 114
2508000 114
2509000 114
2510000 114
2511000 115
2512000 115
2513000 115
2514000 115
2515000 115
2516000 115
2517000 115
2518000 115
2519000 115
2520000 115
2521000 115
2522000 115
2523000 116
2524000 116
2525000 116
2526000 116
2527000 116
2528000 116
2529000 116
2530000 116
2531000 116
2532000 116
2533000 116
2534000 116
2535000 117
2536000 117
2537000 117
2538000 117
2539000 117
2540000 117
2541000 117
2542000 117
2543000 117
2544000 117
2545000 117
2546000 117
2547000 118
2548000 118
2549000 118
2550000 118
2551000 118
2552000 118
2553000 118
2554000 118
2555000 118
2556000 118
2557000 118
2558000 118
2559000 118
2560000 118
2561000 118
2562000 119
2563000 119
2564000 119
2565000 119
2566000 119
2567000 119
2568000 119
2569000 119
2570000 119
2571000 119
2572000 119
2573000 120
2574000 120
2575000 120
2576000 120
2577000 120
2578000 120
2579000 120
2580000 120
2581000 120
2582000 120
2583000 120
2584000 120
2585000 121
2586000 121
2587000 121
2588000 121
2589000 121
2590000 121
2591000 121
2592000 121
2593000 121
2594000 121
2595000 122
2596000 122
2597000 122
2598000 122
2599000 122
2600000 122
2601000 122
2602000 122
2603000 122
2604000 122
2605000 122
2606000 123
2607000 123
2608000 123
2609000 123
2610000 123
2611000 123
2612000 123
2613000 123
2614000 123
2615000 124
2616000 124
2617000 124
2618000 124
2619000 124
2620000 124
2621000 124
2622000 124
2623000 124
2624000 125
2625000 125
2626000 125
2627000 125
2628000 125
2629000 125
2630000 125
2631000 125
2632000 126
2633000 126
2634000 126
2635000 126
2636000 126
2637000 126
2638000 126
2639000 126
2640000 127
2641000 127
2642000 127
2643000 127
2644000 127
2645000 127
2646000 127
2647000 127
2648000 127
2649000 127
2650000 128
2651000 128
2652000 128
2653000 128
2654000 128
2655000 128
2656000 128
2657000 128
2658000 128
2659000 128
2660000 128
2661000 129
2662000 129
2663000 129
2664000 129
2665000 129
2666000 129
2667000 129
2668000 129
2669000 129
2670000 129
2671000 129
2672000 130
2673000 130
2674000 130
2675000 130
2676000 130
2677000 130
2678000 130
2679000 130
2680000 130
2681000 130
2682000 130
2683000 130
2684000 130
2685000 130
2686000 130
2687000 130
2688000 130
2689000 130
2690000 131
2691000 131
2692000 131
2693000 131
2694000 131
2695000 131
2696000 131
2697000 131
2698000 131
2699000 131
2700000 131
2701000 131
2702000 132
2703000 132
2704000 132
2705000 132
2706000 132
2707000 132
2708000 132
2709000 132
2710000 132
2711000 132
2712000 132
2713000 132
2714000 132
2715000 132
2716000 133
2717000 133
2718000 133
2719000 133
2720000 133
2721000 133
2722000 133
2723000 133
2724000 133
2725000 133
2726000 133
2727000 133
2728000 133
2729000 133
2730000 134
2731000 134
2732000 134
2733000 134
2734000 134
2735000 134
2736000 134
2737000 134
2738000 134
2739000 134
2740000 134
2741000 134
2742000 134
2743000 134
2744000 134
2745000 134
2746000 134
2747000 135
2748000 135
2749000 135
2750000 135
2751000 135
2752000 135
2753000 135
2754000 135
2755000 135
2756000 135
2757000 135
2758000 136
2759000 136
2760000 136
2761000 136
2762000 136
2763000 136
2764000 136
2765000 136
2766000 136
2767000 136
2768000 136
2769000 136
2770000 136
2771000 136
2772000 136
2773000 136
2774000 136
2775000 136
2776000 136
2777000 136
2778000 136
2779000 136
2780000 137
2781000 137
2782000 137
2783000 137
2784000 137
2785000 137
2786000 137
2787000 137
2788000 137
2789000 137
2790000 137
2791000 137
2792000 137
2793000 137
2794000 137
2795000 137
2796000 137
2797000 137
2798000 137
2799000 137
2800000 137
2801000 137
2802000 137
2803000 137
2804000 137
2805000 137
2806000 138
2807000 138
2808000 138
2809000 138
2810000 138
2811000 138
2812000 138
2813000 138
2814000 138
2815000 138
2816000 138
2817000 138
2818000 138
2819000 138
2820000 138
2821000 138
2822000 138
2823000 138
2824000 138
2825000 138
2826000 138
2827000 138
2828000 138
2829000 138
2830000 138
2831000 138
2832000 138
2833000 138
2834000 138
2835000 138
2836000 138
2837000 139
2838000 139
2839000 139
2840000 139
2841000 139
2842000 139
2843000 139
2844000 139
2845000 139
2846000 139
2847000 139
2848000 139
2849000 139
2850000 139
2851000 139
2852000 139
2853000 139
2854000 139
2855000 139
2856000 139
2857000 139
2858000 139
2859000 139
2860000 139
2861000 139
2862000 139
2863000 140
2864000 140
2865000 140
2866000 140
2867000 140
2868000 140
2869000 140
2870000 140
2871000 140
2872000 140
2873000 140
2874000 140
2875000 140
2876000 140
2877000 140
2878000 141
2879000 141
2880000 141
2881000 141
2882000 141
2883000 141
2884000 141
2885000 141
2886000 141
2887000 141
2888000 141
2889000 141
2890000 141
2891000 141
2892000 141
2893000 141
2894000 141
2895000 141
2896000 141
2897000 141
2898000 141
2899000 141
2900000 141
2901000 141
2902000 141
2903000 141
2904000 141
2905000 142
2906000 142
2907000 142
2908000 142
2909000 142
2910000 142
2911000 142
2912000 142
2913000 142
2914000 142
2915000 142
2916000 142
2917000 142
2918000 142
2919000 142
2920000 142
2921000 142
2922000 142
2923000 143
2924000 143
2925000 143
2926000 143
2927000 143
2928000 143
2929000 143
2930000 143
2931000 143
2932000 143
2933000 143
2934000 143
2935000 143
2936000 143
2937000 143
2938000 143
2939000 143
2940000 143
2941000 143
2942000 143
2943000 143
2944000 143
2945000 143
2946000 143
2947000 143
2948000 144
2949000 144
2950000 144
2951000 144
2952000 144
2953000 144
2954000 144
2955000 144
2956000 144
2957000 144
2958000 144
2959000 144
2960000 144
2961000 144
2962000 144
2963000 144
2964000 144
2965000 144
2966000 144
2967000 144
2968000 144
2969000 145
2970000 145
2971000 145
2972000 145
2973000 145
2974000 145
2975000 145
2976000 145
2977000 145
2978000 145
2979000 145
2980000 145
2981000 145
2982000 145
2983000 145
2984000 145
2985000 145
2986000 145
2987000 146
2988000 146
2989000 146
2990000 146
2991000 146
2992000 146
2993000 146
2994000 146
2995000 146
2996000 146
2997000 146
2998000 146
2999000 146
3000000 146
3001000 147
3002000 147
3003000 147
3004000 147
3005000 147
3006000 147
3007000 147
3008000 147
3009000 147
3010000 147
3011000 147
3012000 147
3013000 147
3014000 147
3015000 147
3016000 147
3017000 147
3018000 147
3019000 147
3020000 147
3021000 147
3022000 147
3023000 147
3024000 147
3025000 147
3026000 147
3027000 147
3028000 148
3029000 148
3030000 148
3031000 148
3032000 148
3033000 148
3034000 148
3035000 148
3036000 148
3037000 148
3038000 148
3039000 148
3040000 148
3041000 148
3042000 148
3043000 148
3044000 148
3045000 148
3046000 148
3047000 148
3048000 149
3049000 149
3050000 149
3051000 149
3052000 149
3053000 149
3054000 149
3055000 149
3056000 149
3057000 149
3058000 149
3059000 149
3060000 149
3061000 149
3062000 149
3063000 149
3064000 149
3065000 149
3066000 149
3067000 150
3068000 150
3069000 150
3070000 150
3071000 150
3072000 150
3073000 150
3074000 150
3075000 150
3076000 150
3077000 150
3078000 150
3079000 150
3080000 150
3081000 150
3082000 150
3083000 150
3084000 150
3085000 150
3086000 150
3087000 150
3088000 150
3089000 150
3090000 150
3091000 150
3092000 150
3093000 150
3094000 150
3095000 150
3096000 150
3097000 150
3098000 150
3099000 150
3100000 150
3101000 150
3102000 150
3103000 150
3104000 150
3105000 150
3106000 150
3107000 150
3108000 150
3109000 150
3110000 150
3111000 150
3112000 150
3113000 150
3114000 150
3115000 150
3116000 150
3117000 150
3118000 150
3119000 150
3120000 150
3121000 150
3122000 150
3123000 150
3124000 150
3125000 150
3126000 150
3127000 150
3128000 150
3129000 150
3130000 150
3131000 151
3132000 151
3133000 151
3134000 151
3135000 151
3136000 151
3137000 151
3138000 151
3139000 151
3140000 151
3141000 151
3142000 151
3143000 151
3144000 151
3145000 151
3146000 151
3147000 151
3148000 151
3149000 152
3150000 152
3151000 152
3152000 152
3153000 152
3154000 152
3155000 152
3156000 152
3157000 152
3158000 152
3159000 152
3160000 152
3161000 152
3162000 152
3163000 152
3164000 152
3165000 152
3166000 152
3167000 152
3168000 152
3169000 152
3170000 152
3171000 152
3172000 152
3173000 152
3174000 152
3175000 152
3176000 152
3177000 152
3178000 152
3179000 152
3180000 152
3181000 152
3182000 152
3183000 152
3184000 152
3185000 152
3186000 152
3187000 152
3188000 152
3189000 152
3190000 152
3191000 152
3192000 152
3193000 152
3194000 152
3195000 152
3196000 152
3197000 152
3198000 152
3199000 152
3200000 152
3201000 152
3202000 152
3203000 152
3204000 152
3205000 152
3206000 152
3207000 152
3208000 152
3209000 152
3210000 152
3211000 152
3212000 152
3213000 152
3214000 152
3215000 152
3216000 152
3217000 152
3218000 152
3219000 152
3220000 152
3221000 152
3222000 152
3223000 152
3224000 152
3225000 152
3226000 152
3227000 152
3228000 152
3229000 152
3230000 152
3231000 152
3232000 152
3233000 152
3234000 152
3235000 152
3236000 152
3237000 152
3238000 152
3239000 152
3240000 152
3241000 152
3242000 152
3243000 152
3244000 152
3245000 152
3246000 152
3247000 152
3248000 152
3249000 152
3250000 152
3251000 152
3252000 152
3253000 152
3254000 152
3255000 152
3256000 152
3257000 152
3258000 152
3259000 152
3260000 152
3261000 152
3262000 152
3263000 152
3264000 153
3265000 153
3266000 153
3267000 153
3268000 153
3269000 153
3270000 153
3271000 153
3272000 153
3273000 153
3274000 153
3275000 154
3276000 154
3277000 154
3278000 154
3279000 154
3280000 154
3281000 154
3282000 154
3283000 154
3284000 154
3285000 154
3286000 154
3287000 154
3288000 154
3289000 154
3290000 154
3291000 154
3292000 154
3293000 155
3294000 155
3295000 155
3296000 155
3297000 155
3298000 155
3299000 155
3300000 155
3301000 155
3302000 155
3303000 156
3304000 156
3305000 156
3306000 156
3307000 156
3308000 156
3309000 156
3310000 156
3311000 156
3312000 156
3313000 156
3314000 156
3315000 156
3316000 156
3317000 156
3318000 156
3319000 156
3320000 156
3321000 156
3322000 156
3323000 156
3324000 157
3325000 157
3326000 157
3327000 157
3328000 157
3329000 157
3330000 157
3331000 157
3332000 157
3333000 157
3334000 157
3335000 157
3336000 158
3337000 158
3338000 158
3339000 158
3340000 158
3341000 158
3342000 158
3343000 158
3344000 158
3345000 158
3346000 158
3347000 159
3348000 159
3349000 159
3350000 159
3351000 159
3352000 159
3353000 159
3354000 159
3355000 159
3356000 159
3357000 159
3358000 160
3359000 160
3360000 160
3361000 160
3362000 160
3363000 160
3364000 160
3365000 160
3366000 160
3367000 160
3368000 160
3369000 160
3370000 160
3371000 161
3372000 161
3373000 161
3374000 161
3375000 161
3376000 161
3377000 161
3378000 161
3379000 161
3380000 161
3381000 161
3382000 162
3383000 162
3384000 162
3385000 162
3386000 162
3387000 162
3388000 162
3389000 162
3390000 162
3391000 162
3392000 162
3393000 162
3394000 162
3395000 162
3396000 163
3397000 163
3398000 163
3399000 163
3400000 163
3401000 163
3402000 163
3403000 163
3404000 163
3405000 163
3406000 163
3407000 163
3408000 163
3409000 164
3410000 164
3411000 164
3412000 164
3413000 164
3414000 164
3415000 164
3416000 164
3417000 164
3418000 164
3419000 164
3420000 164
3421000 164
3422000 165
3423000 165
3424000 165
3425000 165
3426000 165
3427000 165
3428000 165
3429000 165
3430000 165
3431000 165
3432000 165
3433000 166
3434000 166
3435000 166
3436000 166
3437000 166
3438000 166
3439000 166
3440000 166
3441000 166
3442000 166
3443000 166
3444000 166
3445000 167
3446000 167
3447000 167
3448000 167
3449000 167
3450000 167
3451000 167
3452000 167
3453000 167
3454000 167
3455000 168
3456000 168
3457000 168
3458000 168
3459000 168
3460000 168
3461000 168
3462000 168
3463000 168
3464000 168
3465000 168
3466000 168
3467000 168
3468000 169
3469000 169
3470000 169
3471000 169
3472000 169
3473000 169
3474000 169
3475000 169
3476000 169
3477000 169
3478000 169
3479000 170
3480000 170
3481000 170
3482000 170
3483000 170
3484000 170
3485000 170
3486000 170
3487000 170
3488000 170
3489000 170
3490000 171
3491000 171
3492000 171
3493000 171
3494000 171
3495000 171
3496000 171
3497000 171
3498000 171
3499000 171
3500000 171
3501000 172
3502000 172
3503000 172
3504000 172
3505000 172
3506000 172
3507000 172
3508000 172
3509000 172
3510000 172
3511000 172
3512000 172
3513000 172
3514000 172
3515000 172
3516000 172
3517000 172
3518000 172
3519000 172
3520000 173
3521000 173
3522000 173
3523000 173
3524000 173
3525000 173
3526000 173
3527000 173
3528000 173
3529000 173
3530000 173
3531000 173
3532000 173
3533000 173
3534000 173
3535000 173
3536000 174
3537000 174
3538000 174
3539000 174
3540000 174
3541000 174
3542000 174
3543000 174
3544000 174
3545000 174
3546000 174
3547000 174
3548000 174
3549000 174
3550000 175
3551000 175
3552000 175
3553000 175
3554000 175
3555000 175
3556000 175
3557000 175
3558000 175
3559000 175
3560000 175
3561000 175
3562000 175
3563000 175
3564000 176
3565000 176
3566000 176
3567000 176
3568000 176
3569000 176
3570000 176
3571000 176
3572000 176
3573000 176
3574000 176
3575000 177
3576000 177
3577000 177
3578000 177
3579000 177
3580000 177
3581000 177
3582000 177
3583000 177
3584000 177
3585000 177
3586000 177
3587000 177
3588000 177
3589000 177
3590000 177
3591000 177
3592000 178
3593000 178
3594000 178
3595000 178
3596000 178
3597000 178
3598000 178
3599000 178
3600000 178
3601000 178
3602000 178
3603000 178
3604000 178
3605000 178
3606000 178
3607000 178
3608000 178
3609000 179
3610000 179
3611000 179
3612000 179
3613000 179
3614000 179
3615000 179
3616000 179
3617000 179
3618000 179
3619000 179
3620000 179
3621000 179
3622000 179
3623000 179
3624000 179
3625000 179
3626000 179
3627000 179
3628000 179
3629000 179
3630000 179
3631000 179
3632000 179
3633000 180
3634000 180
3635000 180
3636000 180
3637000 180
3638000 180
3639000 180
3640000 180
3641000 180
3642000 180
3643000 180
3644000 180
3645000 180
3646000 180
3647000 180
3648000 181
3649000 181
3650000 181
3651000 181
3652000 181
3653000 181
3654000 181
3655000 181
3656000 181
3657000 181
3658000 181
3659000 181
3660000 181
3661000 181
3662000 182
3663000 182
3664000 182
3665000 182
3666000 182
3667000 182
3668000 182
3669000 182
3670000 182
3671000 182
3672000 182
3673000 182
3674000 182
3675000 182
3676000 183
3677000 183
3678000 183
3679000 183
3680000 183
3681000 183
3682000 183
3683000 183
3684000 183
3685000 183
3686000 183
3687000 183
3688000 183
3689000 183
3690000 183
3691000 184
3692000 184
3693000 184
3694000 184
3695000 184
3696000 184
3697000 184
3698000 184
3699000 184
3700000 184
3701000 184
3702000 184
3703000 184
3704000 184
3705000 184
3706000 184
3707000 184
3708000 184
3709000 184
3710000 184
3711000 185
3712000 185
3713000 185
3714000 185
3715000 185
3716000 185
3717000 185
3718000 185
3719000 185
3720000 185
3721000 185
3722000 185
3723000 185
3724000 185
3725000 185
3726000 185
3727000 185
3728000 185
3729000 185
3730000 185
3731000 186
3732000 186
3733000 186
3734000 186
3735000 186
3736000 186
3737000 186
3738000 186
3739000 186
3740000 186
3741000 186
3742000 186
3743000 186
3744000 187
3745000 187
3746000 187
3747000 187
3748000 187
3749000 187
3750000 187
3751000 187
3752000 187
3753000 187
3754000 187
3755000 187
3756000 187
3757000 187
3758000 187
3759000 187
3760000 187
3761000 188
3762000 188
3763000 188
3764000 188
3765000 188
3766000 188
3767000 188
3768000 188
3769000 188
3770000 188
3771000 188
3772000 188
3773000 188
3774000 188
3775000 188
3776000 188
3777000 188
3778000 188
3779000 189
3780000 189
3781000 189
3782000 189
3783000 189
3784000 189
3785000 189
3786000 189
3787000 189
3788000 189
3789000 189
3790000 189
3791000 189
3792000 189
3793000 189
3794000 189
3795000 189
3796000 189
3797000 189
3798000 190
3799000 190
3800000 190
3801000 190
3802000 190
3803000 190
3804000 190
3805000 190
3806000 190
3807000 190
3808000 190
3809000 190
3810000 191
3811000 191
3812000 191
3813000 191
3814000 191
3815000 191
3816000 191
3817000 191
3818000 191
3819000 191
3820000 191
3821000 191
3822000 191
3823000 191
3824000 192
3825000 192
3826000 192
3827000 192
3828000 192
3829000 192
3830000 192
3831000 192
3832000 192
3833000 192
3834000 192
3835000 192
3836000 192
3837000 192
3838000 192
3839000 192
3840000 192
3841000 192
3842000 192
3843000 192
3844000 192
3845000 192
3846000 192
3847000 192
3848000 192
3849000 192
3850000 192
3851000 192
3852000 193
3853000 193
3854000 193
3855000 193
3856000 193
3857000 193
3858000 193
3859000 193
3860000 193
3861000 193
3862000 193
3863000 193
3864000 193
3865000 193
3866000 193
3867000 193
3868000 194
3869000 194
3870000 194
3871000 194
3872000 194
3873000 194
3874000 194
3875000 194
3876000 194
3877000 194
3878000 194
3879000 195
3880000 195
3881000 195
3882000 195
3883000 195
3884000 195
3885000 195
3886000 195
3887000 195
3888000 195
3889000 195
3890000 195
3891000 195
3892000 195
3893000 195
3894000 195
3895000 195
3896000 195
3897000 195
3898000 195
3899000 195
3900000 195
3901000 195
3902000 195
3903000 196
3904000 196
3905000 196
3906000 196
3907000 196
3908000 196
3909000 196
3910000 196
3911000 196
3912000 196
3913000 196
3914000 196
3915000 196
3916000 196
3917000 196
3918000 196
3919000 197
3920000 197
3921000 197
3922000 197
3923000 197
3924000 197
3925000 197
3926000 197
3927000 197
3928000 197
3929000 197
3930000 197
3931000 197
3932000 198
3933000 198
3934000 198
3935000 198
3936000 198
3937000 198
3938000 198
3939000 198
3940000 198
3941000 198
3942000 198
3943000 198
3944000 198
3945000 198
3946000 199
3947000 199
3948000 199
3949000 199
3950000 199
3951000 199
3952000 199
3953000 199
3954000 199
3955000 199
3956000 199
3957000 199
3958000 200
3959000 200
3960000 200
3961000 200
3962000 200
3963000 200
3964000 200
3965000 200
3966000 200
3967000 200
3968000 200
3969000 200
3970000 200
3971000 200
3972000 200
3973000 201
3974000 201
3975000 201
3976000 201
3977000 201
3978000 201
3979000 201
3980000 201
3981000 201
3982000 201
3983000 201
3984000 201
3985000 201
3986000 201
3987000 202
3988000 202
3989000 202
3990000 202
3991000 202
3992000 202
3993000 202
3994000 202
3995000 202
3996000 202
3997000 202
3998000 202
3999000 202
4000000 202
4001000 202
4002000 202
4003000 202
4004000 203
4005000 203
4006000 203
4007000 203
4008000 203
4009000 203
4010000 203
4011000 203
4012000 203
4013000 203
4014000 203
4015000 203
4016000 204
4017000 204
4018000 204
4019000 204
4020000 204
4021000 204
4022000 204
4023000 204
4024000 204
4025000 204
4026000 204
4027000 204
4028000 204
4029000 204
4030000 204
4031000 205
4032000 205
4033000 205
4034000 205
4035000 205
4036000 205
4037000 205
4038000 205
4039000 205
4040000 205
4041000 205
4042000 205
4043000 206
4044000 206
4045000 206
4046000 206
4047000 206
4048000 206
4049000 206
4050000 206
4051000 206
4052000 206
4053000 206
4054000 206
4055000 206
4056000 206
4057000 206
4058000 206
4059000 206
4060000 206
4061000 206
4062000 206
4063000 206
4064000 206
4065000 206
4066000 206
4067000 206
4068000 206
4069000 207
4070000 207
4071000 207
4072000 207
4073000 207
4074000 207
4075000 207
4076000 207
4077000 207
4078000 207
4079000 207
4080000 207
4081000 207
4082000 207
4083000 207
4084000 207
4085000 208
4086000 208
4087000 208
4088000 208
4089000 208
4090000 208
4091000 208
4092000 208
4093000 208
4094000 208
4095000 208
4096000 208
4097000 208
4098000 208
4099000 208
4100000 208
4101000 208
4102000 208
4103000 208
4104000 208
4105000 208
4106000 208
4107000 208
4108000 208
4109000 208
4110000 208
4111000 208
4112000 208
4113000 208
4114000 208
4115000 208
4116000 208
4117000 208
4118000 209
4119000 209
4120000 209
4121000 209
4122000 209
4123000 209
4124000 209
4125000 209
4126000 209
4127000 209
4128000 209
4129000 209
4130000 209
4131000 209
4132000 209
4133000 210
4134000 210
4135000 210
4136000 210
4137000 210
4138000 210
4139000 210
4140000 210
4141000 210
4142000 210
4143000 210
4144000 210
4145000 210
4146000 210
4147000 210
4148000 210
4149000 210
4150000 211
4151000 211
4152000 211
4153000 211
4154000 211
4155000 211
4156000 211
4157000 211
4158000 211
4159000 211
4160000 211
4161000 211
4162000 211
4163000 211
4164000 211
4165000 211
4166000 211
4167000 211
4168000 211
4169000 211
4170000 211
4171000 211
4172000 212
4173000 212
4174000 212
4175000 212
4176000 212
4177000 212
4178000 212
4179000 212
4180000 212
4181000 212
4182000 212
4183000 212
4184000 212
4185000 212
4186000 212
4187000 212
4188000 212
4189000 212
4190000 212
4191000 212
4192000 212
4193000 212
4194000 212
4195000 212
4196000 212
4197000 212
4198000 212
4199000 212
4200000 212
4201000 212
4202000 212
4203000 212
4204000 212
4205000 212
4206000 212
4207000 213
4208000 213
4209000 213
4210000 213
4211000 213
4212000 213
4213000 213
4214000 213
4215000 213
4216000 213
4217000 213
4218000 213
4219000 213
4220000 213
4221000 213
4222000 213
4223000 213
4224000 213
4225000 213
4226000 214
4227000 214
4228000 214
4229000 214
4230000 214
4231000 214
4232000 214
4233000 214
4234000 214
4235000 214
4236000 214
4237000 214
4238000 214
4239000 214
4240000 214
4241000 214
4242000 214
4243000 214
4244000 214
4245000 214
4246000 214
4247000 214
4248000 214
4249000 215
4250000 215
4251000 215
4252000 215
4253000 215
4254000 215
4255000 215
4256000 215
4257000 215
4258000 215
4259000 215
4260000 215
4261000 215
4262000 215
4263000 215
4264000 215
4265000 215
4266000 215
4267000 216
4268000 216
4269000 216
4270000 216
4271000 216
4272000 216
4273000 216
4274000 216
4275000 216
4276000 216
4277000 216
4278000 216
4279000 216
4280000 216
4281000 216
4282000 216
4283000 216
4284000 216
4285000 217
4286000 217
4287000 217
4288000 217
4289000 217
4290000 217
4291000 217
4292000 217
4293000 217
4294000 217
4295000 217
4296000 217
4297000 217
4298000 217
4299000 217
4300000 218
4301000 218
4302000 218
4303000 218
4304000 218
4305000 218
4306000 218
4307000 218
4308000 218
4309000 218
4310000 218
4311000 219
4312000 219
4313000 219
4314000 219
4315000 219
4316000 219
4317000 219
4318000 219
4319000 219
4320000 219
4321000 219
4322000 219
4323000 219
4324000 219
4325000 219
4326000 219
4327000 219
4328000 219
4329000 219
4330000 219
4331000 219
4332000 219
4333000 219
4334000 219
4335000 219
4336000 219
4337000 219
4338000 219
4339000 219
4340000 219
4341000 219
4342000 219
4343000 219
4344000 219
4345000 219
4346000 219
4347000 219
4348000 219
4349000 219
4350000 219
4351000 219
4352000 219
4353000 219
4354000 219
4355000 219
4356000 219
4357000 219
4358000 219
4359000 219
4360000 219
4361000 219
4362000 219
4363000 219
4364000 219
4365000 219
4366000 219
4367000 219
4368000 219
4369000 219
4370000 219
4371000 219
4372000 219
4373000 219
4374000 219
4375000 219
4376000 219
4377000 219
4378000 219
4379000 219
4380000 219
4381000 219
4382000 219
4383000 219
4384000 220
4385000 220
4386000 220
4387000 220
4388000 220
4389000 220
4390000 220
4391000 220
4392000 220
4393000 220
4394000 220
4395000 220
4396000 220
4397000 221
4398000 221
4399000 221
4400000 221
4401000 221
4402000 221
4403000 221
4404000 221
4405000 221
4406000 221
4407000 221
4408000 221
4409000 222
4410000 222
4411000 222
4412000 222
4413000 222
4414000 222
4415000 222
4416000 222
4417000 222
4418000 222
4419000 222
4420000 222
4421000 222
4422000 222
4423000 222
4424000 222
4425000 222
4426000 222
4427000 223
4428000 223
4429000 223
4430000 223
4431000 223
4432000 223
4433000 223
4434000 223
4435000 223
4436000 223
4437000 223
4438000 223
4439000 223
4440000 224
4441000 224
4442000 224
4443000 224
4444000 224
4445000 224
4446000 224
4447000 224
4448000 224
4449000 224
4450000 224
4451000 224
4452000 224
4453000 224
4454000 224
4455000 224
4456000 225
4457000 225
4458000 225
4459000 225
4460000 225
4461000 225
4462000 225
4463000 225
4464000 225
4465000 225
4466000 225
4467000 225
4468000 226
4469000 226
4470000 226
4471000 226
4472000 226
4473000 226
4474000 226
4475000 226
4476000 226
4477000 226
4478000 226
4479000 226
4480000 226
4481000 227
4482000 227
4483000 227
4484000 227
4485000 227
4486000 227
4487000 227
4488000 227
4489000 227
4490000 227
4491000 227
4492000 227
4493000 227
4494000 228
4495000 228
4496000 228
4497000 228
4498000 228
4499000 228
4500000 228
4501000 228
4502000 228
4503000 228
4504000 228
4505000 228
4506000 228
4507000 229
4508000 229
4509000 229
4510000 229
4511000 229
4512000 229
4513000 229
4514000 229
4515000 229
4516000 229
4517000 229
4518000 230
4519000 230
4520000 230
4521000 230
4522000 230
4523000 230
4524000 230
4525000 230
4526000 230
4527000 230
4528000 230
4529000 230
4530000 230
4531000 230
4532000 230
4533000 230
4534000 230
4535000 230
4536000 230
4537000 230
4538000 230
4539000 230
4540000 231
4541000 231
4542000 231
4543000 231
4544000 231
4545000 231
4546000 231
4547000 231
4548000 231
4549000 231
4550000 231
4551000 231
4552000 231
4553000 232
4554000 232
4555000 232
4556000 232
4557000 232
4558000 232
4559000 232
4560000 232
4561000 232
4562000 232
4563000 232
4564000 232
4565000 232
4566000 232
4567000 232
4568000 232
4569000 232
4570000 232
4571000 232
4572000 232
4573000 232
4574000 233
4575000 233
4576000 233
4577000 233
4578000 233
4579000 233
4580000 233
4581000 233
4582000 233
4583000 233
4584000 233
4585000 233
4586000 233
4587000 233
4588000 233
4589000 233
4590000 233
4591000 234
4592000 234
4593000 234
4594000 234
4595000 234
4596000 234
4597000 234
4598000 234
4599000 234
4600000 234
4601000 234
4602000 234
4603000 235
4604000 235
4605000 235
4606000 235
4607000 235
4608000 235
4609000 235
4610000 235
4611000 235
4612000 235
4613000 235
4614000 235
4615000 235
4616000 236
4617000 236
4618000 236
4619000 236
4620000 236
4621000 236
4622000 236
4623000 236
4624000 236
4625000 236
4626000 236
4627000 236
4628000 236
4629000 236
4630000 236
4631000 236
4632000 236
4633000 237
4634000 237
4635000 237
4636000 237
4637000 237
4638000 237
4639000 237
4640000 237
4641000 237
4642000 237
4643000 237
4644000 237
4645000 237
4646000 237
4647000 237
4648000 237
4649000 237
4650000 237
4651000 237
4652000 237
4653000 238
4654000 238
4655000 238
4656000 238
4657000 238
4658000 238
4659000 238
4660000 238
4661000 238
4662000 238
4663000 238
4664000 238
4665000 238
4666000 238
4667000 238
4668000 239
4669000 239
4670000 239
4671000 239
4672000 239
4673000 239
4674000 239
4675000 239
4676000 239
4677000 239
4678000 239
4679000 239
4680000 239
4681000 240
4682000 240
4683000 240
4684000 240
4685000 240
4686000 240
4687000 240
4688000 240
4689000 240
4690000 240
4691000 240
4692000 240
4693000 240
4694000 240
4695000 241
4696000 241
4697000 241
4698000 241
4699000 241
4700000 241
4701000 241
4702000 241
4703000 241
4704000 241
4705000 241
4706000 241
4707000 241
4708000 241
4709000 241
4710000 241
4711000 242
4712000 242
4713000 242
4714000 242
4715000 242
4716000 242
4717000 242
4718000 242
4719000 242
4720000 242
4721000 242
4722000 242
4723000 242
4724000 242
4725000 242
4726000 242
4727000 243
4728000 243
4729000 243
4730000 243
4731000 243
4732000 243
4733000 243
4734000 243
4735000 243
4736000 243
4737000 243
4738000 243
4739000 243
4740000 243
4741000 243
4742000 244
4743000 244
4744000 244
4745000 244
4746000 244
4747000 244
4748000 244
4749000 244
4750000 244
4751000 244
4752000 244
4753000 244
4754000 244
4755000 244
4756000 244
4757000 244
4758000 244
4759000 244
4760000 244
4761000 244
4762000 244
4763000 244
4764000 244
4765000 244
4766000 244
4767000 244
4768000 245
4769000 245
4770000 245
4771000 245
4772000 245
4773000 245
4774000 245
4775000 245
4776000 245
4777000 245
4778000 245
4779000 245
4780000 246
4781000 246
4782000 246
4783000 246
4784000 246
4785000 246
4786000 246
4787000 246
4788000 246
4789000 246
4790000 246
4791000 246
4792000 246
4793000 246
4794000 246
4795000 246
4796000 246
4797000 246
4798000 246
4799000 246
4800000 246
4801000 246
4802000 246
4803000 246
4804000 246
4805000 246
4806000 247
4807000 247
4808000 247
4809000 247
4810000 247
4811000 247
4812000 247
4813000 247
4814000 247
4815000 247
4816000 247
4817000 247
4818000 247
4819000 247
4820000 247
4821000 247
4822000 247
4823000 247
4824000 247
4825000 247
4826000 247
4827000 247
4828000 247
4829000 247
4830000 247
4831000 247
4832000 247
4833000 247
4834000 247
4835000 247
4836000 247
4837000 247
4838000 247
4839000 247
4840000 247
4841000 247
4842000 247
4843000 247
4844000 247
4845000 247
4846000 247
4847000 247
4848000 247
4849000 247
4850000 247
4851000 247
4852000 247
4853000 247
4854000 247
4855000 247
4856000 247
4857000 247
4858000 247
4859000 247
4860000 247
4861000 247
4862000 247
4863000 247
4864000 247
4865000 247
4866000 247
4867000 247
4868000 247
4869000 247
4870000 247
4871000 247
4872000 247
4873000 247
4874000 247
4875000 247
4876000 247
4877000 247
4878000 247
4879000 247
4880000 247
4881000 247
4882000 247
4883000 247
4884000 247
4885000 247
4886000 247
4887000 247
4888000 247
4889000 247
4890000 247
4891000 247
4892000 247
4893000 247
4894000 247
4895000 247
4896000 247
4897000 247
4898000 247
4899000 247
4900000 247
4901000 247
4902000 247
4903000 247
4904000 247
4905000 247
4906000 247
4907000 247
4908000 247
4909000 247
4910000 247
4911000 247
4912000 247
4913000 247
4914000 247
4915000 247
4916000 247
4917000 247
4918000 247
4919000 247
4920000 247
4921000 247
4922000 247
4923000 247
4924000 247
4925000 247
4926000 247
4927000 247
4928000 247
4929000 247
4930000 247
4931000 247
4932000 248
4933000 248
4934000 248
4935000 248
4936000 248
4937000 248
4938000 248
4939000 248
4940000 248
4941000 248
4942000 248
4943000 248
4944000 248
4945000 248
4946000 248
4947000 248
4948000 248
4949000 249
4950000 249
4951000 249
4952000 249
4953000 249
4954000 249
4955000 249
4956000 249
4957000 249
4958000 249
4959000 249
4960000 249
4961000 249
4962000 249
4963000 249
4964000 249
4965000 249
4966000 249
4967000 249
4968000 249
4969000 249
4970000 249
4971000 250
4972000 250
4973000 250
4974000 250
4975000 250
4976000 250
4977000 250
4978000 250
4979000 250
4980000 250
4981000 250
4982000 250
4983000 250
4984000 250
4985000 250
4986000 250
4987000 250
4988000 251
4989000 251
4990000 251
4991000 251
4992000 251
4993000 251
4994000 251
4995000 251
4996000 251
4997000 251
4998000 251
4999000 251
5000000 251
