0 0
1000 0
2000 0
3000 0
4000 0
5000 0
6000 0
7000 0
8000 0
9000 0
10000 0
11000 0
12000 0
13000 0
14000 0
15000 0
16000 0
17000 0
18000 0
19000 0
20000 0
21000 0
22000 0
23000 0
24000 0
25000 0
26000 0
27000 0
28000 0
29000 0
30000 0
31000 0
32000 0
33000 0
34000 0
35000 0
36000 0
37000 0
38000 0
39000 0
40000 0
41000 0
42000 0
43000 0
44000 0
45000 0
46000 0
47000 0
48000 0
49000 0
50000 0
51000 0
52000 0
53000 0
54000 0
55000 0
56000 0
57000 0
58000 0
59000 1
60000 1
61000 1
62000 1
63000 1
64000 1
65000 1
66000 1
67000 1
68000 1
69000 1
70000 1
71000 1
72000 1
73000 1
74000 1
75000 1
76000 1
77000 1
78000 1
79000 1
80000 1
81000 1
82000 1
83000 1
84000 1
85000 1
86000 1
87000 1
88000 1
89000 1
90000 1
91000 1
92000 1
93000 1
94000 1
95000 1
96000 1
97000 1
98000 1
99000 1
100000 1
101000 1
102000 1
103000 1
104000 1
105000 1
106000 1
107000 1
108000 1
109000 1
110000 1
111000 1
112000 1
113000 1
114000 1
115000 1
116000 1
117000 1
118000 1
119000 2
120000 2
121000 2
122000 2
123000 2
124000 2
125000 2
126000 2
127000 2
128000 3
129000 3
130000 3
131000 3
132000 3
133000 3
134000 3
135000 3
136000 3
137000 3
138000 3
139000 3
140000 3
141000 3
142000 3
143000 3
144000 3
145000 3
146000 3
147000 3
148000 3
149000 3
150000 3
151000 3
152000 3
153000 3
154000 3
155000 3
156000 3
157000 4
158000 4
159000 4
160000 4
161000 4
162000 4
163000 4
164000 5
165000 5
166000 5
167000 5
168000 5
169000 5
170000 5
171000 5
172000 5
173000 5
174000 5
175000 5
176000 5
177000 5
178000 5
179000 5
180000 5
181000 5
182000 5
183000 5
184000 5
185000 5
186000 5
187000 5
188000 6
189000 6
190000 6
191000 6
192000 6
193000 6
194000 6
195000 6
196000 6
197000 7
198000 7
199000 7
200000 7
201000 7
202000 7
203000 7
204000 7
205000 7
206000 7
207000 8
208000 8
209000 8
210000 8
211000 8
212000 8
213000 8
214000 8
215000 8
216000 8
217000 9
218000 9
219000 9
220000 9
221000 9
222000 9
223000 9
224000 9
225000 9
226000 9
227000 9
228000 9
229000 9
230000 9
231000 9
232000 9
233000 9
234000 9
235000 9
236000 9
237000 9
238000 9
239000 9
240000 9
241000 9
242000 9
243000 9
244000 9
245000 9
246000 9
247000 9
248000 9
249000 9
250000 9
251000 9
252000 9
253000 9
254000 9
255000 9
256000 9
257000 9
258000 9
259000 9
260000 9
261000 9
262000 9
263000 9
264000 9
265000 9
266000 9
267000 9
268000 9
269000 9
270000 9
271000 9
272000 9
273000 9
274000 9
275000 9
276000 9
277000 9
278000 9
279000 9
280000 9
281000 9
282000 9
283000 9
284000 9
285000 9
286000 9
287000 9
288000 9
289000 9
290000 9
291000 9
292000 9
293000 9
294000 9
295000 9
296000 9
297000 9
298000 9
299000 9
300000 9
301000 9
302000 9
303000 9
304000 9
305000 9
306000 9
307000 9
308000 9
309000 9
310000 9
311000 9
312000 9
313000 9
314000 9
315000 9
316000 9
317000 9
318000 9
319000 9
320000 9
321000 9
322000 9
323000 9
324000 9
325000 9
326000 9
327000 9
328000 9
329000 9
330000 9
331000 9
332000 9
333000 9
334000 9
335000 9
336000 9
337000 9
338000 9
339000 9
340000 9
341000 9
342000 9
343000 9
344000 9
345000 9
346000 9
347000 9
348000 9
349000 9
350000 9
351000 9
352000 9
353000 9
354000 9
355000 9
356000 9
357000 9
358000 9
359000 9
360000 9
361000 9
362000 9
363000 9
364000 9
365000 9
366000 9
367000 9
368000 9
369000 9
370000 9
371000 9
372000 9
373000 9
374000 9
375000 10
376000 10
377000 10
378000 10
379000 10
380000 10
381000 10
382000 10
383000 10
384000 10
385000 10
386000 10
387000 10
388000 10
389000 10
390000 10
391000 10
392000 10
393000 10
394000 10
395000 10
396000 10
397000 10
398000 10
399000 10
400000 10
401000 10
402000 10
403000 10
404000 10
405000 10
406000 10
407000 10
408000 10
409000 10
410000 10
411000 10
412000 10
413000 10
414000 10
415000 10
416000 10
417000 10
418000 10
419000 10
420000 10
421000 10
422000 10
423000 10
424000 10
425000 10
426000 10
427000 10
428000 10
429000 10
430000 10
431000 10
432000 10
433000 10
434000 10
435000 10
436000 10
437000 10
438000 10
439000 10
440000 10
441000 10
442000 10
443000 10
444000 10
445000 10
446000 10
447000 10
448000 10
449000 10
450000 10
451000 10
452000 10
453000 10
454000 10
455000 10
456000 10
457000 10
458000 10
459000 10
460000 10
461000 10
462000 10
463000 10
464000 10
465000 10
466000 10
467000 10
468000 10
469000 10
470000 10
471000 10
472000 10
473000 10
474000 10
475000 10
476000 10
477000 10
478000 10
479000 10
480000 10
481000 10
482000 10
483000 10
484000 10
485000 10
486000 10
487000 10
488000 10
489000 10
490000 10
491000 10
492000 10
493000 10
494000 10
495000 10
496000 10
497000 10
498000 10
499000 10
500000 10
501000 10
502000 10
503000 10
504000 10
505000 10
506000 10
507000 10
508000 10
509000 10
510000 10
511000 10
512000 10
513000 10
514000 10
515000 10
516000 10
517000 10
518000 10
519000 10
520000 10
521000 10
522000 10
523000 10
524000 10
525000 10
526000 10
527000 10
528000 10
529000 10
530000 10
531000 10
532000 10
533000 10
534000 10
535000 10
536000 10
537000 10
538000 10
539000 10
540000 10
541000 11
542000 11
543000 11
544000 11
545000 11
546000 11
547000 11
548000 11
549000 11
550000 11
551000 11
552000 11
553000 11
554000 12
555000 12
556000 12
557000 12
558000 12
559000 12
560000 12
561000 12
562000 13
563000 13
564000 13
565000 13
566000 13
567000 13
568000 13
569000 13
570000 13
571000 13
572000 13
573000 13
574000 13
575000 13
576000 13
577000 13
578000 13
579000 13
580000 13
581000 13
582000 13
583000 13
584000 13
585000 13
586000 13
587000 13
588000 13
589000 13
590000 13
591000 13
592000 13
593000 13
594000 13
595000 13
596000 13
597000 13
598000 13
599000 13
600000 13
601000 13
602000 13
603000 13
604000 13
605000 13
606000 13
607000 13
608000 13
609000 13
610000 13
611000 13
612000 13
613000 13
614000 13
615000 13
616000 13
617000 13
618000 13
619000 13
620000 13
621000 13
622000 13
623000 13
624000 13
625000 13
626000 13
627000 13
628000 14
629000 14
630000 14
631000 14
632000 14
633000 14
634000 14
635000 14
636000 14
637000 15
638000 15
639000 15
640000 15
641000 15
642000 15
643000 15
644000 15
645000 15
646000 15
647000 15
648000 15
649000 15
650000 15
651000 15
652000 15
653000 15
654000 15
655000 15
656000 15
657000 15
658000 15
659000 15
660000 15
661000 15
662000 16
663000 16
664000 16
665000 16
666000 16
667000 16
668000 16
669000 16
670000 16
671000 16
672000 16
673000 16
674000 16
675000 16
676000 16
677000 16
678000 16
679000 16
680000 16
681000 16
682000 16
683000 16
684000 16
685000 16
686000 16
687000 16
688000 16
689000 16
690000 16
691000 16
692000 16
693000 16
694000 16
695000 16
696000 16
697000 16
698000 16
699000 16
700000 16
701000 16
702000 16
703000 16
704000 16
705000 16
706000 16
707000 16
708000 16
709000 16
710000 16
711000 16
712000 16
713000 16
714000 16
715000 16
716000 16
717000 16
718000 16
719000 16
720000 16
721000 16
722000 16
723000 16
724000 16
725000 16
726000 16
727000 16
728000 16
729000 16
730000 16
731000 16
732000 16
733000 16
734000 16
735000 16
736000 16
737000 16
738000 16
739000 16
740000 16
741000 16
742000 16
743000 16
744000 16
745000 16
746000 16
747000 16
748000 16
749000 16
750000 16
751000 16
752000 16
753000 16
754000 16
755000 16
756000 16
757000 16
758000 16
759000 16
760000 16
761000 16
762000 16
763000 16
764000 16
765000 16
766000 16
767000 16
768000 16
769000 16
770000 17
771000 17
772000 17
773000 17
774000 17
775000 17
776000 18
777000 18
778000 18
779000 18
780000 18
781000 18
782000 18
783000 18
784000 18
785000 18
786000 18
787000 18
788000 18
789000 18
790000 18
791000 18
792000 18
793000 18
794000 18
795000 18
796000 18
797000 18
798000 18
799000 18
800000 18
801000 18
802000 18
803000 18
804000 18
805000 18
806000 18
807000 18
808000 18
809000 18
810000 18
811000 18
812000 18
813000 18
814000 18
815000 18
816000 18
817000 18
818000 18
819000 18
820000 18
821000 18
822000 18
823000 18
824000 18
825000 18
826000 18
827000 18
828000 18
829000 18
830000 18
831000 18
832000 18
833000 18
834000 19
835000 19
836000 19
837000 19
838000 19
839000 19
840000 19
841000 19
842000 19
843000 20
844000 20
845000 20
846000 20
847000 20
848000 20
849000 20
850000 20
851000 20
852000 20
853000 20
854000 20
855000 20
856000 20
857000 20
858000 20
859000 20
860000 20
861000 20
862000 20
863000 20
864000 20
865000 20
866000 20
867000 20
868000 20
869000 20
870000 20
871000 20
872000 20
873000 20
874000 20
875000 20
876000 20
877000 20
878000 20
879000 20
880000 20
881000 20
882000 20
883000 20
884000 20
885000 20
886000 20
887000 20
888000 20
889000 20
890000 20
891000 20
892000 20
893000 20
894000 20
895000 20
896000 20
897000 20
898000 20
899000 20
900000 21
901000 21
902000 21
903000 21
904000 21
905000 21
906000 21
907000 21
908000 22
909000 22
910000 22
911000 22
912000 22
913000 22
914000 22
915000 22
916000 22
917000 23
918000 23
919000 23
920000 23
921000 23
922000 23
923000 23
924000 23
925000 23
926000 24
927000 24
928000 24
929000 24
930000 24
931000 24
932000 24
933000 24
934000 24
935000 24
936000 24
937000 24
938000 24
939000 25
940000 25
941000 25
942000 25
943000 25
944000 25
945000 25
946000 25
947000 25
948000 25
949000 25
950000 25
951000 25
952000 25
953000 25
954000 25
955000 25
956000 25
957000 25
958000 25
959000 25
960000 25
961000 25
962000 25
963000 25
964000 25
965000 25
966000 25
967000 25
968000 25
969000 25
970000 25
971000 25
972000 25
973000 25
974000 25
975000 25
976000 25
977000 25
978000 25
979000 25
980000 25
981000 25
982000 25
983000 25
984000 25
985000 25
986000 25
987000 25
988000 25
989000 25
990000 25
991000 25
992000 25
993000 25
994000 25
995000 25
996000 25
997000 25
998000 26
999000 26
1000000 26
1001000 26
1002000 26
1003000 26
1004000 26
1005000 26
1006000 26
1007000 26
1008000 26
1009000 26
1010000 26
1011000 26
1012000 26
1013000 26
1014000 26
1015000 26
1016000 26
1017000 26
1018000 26
1019000 26
1020000 26
1021000 26
1022000 26
1023000 26
1024000 26
1025000 26
1026000 26
1027000 26
1028000 26
1029000 26
1030000 26
1031000 26
1032000 26
1033000 26
1034000 26
1035000 26
1036000 26
1037000 26
1038000 26
1039000 26
1040000 26
1041000 26
1042000 26
1043000 26
1044000 26
1045000 26
1046000 26
1047000 26
1048000 26
1049000 26
1050000 26
1051000 26
1052000 26
1053000 26
1054000 26
1055000 26
1056000 26
1057000 26
1058000 26
1059000 26
1060000 26
1061000 26
1062000 26
1063000 26
1064000 26
1065000 26
1066000 26
1067000 26
1068000 26
1069000 26
1070000 26
1071000 26
1072000 26
1073000 26
1074000 26
1075000 26
1076000 26
1077000 26
1078000 26
1079000 26
1080000 26
1081000 26
1082000 26
1083000 26
1084000 26
1085000 26
1086000 26
1087000 26
1088000 26
1089000 26
1090000 26
1091000 26
1092000 26
1093000 26
1094000 26
1095000 26
1096000 26
1097000 26
1098000 26
1099000 26
1100000 26
1101000 26
1102000 26
1103000 26
1104000 26
1105000 26
1106000 26
1107000 27
1108000 27
1109000 27
1110000 27
1111000 27
1112000 27
1113000 27
1114000 27
1115000 28
1116000 28
1117000 28
1118000 28
1119000 28
1120000 28
1121000 28
1122000 28
1123000 28
1124000 28
1125000 29
1126000 29
1127000 29
1128000 29
1129000 29
1130000 29
1131000 29
1132000 29
1133000 29
1134000 29
1135000 30
1136000 30
1137000 30
1138000 30
1139000 30
1140000 30
1141000 30
1142000 31
1143000 31
1144000 31
1145000 31
1146000 31
1147000 31
1148000 31
1149000 31
1150000 31
1151000 31
1152000 31
1153000 31
1154000 31
1155000 31
1156000 31
1157000 31
1158000 31
1159000 31
1160000 31
1161000 31
1162000 31
1163000 31
1164000 31
1165000 31
1166000 31
1167000 31
1168000 31
1169000 31
1170000 31
1171000 31
1172000 31
1173000 31
1174000 31
1175000 31
1176000 31
1177000 31
1178000 31
1179000 31
1180000 31
1181000 31
1182000 31
1183000 31
1184000 31
1185000 31
1186000 31
1187000 31
1188000 31
1189000 31
1190000 31
1191000 31
1192000 31
1193000 31
1194000 31
1195000 31
1196000 31
1197000 31
1198000 31
1199000 31
1200000 31
1201000 31
1202000 31
1203000 31
1204000 31
1205000 31
1206000 31
1207000 31
1208000 31
1209000 31
1210000 31
1211000 31
1212000 31
1213000 31
1214000 31
1215000 31
1216000 31
1217000 31
1218000 31
1219000 31
1220000 31
1221000 31
1222000 31
1223000 31
1224000 31
1225000 31
1226000 31
1227000 31
1228000 31
1229000 31
1230000 31
1231000 31
1232000 31
1233000 31
1234000 31
1235000 31
1236000 31
1237000 31
1238000 31
1239000 31
1240000 31
1241000 31
1242000 31
1243000 31
1244000 31
1245000 31
1246000 31
1247000 31
1248000 31
1249000 31
1250000 31
1251000 31
1252000 32
1253000 32
1254000 32
1255000 32
1256000 32
1257000 32
1258000 32
1259000 32
1260000 32
1261000 32
1262000 32
1263000 33
1264000 33
1265000 33
1266000 33
1267000 33
1268000 33
1269000 33
1270000 33
1271000 33
1272000 33
1273000 33
1274000 33
1275000 33
1276000 33
1277000 33
1278000 33
1279000 33
1280000 33
1281000 33
1282000 33
1283000 33
1284000 33
1285000 33
1286000 33
1287000 33
1288000 33
1289000 33
1290000 33
1291000 33
1292000 33
1293000 33
1294000 33
1295000 33
1296000 33
1297000 33
1298000 33
1299000 33
1300000 33
1301000 33
1302000 33
1303000 33
1304000 33
1305000 33
1306000 33
1307000 33
1308000 33
1309000 33
1310000 33
1311000 33
1312000 33
1313000 33
1314000 33
1315000 33
1316000 33
1317000 33
1318000 33
1319000 33
1320000 33
1321000 34
1322000 34
1323000 34
1324000 34
1325000 34
1326000 34
1327000 34
1328000 34
1329000 34
1330000 34
1331000 34
1332000 34
1333000 34
1334000 34
1335000 34
1336000 34
1337000 34
1338000 34
1339000 34
1340000 34
1341000 34
1342000 34
1343000 34
1344000 34
1345000 34
1346000 34
1347000 34
1348000 34
1349000 34
1350000 34
1351000 34
1352000 34
1353000 34
1354000 34
1355000 34
1356000 34
1357000 34
1358000 34
1359000 34
1360000 34
1361000 34
1362000 34
1363000 34
1364000 34
1365000 34
1366000 34
1367000 34
1368000 34
1369000 34
1370000 34
1371000 34
1372000 34
1373000 34
1374000 34
1375000 34
1376000 34
1377000 34
1378000 34
1379000 34
1380000 34
1381000 34
1382000 34
1383000 34
1384000 34
1385000 34
1386000 34
1387000 34
1388000 34
1389000 34
1390000 34
1391000 34
1392000 34
1393000 34
1394000 34
1395000 34
1396000 34
1397000 34
1398000 34
1399000 34
1400000 34
1401000 34
1402000 34
1403000 34
1404000 34
1405000 34
1406000 34
1407000 34
1408000 34
1409000 34
1410000 34
1411000 34
1412000 34
1413000 34
1414000 34
1415000 34
1416000 34
1417000 34
1418000 34
1419000 34
1420000 34
1421000 34
1422000 34
1423000 34
1424000 34
1425000 34
1426000 34
1427000 34
1428000 34
1429000 35
1430000 35
1431000 35
1432000 35
1433000 35
1434000 35
1435000 35
1436000 35
1437000 35
1438000 35
1439000 35
1440000 35
1441000 35
1442000 35
1443000 35
1444000 35
1445000 35
1446000 35
1447000 35
1448000 35
1449000 35
1450000 35
1451000 35
1452000 35
1453000 35
1454000 35
1455000 35
1456000 35
1457000 35
1458000 35
1459000 35
1460000 35
1461000 35
1462000 35
1463000 35
1464000 35
1465000 35
1466000 35
1467000 35
1468000 35
1469000 35
1470000 35
1471000 35
1472000 35
1473000 35
1474000 35
1475000 35
1476000 35
1477000 35
1478000 35
1479000 35
1480000 35
1481000 35
1482000 35
1483000 35
1484000 35
1485000 35
1486000 35
1487000 35
1488000 35
1489000 35
1490000 35
1491000 35
1492000 35
1493000 35
1494000 35
1495000 35
1496000 35
1497000 35
1498000 35
1499000 35
1500000 35
1501000 35
1502000 35
1503000 35
1504000 35
1505000 35
1506000 35
1507000 35
1508000 35
1509000 35
1510000 35
1511000 35
1512000 35
1513000 35
1514000 35
1515000 35
1516000 35
1517000 35
1518000 35
1519000 35
1520000 35
1521000 35
1522000 35
1523000 35
1524000 35
1525000 35
1526000 35
1527000 35
1528000 35
1529000 35
1530000 35
1531000 35
1532000 35
1533000 35
1534000 35
1535000 35
1536000 35
1537000 35
1538000 35
1539000 35
1540000 35
1541000 35
1542000 35
1543000 35
1544000 35
1545000 35
1546000 35
1547000 35
1548000 35
1549000 35
1550000 35
1551000 35
1552000 35
1553000 35
1554000 35
1555000 35
1556000 35
1557000 35
1558000 35
1559000 35
1560000 35
1561000 35
1562000 35
1563000 35
1564000 35
1565000 35
1566000 35
1567000 35
1568000 35
1569000 35
1570000 35
1571000 35
1572000 35
1573000 35
1574000 35
1575000 35
1576000 35
1577000 35
1578000 35
1579000 35
1580000 35
1581000 35
1582000 35
1583000 35
1584000 35
1585000 35
1586000 35
1587000 36
1588000 36
1589000 36
1590000 36
1591000 36
1592000 36
1593000 36
1594000 36
1595000 36
1596000 36
1597000 36
1598000 36
1599000 36
1600000 36
1601000 36
1602000 36
1603000 36
1604000 36
1605000 36
1606000 36
1607000 36
1608000 36
1609000 36
1610000 36
1611000 36
1612000 36
1613000 36
1614000 36
1615000 36
1616000 36
1617000 36
1618000 36
1619000 36
1620000 36
1621000 36
1622000 36
1623000 36
1624000 36
1625000 36
1626000 36
1627000 36
1628000 36
1629000 36
1630000 36
1631000 36
1632000 36
1633000 36
1634000 36
1635000 36
1636000 36
1637000 36
1638000 36
1639000 36
1640000 36
1641000 36
1642000 36
1643000 36
1644000 36
1645000 36
1646000 36
1647000 36
1648000 36
1649000 36
1650000 36
1651000 36
1652000 36
1653000 36
1654000 36
1655000 36
1656000 36
1657000 36
1658000 36
1659000 36
1660000 36
1661000 36
1662000 36
1663000 36
1664000 36
1665000 36
1666000 36
1667000 36
1668000 36
1669000 36
1670000 36
1671000 36
1672000 36
1673000 36
1674000 36
1675000 36
1676000 36
1677000 36
1678000 36
1679000 36
1680000 36
1681000 36
1682000 36
1683000 36
1684000 36
1685000 36
1686000 36
1687000 36
1688000 36
1689000 36
1690000 36
1691000 36
1692000 36
1693000 36
1694000 36
1695000 36
1696000 37
1697000 37
1698000 37
1699000 37
1700000 37
1701000 37
1702000 37
1703000 37
1704000 37
1705000 37
1706000 38
1707000 38
1708000 38
1709000 38
1710000 38
1711000 38
1712000 38
1713000 38
1714000 38
1715000 38
1716000 38
1717000 38
1718000 38
1719000 38
1720000 38
1721000 38
1722000 38
1723000 38
1724000 38
1725000 38
1726000 38
1727000 38
1728000 38
1729000 38
1730000 38
1731000 38
1732000 38
1733000 38
1734000 38
1735000 38
1736000 38
1737000 38
1738000 38
1739000 38
1740000 38
1741000 38
1742000 38
1743000 38
1744000 38
1745000 38
1746000 38
1747000 38
1748000 38
1749000 38
1750000 38
1751000 38
1752000 38
1753000 38
1754000 38
1755000 38
1756000 38
1757000 38
1758000 38
1759000 38
1760000 38
1761000 38
1762000 38
1763000 38
1764000 38
1765000 39
1766000 39
1767000 39
1768000 39
1769000 39
1770000 39
1771000 39
1772000 39
1773000 39
1774000 39
1775000 39
1776000 40
1777000 40
1778000 40
1779000 40
1780000 40
1781000 40
1782000 40
1783000 40
1784000 40
1785000 40
1786000 40
1787000 40
1788000 40
1789000 40
1790000 40
1791000 40
1792000 40
1793000 40
1794000 40
1795000 40
1796000 40
1797000 40
1798000 40
1799000 40
1800000 40
1801000 40
1802000 40
1803000 40
1804000 40
1805000 40
1806000 40
1807000 40
1808000 40
1809000 40
1810000 40
1811000 40
1812000 40
1813000 40
1814000 40
1815000 40
1816000 40
1817000 40
1818000 40
1819000 40
1820000 40
1821000 40
1822000 40
1823000 40
1824000 40
1825000 40
1826000 40
1827000 40
1828000 40
1829000 40
1830000 40
1831000 40
1832000 40
1833000 40
1834000 40
1835000 41
1836000 41
1837000 41
1838000 41
1839000 41
1840000 41
1841000 41
1842000 41
1843000 41
1844000 41
1845000 42
1846000 42
1847000 42
1848000 42
1849000 42
1850000 42
1851000 42
1852000 42
1853000 42
1854000 42
1855000 43
1856000 43
1857000 43
1858000 43
1859000 43
1860000 43
1861000 43
1862000 44
1863000 44
1864000 44
1865000 44
1866000 44
1867000 44
1868000 44
1869000 44
1870000 44
1871000 44
1872000 44
1873000 44
1874000 44
1875000 44
1876000 44
1877000 44
1878000 44
1879000 44
1880000 44
1881000 44
1882000 44
1883000 44
1884000 44
1885000 44
1886000 44
1887000 44
1888000 44
1889000 44
1890000 44
1891000 44
1892000 44
1893000 44
1894000 44
1895000 44
1896000 44
1897000 44
1898000 44
1899000 44
1900000 44
1901000 44
1902000 44
1903000 44
1904000 44
1905000 44
1906000 44
1907000 44
1908000 44
1909000 44
1910000 44
1911000 44
1912000 44
1913000 44
1914000 44
1915000 44
1916000 44
1917000 44
1918000 44
1919000 44
1920000 44
1921000 44
1922000 44
1923000 44
1924000 44
1925000 44
1926000 44
1927000 44
1928000 44
1929000 44
1930000 44
1931000 44
1932000 44
1933000 44
1934000 44
1935000 44
1936000 44
1937000 44
1938000 44
1939000 44
1940000 44
1941000 44
1942000 44
1943000 44
1944000 44
1945000 44
1946000 44
1947000 44
1948000 44
1949000 45
1950000 45
1951000 45
1952000 45
1953000 45
1954000 45
1955000 45
1956000 45
1957000 45
1958000 45
1959000 45
1960000 45
1961000 45
1962000 45
1963000 45
1964000 45
1965000 45
1966000 45
1967000 45
1968000 45
1969000 45
1970000 45
1971000 45
1972000 45
1973000 45
1974000 45
1975000 45
1976000 45
1977000 45
1978000 45
1979000 45
1980000 45
1981000 45
1982000 45
1983000 45
1984000 45
1985000 45
1986000 45
1987000 45
1988000 45
1989000 45
1990000 45
1991000 45
1992000 45
1993000 45
1994000 45
1995000 45
1996000 45
1997000 45
1998000 45
1999000 45
2000000 45
2001000 45
2002000 45
2003000 45
2004000 45
2005000 45
2006000 45
2007000 45
2008000 45
2009000 45
2010000 45
2011000 45
2012000 45
2013000 45
2014000 45
2015000 45
2016000 45
2017000 45
2018000 45
2019000 45
2020000 45
2021000 45
2022000 45
2023000 45
2024000 45
2025000 45
2026000 45
2027000 45
2028000 45
2029000 45
2030000 45
2031000 45
2032000 45
2033000 45
2034000 45
2035000 45
2036000 45
2037000 45
2038000 45
2039000 45
2040000 45
2041000 45
2042000 45
2043000 45
2044000 45
2045000 45
2046000 45
2047000 45
2048000 45
2049000 45
2050000 45
2051000 45
2052000 45
2053000 45
2054000 45
2055000 45
2056000 45
2057000 46
2058000 46
2059000 46
2060000 46
2061000 46
2062000 46
2063000 46
2064000 47
2065000 47
2066000 47
2067000 47
2068000 47
2069000 47
2070000 47
2071000 47
2072000 47
2073000 47
2074000 47
2075000 47
2076000 47
2077000 47
2078000 47
2079000 47
2080000 47
2081000 47
2082000 47
2083000 47
2084000 47
2085000 47
2086000 47
2087000 47
2088000 47
2089000 47
2090000 47
2091000 47
2092000 47
2093000 47
2094000 47
2095000 47
2096000 47
2097000 47
2098000 47
2099000 47
2100000 47
2101000 47
2102000 47
2103000 47
2104000 47
2105000 47
2106000 47
2107000 47
2108000 47
2109000 47
2110000 47
2111000 47
2112000 47
2113000 47
2114000 47
2115000 47
2116000 47
2117000 47
2118000 47
2119000 47
2120000 47
2121000 47
2122000 48
2123000 48
2124000 48
2125000 48
2126000 48
2127000 48
2128000 48
2129000 49
2130000 49
2131000 49
2132000 49
2133000 49
2134000 49
2135000 49
2136000 49
2137000 49
2138000 49
2139000 49
2140000 49
2141000 49
2142000 49
2143000 49
2144000 49
2145000 49
2146000 49
2147000 49
2148000 49
2149000 49
2150000 49
2151000 49
2152000 49
2153000 49
2154000 49
2155000 49
2156000 49
2157000 49
2158000 49
2159000 49
2160000 49
2161000 49
2162000 49
2163000 49
2164000 49
2165000 49
2166000 49
2167000 49
2168000 49
2169000 49
2170000 49
2171000 49
2172000 49
2173000 49
2174000 49
2175000 49
2176000 49
2177000 49
2178000 49
2179000 49
2180000 49
2181000 49
2182000 49
2183000 49
2184000 49
2185000 49
2186000 49
2187000 50
2188000 50
2189000 50
2190000 50
2191000 50
2192000 50
2193000 50
2194000 50
2195000 50
2196000 50
2197000 50
2198000 50
2199000 50
2200000 50
2201000 50
2202000 50
2203000 50
2204000 50
2205000 50
2206000 50
2207000 50
2208000 50
2209000 50
2210000 50
2211000 50
2212000 50
2213000 50
2214000 50
2215000 50
2216000 50
2217000 50
2218000 50
2219000 50
2220000 50
2221000 50
2222000 50
2223000 50
2224000 50
2225000 50
2226000 50
2227000 50
2228000 50
2229000 50
2230000 50
2231000 50
2232000 50
2233000 50
2234000 50
2235000 50
2236000 50
2237000 50
2238000 50
2239000 50
2240000 50
2241000 50
2242000 50
2243000 50
2244000 50
2245000 50
2246000 50
2247000 50
2248000 50
2249000 50
2250000 50
2251000 50
2252000 50
2253000 50
2254000 50
2255000 50
2256000 50
2257000 50
2258000 50
2259000 50
2260000 50
2261000 50
2262000 50
2263000 50
2264000 50
2265000 50
2266000 50
2267000 50
2268000 50
2269000 50
2270000 50
2271000 50
2272000 50
2273000 50
2274000 50
2275000 50
2276000 50
2277000 50
2278000 50
2279000 50
2280000 50
2281000 50
2282000 50
2283000 50
2284000 50
2285000 50
2286000 50
2287000 50
2288000 50
2289000 50
2290000 50
2291000 50
2292000 50
2293000 50
2294000 50
2295000 51
2296000 51
2297000 51
2298000 51
2299000 51
2300000 51
2301000 51
2302000 51
2303000 51
2304000 51
2305000 51
2306000 51
2307000 51
2308000 51
2309000 51
2310000 51
2311000 51
2312000 51
2313000 51
2314000 51
2315000 51
2316000 51
2317000 51
2318000 51
2319000 51
2320000 51
2321000 51
2322000 51
2323000 52
2324000 52
2325000 52
2326000 52
2327000 52
2328000 52
2329000 52
2330000 52
2331000 53
2332000 53
2333000 53
2334000 53
2335000 53
2336000 53
2337000 53
2338000 53
2339000 53
2340000 53
2341000 54
2342000 54
2343000 54
2344000 54
2345000 54
2346000 54
2347000 54
2348000 54
2349000 54
2350000 54
2351000 55
2352000 55
2353000 55
2354000 55
2355000 55
2356000 55
2357000 55
2358000 55
2359000 55
2360000 55
2361000 55
2362000 55
2363000 55
2364000 55
2365000 55
2366000 55
2367000 55
2368000 55
2369000 55
2370000 55
2371000 55
2372000 55
2373000 55
2374000 55
2375000 55
2376000 55
2377000 55
2378000 55
2379000 55
2380000 55
2381000 55
2382000 55
2383000 55
2384000 55
2385000 55
2386000 55
2387000 55
2388000 55
2389000 55
2390000 55
2391000 55
2392000 55
2393000 55
2394000 55
2395000 55
2396000 55
2397000 55
2398000 55
2399000 55
2400000 55
2401000 55
2402000 55
2403000 55
2404000 55
2405000 55
2406000 55
2407000 55
2408000 55
2409000 55
2410000 55
2411000 55
2412000 55
2413000 55
2414000 55
2415000 55
2416000 55
2417000 55
2418000 55
2419000 55
2420000 55
2421000 55
2422000 55
2423000 55
2424000 55
2425000 55
2426000 55
2427000 55
2428000 55
2429000 55
2430000 55
2431000 55
2432000 55
2433000 55
2434000 55
2435000 55
2436000 55
2437000 55
2438000 55
2439000 55
2440000 55
2441000 55
2442000 55
2443000 55
2444000 55
2445000 55
2446000 55
2447000 55
2448000 55
2449000 55
2450000 55
2451000 55
2452000 55
2453000 55
2454000 55
2455000 55
2456000 55
2457000 55
2458000 55
2459000 55
2460000 55
2461000 55
2462000 55
2463000 55
2464000 55
2465000 55
2466000 55
2467000 55
2468000 55
2469000 55
2470000 55
2471000 55
2472000 55
2473000 55
2474000 55
2475000 55
2476000 55
2477000 55
2478000 55
2479000 55
2480000 55
2481000 55
2482000 55
2483000 55
2484000 55
2485000 55
2486000 55
2487000 55
2488000 55
2489000 55
2490000 55
2491000 55
2492000 55
2493000 55
2494000 55
2495000 55
2496000 55
2497000 55
2498000 55
2499000 55
2500000 55
2501000 55
2502000 55
2503000 55
2504000 55
2505000 55
2506000 55
2507000 55
2508000 55
2509000 55
2510000 55
2511000 55
2512000 55
2513000 55
2514000 55
2515000 55
2516000 55
2517000 55
2518000 55
2519000 55
2520000 55
2521000 55
2522000 55
2523000 55
2524000 55
2525000 55
2526000 55
2527000 55
2528000 55
2529000 55
2530000 55
2531000 55
2532000 55
2533000 55
2534000 55
2535000 55
2536000 55
2537000 55
2538000 55
2539000 55
2540000 55
2541000 55
2542000 55
2543000 55
2544000 55
2545000 55
2546000 55
2547000 55
2548000 55
2549000 55
2550000 55
2551000 55
2552000 55
2553000 55
2554000 55
2555000 55
2556000 55
2557000 55
2558000 55
2559000 55
2560000 55
2561000 55
2562000 55
2563000 55
2564000 55
2565000 55
2566000 55
2567000 55
2568000 55
2569000 55
2570000 55
2571000 55
2572000 55
2573000 55
2574000 55
2575000 55
2576000 55
2577000 55
2578000 55
2579000 55
2580000 55
2581000 55
2582000 55
2583000 55
2584000 55
2585000 55
2586000 55
2587000 55
2588000 55
2589000 55
2590000 55
2591000 55
2592000 55
2593000 55
2594000 55
2595000 55
2596000 55
2597000 55
2598000 55
2599000 55
2600000 55
2601000 55
2602000 55
2603000 55
2604000 55
2605000 55
2606000 55
2607000 55
2608000 55
2609000 55
2610000 55
2611000 55
2612000 56
2613000 56
2614000 56
2615000 56
2616000 56
2617000 56
2618000 56
2619000 56
2620000 57
2621000 57
2622000 57
2623000 57
2624000 57
2625000 57
2626000 57
2627000 57
2628000 57
2629000 57
2630000 58
2631000 58
2632000 58
2633000 58
2634000 58
2635000 58
2636000 58
2637000 58
2638000 58
2639000 58
2640000 58
2641000 58
2642000 58
2643000 58
2644000 58
2645000 58
2646000 58
2647000 58
2648000 58
2649000 58
2650000 58
2651000 58
2652000 58
2653000 58
2654000 58
2655000 58
2656000 58
2657000 58
2658000 58
2659000 58
2660000 58
2661000 58
2662000 58
2663000 58
2664000 58
2665000 58
2666000 58
2667000 58
2668000 58
2669000 58
2670000 58
2671000 58
2672000 58
2673000 58
2674000 58
2675000 58
2676000 58
2677000 58
2678000 58
2679000 58
2680000 58
2681000 58
2682000 58
2683000 58
2684000 58
2685000 58
2686000 58
2687000 58
2688000 58
2689000 58
2690000 58
2691000 58
2692000 58
2693000 58
2694000 58
2695000 58
2696000 58
2697000 58
2698000 58
2699000 58
2700000 58
2701000 58
2702000 58
2703000 58
2704000 58
2705000 58
2706000 58
2707000 58
2708000 58
2709000 58
2710000 58
2711000 58
2712000 58
2713000 58
2714000 58
2715000 58
2716000 58
2717000 58
2718000 58
2719000 58
2720000 58
2721000 58
2722000 58
2723000 58
2724000 58
2725000 58
2726000 58
2727000 58
2728000 58
2729000 58
2730000 58
2731000 58
2732000 58
2733000 58
2734000 58
2735000 58
2736000 58
2737000 58
2738000 58
2739000 58
2740000 58
2741000 58
2742000 58
2743000 58
2744000 58
2745000 58
2746000 58
2747000 58
2748000 58
2749000 58
2750000 58
2751000 58
2752000 58
2753000 58
2754000 58
2755000 58
2756000 58
2757000 58
2758000 58
2759000 58
2760000 58
2761000 58
2762000 58
2763000 58
2764000 58
2765000 58
2766000 58
2767000 58
2768000 58
2769000 58
2770000 58
2771000 58
2772000 58
2773000 58
2774000 58
2775000 58
2776000 58
2777000 58
2778000 58
2779000 58
2780000 58
2781000 58
2782000 58
2783000 58
2784000 58
2785000 58
2786000 58
2787000 58
2788000 58
2789000 58
2790000 58
2791000 58
2792000 58
2793000 58
2794000 58
2795000 58
2796000 58
2797000 58
2798000 58
2799000 58
2800000 58
2801000 58
2802000 58
2803000 58
2804000 58
2805000 58
2806000 58
2807000 58
2808000 58
2809000 58
2810000 58
2811000 58
2812000 58
2813000 58
2814000 58
2815000 58
2816000 58
2817000 58
2818000 58
2819000 58
2820000 58
2821000 58
2822000 58
2823000 58
2824000 58
2825000 58
2826000 58
2827000 58
2828000 58
2829000 58
2830000 58
2831000 58
2832000 58
2833000 58
2834000 58
2835000 58
2836000 58
2837000 58
2838000 58
2839000 58
2840000 58
2841000 58
2842000 59
2843000 59
2844000 59
2845000 59
2846000 59
2847000 59
2848000 59
2849000 59
2850000 59
2851000 59
2852000 59
2853000 59
2854000 59
2855000 59
2856000 59
2857000 59
2858000 59
2859000 59
2860000 59
2861000 59
2862000 59
2863000 59
2864000 59
2865000 59
2866000 59
2867000 59
2868000 59
2869000 59
2870000 59
2871000 59
2872000 59
2873000 59
2874000 59
2875000 59
2876000 59
2877000 59
2878000 59
2879000 59
2880000 59
2881000 59
2882000 59
2883000 59
2884000 59
2885000 59
2886000 59
2887000 59
2888000 59
2889000 59
2890000 59
2891000 59
2892000 59
2893000 59
2894000 59
2895000 59
2896000 59
2897000 59
2898000 59
2899000 59
2900000 59
2901000 59
2902000 59
2903000 59
2904000 59
2905000 59
2906000 59
2907000 59
2908000 59
2909000 59
2910000 59
2911000 59
2912000 59
2913000 59
2914000 59
2915000 59
2916000 59
2917000 59
2918000 59
2919000 59
2920000 59
2921000 59
2922000 59
2923000 59
2924000 59
2925000 59
2926000 59
2927000 59
2928000 59
2929000 59
2930000 59
2931000 59
2932000 59
2933000 59
2934000 59
2935000 59
2936000 59
2937000 59
2938000 59
2939000 59
2940000 59
2941000 59
2942000 59
2943000 59
2944000 59
2945000 59
2946000 59
2947000 59
2948000 59
2949000 59
2950000 59
2951000 59
2952000 59
2953000 59
2954000 59
2955000 59
2956000 59
2957000 59
2958000 59
2959000 59
2960000 59
2961000 59
2962000 59
2963000 59
2964000 59
2965000 59
2966000 59
2967000 59
2968000 59
2969000 59
2970000 59
2971000 59
2972000 59
2973000 59
2974000 59
2975000 59
2976000 59
2977000 59
2978000 59
2979000 59
2980000 59
2981000 59
2982000 59
2983000 59
2984000 59
2985000 59
2986000 59
2987000 59
2988000 59
2989000 59
2990000 59
2991000 59
2992000 59
2993000 59
2994000 59
2995000 59
2996000 59
2997000 59
2998000 59
2999000 59
3000000 59
3001000 59
3002000 59
3003000 59
3004000 59
3005000 60
3006000 60
3007000 60
3008000 60
3009000 60
3010000 60
3011000 60
3012000 60
3013000 60
3014000 60
3015000 60
3016000 60
3017000 60
3018000 60
3019000 60
3020000 60
3021000 60
3022000 60
3023000 60
3024000 60
3025000 60
3026000 60
3027000 60
3028000 60
3029000 60
3030000 60
3031000 60
3032000 60
3033000 60
3034000 60
3035000 60
3036000 60
3037000 60
3038000 60
3039000 60
3040000 60
3041000 60
3042000 60
3043000 60
3044000 60
3045000 60
3046000 60
3047000 60
3048000 60
3049000 60
3050000 60
3051000 60
3052000 60
3053000 60
3054000 60
3055000 60
3056000 60
3057000 60
3058000 60
3059000 60
3060000 60
3061000 60
3062000 60
3063000 61
3064000 61
3065000 61
3066000 61
3067000 61
3068000 61
3069000 61
3070000 61
3071000 61
3072000 61
3073000 61
3074000 61
3075000 61
3076000 61
3077000 61
3078000 61
3079000 61
3080000 61
3081000 61
3082000 61
3083000 61
3084000 61
3085000 61
3086000 61
3087000 61
3088000 61
3089000 61
3090000 61
3091000 61
3092000 61
3093000 61
3094000 61
3095000 61
3096000 61
3097000 61
3098000 61
3099000 61
3100000 61
3101000 61
3102000 61
3103000 61
3104000 61
3105000 61
3106000 61
3107000 61
3108000 61
3109000 61
3110000 61
3111000 61
3112000 61
3113000 61
3114000 61
3115000 61
3116000 61
3117000 61
3118000 61
3119000 61
3120000 62
3121000 62
3122000 62
3123000 62
3124000 62
3125000 62
3126000 62
3127000 62
3128000 63
3129000 63
3130000 63
3131000 63
3132000 63
3133000 63
3134000 63
3135000 63
3136000 63
3137000 63
3138000 63
3139000 63
3140000 63
3141000 63
3142000 63
3143000 63
3144000 63
3145000 63
3146000 63
3147000 63
3148000 63
3149000 63
3150000 63
3151000 63
3152000 63
3153000 63
3154000 63
3155000 63
3156000 63
3157000 63
3158000 63
3159000 63
3160000 63
3161000 63
3162000 63
3163000 63
3164000 63
3165000 63
3166000 63
3167000 63
3168000 63
3169000 63
3170000 63
3171000 63
3172000 63
3173000 63
3174000 63
3175000 63
3176000 63
3177000 63
3178000 63
3179000 63
3180000 63
3181000 63
3182000 63
3183000 63
3184000 63
3185000 64
3186000 64
3187000 64
3188000 64
3189000 64
3190000 64
3191000 64
3192000 64
3193000 64
3194000 65
3195000 65
3196000 65
3197000 65
3198000 65
3199000 65
3200000 65
3201000 65
3202000 65
3203000 65
3204000 65
3205000 65
3206000 65
3207000 65
3208000 65
3209000 65
3210000 65
3211000 65
3212000 65
3213000 65
3214000 65
3215000 65
3216000 65
3217000 65
3218000 65
3219000 65
3220000 65
3221000 65
3222000 65
3223000 65
3224000 65
3225000 65
3226000 65
3227000 65
3228000 65
3229000 65
3230000 65
3231000 65
3232000 65
3233000 65
3234000 65
3235000 65
3236000 65
3237000 65
3238000 65
3239000 65
3240000 65
3241000 65
3242000 65
3243000 65
3244000 65
3245000 65
3246000 65
3247000 65
3248000 65
3249000 65
3250000 65
3251000 65
3252000 66
3253000 66
3254000 66
3255000 66
3256000 66
3257000 66
3258000 66
3259000 66
3260000 66
3261000 66
3262000 66
3263000 66
3264000 66
3265000 66
3266000 66
3267000 66
3268000 66
3269000 66
3270000 66
3271000 66
3272000 66
3273000 66
3274000 66
3275000 66
3276000 66
3277000 66
3278000 66
3279000 66
3280000 66
3281000 66
3282000 66
3283000 66
3284000 66
3285000 66
3286000 66
3287000 66
3288000 66
3289000 66
3290000 66
3291000 66
3292000 66
3293000 66
3294000 66
3295000 66
3296000 66
3297000 66
3298000 66
3299000 66
3300000 66
3301000 66
3302000 66
3303000 66
3304000 66
3305000 66
3306000 66
3307000 66
3308000 66
3309000 66
3310000 66
3311000 66
3312000 66
3313000 66
3314000 66
3315000 66
3316000 66
3317000 66
3318000 66
3319000 66
3320000 66
3321000 66
3322000 66
3323000 66
3324000 66
3325000 66
3326000 66
3327000 66
3328000 66
3329000 66
3330000 66
3331000 66
3332000 66
3333000 66
3334000 66
3335000 66
3336000 66
3337000 66
3338000 66
3339000 66
3340000 66
3341000 66
3342000 66
3343000 66
3344000 66
3345000 66
3346000 66
3347000 66
3348000 66
3349000 66
3350000 66
3351000 66
3352000 66
3353000 66
3354000 66
3355000 66
3356000 66
3357000 66
3358000 66
3359000 66
3360000 66
3361000 67
3362000 67
3363000 67
3364000 67
3365000 67
3366000 67
3367000 67
3368000 67
3369000 67
3370000 67
3371000 67
3372000 67
3373000 67
3374000 67
3375000 67
3376000 67
3377000 67
3378000 67
3379000 67
3380000 67
3381000 67
3382000 67
3383000 67
3384000 67
3385000 67
3386000 67
3387000 67
3388000 67
3389000 67
3390000 67
3391000 67
3392000 67
3393000 67
3394000 67
3395000 67
3396000 67
3397000 67
3398000 67
3399000 67
3400000 67
3401000 67
3402000 67
3403000 67
3404000 67
3405000 67
3406000 67
3407000 67
3408000 67
3409000 67
3410000 67
3411000 67
3412000 67
3413000 67
3414000 67
3415000 67
3416000 67
3417000 67
3418000 67
3419000 67
3420000 68
3421000 68
3422000 68
3423000 68
3424000 68
3425000 68
3426000 68
3427000 68
3428000 68
3429000 68
3430000 68
3431000 68
3432000 68
3433000 68
3434000 68
3435000 68
3436000 68
3437000 68
3438000 68
3439000 68
3440000 68
3441000 68
3442000 68
3443000 68
3444000 68
3445000 68
3446000 68
3447000 68
3448000 68
3449000 68
3450000 68
3451000 68
3452000 68
3453000 68
3454000 68
3455000 68
3456000 68
3457000 68
3458000 68
3459000 68
3460000 68
3461000 68
3462000 68
3463000 68
3464000 68
3465000 68
3466000 68
3467000 68
3468000 68
3469000 68
3470000 68
3471000 68
3472000 68
3473000 68
3474000 68
3475000 68
3476000 68
3477000 68
3478000 68
3479000 68
3480000 68
3481000 68
3482000 68
3483000 68
3484000 68
3485000 68
3486000 68
3487000 68
3488000 69
3489000 69
3490000 69
3491000 69
3492000 69
3493000 69
3494000 69
3495000 69
3496000 69
3497000 69
3498000 69
3499000 69
3500000 69
3501000 69
3502000 69
3503000 69
3504000 69
3505000 69
3506000 69
3507000 69
3508000 69
3509000 69
3510000 69
3511000 69
3512000 69
3513000 69
3514000 69
3515000 69
3516000 69
3517000 69
3518000 69
3519000 69
3520000 69
3521000 69
3522000 69
3523000 69
3524000 69
3525000 69
3526000 69
3527000 69
3528000 69
3529000 69
3530000 69
3531000 69
3532000 69
3533000 69
3534000 69
3535000 69
3536000 69
3537000 69
3538000 69
3539000 69
3540000 69
3541000 69
3542000 69
3543000 69
3544000 69
3545000 69
3546000 69
3547000 69
3548000 69
3549000 69
3550000 69
3551000 69
3552000 69
3553000 69
3554000 69
3555000 69
3556000 69
3557000 69
3558000 69
3559000 69
3560000 69
3561000 69
3562000 69
3563000 69
3564000 69
3565000 69
3566000 69
3567000 69
3568000 69
3569000 69
3570000 69
3571000 69
3572000 69
3573000 69
3574000 69
3575000 69
3576000 69
3577000 69
3578000 69
3579000 69
3580000 69
3581000 69
3582000 69
3583000 69
3584000 69
3585000 69
3586000 69
3587000 69
3588000 69
3589000 69
3590000 69
3591000 69
3592000 69
3593000 69
3594000 69
3595000 69
3596000 69
3597000 69
3598000 69
3599000 69
3600000 69
3601000 69
3602000 69
3603000 69
3604000 69
3605000 69
3606000 69
3607000 69
3608000 69
3609000 69
3610000 69
3611000 69
3612000 69
3613000 69
3614000 69
3615000 69
3616000 69
3617000 69
3618000 69
3619000 69
3620000 69
3621000 69
3622000 69
3623000 69
3624000 69
3625000 69
3626000 69
3627000 69
3628000 69
3629000 69
3630000 69
3631000 69
3632000 69
3633000 69
3634000 69
3635000 69
3636000 69
3637000 69
3638000 69
3639000 69
3640000 69
3641000 69
3642000 69
3643000 69
3644000 69
3645000 69
3646000 69
3647000 70
3648000 70
3649000 70
3650000 70
3651000 70
3652000 70
3653000 70
3654000 70
3655000 71
3656000 71
3657000 71
3658000 71
3659000 71
3660000 71
3661000 71
3662000 71
3663000 71
3664000 71
3665000 71
3666000 71
3667000 71
3668000 71
3669000 71
3670000 71
3671000 71
3672000 71
3673000 71
3674000 71
3675000 71
3676000 71
3677000 71
3678000 71
3679000 71
3680000 71
3681000 71
3682000 71
3683000 71
3684000 71
3685000 71
3686000 71
3687000 71
3688000 71
3689000 71
3690000 71
3691000 71
3692000 71
3693000 71
3694000 71
3695000 71
3696000 71
3697000 71
3698000 71
3699000 71
3700000 71
3701000 71
3702000 71
3703000 71
3704000 71
3705000 71
3706000 71
3707000 71
3708000 71
3709000 71
3710000 71
3711000 71
3712000 71
3713000 72
3714000 72
3715000 72
3716000 72
3717000 72
3718000 72
3719000 72
3720000 72
3721000 72
3722000 72
3723000 72
3724000 72
3725000 72
3726000 72
3727000 72
3728000 72
3729000 72
3730000 72
3731000 72
3732000 72
3733000 72
3734000 72
3735000 72
3736000 72
3737000 72
3738000 72
3739000 72
3740000 72
3741000 72
3742000 72
3743000 72
3744000 72
3745000 72
3746000 72
3747000 72
3748000 72
3749000 72
3750000 72
3751000 72
3752000 72
3753000 72
3754000 72
3755000 72
3756000 72
3757000 72
3758000 72
3759000 72
3760000 72
3761000 72
3762000 72
3763000 72
3764000 72
3765000 72
3766000 72
3767000 72
3768000 72
3769000 72
3770000 72
3771000 72
3772000 72
3773000 72
3774000 72
3775000 72
3776000 72
3777000 72
3778000 72
3779000 72
3780000 72
3781000 72
3782000 72
3783000 72
3784000 72
3785000 72
3786000 72
3787000 72
3788000 72
3789000 72
3790000 72
3791000 72
3792000 72
3793000 72
3794000 72
3795000 72
3796000 72
3797000 72
3798000 72
3799000 72
3800000 72
3801000 72
3802000 72
3803000 72
3804000 72
3805000 72
3806000 72
3807000 72
3808000 72
3809000 72
3810000 72
3811000 72
3812000 72
3813000 72
3814000 72
3815000 72
3816000 72
3817000 72
3818000 72
3819000 72
3820000 72
3821000 72
3822000 73
3823000 73
3824000 73
3825000 73
3826000 73
3827000 73
3828000 73
3829000 73
3830000 73
3831000 73
3832000 73
3833000 73
3834000 73
3835000 73
3836000 73
3837000 73
3838000 73
3839000 73
3840000 73
3841000 73
3842000 73
3843000 73
3844000 73
3845000 73
3846000 73
3847000 73
3848000 73
3849000 73
3850000 73
3851000 73
3852000 73
3853000 73
3854000 73
3855000 73
3856000 73
3857000 73
3858000 73
3859000 73
3860000 73
3861000 73
3862000 73
3863000 73
3864000 73
3865000 73
3866000 73
3867000 73
3868000 73
3869000 73
3870000 73
3871000 73
3872000 73
3873000 73
3874000 73
3875000 73
3876000 73
3877000 73
3878000 73
3879000 73
3880000 73
3881000 73
3882000 73
3883000 73
3884000 73
3885000 73
3886000 74
3887000 74
3888000 74
3889000 74
3890000 74
3891000 74
3892000 74
3893000 74
3894000 75
3895000 75
3896000 75
3897000 75
3898000 75
3899000 75
3900000 75
3901000 75
3902000 75
3903000 76
3904000 76
3905000 76
3906000 76
3907000 76
3908000 76
3909000 76
3910000 76
3911000 76
3912000 76
3913000 76
3914000 76
3915000 76
3916000 76
3917000 76
3918000 76
3919000 76
3920000 76
3921000 76
3922000 76
3923000 76
3924000 76
3925000 76
3926000 76
3927000 76
3928000 76
3929000 76
3930000 76
3931000 76
3932000 76
3933000 76
3934000 76
3935000 76
3936000 76
3937000 76
3938000 76
3939000 76
3940000 76
3941000 76
3942000 76
3943000 76
3944000 76
3945000 76
3946000 76
3947000 76
3948000 76
3949000 76
3950000 76
3951000 76
3952000 76
3953000 76
3954000 76
3955000 76
3956000 76
3957000 76
3958000 76
3959000 76
3960000 76
3961000 77
3962000 77
3963000 77
3964000 77
3965000 77
3966000 77
3967000 77
3968000 78
3969000 78
3970000 78
3971000 78
3972000 78
3973000 78
3974000 78
3975000 78
3976000 78
3977000 78
3978000 78
3979000 78
3980000 78
3981000 78
3982000 78
3983000 78
3984000 78
3985000 78
3986000 78
3987000 78
3988000 79
3989000 79
3990000 79
3991000 79
3992000 79
3993000 79
3994000 79
3995000 79
3996000 79
3997000 79
3998000 79
3999000 79
4000000 79
4001000 79
4002000 79
4003000 79
4004000 79
4005000 79
4006000 79
4007000 79
4008000 79
4009000 79
4010000 79
4011000 79
4012000 79
4013000 79
4014000 79
4015000 79
4016000 79
4017000 79
4018000 79
4019000 79
4020000 79
4021000 79
4022000 79
4023000 79
4024000 79
4025000 79
4026000 79
4027000 79
4028000 79
4029000 79
4030000 79
4031000 79
4032000 79
4033000 79
4034000 79
4035000 79
4036000 79
4037000 79
4038000 79
4039000 79
4040000 79
4041000 79
4042000 79
4043000 79
4044000 79
4045000 79
4046000 79
4047000 79
4048000 79
4049000 79
4050000 79
4051000 79
4052000 79
4053000 80
4054000 80
4055000 80
4056000 80
4057000 80
4058000 80
4059000 80
4060000 80
4061000 80
4062000 80
4063000 80
4064000 80
4065000 80
4066000 80
4067000 80
4068000 80
4069000 80
4070000 80
4071000 80
4072000 80
4073000 80
4074000 80
4075000 80
4076000 80
4077000 80
4078000 80
4079000 80
4080000 80
4081000 80
4082000 80
4083000 80
4084000 80
4085000 80
4086000 80
4087000 80
4088000 80
4089000 80
4090000 80
4091000 80
4092000 80
4093000 80
4094000 80
4095000 80
4096000 80
4097000 80
4098000 80
4099000 80
4100000 80
4101000 80
4102000 80
4103000 80
4104000 80
4105000 80
4106000 80
4107000 80
4108000 80
4109000 80
4110000 81
4111000 81
4112000 81
4113000 81
4114000 81
4115000 81
4116000 81
4117000 82
4118000 82
4119000 82
4120000 82
4121000 82
4122000 82
4123000 82
4124000 82
4125000 82
4126000 82
4127000 82
4128000 82
4129000 82
4130000 82
4131000 83
4132000 83
4133000 83
4134000 83
4135000 83
4136000 83
4137000 83
4138000 83
4139000 83
4140000 83
4141000 83
4142000 83
4143000 83
4144000 83
4145000 83
4146000 83
4147000 83
4148000 83
4149000 83
4150000 83
4151000 83
4152000 83
4153000 83
4154000 83
4155000 83
4156000 83
4157000 83
4158000 83
4159000 83
4160000 83
4161000 83
4162000 83
4163000 83
4164000 83
4165000 83
4166000 83
4167000 83
4168000 83
4169000 83
4170000 83
4171000 83
4172000 83
4173000 83
4174000 83
4175000 83
4176000 83
4177000 83
4178000 83
4179000 83
4180000 83
4181000 83
4182000 83
4183000 83
4184000 83
4185000 83
4186000 83
4187000 83
4188000 83
4189000 83
4190000 83
4191000 83
4192000 83
4193000 83
4194000 83
4195000 83
4196000 84
4197000 84
4198000 84
4199000 84
4200000 84
4201000 84
4202000 84
4203000 84
4204000 84
4205000 84
4206000 84
4207000 84
4208000 84
4209000 84
4210000 84
4211000 84
4212000 84
4213000 84
4214000 84
4215000 84
4216000 84
4217000 84
4218000 84
4219000 84
4220000 84
4221000 84
4222000 84
4223000 84
4224000 84
4225000 84
4226000 84
4227000 84
4228000 84
4229000 84
4230000 84
4231000 84
4232000 84
4233000 84
4234000 84
4235000 84
4236000 84
4237000 84
4238000 84
4239000 84
4240000 84
4241000 84
4242000 84
4243000 84
4244000 84
4245000 84
4246000 84
4247000 84
4248000 84
4249000 84
4250000 84
4251000 84
4252000 84
4253000 84
4254000 84
4255000 84
4256000 85
4257000 85
4258000 85
4259000 85
4260000 85
4261000 85
4262000 85
4263000 85
4264000 85
4265000 85
4266000 85
4267000 85
4268000 85
4269000 85
4270000 85
4271000 85
4272000 85
4273000 85
4274000 85
4275000 85
4276000 85
4277000 85
4278000 85
4279000 85
4280000 85
4281000 85
4282000 85
4283000 85
4284000 85
4285000 85
4286000 85
4287000 85
4288000 85
4289000 85
4290000 85
4291000 85
4292000 85
4293000 85
4294000 85
4295000 85
4296000 85
4297000 85
4298000 85
4299000 85
4300000 85
4301000 85
4302000 85
4303000 85
4304000 85
4305000 85
4306000 85
4307000 85
4308000 85
4309000 85
4310000 85
4311000 85
4312000 85
4313000 85
4314000 85
4315000 85
4316000 85
4317000 85
4318000 85
4319000 85
4320000 85
4321000 85
4322000 85
4323000 85
4324000 85
4325000 85
4326000 85
4327000 85
4328000 85
4329000 85
4330000 85
4331000 85
4332000 85
4333000 85
4334000 85
4335000 85
4336000 85
4337000 85
4338000 85
4339000 85
4340000 85
4341000 85
4342000 85
4343000 85
4344000 85
4345000 85
4346000 85
4347000 85
4348000 85
4349000 85
4350000 85
4351000 85
4352000 85
4353000 85
4354000 85
4355000 85
4356000 85
4357000 85
4358000 85
4359000 85
4360000 85
4361000 85
4362000 85
4363000 85
4364000 85
4365000 86
4366000 86
4367000 86
4368000 86
4369000 86
4370000 86
4371000 86
4372000 86
4373000 86
4374000 87
4375000 87
4376000 87
4377000 87
4378000 87
4379000 87
4380000 87
4381000 87
4382000 87
4383000 87
4384000 87
4385000 87
4386000 87
4387000 87
4388000 87
4389000 87
4390000 87
4391000 87
4392000 87
4393000 87
4394000 87
4395000 87
4396000 87
4397000 87
4398000 87
4399000 87
4400000 87
4401000 87
4402000 87
4403000 87
4404000 87
4405000 87
4406000 87
4407000 87
4408000 87
4409000 87
4410000 87
4411000 87
4412000 87
4413000 87
4414000 87
4415000 87
4416000 87
4417000 87
4418000 87
4419000 87
4420000 87
4421000 87
4422000 87
4423000 87
4424000 87
4425000 87
4426000 87
4427000 87
4428000 87
4429000 87
4430000 87
4431000 87
4432000 87
4433000 87
4434000 87
4435000 87
4436000 87
4437000 87
4438000 87
4439000 87
4440000 87
4441000 87
4442000 87
4443000 87
4444000 87
4445000 87
4446000 87
4447000 87
4448000 87
4449000 87
4450000 87
4451000 87
4452000 87
4453000 87
4454000 87
4455000 87
4456000 87
4457000 87
4458000 87
4459000 87
4460000 87
4461000 87
4462000 87
4463000 87
4464000 87
4465000 87
4466000 87
4467000 87
4468000 87
4469000 87
4470000 87
4471000 87
4472000 87
4473000 87
4474000 87
4475000 87
4476000 87
4477000 87
4478000 87
4479000 87
4480000 87
4481000 87
4482000 87
4483000 87
4484000 87
4485000 87
4486000 87
4487000 87
4488000 87
4489000 87
4490000 87
4491000 87
4492000 87
4493000 87
4494000 87
4495000 87
4496000 87
4497000 87
4498000 87
4499000 87
4500000 87
4501000 87
4502000 87
4503000 87
4504000 87
4505000 87
4506000 87
4507000 87
4508000 87
4509000 87
4510000 87
4511000 87
4512000 87
4513000 87
4514000 87
4515000 87
4516000 87
4517000 87
4518000 87
4519000 87
4520000 87
4521000 87
4522000 87
4523000 87
4524000 87
4525000 87
4526000 87
4527000 87
4528000 87
4529000 87
4530000 87
4531000 87
4532000 88
4533000 88
4534000 88
4535000 88
4536000 88
4537000 88
4538000 88
4539000 88
4540000 88
4541000 88
4542000 88
4543000 88
4544000 88
4545000 88
4546000 88
4547000 88
4548000 88
4549000 88
4550000 88
4551000 88
4552000 88
4553000 88
4554000 88
4555000 88
4556000 88
4557000 88
4558000 88
4559000 88
4560000 88
4561000 88
4562000 88
4563000 88
4564000 88
4565000 88
4566000 88
4567000 88
4568000 88
4569000 88
4570000 88
4571000 88
4572000 88
4573000 88
4574000 88
4575000 88
4576000 88
4577000 88
4578000 88
4579000 88
4580000 88
4581000 88
4582000 88
4583000 88
4584000 88
4585000 88
4586000 88
4587000 88
4588000 88
4589000 88
4590000 88
4591000 88
4592000 89
4593000 89
4594000 89
4595000 89
4596000 89
4597000 89
4598000 89
4599000 89
4600000 89
4601000 89
4602000 89
4603000 89
4604000 89
4605000 89
4606000 89
4607000 89
4608000 89
4609000 89
4610000 89
4611000 89
4612000 89
4613000 89
4614000 89
4615000 89
4616000 89
4617000 89
4618000 89
4619000 89
4620000 89
4621000 89
4622000 89
4623000 89
4624000 89
4625000 89
4626000 89
4627000 89
4628000 89
4629000 89
4630000 89
4631000 89
4632000 89
4633000 89
4634000 89
4635000 89
4636000 89
4637000 89
4638000 89
4639000 89
4640000 89
4641000 89
4642000 89
4643000 89
4644000 89
4645000 89
4646000 89
4647000 89
4648000 89
4649000 89
4650000 89
4651000 89
4652000 89
4653000 89
4654000 89
4655000 89
4656000 89
4657000 89
4658000 89
4659000 89
4660000 89
4661000 89
4662000 89
4663000 89
4664000 89
4665000 89
4666000 89
4667000 89
4668000 89
4669000 89
4670000 89
4671000 89
4672000 89
4673000 89
4674000 89
4675000 89
4676000 89
4677000 89
4678000 89
4679000 89
4680000 89
4681000 89
4682000 89
4683000 89
4684000 89
4685000 89
4686000 89
4687000 89
4688000 89
4689000 89
4690000 89
4691000 89
4692000 89
4693000 89
4694000 89
4695000 89
4696000 89
4697000 89
4698000 89
4699000 89
4700000 89
4701000 89
4702000 89
4703000 90
4704000 90
4705000 90
4706000 90
4707000 90
4708000 90
4709000 90
4710000 90
4711000 90
4712000 90
4713000 90
4714000 90
4715000 90
4716000 90
4717000 90
4718000 90
4719000 90
4720000 90
4721000 90
4722000 90
4723000 90
4724000 90
4725000 90
4726000 90
4727000 90
4728000 90
4729000 90
4730000 90
4731000 90
4732000 90
4733000 90
4734000 90
4735000 90
4736000 90
4737000 90
4738000 90
4739000 90
4740000 90
4741000 90
4742000 90
4743000 90
4744000 90
4745000 90
4746000 90
4747000 90
4748000 90
4749000 90
4750000 90
4751000 90
4752000 90
4753000 90
4754000 90
4755000 90
4756000 90
4757000 90
4758000 90
4759000 90
4760000 90
4761000 91
4762000 91
4763000 91
4764000 91
4765000 91
4766000 91
4767000 91
4768000 91
4769000 91
4770000 92
4771000 92
4772000 92
4773000 92
4774000 92
4775000 92
4776000 92
4777000 92
4778000 92
4779000 93
4780000 93
4781000 93
4782000 93
4783000 93
4784000 93
4785000 93
4786000 93
4787000 93
4788000 93
4789000 93
4790000 93
4791000 93
4792000 93
4793000 93
4794000 93
4795000 93
4796000 93
4797000 93
4798000 93
4799000 93
4800000 93
4801000 93
4802000 93
4803000 93
4804000 93
4805000 93
4806000 93
4807000 93
4808000 93
4809000 93
4810000 93
4811000 93
4812000 93
4813000 93
4814000 93
4815000 93
4816000 93
4817000 93
4818000 93
4819000 93
4820000 93
4821000 93
4822000 93
4823000 93
4824000 93
4825000 93
4826000 93
4827000 93
4828000 93
4829000 93
4830000 93
4831000 93
4832000 93
4833000 93
4834000 93
4835000 93
4836000 93
4837000 94
4838000 94
4839000 94
4840000 94
4841000 94
4842000 94
4843000 94
4844000 94
4845000 94
4846000 94
4847000 94
4848000 94
4849000 94
4850000 94
4851000 94
4852000 94
4853000 94
4854000 94
4855000 94
4856000 94
4857000 94
4858000 94
4859000 94
4860000 94
4861000 94
4862000 94
4863000 94
4864000 94
4865000 94
4866000 94
4867000 94
4868000 94
4869000 94
4870000 94
4871000 94
4872000 94
4873000 94
4874000 94
4875000 94
4876000 94
4877000 94
4878000 94
4879000 94
4880000 94
4881000 94
4882000 94
4883000 94
4884000 94
4885000 94
4886000 94
4887000 94
4888000 94
4889000 94
4890000 94
4891000 94
4892000 94
4893000 94
4894000 94
4895000 94
4896000 94
4897000 95
4898000 95
4899000 95
4900000 95
4901000 95
4902000 95
4903000 95
4904000 95
4905000 95
4906000 95
4907000 96
4908000 96
4909000 96
4910000 96
4911000 96
4912000 96
4913000 96
4914000 96
4915000 97
4916000 97
4917000 97
4918000 97
4919000 97
4920000 97
4921000 97
4922000 97
4923000 97
4924000 97
4925000 97
4926000 97
4927000 97
4928000 97
4929000 97
4930000 97
4931000 97
4932000 97
4933000 97
4934000 97
4935000 97
4936000 97
4937000 97
4938000 97
4939000 97
4940000 97
4941000 97
4942000 97
4943000 97
4944000 97
4945000 97
4946000 97
4947000 97
4948000 97
4949000 97
4950000 97
4951000 97
4952000 97
4953000 97
4954000 97
4955000 97
4956000 97
4957000 97
4958000 97
4959000 97
4960000 97
4961000 97
4962000 97
4963000 97
4964000 97
4965000 97
4966000 97
4967000 97
4968000 97
4969000 97
4970000 97
4971000 97
4972000 97
4973000 98
4974000 98
4975000 98
4976000 98
4977000 98
4978000 98
4979000 98
4980000 98
4981000 98
4982000 98
4983000 98
4984000 98
4985000 98
4986000 98
4987000 98
4988000 98
4989000 98
4990000 98
4991000 98
4992000 98
4993000 98
4994000 98
4995000 98
4996000 98
4997000 98
4998000 98
4999000 98
5000000 98
