0 0
1000 0
2000 0
3000 0
4000 0
5000 0
6000 0
7000 0
8000 0
9000 0
10000 0
11000 0
12000 0
13000 0
14000 0
15000 0
16000 0
17000 0
18000 0
19000 0
20000 0
21000 0
22000 0
23000 0
24000 0
25000 0
26000 0
27000 0
28000 0
29000 0
30000 0
31000 0
32000 0
33000 0
34000 0
35000 1
36000 1
37000 1
38000 1
39000 1
40000 1
41000 1
42000 1
43000 1
44000 1
45000 1
46000 1
47000 1
48000 1
49000 1
50000 1
51000 1
52000 1
53000 1
54000 2
55000 2
56000 2
57000 2
58000 2
59000 2
60000 2
61000 2
62000 2
63000 2
64000 2
65000 2
66000 2
67000 2
68000 2
69000 2
70000 2
71000 2
72000 2
73000 2
74000 2
75000 2
76000 2
77000 2
78000 2
79000 2
80000 2
81000 3
82000 3
83000 3
84000 3
85000 3
86000 3
87000 3
88000 3
89000 3
90000 3
91000 3
92000 3
93000 3
94000 3
95000 3
96000 3
97000 3
98000 3
99000 3
100000 3
101000 3
102000 3
103000 3
104000 3
105000 3
106000 3
107000 3
108000 3
109000 3
110000 3
111000 3
112000 3
113000 3
114000 3
115000 3
116000 3
117000 3
118000 4
119000 4
120000 4
121000 4
122000 4
123000 4
124000 4
125000 4
126000 4
127000 4
128000 4
129000 4
130000 4
131000 4
132000 4
133000 4
134000 4
135000 4
136000 4
137000 4
138000 4
139000 4
140000 4
141000 4
142000 4
143000 4
144000 4
145000 4
146000 4
147000 4
148000 4
149000 4
150000 5
151000 5
152000 5
153000 5
154000 5
155000 5
156000 5
157000 5
158000 5
159000 5
160000 5
161000 5
162000 5
163000 5
164000 5
165000 5
166000 5
167000 5
168000 5
169000 5
170000 6
171000 6
172000 6
173000 6
174000 6
175000 6
176000 6
177000 6
178000 6
179000 6
180000 6
181000 6
182000 6
183000 7
184000 7
185000 7
186000 7
187000 7
188000 7
189000 7
190000 7
191000 7
192000 7
193000 7
194000 7
195000 7
196000 7
197000 7
198000 7
199000 7
200000 7
201000 7
202000 7
203000 7
204000 7
205000 7
206000 7
207000 7
208000 7
209000 7
210000 7
211000 7
212000 7
213000 7
214000 7
215000 7
216000 7
217000 7
218000 7
219000 7
220000 7
221000 7
222000 7
223000 7
224000 7
225000 7
226000 7
227000 7
228000 7
229000 7
230000 7
231000 7
232000 7
233000 7
234000 7
235000 7
236000 7
237000 7
238000 7
239000 7
240000 7
241000 7
242000 7
243000 7
244000 7
245000 7
246000 7
247000 7
248000 7
249000 8
250000 8
251000 8
252000 8
253000 8
254000 8
255000 8
256000 8
257000 8
258000 8
259000 8
260000 8
261000 8
262000 8
263000 8
264000 8
265000 8
266000 8
267000 8
268000 8
269000 8
270000 9
271000 9
272000 9
273000 9
274000 9
275000 9
276000 9
277000 9
278000 9
279000 9
280000 9
281000 9
282000 9
283000 9
284000 9
285000 9
286000 9
287000 10
288000 10
289000 10
290000 10
291000 10
292000 10
293000 10
294000 10
295000 10
296000 10
297000 10
298000 10
299000 10
300000 10
301000 10
302000 11
303000 11
304000 11
305000 11
306000 11
307000 11
308000 11
309000 11
310000 11
311000 11
312000 11
313000 11
314000 11
315000 11
316000 11
317000 11
318000 11
319000 11
320000 11
321000 11
322000 11
323000 12
324000 12
325000 12
326000 12
327000 12
328000 12
329000 12
330000 12
331000 12
332000 12
333000 12
334000 12
335000 12
336000 12
337000 13
338000 13
339000 13
340000 13
341000 13
342000 13
343000 13
344000 13
345000 13
346000 13
347000 13
348000 13
349000 13
350000 13
351000 14
352000 14
353000 14
354000 14
355000 14
356000 14
357000 14
358000 14
359000 14
360000 14
361000 14
362000 14
363000 15
364000 15
365000 15
366000 15
367000 15
368000 15
369000 15
370000 15
371000 15
372000 15
373000 16
374000 16
375000 16
376000 16
377000 16
378000 16
379000 16
380000 16
381000 16
382000 16
383000 16
384000 16
385000 17
386000 17
387000 17
388000 17
389000 17
390000 17
391000 17
392000 17
393000 17
394000 17
395000 17
396000 17
397000 18
398000 18
399000 18
400000 18
401000 18
402000 18
403000 18
404000 18
405000 18
406000 18
407000 19
408000 19
409000 19
410000 19
411000 19
412000 19
413000 19
414000 19
415000 19
416000 19
417000 19
418000 20
419000 20
420000 20
421000 20
422000 20
423000 20
424000 20
425000 20
426000 20
427000 20
428000 20
429000 20
430000 20
431000 21
432000 21
433000 21
434000 21
435000 21
436000 21
437000 21
438000 21
439000 21
440000 21
441000 21
442000 22
443000 22
444000 22
445000 22
446000 22
447000 22
448000 22
449000 22
450000 22
451000 22
452000 22
453000 22
454000 22
455000 22
456000 22
457000 22
458000 23
459000 23
460000 23
461000 23
462000 23
463000 23
464000 23
465000 23
466000 23
467000 23
468000 23
469000 23
470000 23
471000 23
472000 23
473000 23
474000 23
475000 23
476000 23
477000 23
478000 23
479000 23
480000 23
481000 23
482000 23
483000 23
484000 23
485000 23
486000 23
487000 23
488000 23
489000 23
490000 23
491000 23
492000 23
493000 23
494000 23
495000 23
496000 23
497000 23
498000 23
499000 23
500000 23
501000 23
502000 23
503000 23
504000 23
505000 23
506000 23
507000 23
508000 23
509000 23
510000 23
511000 23
512000 23
513000 23
514000 23
515000 23
516000 23
517000 23
518000 23
519000 23
520000 23
521000 23
522000 23
523000 23
524000 23
525000 23
526000 23
527000 23
528000 24
529000 24
530000 24
531000 24
532000 24
533000 24
534000 24
535000 24
536000 24
537000 24
538000 24
539000 24
540000 24
541000 24
542000 25
543000 25
544000 25
545000 25
546000 25
547000 25
548000 25
549000 25
550000 25
551000 25
552000 25
553000 25
554000 25
555000 26
556000 26
557000 26
558000 26
559000 26
560000 26
561000 26
562000 26
563000 26
564000 26
565000 26
566000 26
567000 26
568000 26
569000 26
570000 26
571000 26
572000 26
573000 26
574000 26
575000 27
576000 27
577000 27
578000 27
579000 27
580000 27
581000 27
582000 27
583000 27
584000 27
585000 27
586000 27
587000 27
588000 27
589000 27
590000 27
591000 28
592000 28
593000 28
594000 28
595000 28
596000 28
597000 28
598000 28
599000 28
600000 28
601000 28
602000 28
603000 28
604000 28
605000 28
606000 28
607000 28
608000 28
609000 28
610000 28
611000 28
612000 28
613000 28
614000 28
615000 28
616000 28
617000 28
618000 28
619000 28
620000 28
621000 28
622000 28
623000 28
624000 28
625000 28
626000 28
627000 28
628000 28
629000 28
630000 28
631000 28
632000 28
633000 28
634000 28
635000 28
636000 28
637000 28
638000 28
639000 28
640000 28
641000 28
642000 28
643000 28
644000 28
645000 28
646000 28
647000 28
648000 28
649000 28
650000 28
651000 28
652000 28
653000 28
654000 28
655000 28
656000 28
657000 28
658000 28
659000 28
660000 28
661000 28
662000 28
663000 28
664000 28
665000 28
666000 28
667000 28
668000 28
669000 28
670000 28
671000 28
672000 28
673000 28
674000 28
675000 28
676000 28
677000 28
678000 28
679000 28
680000 28
681000 28
682000 28
683000 28
684000 28
685000 28
686000 28
687000 28
688000 28
689000 28
690000 28
691000 28
692000 28
693000 28
694000 28
695000 28
696000 28
697000 28
698000 28
699000 28
700000 28
701000 28
702000 28
703000 28
704000 28
705000 28
706000 28
707000 28
708000 28
709000 28
710000 28
711000 28
712000 28
713000 28
714000 28
715000 28
716000 28
717000 28
718000 28
719000 28
720000 28
721000 28
722000 28
723000 28
724000 28
725000 28
726000 28
727000 28
728000 28
729000 28
730000 28
731000 28
732000 28
733000 28
734000 28
735000 28
736000 28
737000 28
738000 28
739000 28
740000 28
741000 28
742000 28
743000 28
744000 28
745000 28
746000 28
747000 28
748000 28
749000 28
750000 28
751000 28
752000 28
753000 28
754000 28
755000 28
756000 28
757000 28
758000 28
759000 28
760000 28
761000 28
762000 28
763000 28
764000 28
765000 28
766000 28
767000 28
768000 28
769000 28
770000 28
771000 28
772000 28
773000 28
774000 29
775000 29
776000 29
777000 29
778000 29
779000 29
780000 29
781000 29
782000 29
783000 29
784000 29
785000 29
786000 29
787000 29
788000 29
789000 29
790000 29
791000 29
792000 29
793000 29
794000 29
795000 29
796000 29
797000 29
798000 29
799000 29
800000 29
801000 29
802000 29
803000 29
804000 29
805000 29
806000 29
807000 29
808000 29
809000 29
810000 29
811000 29
812000 29
813000 29
814000 29
815000 29
816000 29
817000 29
818000 29
819000 29
820000 29
821000 29
822000 29
823000 29
824000 29
825000 29
826000 29
827000 29
828000 29
829000 29
830000 29
831000 29
832000 29
833000 29
834000 29
835000 29
836000 29
837000 29
838000 29
839000 29
840000 29
841000 29
842000 29
843000 29
844000 29
845000 29
846000 29
847000 29
848000 29
849000 29
850000 29
851000 29
852000 29
853000 29
854000 29
855000 29
856000 29
857000 29
858000 29
859000 29
860000 29
861000 29
862000 29
863000 29
864000 29
865000 29
866000 29
867000 29
868000 29
869000 29
870000 29
871000 29
872000 29
873000 29
874000 29
875000 29
876000 29
877000 29
878000 29
879000 29
880000 29
881000 29
882000 29
883000 29
884000 29
885000 29
886000 29
887000 29
888000 29
889000 29
890000 29
891000 29
892000 29
893000 29
894000 29
895000 29
896000 29
897000 29
898000 29
899000 29
900000 29
901000 29
902000 29
903000 29
904000 29
905000 29
906000 29
907000 29
908000 29
909000 29
910000 29
911000 29
912000 29
913000 29
914000 29
915000 29
916000 29
917000 29
918000 29
919000 29
920000 29
921000 29
922000 29
923000 29
924000 29
925000 29
926000 29
927000 29
928000 29
929000 29
930000 29
931000 29
932000 29
933000 29
934000 29
935000 29
936000 29
937000 29
938000 29
939000 29
940000 30
941000 30
942000 30
943000 30
944000 30
945000 30
946000 30
947000 30
948000 30
949000 30
950000 30
951000 30
952000 30
953000 31
954000 31
955000 31
956000 31
957000 31
958000 31
959000 31
960000 31
961000 31
962000 31
963000 31
964000 31
965000 31
966000 31
967000 32
968000 32
969000 32
970000 32
971000 32
972000 32
973000 32
974000 32
975000 32
976000 32
977000 32
978000 32
979000 33
980000 33
981000 33
982000 33
983000 33
984000 33
985000 33
986000 33
987000 33
988000 33
989000 33
990000 33
991000 34
992000 34
993000 34
994000 34
995000 34
996000 34
997000 34
998000 34
999000 34
1000000 34
1001000 34
1002000 34
1003000 34
1004000 34
1005000 34
1006000 34
1007000 34
1008000 34
1009000 34
1010000 34
1011000 34
1012000 34
1013000 34
1014000 34
1015000 34
1016000 34
1017000 34
1018000 34
1019000 34
1020000 34
1021000 34
1022000 34
1023000 34
1024000 34
1025000 34
1026000 34
1027000 34
1028000 34
1029000 34
1030000 34
1031000 34
1032000 34
1033000 34
1034000 34
1035000 34
1036000 34
1037000 34
1038000 34
1039000 34
1040000 34
1041000 34
1042000 34
1043000 34
1044000 34
1045000 34
1046000 34
1047000 34
1048000 34
1049000 34
1050000 34
1051000 34
1052000 34
1053000 34
1054000 34
1055000 34
1056000 34
1057000 34
1058000 34
1059000 34
1060000 34
1061000 34
1062000 34
1063000 34
1064000 34
1065000 34
1066000 35
1067000 35
1068000 35
1069000 35
1070000 35
1071000 35
1072000 35
1073000 35
1074000 35
1075000 35
1076000 35
1077000 35
1078000 35
1079000 35
1080000 35
1081000 35
1082000 35
1083000 35
1084000 35
1085000 35
1086000 35
1087000 35
1088000 35
1089000 35
1090000 35
1091000 35
1092000 35
1093000 35
1094000 35
1095000 35
1096000 35
1097000 35
1098000 35
1099000 35
1100000 35
1101000 35
1102000 35
1103000 35
1104000 35
1105000 35
1106000 35
1107000 35
1108000 35
1109000 35
1110000 35
1111000 35
1112000 35
1113000 35
1114000 35
1115000 35
1116000 35
1117000 35
1118000 35
1119000 35
1120000 35
1121000 35
1122000 35
1123000 35
1124000 35
1125000 35
1126000 35
1127000 35
1128000 35
1129000 35
1130000 35
1131000 35
1132000 35
1133000 35
1134000 35
1135000 35
1136000 35
1137000 35
1138000 35
1139000 35
1140000 35
1141000 35
1142000 35
1143000 35
1144000 35
1145000 35
1146000 35
1147000 35
1148000 35
1149000 35
1150000 35
1151000 35
1152000 35
1153000 35
1154000 35
1155000 35
1156000 35
1157000 35
1158000 35
1159000 35
1160000 35
1161000 35
1162000 35
1163000 35
1164000 35
1165000 35
1166000 35
1167000 35
1168000 35
1169000 35
1170000 35
1171000 35
1172000 35
1173000 35
1174000 35
1175000 35
1176000 35
1177000 35
1178000 35
1179000 35
1180000 35
1181000 35
1182000 35
1183000 35
1184000 35
1185000 35
1186000 35
1187000 35
1188000 35
1189000 35
1190000 35
1191000 35
1192000 35
1193000 35
1194000 35
1195000 35
1196000 35
1197000 35
1198000 35
1199000 35
1200000 35
1201000 35
1202000 35
1203000 35
1204000 35
1205000 35
1206000 35
1207000 35
1208000 35
1209000 35
1210000 35
1211000 35
1212000 35
1213000 35
1214000 35
1215000 35
1216000 35
1217000 35
1218000 35
1219000 35
1220000 35
1221000 35
1222000 35
1223000 35
1224000 35
1225000 35
1226000 35
1227000 35
1228000 35
1229000 35
1230000 35
1231000 35
1232000 35
1233000 35
1234000 35
1235000 35
1236000 35
1237000 35
1238000 35
1239000 35
1240000 35
1241000 35
1242000 35
1243000 35
1244000 35
1245000 35
1246000 35
1247000 35
1248000 35
1249000 35
1250000 35
1251000 35
1252000 35
1253000 35
1254000 35
1255000 35
1256000 35
1257000 35
1258000 35
1259000 35
1260000 35
1261000 35
1262000 35
1263000 35
1264000 35
1265000 35
1266000 35
1267000 35
1268000 35
1269000 35
1270000 35
1271000 35
1272000 35
1273000 35
1274000 35
1275000 35
1276000 35
1277000 35
1278000 35
1279000 35
1280000 35
1281000 35
1282000 35
1283000 35
1284000 35
1285000 35
1286000 35
1287000 35
1288000 35
1289000 35
1290000 35
1291000 35
1292000 35
1293000 35
1294000 35
1295000 35
1296000 35
1297000 35
1298000 35
1299000 35
1300000 35
1301000 35
1302000 35
1303000 35
1304000 35
1305000 35
1306000 35
1307000 35
1308000 35
1309000 35
1310000 35
1311000 35
1312000 35
1313000 35
1314000 35
1315000 35
1316000 35
1317000 35
1318000 35
1319000 35
1320000 35
1321000 35
1322000 35
1323000 35
1324000 35
1325000 35
1326000 35
1327000 35
1328000 35
1329000 35
1330000 35
1331000 35
1332000 35
1333000 35
1334000 35
1335000 35
1336000 35
1337000 35
1338000 35
1339000 35
1340000 35
1341000 35
1342000 35
1343000 35
1344000 35
1345000 35
1346000 35
1347000 35
1348000 35
1349000 35
1350000 35
1351000 35
1352000 35
1353000 35
1354000 35
1355000 35
1356000 35
1357000 35
1358000 35
1359000 35
1360000 35
1361000 35
1362000 35
1363000 35
1364000 35
1365000 35
1366000 35
1367000 35
1368000 35
1369000 35
1370000 35
1371000 35
1372000 35
1373000 35
1374000 35
1375000 35
1376000 35
1377000 35
1378000 35
1379000 35
1380000 35
1381000 35
1382000 35
1383000 36
1384000 36
1385000 36
1386000 36
1387000 36
1388000 36
1389000 36
1390000 36
1391000 36
1392000 36
1393000 36
1394000 36
1395000 36
1396000 36
1397000 36
1398000 37
1399000 37
1400000 37
1401000 37
1402000 37
1403000 37
1404000 37
1405000 37
1406000 37
1407000 37
1408000 37
1409000 37
1410000 37
1411000 37
1412000 38
1413000 38
1414000 38
1415000 38
1416000 38
1417000 38
1418000 38
1419000 38
1420000 38
1421000 38
1422000 38
1423000 38
1424000 38
1425000 38
1426000 38
1427000 38
1428000 38
1429000 38
1430000 38
1431000 38
1432000 39
1433000 39
1434000 39
1435000 39
1436000 39
1437000 39
1438000 39
1439000 39
1440000 39
1441000 39
1442000 39
1443000 39
1444000 39
1445000 39
1446000 39
1447000 39
1448000 39
1449000 39
1450000 39
1451000 39
1452000 39
1453000 39
1454000 39
1455000 39
1456000 39
1457000 39
1458000 39
1459000 39
1460000 39
1461000 39
1462000 39
1463000 39
1464000 39
1465000 39
1466000 39
1467000 39
1468000 39
1469000 39
1470000 39
1471000 39
1472000 39
1473000 39
1474000 39
1475000 39
1476000 39
1477000 39
1478000 39
1479000 39
1480000 39
1481000 39
1482000 39
1483000 39
1484000 39
1485000 39
1486000 39
1487000 39
1488000 39
1489000 39
1490000 39
1491000 39
1492000 39
1493000 39
1494000 39
1495000 39
1496000 39
1497000 39
1498000 39
1499000 39
1500000 39
1501000 39
1502000 40
1503000 40
1504000 40
1505000 40
1506000 40
1507000 40
1508000 40
1509000 40
1510000 40
1511000 40
1512000 40
1513000 40
1514000 41
1515000 41
1516000 41
1517000 41
1518000 41
1519000 41
1520000 41
1521000 41
1522000 41
1523000 41
1524000 41
1525000 41
1526000 41
1527000 41
1528000 41
1529000 41
1530000 41
1531000 41
1532000 41
1533000 42
1534000 42
1535000 42
1536000 42
1537000 42
1538000 42
1539000 42
1540000 42
1541000 42
1542000 42
1543000 42
1544000 42
1545000 42
1546000 42
1547000 42
1548000 42
1549000 42
1550000 42
1551000 42
1552000 42
1553000 42
1554000 42
1555000 42
1556000 42
1557000 42
1558000 42
1559000 42
1560000 42
1561000 42
1562000 42
1563000 42
1564000 42
1565000 42
1566000 42
1567000 42
1568000 42
1569000 42
1570000 42
1571000 42
1572000 42
1573000 42
1574000 42
1575000 42
1576000 42
1577000 42
1578000 42
1579000 42
1580000 42
1581000 42
1582000 42
1583000 42
1584000 42
1585000 42
1586000 42
1587000 42
1588000 42
1589000 42
1590000 42
1591000 42
1592000 42
1593000 42
1594000 42
1595000 42
1596000 42
1597000 42
1598000 42
1599000 42
1600000 42
1601000 42
1602000 42
1603000 42
1604000 42
1605000 42
1606000 42
1607000 42
1608000 42
1609000 42
1610000 42
1611000 42
1612000 42
1613000 42
1614000 43
1615000 43
1616000 43
1617000 43
1618000 43
1619000 43
1620000 43
1621000 43
1622000 43
1623000 43
1624000 43
1625000 43
1626000 43
1627000 43
1628000 43
1629000 43
1630000 43
1631000 43
1632000 43
1633000 43
1634000 43
1635000 43
1636000 43
1637000 43
1638000 43
1639000 43
1640000 43
1641000 43
1642000 43
1643000 43
1644000 43
1645000 43
1646000 43
1647000 43
1648000 43
1649000 43
1650000 43
1651000 43
1652000 43
1653000 43
1654000 43
1655000 43
1656000 43
1657000 43
1658000 43
1659000 43
1660000 43
1661000 43
1662000 43
1663000 43
1664000 43
1665000 43
1666000 43
1667000 43
1668000 43
1669000 43
1670000 43
1671000 43
1672000 43
1673000 43
1674000 43
1675000 43
1676000 43
1677000 43
1678000 43
1679000 43
1680000 43
1681000 43
1682000 43
1683000 43
1684000 43
1685000 43
1686000 43
1687000 43
1688000 43
1689000 43
1690000 43
1691000 43
1692000 43
1693000 43
1694000 44
1695000 44
1696000 44
1697000 44
1698000 44
1699000 44
1700000 44
1701000 44
1702000 44
1703000 44
1704000 44
1705000 44
1706000 44
1707000 44
1708000 44
1709000 44
1710000 44
1711000 44
1712000 44
1713000 44
1714000 44
1715000 44
1716000 44
1717000 45
1718000 45
1719000 45
1720000 45
1721000 45
1722000 45
1723000 45
1724000 45
1725000 45
1726000 45
1727000 45
1728000 45
1729000 45
1730000 45
1731000 45
1732000 45
1733000 45
1734000 45
1735000 45
1736000 45
1737000 45
1738000 45
1739000 45
1740000 45
1741000 45
1742000 45
1743000 45
1744000 45
1745000 45
1746000 45
1747000 45
1748000 45
1749000 45
1750000 45
1751000 45
1752000 45
1753000 45
1754000 45
1755000 45
1756000 45
1757000 46
1758000 46
1759000 46
1760000 46
1761000 46
1762000 46
1763000 46
1764000 46
1765000 46
1766000 46
1767000 46
1768000 46
1769000 46
1770000 46
1771000 46
1772000 46
1773000 46
1774000 46
1775000 46
1776000 46
1777000 47
1778000 47
1779000 47
1780000 47
1781000 47
1782000 47
1783000 47
1784000 47
1785000 47
1786000 47
1787000 47
1788000 47
1789000 47
1790000 47
1791000 47
1792000 47
1793000 47
1794000 47
1795000 47
1796000 47
1797000 47
1798000 47
1799000 47
1800000 47
1801000 48
1802000 48
1803000 48
1804000 48
1805000 48
1806000 48
1807000 48
1808000 48
1809000 48
1810000 48
1811000 48
1812000 48
1813000 48
1814000 48
1815000 48
1816000 48
1817000 48
1818000 48
1819000 48
1820000 48
1821000 49
1822000 49
1823000 49
1824000 49
1825000 49
1826000 49
1827000 49
1828000 49
1829000 49
1830000 49
1831000 49
1832000 49
1833000 49
1834000 49
1835000 49
1836000 49
1837000 49
1838000 49
1839000 49
1840000 49
1841000 49
1842000 49
1843000 49
1844000 49
1845000 49
1846000 49
1847000 49
1848000 49
1849000 49
1850000 49
1851000 49
1852000 49
1853000 49
1854000 49
1855000 49
1856000 49
1857000 49
1858000 49
1859000 49
1860000 49
1861000 49
1862000 49
1863000 49
1864000 49
1865000 49
1866000 49
1867000 49
1868000 49
1869000 49
1870000 49
1871000 49
1872000 49
1873000 49
1874000 49
1875000 49
1876000 49
1877000 49
1878000 49
1879000 49
1880000 49
1881000 49
1882000 49
1883000 49
1884000 49
1885000 49
1886000 49
1887000 49
1888000 49
1889000 49
1890000 49
1891000 49
1892000 49
1893000 49
1894000 49
1895000 49
1896000 49
1897000 49
1898000 49
1899000 49
1900000 49
1901000 49
1902000 49
1903000 49
1904000 49
1905000 49
1906000 49
1907000 49
1908000 49
1909000 49
1910000 50
1911000 50
1912000 50
1913000 50
1914000 50
1915000 50
1916000 50
1917000 50
1918000 50
1919000 50
1920000 50
1921000 50
1922000 50
1923000 50
1924000 50
1925000 50
1926000 50
1927000 50
1928000 50
1929000 50
1930000 50
1931000 50
1932000 50
1933000 50
1934000 50
1935000 50
1936000 50
1937000 50
1938000 50
1939000 50
1940000 50
1941000 50
1942000 50
1943000 50
1944000 50
1945000 50
1946000 50
1947000 50
1948000 50
1949000 50
1950000 50
1951000 50
1952000 50
1953000 50
1954000 50
1955000 50
1956000 50
1957000 51
1958000 51
1959000 51
1960000 51
1961000 51
1962000 51
1963000 51
1964000 51
1965000 51
1966000 51
1967000 51
1968000 51
1969000 51
1970000 51
1971000 51
1972000 51
1973000 52
1974000 52
1975000 52
1976000 52
1977000 52
1978000 52
1979000 52
1980000 52
1981000 52
1982000 52
1983000 52
1984000 52
1985000 52
1986000 52
1987000 52
1988000 52
1989000 52
1990000 52
1991000 52
1992000 52
1993000 52
1994000 53
1995000 53
1996000 53
1997000 53
1998000 53
1999000 53
2000000 53
2001000 53
2002000 53
2003000 53
2004000 53
2005000 53
2006000 53
2007000 53
2008000 53
2009000 53
2010000 53
2011000 53
2012000 53
2013000 53
2014000 53
2015000 53
2016000 53
2017000 53
2018000 53
2019000 53
2020000 53
2021000 53
2022000 53
2023000 53
2024000 53
2025000 53
2026000 53
2027000 53
2028000 53
2029000 53
2030000 53
2031000 53
2032000 53
2033000 53
2034000 53
2035000 53
2036000 53
2037000 53
2038000 53
2039000 53
2040000 53
2041000 53
2042000 53
2043000 53
2044000 53
2045000 53
2046000 53
2047000 53
2048000 53
2049000 53
2050000 53
2051000 53
2052000 53
2053000 53
2054000 53
2055000 53
2056000 53
2057000 53
2058000 53
2059000 53
2060000 53
2061000 53
2062000 53
2063000 53
2064000 53
2065000 53
2066000 53
2067000 53
2068000 53
2069000 53
2070000 53
2071000 53
2072000 53
2073000 53
2074000 53
2075000 53
2076000 53
2077000 53
2078000 53
2079000 53
2080000 53
2081000 53
2082000 53
2083000 53
2084000 53
2085000 53
2086000 53
2087000 53
2088000 53
2089000 53
2090000 53
2091000 53
2092000 53
2093000 53
2094000 53
2095000 53
2096000 53
2097000 53
2098000 53
2099000 53
2100000 53
2101000 53
2102000 53
2103000 53
2104000 53
2105000 53
2106000 53
2107000 53
2108000 53
2109000 53
2110000 53
2111000 53
2112000 53
2113000 53
2114000 53
2115000 53
2116000 53
2117000 53
2118000 53
2119000 53
2120000 53
2121000 53
2122000 53
2123000 53
2124000 53
2125000 53
2126000 53
2127000 53
2128000 53
2129000 53
2130000 53
2131000 53
2132000 53
2133000 53
2134000 53
2135000 53
2136000 53
2137000 53
2138000 53
2139000 53
2140000 53
2141000 53
2142000 53
2143000 53
2144000 53
2145000 53
2146000 53
2147000 53
2148000 53
2149000 53
2150000 53
2151000 53
2152000 53
2153000 53
2154000 53
2155000 53
2156000 53
2157000 53
2158000 53
2159000 53
2160000 53
2161000 53
2162000 53
2163000 53
2164000 53
2165000 53
2166000 53
2167000 53
2168000 53
2169000 53
2170000 53
2171000 54
2172000 54
2173000 54
2174000 54
2175000 54
2176000 54
2177000 54
2178000 54
2179000 54
2180000 54
2181000 54
2182000 54
2183000 54
2184000 54
2185000 54
2186000 54
2187000 54
2188000 54
2189000 54
2190000 54
2191000 54
2192000 54
2193000 54
2194000 54
2195000 54
2196000 54
2197000 54
2198000 54
2199000 55
2200000 55
2201000 55
2202000 55
2203000 55
2204000 55
2205000 55
2206000 55
2207000 55
2208000 55
2209000 55
2210000 55
2211000 55
2212000 55
2213000 55
2214000 55
2215000 55
2216000 55
2217000 55
2218000 55
2219000 55
2220000 55
2221000 55
2222000 55
2223000 56
2224000 56
2225000 56
2226000 56
2227000 56
2228000 56
2229000 56
2230000 56
2231000 56
2232000 56
2233000 56
2234000 56
2235000 56
2236000 56
2237000 56
2238000 56
2239000 56
2240000 57
2241000 57
2242000 57
2243000 57
2244000 57
2245000 57
2246000 57
2247000 57
2248000 57
2249000 57
2250000 57
2251000 57
2252000 57
2253000 57
2254000 57
2255000 57
2256000 57
2257000 57
2258000 57
2259000 57
2260000 57
2261000 57
2262000 57
2263000 57
2264000 57
2265000 57
2266000 57
2267000 57
2268000 57
2269000 57
2270000 57
2271000 57
2272000 57
2273000 57
2274000 57
2275000 57
2276000 57
2277000 57
2278000 57
2279000 57
2280000 57
2281000 57
2282000 57
2283000 57
2284000 57
2285000 57
2286000 57
2287000 57
2288000 57
2289000 57
2290000 57
2291000 57
2292000 57
2293000 57
2294000 57
2295000 57
2296000 57
2297000 57
2298000 57
2299000 57
2300000 57
2301000 57
2302000 57
2303000 57
2304000 57
2305000 57
2306000 57
2307000 57
2308000 57
2309000 57
2310000 57
2311000 57
2312000 57
2313000 57
2314000 57
2315000 57
2316000 57
2317000 57
2318000 57
2319000 57
2320000 57
2321000 57
2322000 57
2323000 57
2324000 57
2325000 58
2326000 58
2327000 58
2328000 58
2329000 58
2330000 58
2331000 58
2332000 58
2333000 58
2334000 58
2335000 58
2336000 58
2337000 58
2338000 58
2339000 58
2340000 58
2341000 58
2342000 58
2343000 58
2344000 59
2345000 59
2346000 59
2347000 59
2348000 59
2349000 59
2350000 59
2351000 59
2352000 59
2353000 59
2354000 59
2355000 59
2356000 59
2357000 59
2358000 59
2359000 59
2360000 59
2361000 59
2362000 59
2363000 59
2364000 59
2365000 59
2366000 59
2367000 59
2368000 59
2369000 59
2370000 59
2371000 59
2372000 59
2373000 59
2374000 59
2375000 59
2376000 59
2377000 59
2378000 59
2379000 59
2380000 59
2381000 59
2382000 59
2383000 59
2384000 59
2385000 59
2386000 60
2387000 60
2388000 60
2389000 60
2390000 60
2391000 60
2392000 60
2393000 60
2394000 60
2395000 60
2396000 60
2397000 60
2398000 60
2399000 60
2400000 60
2401000 60
2402000 60
2403000 60
2404000 60
2405000 60
2406000 60
2407000 60
2408000 60
2409000 60
2410000 60
2411000 60
2412000 60
2413000 60
2414000 60
2415000 60
2416000 60
2417000 61
2418000 61
2419000 61
2420000 61
2421000 61
2422000 61
2423000 61
2424000 61
2425000 61
2426000 61
2427000 61
2428000 61
2429000 61
2430000 61
2431000 61
2432000 62
2433000 62
2434000 62
2435000 62
2436000 62
2437000 62
2438000 62
2439000 62
2440000 62
2441000 62
2442000 62
2443000 62
2444000 62
2445000 62
2446000 62
2447000 62
2448000 62
2449000 62
2450000 63
2451000 63
2452000 63
2453000 63
2454000 63
2455000 63
2456000 63
2457000 63
2458000 63
2459000 63
2460000 63
2461000 63
2462000 63
2463000 63
2464000 63
2465000 63
2466000 63
2467000 63
2468000 63
2469000 63
2470000 63
2471000 63
2472000 63
2473000 63
2474000 63
2475000 63
2476000 63
2477000 63
2478000 63
2479000 63
2480000 63
2481000 63
2482000 63
2483000 63
2484000 63
2485000 63
2486000 63
2487000 63
2488000 63
2489000 63
2490000 63
2491000 63
2492000 63
2493000 63
2494000 63
2495000 63
2496000 63
2497000 63
2498000 63
2499000 63
2500000 63
2501000 63
2502000 63
2503000 63
2504000 63
2505000 63
2506000 63
2507000 63
2508000 63
2509000 63
2510000 63
2511000 63
2512000 63
2513000 63
2514000 63
2515000 63
2516000 63
2517000 63
2518000 63
2519000 63
2520000 63
2521000 63
2522000 63
2523000 63
2524000 63
2525000 63
2526000 63
2527000 63
2528000 63
2529000 63
2530000 63
2531000 63
2532000 63
2533000 63
2534000 63
2535000 63
2536000 63
2537000 63
2538000 63
2539000 63
2540000 63
2541000 63
2542000 63
2543000 63
2544000 64
2545000 64
2546000 64
2547000 64
2548000 64
2549000 64
2550000 64
2551000 64
2552000 64
2553000 64
2554000 64
2555000 64
2556000 64
2557000 64
2558000 64
2559000 64
2560000 64
2561000 64
2562000 64
2563000 64
2564000 64
2565000 64
2566000 64
2567000 64
2568000 64
2569000 64
2570000 64
2571000 64
2572000 64
2573000 65
2574000 65
2575000 65
2576000 65
2577000 65
2578000 65
2579000 65
2580000 65
2581000 65
2582000 65
2583000 65
2584000 65
2585000 65
2586000 65
2587000 65
2588000 65
2589000 65
2590000 65
2591000 65
2592000 65
2593000 65
2594000 65
2595000 65
2596000 65
2597000 65
2598000 66
2599000 66
2600000 66
2601000 66
2602000 66
2603000 66
2604000 66
2605000 66
2606000 66
2607000 66
2608000 66
2609000 66
2610000 66
2611000 66
2612000 66
2613000 66
2614000 66
2615000 66
2616000 66
2617000 66
2618000 66
2619000 66
2620000 66
2621000 66
2622000 66
2623000 66
2624000 66
2625000 66
2626000 66
2627000 66
2628000 66
2629000 66
2630000 66
2631000 66
2632000 66
2633000 67
2634000 67
2635000 67
2636000 67
2637000 67
2638000 67
2639000 67
2640000 67
2641000 67
2642000 67
2643000 67
2644000 67
2645000 67
2646000 67
2647000 67
2648000 67
2649000 67
2650000 67
2651000 67
2652000 67
2653000 67
2654000 67
2655000 67
2656000 67
2657000 67
2658000 67
2659000 67
2660000 67
2661000 67
2662000 67
2663000 67
2664000 67
2665000 67
2666000 67
2667000 67
2668000 67
2669000 67
2670000 67
2671000 67
2672000 67
2673000 67
2674000 67
2675000 68
2676000 68
2677000 68
2678000 68
2679000 68
2680000 68
2681000 68
2682000 68
2683000 68
2684000 68
2685000 68
2686000 68
2687000 68
2688000 68
2689000 68
2690000 68
2691000 68
2692000 68
2693000 68
2694000 68
2695000 68
2696000 68
2697000 68
2698000 68
2699000 68
2700000 68
2701000 68
2702000 68
2703000 68
2704000 68
2705000 68
2706000 68
2707000 68
2708000 68
2709000 68
2710000 68
2711000 68
2712000 68
2713000 68
2714000 68
2715000 68
2716000 68
2717000 69
2718000 69
2719000 69
2720000 69
2721000 69
2722000 69
2723000 69
2724000 69
2725000 69
2726000 69
2727000 69
2728000 69
2729000 69
2730000 69
2731000 69
2732000 69
2733000 69
2734000 69
2735000 69
2736000 69
2737000 69
2738000 69
2739000 69
2740000 69
2741000 69
2742000 69
2743000 69
2744000 69
2745000 69
2746000 69
2747000 69
2748000 69
2749000 69
2750000 69
2751000 69
2752000 69
2753000 69
2754000 69
2755000 69
2756000 69
2757000 69
2758000 69
2759000 69
2760000 69
2761000 69
2762000 69
2763000 69
2764000 69
2765000 69
2766000 69
2767000 69
2768000 69
2769000 69
2770000 69
2771000 69
2772000 69
2773000 69
2774000 69
2775000 69
2776000 69
2777000 69
2778000 69
2779000 69
2780000 69
2781000 69
2782000 69
2783000 69
2784000 69
2785000 69
2786000 69
2787000 69
2788000 69
2789000 69
2790000 69
2791000 69
2792000 69
2793000 69
2794000 69
2795000 69
2796000 69
2797000 69
2798000 69
2799000 69
2800000 69
2801000 69
2802000 69
2803000 69
2804000 69
2805000 69
2806000 69
2807000 69
2808000 69
2809000 69
2810000 69
2811000 69
2812000 69
2813000 69
2814000 69
2815000 69
2816000 70
2817000 70
2818000 70
2819000 70
2820000 70
2821000 70
2822000 70
2823000 70
2824000 70
2825000 70
2826000 70
2827000 70
2828000 70
2829000 70
2830000 70
2831000 70
2832000 70
2833000 70
2834000 70
2835000 70
2836000 70
2837000 70
2838000 70
2839000 70
2840000 70
2841000 71
2842000 71
2843000 71
2844000 71
2845000 71
2846000 71
2847000 71
2848000 71
2849000 71
2850000 71
2851000 71
2852000 71
2853000 71
2854000 71
2855000 71
2856000 71
2857000 71
2858000 71
2859000 71
2860000 71
2861000 71
2862000 71
2863000 71
2864000 71
2865000 71
2866000 71
2867000 71
2868000 71
2869000 71
2870000 71
2871000 71
2872000 72
2873000 72
2874000 72
2875000 72
2876000 72
2877000 72
2878000 72
2879000 72
2880000 72
2881000 72
2882000 72
2883000 72
2884000 72
2885000 72
2886000 72
2887000 72
2888000 72
2889000 72
2890000 72
2891000 72
2892000 72
2893000 72
2894000 72
2895000 72
2896000 72
2897000 72
2898000 72
2899000 72
2900000 72
2901000 72
2902000 72
2903000 72
2904000 72
2905000 72
2906000 72
2907000 72
2908000 72
2909000 73
2910000 73
2911000 73
2912000 73
2913000 73
2914000 73
2915000 73
2916000 73
2917000 73
2918000 73
2919000 73
2920000 73
2921000 73
2922000 73
2923000 73
2924000 73
2925000 73
2926000 73
2927000 73
2928000 73
2929000 73
2930000 73
2931000 73
2932000 74
2933000 74
2934000 74
2935000 74
2936000 74
2937000 74
2938000 74
2939000 74
2940000 74
2941000 74
2942000 74
2943000 74
2944000 74
2945000 74
2946000 74
2947000 74
2948000 74
2949000 74
2950000 74
2951000 74
2952000 74
2953000 74
2954000 74
2955000 74
2956000 74
2957000 74
2958000 74
2959000 75
2960000 75
2961000 75
2962000 75
2963000 75
2964000 75
2965000 75
2966000 75
2967000 75
2968000 75
2969000 75
2970000 75
2971000 75
2972000 75
2973000 75
2974000 75
2975000 75
2976000 75
2977000 75
2978000 75
2979000 75
2980000 75
2981000 75
2982000 75
2983000 75
2984000 75
2985000 75
2986000 75
2987000 75
2988000 75
2989000 75
2990000 75
2991000 75
2992000 76
2993000 76
2994000 76
2995000 76
2996000 76
2997000 76
2998000 76
2999000 76
3000000 76
3001000 76
3002000 76
3003000 76
3004000 76
3005000 76
3006000 76
3007000 76
3008000 76
3009000 76
3010000 76
3011000 76
3012000 76
3013000 76
3014000 76
3015000 76
3016000 76
3017000 76
3018000 76
3019000 76
3020000 76
3021000 77
3022000 77
3023000 77
3024000 77
3025000 77
3026000 77
3027000 77
3028000 77
3029000 77
3030000 77
3031000 77
3032000 77
3033000 77
3034000 77
3035000 77
3036000 77
3037000 77
3038000 77
3039000 77
3040000 77
3041000 77
3042000 77
3043000 77
3044000 77
3045000 77
3046000 77
3047000 77
3048000 77
3049000 78
3050000 78
3051000 78
3052000 78
3053000 78
3054000 78
3055000 78
3056000 78
3057000 78
3058000 78
3059000 78
3060000 78
3061000 78
3062000 78
3063000 78
3064000 78
3065000 78
3066000 78
3067000 78
3068000 78
3069000 78
3070000 78
3071000 78
3072000 78
3073000 78
3074000 78
3075000 78
3076000 78
3077000 78
3078000 79
3079000 79
3080000 79
3081000 79
3082000 79
3083000 79
3084000 79
3085000 79
3086000 79
3087000 79
3088000 79
3089000 79
3090000 79
3091000 79
3092000 79
3093000 79
3094000 79
3095000 79
3096000 79
3097000 79
3098000 79
3099000 79
3100000 79
3101000 79
3102000 79
3103000 79
3104000 79
3105000 79
3106000 79
3107000 80
3108000 80
3109000 80
3110000 80
3111000 80
3112000 80
3113000 80
3114000 80
3115000 80
3116000 80
3117000 80
3118000 80
3119000 80
3120000 80
3121000 80
3122000 80
3123000 80
3124000 80
3125000 80
3126000 80
3127000 80
3128000 80
3129000 80
3130000 80
3131000 80
3132000 80
3133000 80
3134000 80
3135000 81
3136000 81
3137000 81
3138000 81
3139000 81
3140000 81
3141000 81
3142000 81
3143000 81
3144000 81
3145000 81
3146000 81
3147000 81
3148000 81
3149000 81
3150000 81
3151000 81
3152000 81
3153000 81
3154000 81
3155000 81
3156000 81
3157000 81
3158000 82
3159000 82
3160000 82
3161000 82
3162000 82
3163000 82
3164000 82
3165000 82
3166000 82
3167000 82
3168000 82
3169000 82
3170000 82
3171000 82
3172000 82
3173000 82
3174000 82
3175000 82
3176000 82
3177000 82
3178000 82
3179000 82
3180000 82
3181000 82
3182000 82
3183000 82
3184000 82
3185000 83
3186000 83
3187000 83
3188000 83
3189000 83
3190000 83
3191000 83
3192000 83
3193000 83
3194000 83
3195000 83
3196000 83
3197000 83
3198000 83
3199000 83
3200000 83
3201000 83
3202000 83
3203000 83
3204000 83
3205000 83
3206000 83
3207000 83
3208000 83
3209000 83
3210000 83
3211000 83
3212000 83
3213000 83
3214000 83
3215000 83
3216000 83
3217000 83
3218000 83
3219000 84
3220000 84
3221000 84
3222000 84
3223000 84
3224000 84
3225000 84
3226000 84
3227000 84
3228000 84
3229000 84
3230000 84
3231000 84
3232000 84
3233000 84
3234000 84
3235000 84
3236000 84
3237000 84
3238000 85
3239000 85
3240000 85
3241000 85
3242000 85
3243000 85
3244000 85
3245000 85
3246000 85
3247000 85
3248000 85
3249000 85
3250000 85
3251000 85
3252000 85
3253000 85
3254000 85
3255000 85
3256000 85
3257000 85
3258000 86
3259000 86
3260000 86
3261000 86
3262000 86
3263000 86
3264000 86
3265000 86
3266000 86
3267000 86
3268000 86
3269000 86
3270000 86
3271000 86
3272000 86
3273000 86
3274000 86
3275000 86
3276000 86
3277000 87
3278000 87
3279000 87
3280000 87
3281000 87
3282000 87
3283000 87
3284000 87
3285000 87
3286000 87
3287000 87
3288000 87
3289000 87
3290000 87
3291000 87
3292000 87
3293000 87
3294000 87
3295000 87
3296000 87
3297000 87
3298000 87
3299000 87
3300000 87
3301000 87
3302000 87
3303000 87
3304000 87
3305000 87
3306000 87
3307000 87
3308000 87
3309000 87
3310000 87
3311000 87
3312000 88
3313000 88
3314000 88
3315000 88
3316000 88
3317000 88
3318000 88
3319000 88
3320000 88
3321000 88
3322000 88
3323000 88
3324000 88
3325000 88
3326000 88
3327000 88
3328000 88
3329000 88
3330000 88
3331000 88
3332000 88
3333000 89
3334000 89
3335000 89
3336000 89
3337000 89
3338000 89
3339000 89
3340000 89
3341000 89
3342000 89
3343000 89
3344000 89
3345000 89
3346000 89
3347000 89
3348000 89
3349000 89
3350000 89
3351000 89
3352000 89
3353000 89
3354000 89
3355000 89
3356000 89
3357000 89
3358000 89
3359000 89
3360000 89
3361000 89
3362000 89
3363000 89
3364000 89
3365000 89
3366000 89
3367000 89
3368000 90
3369000 90
3370000 90
3371000 90
3372000 90
3373000 90
3374000 90
3375000 90
3376000 90
3377000 90
3378000 90
3379000 90
3380000 90
3381000 90
3382000 90
3383000 90
3384000 90
3385000 90
3386000 90
3387000 90
3388000 90
3389000 90
3390000 90
3391000 90
3392000 90
3393000 90
3394000 90
3395000 90
3396000 90
3397000 90
3398000 90
3399000 90
3400000 91
3401000 91
3402000 91
3403000 91
3404000 91
3405000 91
3406000 91
3407000 91
3408000 91
3409000 91
3410000 91
3411000 91
3412000 91
3413000 91
3414000 91
3415000 91
3416000 91
3417000 91
3418000 91
3419000 91
3420000 91
3421000 91
3422000 91
3423000 91
3424000 91
3425000 91
3426000 91
3427000 92
3428000 92
3429000 92
3430000 92
3431000 92
3432000 92
3433000 92
3434000 92
3435000 92
3436000 92
3437000 92
3438000 92
3439000 92
3440000 92
3441000 92
3442000 92
3443000 92
3444000 92
3445000 92
3446000 92
3447000 92
3448000 92
3449000 92
3450000 92
3451000 92
3452000 92
3453000 92
3454000 93
3455000 93
3456000 93
3457000 93
3458000 93
3459000 93
3460000 93
3461000 93
3462000 93
3463000 93
3464000 93
3465000 93
3466000 93
3467000 93
3468000 93
3469000 93
3470000 93
3471000 93
3472000 93
3473000 93
3474000 93
3475000 93
3476000 93
3477000 93
3478000 93
3479000 93
3480000 94
3481000 94
3482000 94
3483000 94
3484000 94
3485000 94
3486000 94
3487000 94
3488000 94
3489000 94
3490000 94
3491000 94
3492000 94
3493000 94
3494000 94
3495000 94
3496000 94
3497000 94
3498000 94
3499000 94
3500000 94
3501000 94
3502000 94
3503000 94
3504000 94
3505000 94
3506000 94
3507000 94
3508000 94
3509000 94
3510000 94
3511000 95
3512000 95
3513000 95
3514000 95
3515000 95
3516000 95
3517000 95
3518000 95
3519000 95
3520000 95
3521000 95
3522000 95
3523000 95
3524000 95
3525000 95
3526000 95
3527000 95
3528000 95
3529000 95
3530000 95
3531000 95
3532000 95
3533000 95
3534000 95
3535000 95
3536000 95
3537000 96
3538000 96
3539000 96
3540000 96
3541000 96
3542000 96
3543000 96
3544000 96
3545000 96
3546000 96
3547000 96
3548000 96
3549000 96
3550000 96
3551000 96
3552000 96
3553000 96
3554000 96
3555000 96
3556000 96
3557000 96
3558000 96
3559000 96
3560000 96
3561000 96
3562000 97
3563000 97
3564000 97
3565000 97
3566000 97
3567000 97
3568000 97
3569000 97
3570000 97
3571000 97
3572000 97
3573000 97
3574000 97
3575000 97
3576000 97
3577000 97
3578000 97
3579000 97
3580000 97
3581000 97
3582000 97
3583000 97
3584000 97
3585000 97
3586000 98
3587000 98
3588000 98
3589000 98
3590000 98
3591000 98
3592000 98
3593000 98
3594000 98
3595000 98
3596000 98
3597000 98
3598000 98
3599000 98
3600000 98
3601000 98
3602000 98
3603000 98
3604000 98
3605000 98
3606000 98
3607000 98
3608000 98
3609000 99
3610000 99
3611000 99
3612000 99
3613000 99
3614000 99
3615000 99
3616000 99
3617000 99
3618000 99
3619000 99
3620000 99
3621000 99
3622000 99
3623000 99
3624000 99
3625000 99
3626000 99
3627000 99
3628000 99
3629000 99
3630000 99
3631000 99
3632000 99
3633000 99
3634000 99
3635000 99
3636000 99
3637000 99
3638000 99
3639000 100
3640000 100
3641000 100
3642000 100
3643000 100
3644000 100
3645000 100
3646000 100
3647000 100
3648000 100
3649000 100
3650000 100
3651000 100
3652000 100
3653000 100
3654000 100
3655000 100
3656000 100
3657000 100
3658000 100
3659000 100
3660000 100
3661000 100
3662000 100
3663000 100
3664000 100
3665000 101
3666000 101
3667000 101
3668000 101
3669000 101
3670000 101
3671000 101
3672000 101
3673000 101
3674000 101
3675000 101
3676000 101
3677000 101
3678000 101
3679000 101
3680000 101
3681000 101
3682000 101
3683000 101
3684000 101
3685000 101
3686000 101
3687000 101
3688000 101
3689000 101
3690000 101
3691000 101
3692000 102
3693000 102
3694000 102
3695000 102
3696000 102
3697000 102
3698000 102
3699000 102
3700000 102
3701000 102
3702000 102
3703000 102
3704000 102
3705000 102
3706000 102
3707000 102
3708000 102
3709000 102
3710000 102
3711000 102
3712000 102
3713000 102
3714000 102
3715000 102
3716000 102
3717000 102
3718000 102
3719000 102
3720000 102
3721000 102
3722000 102
3723000 102
3724000 102
3725000 102
3726000 102
3727000 102
3728000 102
3729000 102
3730000 102
3731000 102
3732000 103
3733000 103
3734000 103
3735000 103
3736000 103
3737000 103
3738000 103
3739000 103
3740000 103
3741000 103
3742000 103
3743000 103
3744000 103
3745000 103
3746000 103
3747000 103
3748000 103
3749000 103
3750000 103
3751000 103
3752000 103
3753000 103
3754000 103
3755000 103
3756000 103
3757000 103
3758000 103
3759000 103
3760000 103
3761000 103
3762000 104
3763000 104
3764000 104
3765000 104
3766000 104
3767000 104
3768000 104
3769000 104
3770000 104
3771000 104
3772000 104
3773000 104
3774000 104
3775000 104
3776000 104
3777000 104
3778000 104
3779000 104
3780000 104
3781000 104
3782000 104
3783000 104
3784000 104
3785000 104
3786000 104
3787000 104
3788000 104
3789000 104
3790000 104
3791000 104
3792000 104
3793000 104
3794000 104
3795000 105
3796000 105
3797000 105
3798000 105
3799000 105
3800000 105
3801000 105
3802000 105
3803000 105
3804000 105
3805000 105
3806000 105
3807000 105
3808000 105
3809000 105
3810000 105
3811000 105
3812000 105
3813000 105
3814000 105
3815000 105
3816000 105
3817000 105
3818000 105
3819000 105
3820000 105
3821000 105
3822000 105
3823000 105
3824000 105
3825000 106
3826000 106
3827000 106
3828000 106
3829000 106
3830000 106
3831000 106
3832000 106
3833000 106
3834000 106
3835000 106
3836000 106
3837000 106
3838000 106
3839000 106
3840000 106
3841000 106
3842000 106
3843000 106
3844000 106
3845000 106
3846000 106
3847000 106
3848000 106
3849000 106
3850000 106
3851000 106
3852000 106
3853000 106
3854000 106
3855000 106
3856000 106
3857000 106
3858000 106
3859000 106
3860000 106
3861000 106
3862000 106
3863000 106
3864000 106
3865000 107
3866000 107
3867000 107
3868000 107
3869000 107
3870000 107
3871000 107
3872000 107
3873000 107
3874000 107
3875000 107
3876000 107
3877000 107
3878000 107
3879000 107
3880000 107
3881000 107
3882000 107
3883000 107
3884000 107
3885000 107
3886000 107
3887000 107
3888000 107
3889000 107
3890000 107
3891000 107
3892000 107
3893000 107
3894000 107
3895000 107
3896000 107
3897000 107
3898000 107
3899000 107
3900000 107
3901000 107
3902000 108
3903000 108
3904000 108
3905000 108
3906000 108
3907000 108
3908000 108
3909000 108
3910000 108
3911000 108
3912000 108
3913000 108
3914000 108
3915000 108
3916000 108
3917000 108
3918000 108
3919000 108
3920000 108
3921000 108
3922000 108
3923000 108
3924000 108
3925000 108
3926000 108
3927000 108
3928000 108
3929000 108
3930000 108
3931000 108
3932000 108
3933000 108
3934000 109
3935000 109
3936000 109
3937000 109
3938000 109
3939000 109
3940000 109
3941000 109
3942000 109
3943000 109
3944000 109
3945000 109
3946000 109
3947000 109
3948000 109
3949000 109
3950000 109
3951000 109
3952000 109
3953000 109
3954000 109
3955000 109
3956000 109
3957000 109
3958000 109
3959000 109
3960000 109
3961000 110
3962000 110
3963000 110
3964000 110
3965000 110
3966000 110
3967000 110
3968000 110
3969000 110
3970000 110
3971000 110
3972000 110
3973000 110
3974000 110
3975000 110
3976000 110
3977000 110
3978000 110
3979000 110
3980000 110
3981000 110
3982000 110
3983000 110
3984000 110
3985000 110
3986000 110
3987000 110
3988000 110
3989000 110
3990000 110
3991000 110
3992000 110
3993000 110
3994000 110
3995000 110
3996000 110
3997000 110
3998000 111
3999000 111
4000000 111
4001000 111
4002000 111
4003000 111
4004000 111
4005000 111
4006000 111
4007000 111
4008000 111
4009000 111
4010000 111
4011000 111
4012000 111
4013000 111
4014000 111
4015000 111
4016000 111
4017000 111
4018000 111
4019000 111
4020000 111
4021000 111
4022000 111
4023000 111
4024000 111
4025000 111
4026000 111
4027000 111
4028000 111
4029000 111
4030000 111
4031000 112
4032000 112
4033000 112
4034000 112
4035000 112
4036000 112
4037000 112
4038000 112
4039000 112
4040000 112
4041000 112
4042000 112
4043000 112
4044000 112
4045000 112
4046000 112
4047000 112
4048000 112
4049000 112
4050000 112
4051000 112
4052000 112
4053000 112
4054000 112
4055000 112
4056000 112
4057000 112
4058000 112
4059000 112
4060000 112
4061000 112
4062000 112
4063000 112
4064000 112
4065000 112
4066000 112
4067000 112
4068000 112
4069000 112
4070000 112
4071000 113
4072000 113
4073000 113
4074000 113
4075000 113
4076000 113
4077000 113
4078000 113
4079000 113
4080000 113
4081000 113
4082000 113
4083000 113
4084000 113
4085000 113
4086000 113
4087000 113
4088000 113
4089000 113
4090000 113
4091000 113
4092000 113
4093000 113
4094000 113
4095000 113
4096000 113
4097000 113
4098000 113
4099000 113
4100000 113
4101000 113
4102000 113
4103000 113
4104000 113
4105000 113
4106000 113
4107000 113
4108000 113
4109000 113
4110000 113
4111000 113
4112000 113
4113000 113
4114000 113
4115000 114
4116000 114
4117000 114
4118000 114
4119000 114
4120000 114
4121000 114
4122000 114
4123000 114
4124000 114
4125000 114
4126000 114
4127000 114
4128000 114
4129000 114
4130000 114
4131000 114
4132000 114
4133000 114
4134000 114
4135000 114
4136000 114
4137000 114
4138000 114
4139000 114
4140000 114
4141000 114
4142000 114
4143000 114
4144000 114
4145000 114
4146000 114
4147000 114
4148000 114
4149000 115
4150000 115
4151000 115
4152000 115
4153000 115
4154000 115
4155000 115
4156000 115
4157000 115
4158000 115
4159000 115
4160000 115
4161000 115
4162000 115
4163000 115
4164000 115
4165000 115
4166000 115
4167000 115
4168000 115
4169000 115
4170000 115
4171000 115
4172000 115
4173000 115
4174000 115
4175000 115
4176000 115
4177000 115
4178000 116
4179000 116
4180000 116
4181000 116
4182000 116
4183000 116
4184000 116
4185000 116
4186000 116
4187000 116
4188000 116
4189000 116
4190000 116
4191000 116
4192000 116
4193000 116
4194000 116
4195000 116
4196000 116
4197000 116
4198000 116
4199000 116
4200000 116
4201000 116
4202000 116
4203000 116
4204000 116
4205000 116
4206000 116
4207000 116
4208000 116
4209000 116
4210000 116
4211000 116
4212000 116
4213000 116
4214000 116
4215000 116
4216000 116
4217000 117
4218000 117
4219000 117
4220000 117
4221000 117
4222000 117
4223000 117
4224000 117
4225000 117
4226000 117
4227000 117
4228000 117
4229000 117
4230000 117
4231000 117
4232000 117
4233000 117
4234000 117
4235000 117
4236000 117
4237000 117
4238000 117
4239000 117
4240000 117
4241000 117
4242000 117
4243000 117
4244000 117
4245000 117
4246000 117
4247000 117
4248000 117
4249000 117
4250000 117
4251000 117
4252000 117
4253000 117
4254000 117
4255000 117
4256000 117
4257000 117
4258000 117
4259000 117
4260000 117
4261000 117
4262000 118
4263000 118
4264000 118
4265000 118
4266000 118
4267000 118
4268000 118
4269000 118
4270000 118
4271000 118
4272000 118
4273000 118
4274000 118
4275000 118
4276000 118
4277000 118
4278000 118
4279000 118
4280000 118
4281000 118
4282000 118
4283000 118
4284000 118
4285000 118
4286000 118
4287000 118
4288000 118
4289000 118
4290000 118
4291000 118
4292000 118
4293000 118
4294000 118
4295000 118
4296000 118
4297000 118
4298000 118
4299000 118
4300000 118
4301000 118
4302000 118
4303000 118
4304000 118
4305000 118
4306000 118
4307000 118
4308000 118
4309000 118
4310000 118
4311000 118
4312000 118
4313000 118
4314000 118
4315000 118
4316000 118
4317000 118
4318000 118
4319000 118
4320000 118
4321000 118
4322000 118
4323000 118
4324000 118
4325000 118
4326000 118
4327000 118
4328000 118
4329000 118
4330000 118
4331000 118
4332000 118
4333000 118
4334000 118
4335000 118
4336000 118
4337000 118
4338000 118
4339000 118
4340000 118
4341000 118
4342000 118
4343000 119
4344000 119
4345000 119
4346000 119
4347000 119
4348000 119
4349000 119
4350000 119
4351000 119
4352000 119
4353000 119
4354000 119
4355000 119
4356000 119
4357000 119
4358000 119
4359000 119
4360000 119
4361000 119
4362000 119
4363000 119
4364000 119
4365000 119
4366000 119
4367000 119
4368000 119
4369000 119
4370000 119
4371000 119
4372000 119
4373000 119
4374000 119
4375000 119
4376000 119
4377000 119
4378000 119
4379000 120
4380000 120
4381000 120
4382000 120
4383000 120
4384000 120
4385000 120
4386000 120
4387000 120
4388000 120
4389000 120
4390000 120
4391000 120
4392000 120
4393000 120
4394000 120
4395000 120
4396000 120
4397000 120
4398000 120
4399000 120
4400000 120
4401000 120
4402000 120
4403000 120
4404000 120
4405000 120
4406000 120
4407000 120
4408000 120
4409000 120
4410000 120
4411000 120
4412000 120
4413000 120
4414000 120
4415000 120
4416000 120
4417000 120
4418000 120
4419000 120
4420000 120
4421000 120
4422000 121
4423000 121
4424000 121
4425000 121
4426000 121
4427000 121
4428000 121
4429000 121
4430000 121
4431000 121
4432000 121
4433000 121
4434000 121
4435000 121
4436000 121
4437000 121
4438000 121
4439000 121
4440000 121
4441000 121
4442000 121
4443000 121
4444000 121
4445000 121
4446000 121
4447000 121
4448000 121
4449000 121
4450000 121
4451000 121
4452000 121
4453000 121
4454000 121
4455000 121
4456000 121
4457000 121
4458000 121
4459000 121
4460000 121
4461000 121
4462000 121
4463000 121
4464000 121
4465000 121
4466000 122
4467000 122
4468000 122
4469000 122
4470000 122
4471000 122
4472000 122
4473000 122
4474000 122
4475000 122
4476000 122
4477000 122
4478000 122
4479000 122
4480000 122
4481000 122
4482000 122
4483000 122
4484000 122
4485000 122
4486000 122
4487000 122
4488000 122
4489000 122
4490000 122
4491000 122
4492000 122
4493000 122
4494000 122
4495000 122
4496000 122
4497000 122
4498000 122
4499000 122
4500000 122
4501000 122
4502000 123
4503000 123
4504000 123
4505000 123
4506000 123
4507000 123
4508000 123
4509000 123
4510000 123
4511000 123
4512000 123
4513000 123
4514000 123
4515000 123
4516000 123
4517000 123
4518000 123
4519000 123
4520000 123
4521000 123
4522000 123
4523000 123
4524000 123
4525000 123
4526000 123
4527000 123
4528000 123
4529000 123
4530000 123
4531000 123
4532000 123
4533000 123
4534000 123
4535000 123
4536000 123
4537000 123
4538000 123
4539000 123
4540000 123
4541000 123
4542000 124
4543000 124
4544000 124
4545000 124
4546000 124
4547000 124
4548000 124
4549000 124
4550000 124
4551000 124
4552000 124
4553000 124
4554000 124
4555000 124
4556000 124
4557000 124
4558000 124
4559000 124
4560000 124
4561000 124
4562000 124
4563000 124
4564000 124
4565000 124
4566000 124
4567000 124
4568000 124
4569000 124
4570000 124
4571000 124
4572000 124
4573000 124
4574000 124
4575000 124
4576000 125
4577000 125
4578000 125
4579000 125
4580000 125
4581000 125
4582000 125
4583000 125
4584000 125
4585000 125
4586000 125
4587000 125
4588000 125
4589000 125
4590000 125
4591000 125
4592000 125
4593000 125
4594000 125
4595000 125
4596000 125
4597000 125
4598000 125
4599000 125
4600000 125
4601000 125
4602000 125
4603000 125
4604000 125
4605000 125
4606000 125
4607000 125
4608000 125
4609000 125
4610000 125
4611000 125
4612000 125
4613000 125
4614000 125
4615000 125
4616000 125
4617000 125
4618000 125
4619000 125
4620000 125
4621000 125
4622000 125
4623000 126
4624000 126
4625000 126
4626000 126
4627000 126
4628000 126
4629000 126
4630000 126
4631000 126
4632000 126
4633000 126
4634000 126
4635000 126
4636000 126
4637000 126
4638000 126
4639000 126
4640000 126
4641000 126
4642000 126
4643000 126
4644000 126
4645000 126
4646000 126
4647000 126
4648000 126
4649000 126
4650000 126
4651000 126
4652000 126
4653000 126
4654000 126
4655000 126
4656000 126
4657000 126
4658000 126
4659000 127
4660000 127
4661000 127
4662000 127
4663000 127
4664000 127
4665000 127
4666000 127
4667000 127
4668000 127
4669000 127
4670000 127
4671000 127
4672000 127
4673000 127
4674000 127
4675000 127
4676000 127
4677000 127
4678000 127
4679000 127
4680000 127
4681000 127
4682000 127
4683000 127
4684000 127
4685000 127
4686000 127
4687000 127
4688000 127
4689000 127
4690000 127
4691000 127
4692000 127
4693000 127
4694000 127
4695000 127
4696000 127
4697000 128
4698000 128
4699000 128
4700000 128
4701000 128
4702000 128
4703000 128
4704000 128
4705000 128
4706000 128
4707000 128
4708000 128
4709000 128
4710000 128
4711000 128
4712000 128
4713000 128
4714000 128
4715000 128
4716000 128
4717000 128
4718000 128
4719000 128
4720000 128
4721000 128
4722000 128
4723000 128
4724000 128
4725000 128
4726000 128
4727000 128
4728000 128
4729000 128
4730000 128
4731000 128
4732000 128
4733000 128
4734000 128
4735000 128
4736000 128
4737000 128
4738000 128
4739000 128
4740000 129
4741000 129
4742000 129
4743000 129
4744000 129
4745000 129
4746000 129
4747000 129
4748000 129
4749000 129
4750000 129
4751000 129
4752000 129
4753000 129
4754000 129
4755000 129
4756000 129
4757000 129
4758000 129
4759000 129
4760000 129
4761000 129
4762000 129
4763000 129
4764000 129
4765000 129
4766000 129
4767000 129
4768000 129
4769000 129
4770000 129
4771000 130
4772000 130
4773000 130
4774000 130
4775000 130
4776000 130
4777000 130
4778000 130
4779000 130
4780000 130
4781000 130
4782000 130
4783000 130
4784000 130
4785000 130
4786000 130
4787000 130
4788000 130
4789000 130
4790000 130
4791000 130
4792000 130
4793000 130
4794000 130
4795000 130
4796000 130
4797000 130
4798000 130
4799000 130
4800000 130
4801000 130
4802000 130
4803000 130
4804000 130
4805000 131
4806000 131
4807000 131
4808000 131
4809000 131
4810000 131
4811000 131
4812000 131
4813000 131
4814000 131
4815000 131
4816000 131
4817000 131
4818000 131
4819000 131
4820000 131
4821000 131
4822000 131
4823000 131
4824000 131
4825000 131
4826000 131
4827000 131
4828000 131
4829000 131
4830000 131
4831000 131
4832000 131
4833000 131
4834000 131
4835000 131
4836000 132
4837000 132
4838000 132
4839000 132
4840000 132
4841000 132
4842000 132
4843000 132
4844000 132
4845000 132
4846000 132
4847000 132
4848000 132
4849000 132
4850000 132
4851000 132
4852000 132
4853000 132
4854000 132
4855000 132
4856000 132
4857000 132
4858000 132
4859000 132
4860000 132
4861000 132
4862000 132
4863000 132
4864000 132
4865000 132
4866000 132
4867000 132
4868000 132
4869000 132
4870000 132
4871000 132
4872000 132
4873000 132
4874000 132
4875000 132
4876000 132
4877000 133
4878000 133
4879000 133
4880000 133
4881000 133
4882000 133
4883000 133
4884000 133
4885000 133
4886000 133
4887000 133
4888000 133
4889000 133
4890000 133
4891000 133
4892000 133
4893000 133
4894000 133
4895000 133
4896000 133
4897000 133
4898000 133
4899000 133
4900000 133
4901000 133
4902000 133
4903000 133
4904000 133
4905000 133
4906000 133
4907000 133
4908000 133
4909000 133
4910000 133
4911000 133
4912000 134
4913000 134
4914000 134
4915000 134
4916000 134
4917000 134
4918000 134
4919000 134
4920000 134
4921000 134
4922000 134
4923000 134
4924000 134
4925000 134
4926000 134
4927000 134
4928000 134
4929000 134
4930000 134
4931000 134
4932000 134
4933000 134
4934000 134
4935000 134
4936000 134
4937000 134
4938000 134
4939000 134
4940000 134
4941000 134
4942000 134
4943000 134
4944000 134
4945000 134
4946000 134
4947000 134
4948000 134
4949000 134
4950000 134
4951000 134
4952000 135
4953000 135
4954000 135
4955000 135
4956000 135
4957000 135
4958000 135
4959000 135
4960000 135
4961000 135
4962000 135
4963000 135
4964000 135
4965000 135
4966000 135
4967000 135
4968000 135
4969000 135
4970000 135
4971000 135
4972000 135
4973000 135
4974000 135
4975000 135
4976000 135
4977000 135
4978000 135
4979000 135
4980000 135
4981000 135
4982000 135
4983000 135
4984000 135
4985000 135
4986000 135
4987000 135
4988000 135
4989000 135
4990000 135
4991000 136
4992000 136
4993000 136
4994000 136
4995000 136
4996000 136
4997000 136
4998000 136
4999000 136
5000000 136
