0 0
1000 0
2000 0
3000 0
4000 0
5000 0
6000 0
7000 0
8000 0
9000 0
10000 0
11000 0
12000 0
13000 0
14000 0
15000 0
16000 0
17000 0
18000 0
19000 0
20000 0
21000 0
22000 0
23000 0
24000 0
25000 0
26000 0
27000 0
28000 0
29000 0
30000 0
31000 0
32000 0
33000 0
34000 0
35000 0
36000 1
37000 1
38000 1
39000 1
40000 1
41000 1
42000 1
43000 1
44000 1
45000 1
46000 1
47000 1
48000 1
49000 1
50000 1
51000 1
52000 1
53000 1
54000 1
55000 1
56000 1
57000 1
58000 1
59000 1
60000 1
61000 1
62000 2
63000 2
64000 2
65000 2
66000 2
67000 2
68000 2
69000 2
70000 2
71000 2
72000 2
73000 2
74000 2
75000 2
76000 2
77000 3
78000 3
79000 3
80000 3
81000 3
82000 3
83000 3
84000 3
85000 3
86000 3
87000 3
88000 3
89000 3
90000 3
91000 3
92000 3
93000 3
94000 3
95000 3
96000 3
97000 4
98000 4
99000 4
100000 4
101000 4
102000 4
103000 4
104000 4
105000 4
106000 4
107000 5
108000 5
109000 5
110000 5
111000 5
112000 5
113000 5
114000 5
115000 5
116000 5
117000 5
118000 5
119000 5
120000 5
121000 5
122000 6
123000 6
124000 6
125000 6
126000 6
127000 6
128000 6
129000 6
130000 6
131000 6
132000 6
133000 7
134000 7
135000 7
136000 7
137000 7
138000 7
139000 7
140000 7
141000 7
142000 7
143000 7
144000 8
145000 8
146000 8
147000 8
148000 8
149000 8
150000 8
151000 8
152000 8
153000 8
154000 8
155000 8
156000 8
157000 8
158000 9
159000 9
160000 9
161000 9
162000 9
163000 9
164000 9
165000 9
166000 9
167000 9
168000 9
169000 9
170000 9
171000 9
172000 9
173000 9
174000 9
175000 9
176000 9
177000 9
178000 9
179000 9
180000 9
181000 9
182000 9
183000 9
184000 9
185000 9
186000 9
187000 9
188000 9
189000 10
190000 10
191000 10
192000 10
193000 10
194000 10
195000 10
196000 10
197000 10
198000 10
199000 10
200000 10
201000 10
202000 10
203000 10
204000 10
205000 10
206000 10
207000 10
208000 10
209000 10
210000 10
211000 11
212000 11
213000 11
214000 11
215000 11
216000 11
217000 11
218000 11
219000 11
220000 12
221000 12
222000 12
223000 12
224000 12
225000 12
226000 12
227000 12
228000 12
229000 12
230000 12
231000 12
232000 12
233000 13
234000 13
235000 13
236000 13
237000 13
238000 13
239000 13
240000 13
241000 13
242000 13
243000 13
244000 13
245000 13
246000 13
247000 13
248000 13
249000 13
250000 13
251000 14
252000 14
253000 14
254000 14
255000 14
256000 14
257000 14
258000 14
259000 14
260000 14
261000 14
262000 14
263000 14
264000 15
265000 15
266000 15
267000 15
268000 15
269000 15
270000 15
271000 15
272000 15
273000 15
274000 15
275000 15
276000 15
277000 15
278000 15
279000 15
280000 15
281000 15
282000 16
283000 16
284000 16
285000 16
286000 16
287000 16
288000 16
289000 16
290000 16
291000 16
292000 16
293000 16
294000 16
295000 16
296000 17
297000 17
298000 17
299000 17
300000 17
301000 17
302000 17
303000 17
304000 17
305000 17
306000 18
307000 18
308000 18
309000 18
310000 18
311000 18
312000 18
313000 18
314000 18
315000 18
316000 18
317000 18
318000 19
319000 19
320000 19
321000 19
322000 19
323000 19
324000 19
325000 19
326000 19
327000 19
328000 19
329000 19
330000 19
331000 19
332000 19
333000 19
334000 19
335000 19
336000 19
337000 19
338000 19
339000 19
340000 20
341000 20
342000 20
343000 20
344000 20
345000 20
346000 20
347000 20
348000 20
349000 20
350000 20
351000 21
352000 21
353000 21
354000 21
355000 21
356000 21
357000 21
358000 21
359000 21
360000 21
361000 21
362000 21
363000 21
364000 22
365000 22
366000 22
367000 22
368000 22
369000 22
370000 22
371000 22
372000 22
373000 22
374000 22
375000 22
376000 23
377000 23
378000 23
379000 23
380000 23
381000 23
382000 23
383000 23
384000 23
385000 23
386000 23
387000 23
388000 23
389000 23
390000 23
391000 23
392000 24
393000 24
394000 24
395000 24
396000 24
397000 24
398000 24
399000 24
400000 24
401000 24
402000 25
403000 25
404000 25
405000 25
406000 25
407000 25
408000 25
409000 25
410000 25
411000 26
412000 26
413000 26
414000 26
415000 26
416000 26
417000 26
418000 26
419000 26
420000 26
421000 26
422000 26
423000 26
424000 26
425000 26
426000 26
427000 26
428000 27
429000 27
430000 27
431000 27
432000 27
433000 27
434000 27
435000 27
436000 27
437000 27
438000 27
439000 28
440000 28
441000 28
442000 28
443000 28
444000 28
445000 28
446000 28
447000 28
448000 28
449000 28
450000 28
451000 28
452000 28
453000 28
454000 28
455000 28
456000 28
457000 28
458000 28
459000 28
460000 28
461000 28
462000 28
463000 28
464000 28
465000 28
466000 28
467000 28
468000 28
469000 28
470000 28
471000 29
472000 29
473000 29
474000 29
475000 29
476000 29
477000 29
478000 29
479000 30
480000 30
481000 30
482000 30
483000 30
484000 30
485000 30
486000 30
487000 30
488000 30
489000 30
490000 30
491000 30
492000 30
493000 30
494000 30
495000 30
496000 30
497000 30
498000 30
499000 30
500000 30
501000 30
502000 30
503000 31
504000 31
505000 31
506000 31
507000 31
508000 31
509000 31
510000 31
511000 31
512000 31
513000 31
514000 32
515000 32
516000 32
517000 32
518000 32
519000 32
520000 32
521000 32
522000 32
523000 32
524000 32
525000 32
526000 32
527000 32
528000 32
529000 32
530000 32
531000 32
532000 32
533000 32
534000 32
535000 33
536000 33
537000 33
538000 33
539000 33
540000 33
541000 33
542000 33
543000 33
544000 33
545000 33
546000 33
547000 33
548000 33
549000 33
550000 33
551000 33
552000 33
553000 33
554000 33
555000 34
556000 34
557000 34
558000 34
559000 34
560000 34
561000 34
562000 34
563000 34
564000 34
565000 34
566000 34
567000 34
568000 34
569000 34
570000 34
571000 34
572000 34
573000 34
574000 34
575000 34
576000 34
577000 34
578000 34
579000 34
580000 34
581000 34
582000 34
583000 35
584000 35
585000 35
586000 35
587000 35
588000 35
589000 35
590000 35
591000 35
592000 36
593000 36
594000 36
595000 36
596000 36
597000 36
598000 36
599000 36
600000 36
601000 36
602000 36
603000 36
604000 36
605000 36
606000 36
607000 36
608000 36
609000 36
610000 36
611000 37
612000 37
613000 37
614000 37
615000 37
616000 37
617000 37
618000 37
619000 37
620000 37
621000 37
622000 37
623000 37
624000 37
625000 37
626000 37
627000 37
628000 37
629000 38
630000 38
631000 38
632000 38
633000 38
634000 38
635000 38
636000 38
637000 38
638000 38
639000 38
640000 38
641000 38
642000 38
643000 38
644000 38
645000 38
646000 38
647000 38
648000 38
649000 38
650000 38
651000 38
652000 39
653000 39
654000 39
655000 39
656000 39
657000 39
658000 39
659000 39
660000 39
661000 39
662000 39
663000 39
664000 39
665000 39
666000 39
667000 39
668000 39
669000 39
670000 39
671000 39
672000 39
673000 39
674000 39
675000 40
676000 40
677000 40
678000 40
679000 40
680000 40
681000 40
682000 40
683000 40
684000 40
685000 40
686000 40
687000 40
688000 40
689000 40
690000 40
691000 40
692000 40
693000 41
694000 41
695000 41
696000 41
697000 41
698000 41
699000 41
700000 41
701000 41
702000 41
703000 41
704000 41
705000 41
706000 41
707000 41
708000 41
709000 41
710000 41
711000 41
712000 41
713000 42
714000 42
715000 42
716000 42
717000 42
718000 42
719000 42
720000 42
721000 42
722000 42
723000 42
724000 42
725000 43
726000 43
727000 43
728000 43
729000 43
730000 43
731000 43
732000 43
733000 43
734000 43
735000 44
736000 44
737000 44
738000 44
739000 44
740000 44
741000 44
742000 44
743000 44
744000 44
745000 44
746000 44
747000 44
748000 45
749000 45
750000 45
751000 45
752000 45
753000 45
754000 45
755000 45
756000 45
757000 45
758000 46
759000 46
760000 46
761000 46
762000 46
763000 46
764000 46
765000 46
766000 46
767000 46
768000 46
769000 46
770000 47
771000 47
772000 47
773000 47
774000 47
775000 47
776000 47
777000 47
778000 47
779000 47
780000 47
781000 48
782000 48
783000 48
784000 48
785000 48
786000 48
787000 48
788000 48
789000 48
790000 49
791000 49
792000 49
793000 49
794000 49
795000 49
796000 49
797000 49
798000 49
799000 49
800000 49
801000 49
802000 49
803000 50
804000 50
805000 50
806000 50
807000 50
808000 50
809000 50
810000 50
811000 50
812000 50
813000 50
814000 51
815000 51
816000 51
817000 51
818000 51
819000 51
820000 51
821000 51
822000 51
823000 51
824000 51
825000 51
826000 51
827000 52
828000 52
829000 52
830000 52
831000 52
832000 52
833000 52
834000 52
835000 52
836000 52
837000 53
838000 53
839000 53
840000 53
841000 53
842000 53
843000 53
844000 54
845000 54
846000 54
847000 54
848000 54
849000 54
850000 54
851000 54
852000 54
853000 54
854000 55
855000 55
856000 55
857000 55
858000 55
859000 55
860000 55
861000 55
862000 55
863000 55
864000 55
865000 55
866000 55
867000 55
868000 56
869000 56
870000 56
871000 56
872000 56
873000 56
874000 56
875000 56
876000 56
877000 56
878000 56
879000 57
880000 57
881000 57
882000 57
883000 57
884000 57
885000 57
886000 57
887000 57
888000 57
889000 57
890000 58
891000 58
892000 58
893000 58
894000 58
895000 58
896000 58
897000 58
898000 58
899000 58
900000 58
901000 58
902000 58
903000 58
904000 58
905000 58
906000 58
907000 59
908000 59
909000 59
910000 59
911000 59
912000 59
913000 59
914000 59
915000 59
916000 59
917000 60
918000 60
919000 60
920000 60
921000 60
922000 60
923000 60
924000 60
925000 60
926000 60
927000 60
928000 60
929000 60
930000 60
931000 61
932000 61
933000 61
934000 61
935000 61
936000 61
937000 61
938000 61
939000 61
940000 61
941000 61
942000 61
943000 62
944000 62
945000 62
946000 62
947000 62
948000 62
949000 62
950000 62
951000 62
952000 62
953000 63
954000 63
955000 63
956000 63
957000 63
958000 63
959000 63
960000 63
961000 63
962000 63
963000 63
964000 63
965000 63
966000 63
967000 63
968000 63
969000 63
970000 63
971000 63
972000 63
973000 63
974000 63
975000 63
976000 63
977000 64
978000 64
979000 64
980000 64
981000 64
982000 64
983000 64
984000 64
985000 64
986000 64
987000 64
988000 64
989000 64
990000 64
991000 64
992000 64
993000 64
994000 64
995000 64
996000 65
997000 65
998000 65
999000 65
1000000 65
1001000 65
1002000 65
1003000 65
1004000 65
1005000 65
1006000 65
1007000 65
1008000 65
1009000 65
1010000 65
1011000 65
1012000 65
1013000 65
1014000 65
1015000 65
1016000 65
1017000 66
1018000 66
1019000 66
1020000 66
1021000 66
1022000 66
1023000 66
1024000 66
1025000 67
1026000 67
1027000 67
1028000 67
1029000 67
1030000 67
1031000 67
1032000 67
1033000 67
1034000 67
1035000 67
1036000 67
1037000 67
1038000 67
1039000 67
1040000 67
1041000 67
1042000 67
1043000 67
1044000 67
1045000 67
1046000 67
1047000 67
1048000 67
1049000 67
1050000 67
1051000 67
1052000 67
1053000 67
1054000 67
1055000 67
1056000 67
1057000 67
1058000 67
1059000 67
1060000 67
1061000 67
1062000 67
1063000 67
1064000 67
1065000 67
1066000 67
1067000 67
1068000 67
1069000 67
1070000 67
1071000 67
1072000 67
1073000 67
1074000 67
1075000 67
1076000 67
1077000 67
1078000 67
1079000 67
1080000 67
1081000 67
1082000 67
1083000 67
1084000 67
1085000 67
1086000 67
1087000 67
1088000 67
1089000 67
1090000 67
1091000 67
1092000 67
1093000 67
1094000 67
1095000 67
1096000 67
1097000 67
1098000 67
1099000 67
1100000 67
1101000 67
1102000 67
1103000 67
1104000 67
1105000 67
1106000 67
1107000 67
1108000 67
1109000 67
1110000 67
1111000 68
1112000 68
1113000 68
1114000 68
1115000 68
1116000 68
1117000 68
1118000 68
1119000 68
1120000 68
1121000 68
1122000 68
1123000 68
1124000 69
1125000 69
1126000 69
1127000 69
1128000 69
1129000 69
1130000 69
1131000 69
1132000 69
1133000 69
1134000 69
1135000 69
1136000 69
1137000 69
1138000 69
1139000 69
1140000 69
1141000 69
1142000 69
1143000 69
1144000 69
1145000 69
1146000 69
1147000 70
1148000 70
1149000 70
1150000 70
1151000 70
1152000 70
1153000 70
1154000 70
1155000 70
1156000 70
1157000 70
1158000 70
1159000 70
1160000 70
1161000 70
1162000 70
1163000 70
1164000 70
1165000 70
1166000 71
1167000 71
1168000 71
1169000 71
1170000 71
1171000 71
1172000 71
1173000 71
1174000 71
1175000 71
1176000 71
1177000 71
1178000 71
1179000 71
1180000 71
1181000 71
1182000 71
1183000 71
1184000 71
1185000 71
1186000 71
1187000 71
1188000 71
1189000 71
1190000 71
1191000 71
1192000 71
1193000 71
1194000 71
1195000 71
1196000 71
1197000 71
1198000 71
1199000 71
1200000 71
1201000 71
1202000 71
1203000 71
1204000 71
1205000 71
1206000 71
1207000 72
1208000 72
1209000 72
1210000 72
1211000 72
1212000 72
1213000 72
1214000 72
1215000 72
1216000 72
1217000 72
1218000 72
1219000 72
1220000 72
1221000 72
1222000 72
1223000 72
1224000 72
1225000 72
1226000 72
1227000 72
1228000 72
1229000 72
1230000 72
1231000 72
1232000 72
1233000 72
1234000 72
1235000 72
1236000 72
1237000 72
1238000 72
1239000 72
1240000 72
1241000 72
1242000 72
1243000 72
1244000 72
1245000 72
1246000 72
1247000 72
1248000 72
1249000 72
1250000 72
1251000 72
1252000 73
1253000 73
1254000 73
1255000 73
1256000 73
1257000 73
1258000 73
1259000 73
1260000 73
1261000 73
1262000 73
1263000 73
1264000 73
1265000 73
1266000 73
1267000 73
1268000 73
1269000 73
1270000 73
1271000 73
1272000 73
1273000 73
1274000 73
1275000 73
1276000 73
1277000 73
1278000 73
1279000 73
1280000 73
1281000 73
1282000 73
1283000 73
1284000 73
1285000 73
1286000 73
1287000 73
1288000 73
1289000 73
1290000 73
1291000 73
1292000 73
1293000 73
1294000 73
1295000 73
1296000 73
1297000 73
1298000 73
1299000 73
1300000 74
1301000 74
1302000 74
1303000 74
1304000 74
1305000 74
1306000 74
1307000 74
1308000 74
1309000 74
1310000 74
1311000 74
1312000 74
1313000 74
1314000 74
1315000 74
1316000 74
1317000 74
1318000 74
1319000 74
1320000 74
1321000 74
1322000 74
1323000 74
1324000 74
1325000 74
1326000 74
1327000 74
1328000 74
1329000 74
1330000 74
1331000 74
1332000 75
1333000 75
1334000 75
1335000 75
1336000 75
1337000 75
1338000 75
1339000 75
1340000 75
1341000 75
1342000 75
1343000 75
1344000 75
1345000 75
1346000 75
1347000 75
1348000 75
1349000 75
1350000 75
1351000 75
1352000 75
1353000 75
1354000 75
1355000 75
1356000 76
1357000 76
1358000 76
1359000 76
1360000 76
1361000 76
1362000 76
1363000 76
1364000 76
1365000 76
1366000 76
1367000 76
1368000 76
1369000 76
1370000 76
1371000 76
1372000 76
1373000 76
1374000 76
1375000 76
1376000 76
1377000 76
1378000 76
1379000 76
1380000 76
1381000 76
1382000 76
1383000 76
1384000 76
1385000 76
1386000 76
1387000 76
1388000 76
1389000 76
1390000 76
1391000 76
1392000 76
1393000 76
1394000 76
1395000 76
1396000 76
1397000 76
1398000 76
1399000 76
1400000 76
1401000 76
1402000 76
1403000 76
1404000 77
1405000 77
1406000 77
1407000 77
1408000 77
1409000 77
1410000 77
1411000 77
1412000 77
1413000 77
1414000 77
1415000 77
1416000 77
1417000 77
1418000 77
1419000 78
1420000 78
1421000 78
1422000 78
1423000 78
1424000 78
1425000 78
1426000 78
1427000 78
1428000 78
1429000 78
1430000 78
1431000 78
1432000 78
1433000 78
1434000 78
1435000 78
1436000 78
1437000 78
1438000 78
1439000 78
1440000 78
1441000 78
1442000 78
1443000 78
1444000 78
1445000 78
1446000 78
1447000 78
1448000 78
1449000 78
1450000 78
1451000 78
1452000 78
1453000 78
1454000 78
1455000 78
1456000 78
1457000 78
1458000 78
1459000 78
1460000 78
1461000 78
1462000 79
1463000 79
1464000 79
1465000 79
1466000 79
1467000 79
1468000 79
1469000 79
1470000 79
1471000 79
1472000 79
1473000 80
1474000 80
1475000 80
1476000 80
1477000 80
1478000 80
1479000 80
1480000 81
1481000 81
1482000 81
1483000 81
1484000 81
1485000 81
1486000 81
1487000 82
1488000 82
1489000 82
1490000 82
1491000 82
1492000 82
1493000 82
1494000 82
1495000 82
1496000 83
1497000 83
1498000 83
1499000 83
1500000 83
1501000 83
1502000 83
1503000 83
1504000 84
1505000 84
1506000 84
1507000 84
1508000 84
1509000 84
1510000 84
1511000 84
1512000 84
1513000 84
1514000 85
1515000 85
1516000 85
1517000 85
1518000 85
1519000 85
1520000 85
1521000 85
1522000 86
1523000 86
1524000 86
1525000 86
1526000 86
1527000 86
1528000 86
1529000 86
1530000 86
1531000 86
1532000 86
1533000 86
1534000 86
1535000 86
1536000 86
1537000 87
1538000 87
1539000 87
1540000 87
1541000 87
1542000 87
1543000 87
1544000 87
1545000 87
1546000 87
1547000 87
1548000 87
1549000 87
1550000 87
1551000 87
1552000 87
1553000 87
1554000 87
1555000 87
1556000 87
1557000 87
1558000 87
1559000 87
1560000 87
1561000 87
1562000 87
1563000 87
1564000 87
1565000 87
1566000 87
1567000 87
1568000 87
1569000 87
1570000 87
1571000 87
1572000 87
1573000 87
1574000 87
1575000 87
1576000 87
1577000 87
1578000 87
1579000 87
1580000 87
1581000 87
1582000 87
1583000 87
1584000 87
1585000 87
1586000 87
1587000 87
1588000 87
1589000 87
1590000 87
1591000 87
1592000 87
1593000 87
1594000 87
1595000 87
1596000 87
1597000 87
1598000 87
1599000 87
1600000 87
1601000 87
1602000 87
1603000 87
1604000 87
1605000 87
1606000 87
1607000 87
1608000 87
1609000 87
1610000 87
1611000 87
1612000 87
1613000 87
1614000 87
1615000 87
1616000 87
1617000 87
1618000 87
1619000 87
1620000 87
1621000 87
1622000 87
1623000 87
1624000 87
1625000 87
1626000 87
1627000 87
1628000 87
1629000 87
1630000 87
1631000 87
1632000 87
1633000 87
1634000 87
1635000 87
1636000 87
1637000 87
1638000 87
1639000 87
1640000 87
1641000 87
1642000 87
1643000 87
1644000 87
1645000 87
1646000 87
1647000 87
1648000 87
1649000 87
1650000 87
1651000 87
1652000 87
1653000 87
1654000 87
1655000 87
1656000 87
1657000 87
1658000 87
1659000 87
1660000 87
1661000 87
1662000 87
1663000 87
1664000 87
1665000 87
1666000 87
1667000 87
1668000 87
1669000 87
1670000 87
1671000 87
1672000 87
1673000 87
1674000 87
1675000 87
1676000 87
1677000 88
1678000 88
1679000 88
1680000 88
1681000 88
1682000 88
1683000 88
1684000 88
1685000 88
1686000 88
1687000 88
1688000 88
1689000 89
1690000 89
1691000 89
1692000 89
1693000 89
1694000 89
1695000 89
1696000 89
1697000 89
1698000 89
1699000 89
1700000 90
1701000 90
1702000 90
1703000 90
1704000 90
1705000 90
1706000 90
1707000 90
1708000 90
1709000 90
1710000 90
1711000 90
1712000 91
1713000 91
1714000 91
1715000 91
1716000 91
1717000 91
1718000 91
1719000 91
1720000 91
1721000 92
1722000 92
1723000 92
1724000 92
1725000 92
1726000 92
1727000 92
1728000 92
1729000 93
1730000 93
1731000 93
1732000 93
1733000 93
1734000 93
1735000 93
1736000 94
1737000 94
1738000 94
1739000 94
1740000 94
1741000 94
1742000 94
1743000 94
1744000 95
1745000 95
1746000 95
1747000 95
1748000 95
1749000 95
1750000 95
1751000 95
1752000 96
1753000 96
1754000 96
1755000 96
1756000 96
1757000 96
1758000 96
1759000 96
1760000 96
1761000 96
1762000 96
1763000 96
1764000 96
1765000 96
1766000 97
1767000 97
1768000 97
1769000 97
1770000 97
1771000 97
1772000 97
1773000 97
1774000 97
1775000 97
1776000 97
1777000 98
1778000 98
1779000 98
1780000 98
1781000 98
1782000 98
1783000 98
1784000 98
1785000 98
1786000 98
1787000 98
1788000 99
1789000 99
1790000 99
1791000 99
1792000 99
1793000 99
1794000 99
1795000 99
1796000 99
1797000 99
1798000 99
1799000 99
1800000 99
1801000 99
1802000 99
1803000 99
1804000 100
1805000 100
1806000 100
1807000 100
1808000 100
1809000 100
1810000 100
1811000 100
1812000 100
1813000 100
1814000 100
1815000 100
1816000 100
1817000 100
1818000 100
1819000 101
1820000 101
1821000 101
1822000 101
1823000 101
1824000 101
1825000 101
1826000 101
1827000 101
1828000 101
1829000 101
1830000 102
1831000 102
1832000 102
1833000 102
1834000 102
1835000 102
1836000 102
1837000 102
1838000 102
1839000 102
1840000 103
1841000 103
1842000 103
1843000 103
1844000 103
1845000 103
1846000 103
1847000 103
1848000 103
1849000 104
1850000 104
1851000 104
1852000 104
1853000 104
1854000 104
1855000 104
1856000 104
1857000 104
1858000 104
1859000 104
1860000 104
1861000 105
1862000 105
1863000 105
1864000 105
1865000 105
1866000 105
1867000 105
1868000 105
1869000 105
1870000 105
1871000 105
1872000 105
1873000 105
1874000 106
1875000 106
1876000 106
1877000 106
1878000 106
1879000 106
1880000 106
1881000 106
1882000 106
1883000 106
1884000 106
1885000 106
1886000 106
1887000 107
1888000 107
1889000 107
1890000 107
1891000 107
1892000 107
1893000 107
1894000 107
1895000 107
1896000 107
1897000 107
1898000 107
1899000 107
1900000 108
1901000 108
1902000 108
1903000 108
1904000 108
1905000 108
1906000 108
1907000 108
1908000 108
1909000 108
1910000 109
1911000 109
1912000 109
1913000 109
1914000 109
1915000 109
1916000 109
1917000 109
1918000 109
1919000 109
1920000 109
1921000 109
1922000 110
1923000 110
1924000 110
1925000 110
1926000 110
1927000 110
1928000 110
1929000 110
1930000 110
1931000 110
1932000 110
1933000 111
1934000 111
1935000 111
1936000 111
1937000 111
1938000 111
1939000 111
1940000 111
1941000 111
1942000 112
1943000 112
1944000 112
1945000 112
1946000 112
1947000 112
1948000 112
1949000 112
1950000 112
1951000 112
1952000 113
1953000 113
1954000 113
1955000 113
1956000 113
1957000 113
1958000 113
1959000 113
1960000 113
1961000 113
1962000 113
1963000 113
1964000 113
1965000 114
1966000 114
1967000 114
1968000 114
1969000 114
1970000 114
1971000 114
1972000 114
1973000 114
1974000 115
1975000 115
1976000 115
1977000 115
1978000 115
1979000 115
1980000 115
1981000 115
1982000 115
1983000 116
1984000 116
1985000 116
1986000 116
1987000 116
1988000 116
1989000 116
1990000 116
1991000 116
1992000 116
1993000 116
1994000 116
1995000 117
1996000 117
1997000 117
1998000 117
1999000 117
2000000 117
2001000 117
2002000 117
2003000 117
2004000 118
2005000 118
2006000 118
2007000 118
2008000 118
2009000 118
2010000 118
2011000 119
2012000 119
2013000 119
2014000 119
2015000 119
2016000 119
2017000 119
2018000 119
2019000 119
2020000 119
2021000 120
2022000 120
2023000 120
2024000 120
2025000 120
2026000 120
2027000 120
2028000 120
2029000 121
2030000 121
2031000 121
2032000 121
2033000 121
2034000 121
2035000 121
2036000 121
2037000 122
2038000 122
2039000 122
2040000 122
2041000 122
2042000 122
2043000 122
2044000 122
2045000 123
2046000 123
2047000 123
2048000 123
2049000 123
2050000 123
2051000 123
2052000 123
2053000 123
2054000 124
2055000 124
2056000 124
2057000 124
2058000 124
2059000 124
2060000 124
2061000 125
2062000 125
2063000 125
2064000 125
2065000 125
2066000 125
2067000 125
2068000 125
2069000 125
2070000 125
2071000 126
2072000 126
2073000 126
2074000 126
2075000 126
2076000 126
2077000 126
2078000 126
2079000 127
2080000 127
2081000 127
2082000 127
2083000 127
2084000 127
2085000 127
2086000 127
2087000 128
2088000 128
2089000 128
2090000 128
2091000 128
2092000 128
2093000 128
2094000 128
2095000 129
2096000 129
2097000 129
2098000 129
2099000 129
2100000 129
2101000 129
2102000 129
2103000 129
2104000 129
2105000 129
2106000 129
2107000 129
2108000 129
2109000 130
2110000 130
2111000 130
2112000 130
2113000 130
2114000 130
2115000 130
2116000 130
2117000 130
2118000 130
2119000 131
2120000 131
2121000 131
2122000 131
2123000 131
2124000 131
2125000 131
2126000 131
2127000 132
2128000 132
2129000 132
2130000 132
2131000 132
2132000 132
2133000 132
2134000 132
2135000 133
2136000 133
2137000 133
2138000 133
2139000 133
2140000 133
2141000 133
2142000 134
2143000 134
2144000 134
2145000 134
2146000 134
2147000 134
2148000 134
2149000 134
2150000 134
2151000 135
2152000 135
2153000 135
2154000 135
2155000 135
2156000 135
2157000 135
2158000 135
2159000 136
2160000 136
2161000 136
2162000 136
2163000 136
2164000 136
2165000 136
2166000 136
2167000 137
2168000 137
2169000 137
2170000 137
2171000 137
2172000 137
2173000 137
2174000 137
2175000 137
2176000 138
2177000 138
2178000 138
2179000 138
2180000 138
2181000 138
2182000 138
2183000 138
2184000 138
2185000 138
2186000 138
2187000 138
2188000 138
2189000 138
2190000 138
2191000 138
2192000 139
2193000 139
2194000 139
2195000 139
2196000 139
2197000 139
2198000 139
2199000 139
2200000 139
2201000 140
2202000 140
2203000 140
2204000 140
2205000 140
2206000 140
2207000 140
2208000 140
2209000 141
2210000 141
2211000 141
2212000 141
2213000 141
2214000 141
2215000 141
2216000 141
2217000 141
2218000 142
2219000 142
2220000 142
2221000 142
2222000 142
2223000 142
2224000 142
2225000 142
2226000 143
2227000 143
2228000 143
2229000 143
2230000 143
2231000 143
2232000 143
2233000 143
2234000 143
2235000 143
2236000 144
2237000 144
2238000 144
2239000 144
2240000 144
2241000 144
2242000 144
2243000 144
2244000 144
2245000 145
2246000 145
2247000 145
2248000 145
2249000 145
2250000 145
2251000 145
2252000 145
2253000 145
2254000 145
2255000 145
2256000 145
2257000 145
2258000 146
2259000 146
2260000 146
2261000 146
2262000 146
2263000 146
2264000 146
2265000 146
2266000 146
2267000 146
2268000 146
2269000 147
2270000 147
2271000 147
2272000 147
2273000 147
2274000 147
2275000 147
2276000 147
2277000 147
2278000 147
2279000 147
2280000 147
2281000 148
2282000 148
2283000 148
2284000 148
2285000 148
2286000 148
2287000 148
2288000 148
2289000 149
2290000 149
2291000 149
2292000 149
2293000 149
2294000 149
2295000 149
2296000 150
2297000 150
2298000 150
2299000 150
2300000 150
2301000 150
2302000 150
2303000 150
2304000 150
2305000 150
2306000 150
2307000 151
2308000 151
2309000 151
2310000 151
2311000 151
2312000 151
2313000 151
2314000 151
2315000 151
2316000 151
2317000 152
2318000 152
2319000 152
2320000 152
2321000 152
2322000 152
2323000 152
2324000 152
2325000 153
2326000 153
2327000 153
2328000 153
2329000 153
2330000 153
2331000 153
2332000 154
2333000 154
2334000 154
2335000 154
2336000 154
2337000 154
2338000 154
2339000 154
2340000 154
2341000 155
2342000 155
2343000 155
2344000 155
2345000 155
2346000 155
2347000 155
2348000 155
2349000 155
2350000 155
2351000 155
2352000 155
2353000 155
2354000 156
2355000 156
2356000 156
2357000 156
2358000 156
2359000 156
2360000 156
2361000 156
2362000 156
2363000 157
2364000 157
2365000 157
2366000 157
2367000 157
2368000 157
2369000 157
2370000 157
2371000 157
2372000 157
2373000 158
2374000 158
2375000 158
2376000 158
2377000 158
2378000 158
2379000 158
2380000 158
2381000 158
2382000 159
2383000 159
2384000 159
2385000 159
2386000 159
2387000 159
2388000 159
2389000 159
2390000 160
2391000 160
2392000 160
2393000 160
2394000 160
2395000 160
2396000 160
2397000 160
2398000 160
2399000 161
2400000 161
2401000 161
2402000 161
2403000 161
2404000 161
2405000 161
2406000 161
2407000 161
2408000 161
2409000 161
2410000 161
2411000 162
2412000 162
2413000 162
2414000 162
2415000 162
2416000 162
2417000 162
2418000 162
2419000 162
2420000 163
2421000 163
2422000 163
2423000 163
2424000 163
2425000 163
2426000 163
2427000 163
2428000 163
2429000 163
2430000 164
2431000 164
2432000 164
2433000 164
2434000 164
2435000 164
2436000 164
2437000 165
2438000 165
2439000 165
2440000 165
2441000 165
2442000 165
2443000 165
2444000 165
2445000 165
2446000 165
2447000 166
2448000 166
2449000 166
2450000 166
2451000 166
2452000 166
2453000 166
2454000 166
2455000 166
2456000 166
2457000 167
2458000 167
2459000 167
2460000 167
2461000 167
2462000 167
2463000 167
2464000 167
2465000 168
2466000 168
2467000 168
2468000 168
2469000 168
2470000 168
2471000 168
2472000 168
2473000 168
2474000 168
2475000 168
2476000 168
2477000 168
2478000 169
2479000 169
2480000 169
2481000 169
2482000 169
2483000 169
2484000 169
2485000 169
2486000 169
2487000 169
2488000 169
2489000 170
2490000 170
2491000 170
2492000 170
2493000 170
2494000 170
2495000 170
2496000 170
2497000 170
2498000 170
2499000 170
2500000 170
2501000 170
2502000 171
2503000 171
2504000 171
2505000 171
2506000 171
2507000 171
2508000 171
2509000 171
2510000 171
2511000 171
2512000 171
2513000 171
2514000 171
2515000 172
2516000 172
2517000 172
2518000 172
2519000 172
2520000 172
2521000 172
2522000 172
2523000 172
2524000 172
2525000 173
2526000 173
2527000 173
2528000 173
2529000 173
2530000 173
2531000 173
2532000 173
2533000 173
2534000 173
2535000 173
2536000 173
2537000 173
2538000 173
2539000 173
2540000 174
2541000 174
2542000 174
2543000 174
2544000 174
2545000 174
2546000 174
2547000 174
2548000 174
2549000 174
2550000 175
2551000 175
2552000 175
2553000 175
2554000 175
2555000 175
2556000 175
2557000 175
2558000 175
2559000 176
2560000 176
2561000 176
2562000 176
2563000 176
2564000 176
2565000 176
2566000 176
2567000 176
2568000 176
2569000 177
2570000 177
2571000 177
2572000 177
2573000 177
2574000 177
2575000 177
2576000 177
2577000 177
2578000 177
2579000 177
2580000 177
2581000 177
2582000 178
2583000 178
2584000 178
2585000 178
2586000 178
2587000 178
2588000 178
2589000 178
2590000 179
2591000 179
2592000 179
2593000 179
2594000 179
2595000 179
2596000 179
2597000 179
2598000 179
2599000 179
2600000 180
2601000 180
2602000 180
2603000 180
2604000 180
2605000 180
2606000 180
2607000 180
2608000 180
2609000 180
2610000 181
2611000 181
2612000 181
2613000 181
2614000 181
2615000 181
2616000 181
2617000 181
2618000 181
2619000 181
2620000 181
2621000 181
2622000 182
2623000 182
2624000 182
2625000 182
2626000 182
2627000 182
2628000 182
2629000 182
2630000 182
2631000 183
2632000 183
2633000 183
2634000 183
2635000 183
2636000 183
2637000 183
2638000 183
2639000 183
2640000 183
2641000 183
2642000 183
2643000 183
2644000 184
2645000 184
2646000 184
2647000 184
2648000 184
2649000 184
2650000 184
2651000 184
2652000 184
2653000 184
2654000 184
2655000 185
2656000 185
2657000 185
2658000 185
2659000 185
2660000 185
2661000 185
2662000 185
2663000 185
2664000 185
2665000 185
2666000 185
2667000 186
2668000 186
2669000 186
2670000 186
2671000 186
2672000 186
2673000 187
2674000 187
2675000 187
2676000 187
2677000 187
2678000 187
2679000 187
2680000 187
2681000 187
2682000 187
2683000 188
2684000 188
2685000 188
2686000 188
2687000 188
2688000 188
2689000 188
2690000 188
2691000 188
2692000 188
2693000 189
2694000 189
2695000 189
2696000 189
2697000 189
2698000 189
2699000 189
2700000 189
2701000 189
2702000 189
2703000 189
2704000 189
2705000 189
2706000 189
2707000 190
2708000 190
2709000 190
2710000 190
2711000 190
2712000 190
2713000 190
2714000 190
2715000 190
2716000 190
2717000 190
2718000 190
2719000 191
2720000 191
2721000 191
2722000 191
2723000 191
2724000 191
2725000 191
2726000 191
2727000 191
2728000 191
2729000 191
2730000 192
2731000 192
2732000 192
2733000 192
2734000 192
2735000 192
2736000 192
2737000 192
2738000 192
2739000 193
2740000 193
2741000 193
2742000 193
2743000 193
2744000 193
2745000 193
2746000 193
2747000 193
2748000 193
2749000 194
2750000 194
2751000 194
2752000 194
2753000 194
2754000 194
2755000 194
2756000 194
2757000 194
2758000 194
2759000 194
2760000 194
2761000 195
2762000 195
2763000 195
2764000 195
2765000 195
2766000 195
2767000 195
2768000 195
2769000 196
2770000 196
2771000 196
2772000 196
2773000 196
2774000 196
2775000 196
2776000 196
2777000 196
2778000 196
2779000 196
2780000 197
2781000 197
2782000 197
2783000 197
2784000 197
2785000 197
2786000 197
2787000 198
2788000 198
2789000 198
2790000 198
2791000 198
2792000 198
2793000 198
2794000 198
2795000 199
2796000 199
2797000 199
2798000 199
2799000 199
2800000 199
2801000 199
2802000 200
2803000 200
2804000 200
2805000 200
2806000 200
2807000 200
2808000 200
2809000 200
2810000 201
2811000 201
2812000 201
2813000 201
2814000 201
2815000 201
2816000 201
2817000 201
2818000 201
2819000 201
2820000 202
2821000 202
2822000 202
2823000 202
2824000 202
2825000 202
2826000 202
2827000 202
2828000 202
2829000 203
2830000 203
2831000 203
2832000 203
2833000 203
2834000 203
2835000 203
2836000 203
2837000 204
2838000 204
2839000 204
2840000 204
2841000 204
2842000 204
2843000 204
2844000 204
2845000 204
2846000 204
2847000 205
2848000 205
2849000 205
2850000 205
2851000 205
2852000 205
2853000 205
2854000 205
2855000 205
2856000 206
2857000 206
2858000 206
2859000 206
2860000 206
2861000 206
2862000 206
2863000 206
2864000 206
2865000 206
2866000 206
2867000 207
2868000 207
2869000 207
2870000 207
2871000 207
2872000 207
2873000 207
2874000 207
2875000 207
2876000 208
2877000 208
2878000 208
2879000 208
2880000 208
2881000 208
2882000 209
2883000 209
2884000 209
2885000 209
2886000 209
2887000 209
2888000 209
2889000 209
2890000 209
2891000 209
2892000 209
2893000 210
2894000 210
2895000 210
2896000 210
2897000 210
2898000 210
2899000 210
2900000 211
2901000 211
2902000 211
2903000 211
2904000 211
2905000 211
2906000 211
2907000 211
2908000 211
2909000 212
2910000 212
2911000 212
2912000 212
2913000 212
2914000 212
2915000 212
2916000 212
2917000 213
2918000 213
2919000 213
2920000 213
2921000 213
2922000 213
2923000 213
2924000 213
2925000 214
2926000 214
2927000 214
2928000 214
2929000 214
2930000 214
2931000 214
2932000 214
2933000 214
2934000 214
2935000 214
2936000 214
2937000 214
2938000 215
2939000 215
2940000 215
2941000 215
2942000 215
2943000 215
2944000 215
2945000 215
2946000 215
2947000 216
2948000 216
2949000 216
2950000 216
2951000 216
2952000 216
2953000 216
2954000 216
2955000 217
2956000 217
2957000 217
2958000 217
2959000 217
2960000 217
2961000 217
2962000 217
2963000 218
2964000 218
2965000 218
2966000 218
2967000 218
2968000 218
2969000 218
2970000 218
2971000 218
2972000 219
2973000 219
2974000 219
2975000 219
2976000 219
2977000 219
2978000 219
2979000 219
2980000 220
2981000 220
2982000 220
2983000 220
2984000 220
2985000 220
2986000 220
2987000 220
2988000 220
2989000 221
2990000 221
2991000 221
2992000 221
2993000 221
2994000 221
2995000 221
2996000 221
2997000 222
2998000 222
2999000 222
3000000 222
3001000 222
3002000 222
3003000 222
3004000 222
3005000 222
3006000 222
3007000 222
3008000 223
3009000 223
3010000 223
3011000 223
3012000 223
3013000 223
3014000 223
3015000 223
3016000 224
3017000 224
3018000 224
3019000 224
3020000 224
3021000 224
3022000 224
3023000 224
3024000 224
3025000 224
3026000 225
3027000 225
3028000 225
3029000 225
3030000 225
3031000 225
3032000 225
3033000 225
3034000 225
3035000 226
3036000 226
3037000 226
3038000 226
3039000 226
3040000 226
3041000 226
3042000 226
3043000 226
3044000 226
3045000 227
3046000 227
3047000 227
3048000 227
3049000 227
3050000 227
3051000 227
3052000 227
3053000 228
3054000 228
3055000 228
3056000 228
3057000 228
3058000 228
3059000 228
3060000 229
3061000 229
3062000 229
3063000 229
3064000 229
3065000 229
3066000 229
3067000 229
3068000 230
3069000 230
3070000 230
3071000 230
3072000 230
3073000 230
3074000 230
3075000 230
3076000 231
3077000 231
3078000 231
3079000 231
3080000 231
3081000 231
3082000 231
3083000 231
3084000 232
3085000 232
3086000 232
3087000 232
3088000 232
3089000 232
3090000 232
3091000 232
3092000 232
3093000 232
3094000 233
3095000 233
3096000 233
3097000 233
3098000 233
3099000 233
3100000 233
3101000 233
3102000 233
3103000 234
3104000 234
3105000 234
3106000 234
3107000 234
3108000 234
3109000 234
3110000 234
3111000 234
3112000 234
3113000 234
3114000 234
3115000 235
3116000 235
3117000 235
3118000 235
3119000 235
3120000 235
3121000 235
3122000 235
3123000 236
3124000 236
3125000 236
3126000 236
3127000 236
3128000 236
3129000 236
3130000 236
3131000 236
3132000 236
3133000 236
3134000 236
3135000 236
3136000 236
3137000 236
3138000 236
3139000 237
3140000 237
3141000 237
3142000 237
3143000 237
3144000 237
3145000 237
3146000 237
3147000 237
3148000 237
3149000 237
3150000 237
3151000 237
3152000 237
3153000 237
3154000 237
3155000 237
3156000 237
3157000 237
3158000 237
3159000 238
3160000 238
3161000 238
3162000 238
3163000 238
3164000 238
3165000 238
3166000 238
3167000 238
3168000 238
3169000 238
3170000 238
3171000 239
3172000 239
3173000 239
3174000 239
3175000 239
3176000 239
3177000 239
3178000 239
3179000 239
3180000 239
3181000 240
3182000 240
3183000 240
3184000 240
3185000 240
3186000 240
3187000 240
3188000 240
3189000 240
3190000 241
3191000 241
3192000 241
3193000 241
3194000 241
3195000 241
3196000 241
3197000 241
3198000 242
3199000 242
3200000 242
3201000 242
3202000 242
3203000 242
3204000 242
3205000 242
3206000 243
3207000 243
3208000 243
3209000 243
3210000 243
3211000 243
3212000 243
3213000 243
3214000 243
3215000 244
3216000 244
3217000 244
3218000 244
3219000 244
3220000 244
3221000 244
3222000 245
3223000 245
3224000 245
3225000 245
3226000 245
3227000 245
3228000 245
3229000 245
3230000 245
3231000 246
3232000 246
3233000 246
3234000 246
3235000 246
3236000 246
3237000 246
3238000 246
3239000 246
3240000 247
3241000 247
3242000 247
3243000 247
3244000 247
3245000 247
3246000 247
3247000 248
3248000 248
3249000 248
3250000 248
3251000 248
3252000 248
3253000 248
3254000 248
3255000 248
3256000 249
3257000 249
3258000 249
3259000 249
3260000 249
3261000 249
3262000 249
3263000 250
3264000 250
3265000 250
3266000 250
3267000 250
3268000 250
3269000 250
3270000 251
3271000 251
3272000 251
3273000 251
3274000 251
3275000 251
3276000 251
3277000 251
3278000 252
3279000 252
3280000 252
3281000 252
3282000 252
3283000 252
3284000 252
3285000 252
3286000 252
3287000 253
3288000 253
3289000 253
3290000 253
3291000 253
3292000 253
3293000 253
3294000 254
3295000 254
3296000 254
3297000 254
3298000 254
3299000 254
3300000 254
3301000 254
3302000 254
3303000 255
3304000 255
3305000 255
3306000 255
3307000 255
3308000 255
3309000 255
3310000 255
3311000 256
3312000 256
3313000 256
3314000 256
3315000 256
3316000 256
3317000 256
3318000 256
3319000 257
3320000 257
3321000 257
3322000 257
3323000 257
3324000 257
3325000 257
3326000 257
3327000 258
3328000 258
3329000 258
3330000 258
3331000 258
3332000 258
3333000 258
3334000 259
3335000 259
3336000 259
3337000 259
3338000 259
3339000 259
3340000 259
3341000 259
3342000 259
3343000 260
3344000 260
3345000 260
3346000 260
3347000 260
3348000 260
3349000 260
3350000 260
3351000 260
3352000 261
3353000 261
3354000 261
3355000 261
3356000 261
3357000 261
3358000 261
3359000 261
3360000 261
3361000 261
3362000 262
3363000 262
3364000 262
3365000 262
3366000 262
3367000 262
3368000 262
3369000 262
3370000 263
3371000 263
3372000 263
3373000 263
3374000 263
3375000 263
3376000 263
3377000 264
3378000 264
3379000 264
3380000 264
3381000 264
3382000 264
3383000 264
3384000 264
3385000 264
3386000 264
3387000 264
3388000 265
3389000 265
3390000 265
3391000 265
3392000 265
3393000 265
3394000 265
3395000 265
3396000 266
3397000 266
3398000 266
3399000 266
3400000 266
3401000 266
3402000 266
3403000 266
3404000 266
3405000 267
3406000 267
3407000 267
3408000 267
3409000 267
3410000 267
3411000 267
3412000 267
3413000 267
3414000 267
3415000 268
3416000 268
3417000 268
3418000 268
3419000 268
3420000 268
3421000 268
3422000 268
3423000 268
3424000 269
3425000 269
3426000 269
3427000 269
3428000 269
3429000 269
3430000 269
3431000 269
3432000 270
3433000 270
3434000 270
3435000 270
3436000 270
3437000 270
3438000 270
3439000 270
3440000 270
3441000 271
3442000 271
3443000 271
3444000 271
3445000 271
3446000 271
3447000 271
3448000 271
3449000 271
3450000 271
3451000 271
3452000 272
3453000 272
3454000 272
3455000 272
3456000 272
3457000 272
3458000 272
3459000 272
3460000 272
3461000 272
3462000 272
3463000 272
3464000 273
3465000 273
3466000 273
3467000 273
3468000 273
3469000 273
3470000 273
3471000 273
3472000 273
3473000 274
3474000 274
3475000 274
3476000 274
3477000 274
3478000 274
3479000 274
3480000 274
3481000 274
3482000 274
3483000 274
3484000 274
3485000 274
3486000 275
3487000 275
3488000 275
3489000 275
3490000 275
3491000 275
3492000 275
3493000 276
3494000 276
3495000 276
3496000 276
3497000 276
3498000 276
3499000 276
3500000 276
3501000 277
3502000 277
3503000 277
3504000 277
3505000 277
3506000 277
3507000 277
3508000 277
3509000 277
3510000 278
3511000 278
3512000 278
3513000 278
3514000 278
3515000 278
3516000 278
3517000 279
3518000 279
3519000 279
3520000 279
3521000 279
3522000 279
3523000 279
3524000 279
3525000 280
3526000 280
3527000 280
3528000 280
3529000 280
3530000 280
3531000 280
3532000 281
3533000 281
3534000 281
3535000 281
3536000 281
3537000 281
3538000 281
3539000 281
3540000 281
3541000 282
3542000 282
3543000 282
3544000 282
3545000 282
3546000 282
3547000 282
3548000 282
3549000 282
3550000 283
3551000 283
3552000 283
3553000 283
3554000 283
3555000 283
3556000 283
3557000 283
3558000 283
3559000 284
3560000 284
3561000 284
3562000 284
3563000 284
3564000 284
3565000 284
3566000 284
3567000 284
3568000 284
3569000 285
3570000 285
3571000 285
3572000 285
3573000 285
3574000 285
3575000 285
3576000 285
3577000 285
3578000 285
3579000 285
3580000 285
3581000 286
3582000 286
3583000 286
3584000 286
3585000 286
3586000 286
3587000 286
3588000 286
3589000 287
3590000 287
3591000 287
3592000 287
3593000 287
3594000 287
3595000 287
3596000 287
3597000 287
3598000 287
3599000 287
3600000 288
3601000 288
3602000 288
3603000 288
3604000 288
3605000 288
3606000 288
3607000 288
3608000 288
3609000 289
3610000 289
3611000 289
3612000 289
3613000 289
3614000 289
3615000 289
3616000 289
3617000 289
3618000 290
3619000 290
3620000 290
3621000 290
3622000 290
3623000 290
3624000 290
3625000 291
3626000 291
3627000 291
3628000 291
3629000 291
3630000 291
3631000 291
3632000 291
3633000 291
3634000 291
3635000 291
3636000 291
3637000 292
3638000 292
3639000 292
3640000 292
3641000 292
3642000 292
3643000 292
3644000 292
3645000 293
3646000 293
3647000 293
3648000 293
3649000 293
3650000 293
3651000 293
3652000 293
3653000 293
3654000 293
3655000 293
3656000 293
3657000 293
3658000 293
3659000 293
3660000 293
3661000 294
3662000 294
3663000 294
3664000 294
3665000 294
3666000 294
3667000 294
3668000 295
3669000 295
3670000 295
3671000 295
3672000 295
3673000 295
3674000 295
3675000 295
3676000 295
3677000 296
3678000 296
3679000 296
3680000 296
3681000 296
3682000 296
3683000 296
3684000 296
3685000 297
3686000 297
3687000 297
3688000 297
3689000 297
3690000 297
3691000 297
3692000 297
3693000 298
3694000 298
3695000 298
3696000 298
3697000 298
3698000 298
3699000 298
3700000 298
3701000 298
3702000 299
3703000 299
3704000 299
3705000 299
3706000 299
3707000 299
3708000 299
3709000 299
3710000 300
3711000 300
3712000 300
3713000 300
3714000 300
3715000 300
3716000 300
3717000 300
3718000 300
3719000 300
3720000 301
3721000 301
3722000 301
3723000 301
3724000 301
3725000 301
3726000 301
3727000 301
3728000 302
3729000 302
3730000 302
3731000 302
3732000 302
3733000 302
3734000 302
3735000 303
3736000 303
3737000 303
3738000 303
3739000 303
3740000 303
3741000 303
3742000 303
3743000 303
3744000 303
3745000 304
3746000 304
3747000 304
3748000 304
3749000 304
3750000 304
3751000 304
3752000 304
3753000 305
3754000 305
3755000 305
3756000 305
3757000 305
3758000 305
3759000 305
3760000 305
3761000 305
3762000 306
3763000 306
3764000 306
3765000 306
3766000 306
3767000 306
3768000 306
3769000 306
3770000 306
3771000 306
3772000 306
3773000 306
3774000 306
3775000 306
3776000 307
3777000 307
3778000 307
3779000 307
3780000 307
3781000 307
3782000 307
3783000 307
3784000 307
3785000 308
3786000 308
3787000 308
3788000 308
3789000 308
3790000 308
3791000 308
3792000 309
3793000 309
3794000 309
3795000 309
3796000 309
3797000 309
3798000 309
3799000 309
3800000 309
3801000 310
3802000 310
3803000 310
3804000 310
3805000 310
3806000 310
3807000 310
3808000 310
3809000 310
3810000 310
3811000 310
3812000 310
3813000 310
3814000 311
3815000 311
3816000 311
3817000 311
3818000 311
3819000 311
3820000 311
3821000 311
3822000 311
3823000 311
3824000 311
3825000 311
3826000 311
3827000 311
3828000 311
3829000 312
3830000 312
3831000 312
3832000 312
3833000 312
3834000 312
3835000 312
3836000 313
3837000 313
3838000 313
3839000 313
3840000 313
3841000 313
3842000 313
3843000 313
3844000 314
3845000 314
3846000 314
3847000 314
3848000 314
3849000 314
3850000 314
3851000 314
3852000 315
3853000 315
3854000 315
3855000 315
3856000 315
3857000 315
3858000 315
3859000 315
3860000 316
3861000 316
3862000 316
3863000 316
3864000 316
3865000 316
3866000 316
3867000 317
3868000 317
3869000 317
3870000 317
3871000 317
3872000 317
3873000 317
3874000 317
3875000 317
3876000 317
3877000 317
3878000 318
3879000 318
3880000 318
3881000 318
3882000 318
3883000 318
3884000 318
3885000 318
3886000 318
3887000 318
3888000 318
3889000 319
3890000 319
3891000 319
3892000 319
3893000 319
3894000 319
3895000 319
3896000 319
3897000 320
3898000 320
3899000 320
3900000 320
3901000 320
3902000 320
3903000 320
3904000 320
3905000 321
3906000 321
3907000 321
3908000 321
3909000 321
3910000 321
3911000 321
3912000 321
3913000 321
3914000 321
3915000 322
3916000 322
3917000 322
3918000 322
3919000 322
3920000 322
3921000 322
3922000 322
3923000 322
3924000 322
3925000 323
3926000 323
3927000 323
3928000 323
3929000 323
3930000 323
3931000 323
3932000 323
3933000 323
3934000 323
3935000 323
3936000 323
3937000 323
3938000 324
3939000 324
3940000 324
3941000 324
3942000 324
3943000 324
3944000 324
3945000 324
3946000 324
3947000 325
3948000 325
3949000 325
3950000 325
3951000 325
3952000 325
3953000 325
3954000 325
3955000 325
3956000 326
3957000 326
3958000 326
3959000 326
3960000 326
3961000 326
3962000 326
3963000 326
3964000 327
3965000 327
3966000 327
3967000 327
3968000 327
3969000 327
3970000 327
3971000 327
3972000 328
3973000 328
3974000 328
3975000 328
3976000 328
3977000 328
3978000 328
3979000 328
3980000 328
3981000 329
3982000 329
3983000 329
3984000 329
3985000 329
3986000 329
3987000 329
3988000 329
3989000 329
3990000 329
3991000 329
3992000 330
3993000 330
3994000 330
3995000 330
3996000 330
3997000 330
3998000 330
3999000 330
4000000 331
4001000 331
4002000 331
4003000 331
4004000 331
4005000 331
4006000 331
4007000 331
4008000 332
4009000 332
4010000 332
4011000 332
4012000 332
4013000 332
4014000 332
4015000 333
4016000 333
4017000 333
4018000 333
4019000 333
4020000 333
4021000 333
4022000 333
4023000 333
4024000 333
4025000 334
4026000 334
4027000 334
4028000 334
4029000 334
4030000 334
4031000 334
4032000 334
4033000 334
4034000 334
4035000 335
4036000 335
4037000 335
4038000 335
4039000 335
4040000 335
4041000 336
4042000 336
4043000 336
4044000 336
4045000 336
4046000 336
4047000 336
4048000 336
4049000 337
4050000 337
4051000 337
4052000 337
4053000 337
4054000 337
4055000 337
4056000 337
4057000 338
4058000 338
4059000 338
4060000 338
4061000 338
4062000 338
4063000 338
4064000 338
4065000 338
4066000 338
4067000 338
4068000 338
4069000 338
4070000 338
4071000 338
4072000 338
4073000 338
4074000 338
4075000 338
4076000 338
4077000 339
4078000 339
4079000 339
4080000 339
4081000 339
4082000 339
4083000 339
4084000 339
4085000 339
4086000 340
4087000 340
4088000 340
4089000 340
4090000 340
4091000 340
4092000 340
4093000 340
4094000 341
4095000 341
4096000 341
4097000 341
4098000 341
4099000 341
4100000 341
4101000 341
4102000 342
4103000 342
4104000 342
4105000 342
4106000 342
4107000 342
4108000 342
4109000 342
4110000 342
4111000 342
4112000 342
4113000 342
4114000 342
4115000 343
4116000 343
4117000 343
4118000 343
4119000 343
4120000 343
4121000 343
4122000 343
4123000 343
4124000 344
4125000 344
4126000 344
4127000 344
4128000 344
4129000 344
4130000 344
4131000 344
4132000 344
4133000 344
4134000 345
4135000 345
4136000 345
4137000 345
4138000 345
4139000 345
4140000 345
4141000 345
4142000 345
4143000 345
4144000 345
4145000 346
4146000 346
4147000 346
4148000 346
4149000 346
4150000 346
4151000 346
4152000 346
4153000 346
4154000 346
4155000 347
4156000 347
4157000 347
4158000 347
4159000 347
4160000 347
4161000 347
4162000 347
4163000 347
4164000 347
4165000 348
4166000 348
4167000 348
4168000 348
4169000 348
4170000 348
4171000 348
4172000 348
4173000 348
4174000 349
4175000 349
4176000 349
4177000 349
4178000 349
4179000 349
4180000 350
4181000 350
4182000 350
4183000 350
4184000 350
4185000 350
4186000 350
4187000 350
4188000 350
4189000 351
4190000 351
4191000 351
4192000 351
4193000 351
4194000 351
4195000 351
4196000 351
4197000 352
4198000 352
4199000 352
4200000 352
4201000 352
4202000 352
4203000 352
4204000 352
4205000 352
4206000 353
4207000 353
4208000 353
4209000 353
4210000 353
4211000 353
4212000 353
4213000 353
4214000 353
4215000 353
4216000 354
4217000 354
4218000 354
4219000 354
4220000 354
4221000 354
4222000 354
4223000 354
4224000 355
4225000 355
4226000 355
4227000 355
4228000 355
4229000 355
4230000 355
4231000 355
4232000 355
4233000 355
4234000 355
4235000 356
4236000 356
4237000 356
4238000 356
4239000 356
4240000 356
4241000 356
4242000 356
4243000 356
4244000 357
4245000 357
4246000 357
4247000 357
4248000 357
4249000 357
4250000 357
4251000 357
4252000 357
4253000 357
4254000 357
4255000 358
4256000 358
4257000 358
4258000 358
4259000 358
4260000 358
4261000 358
4262000 358
4263000 358
4264000 359
4265000 359
4266000 359
4267000 359
4268000 359
4269000 359
4270000 359
4271000 359
4272000 359
4273000 360
4274000 360
4275000 360
4276000 360
4277000 360
4278000 360
4279000 360
4280000 360
4281000 360
4282000 361
4283000 361
4284000 361
4285000 361
4286000 361
4287000 361
4288000 361
4289000 361
4290000 361
4291000 361
4292000 362
4293000 362
4294000 362
4295000 362
4296000 362
4297000 362
4298000 362
4299000 362
4300000 362
4301000 363
4302000 363
4303000 363
4304000 363
4305000 363
4306000 363
4307000 363
4308000 364
4309000 364
4310000 364
4311000 364
4312000 364
4313000 364
4314000 364
4315000 364
4316000 365
4317000 365
4318000 365
4319000 365
4320000 365
4321000 365
4322000 365
4323000 365
4324000 365
4325000 365
4326000 366
4327000 366
4328000 366
4329000 366
4330000 366
4331000 366
4332000 366
4333000 366
4334000 367
4335000 367
4336000 367
4337000 367
4338000 367
4339000 367
4340000 367
4341000 368
4342000 368
4343000 368
4344000 368
4345000 368
4346000 368
4347000 368
4348000 368
4349000 368
4350000 368
4351000 369
4352000 369
4353000 369
4354000 369
4355000 369
4356000 369
4357000 369
4358000 369
4359000 370
4360000 370
4361000 370
4362000 370
4363000 370
4364000 370
4365000 370
4366000 370
4367000 371
4368000 371
4369000 371
4370000 371
4371000 371
4372000 371
4373000 371
4374000 371
4375000 371
4376000 371
4377000 371
4378000 372
4379000 372
4380000 372
4381000 372
4382000 372
4383000 372
4384000 372
4385000 372
4386000 372
4387000 373
4388000 373
4389000 373
4390000 373
4391000 373
4392000 373
4393000 373
4394000 373
4395000 373
4396000 373
4397000 374
4398000 374
4399000 374
4400000 374
4401000 374
4402000 374
4403000 374
4404000 374
4405000 374
4406000 375
4407000 375
4408000 375
4409000 375
4410000 375
4411000 375
4412000 375
4413000 375
4414000 376
4415000 376
4416000 376
4417000 376
4418000 376
4419000 376
4420000 376
4421000 376
4422000 376
4423000 376
4424000 376
4425000 376
4426000 376
4427000 377
4428000 377
4429000 377
4430000 377
4431000 377
4432000 377
4433000 377
4434000 377
4435000 377
4436000 377
4437000 378
4438000 378
4439000 378
4440000 378
4441000 378
4442000 378
4443000 378
4444000 378
4445000 378
4446000 378
4447000 379
4448000 379
4449000 379
4450000 379
4451000 379
4452000 379
4453000 379
4454000 379
4455000 379
4456000 379
4457000 379
4458000 379
4459000 379
4460000 379
4461000 379
4462000 379
4463000 379
4464000 380
4465000 380
4466000 380
4467000 380
4468000 380
4469000 380
4470000 380
4471000 380
4472000 380
4473000 380
4474000 381
4475000 381
4476000 381
4477000 381
4478000 381
4479000 381
4480000 381
4481000 381
4482000 381
4483000 381
4484000 381
4485000 381
4486000 381
4487000 381
4488000 381
4489000 381
4490000 381
4491000 381
4492000 381
4493000 381
4494000 381
4495000 381
4496000 381
4497000 382
4498000 382
4499000 382
4500000 382
4501000 382
4502000 382
4503000 382
4504000 382
4505000 382
4506000 383
4507000 383
4508000 383
4509000 383
4510000 383
4511000 383
4512000 383
4513000 383
4514000 383
4515000 383
4516000 383
4517000 384
4518000 384
4519000 384
4520000 384
4521000 384
4522000 384
4523000 384
4524000 385
4525000 385
4526000 385
4527000 385
4528000 385
4529000 385
4530000 385
4531000 385
4532000 386
4533000 386
4534000 386
4535000 386
4536000 386
4537000 386
4538000 386
4539000 386
4540000 386
4541000 386
4542000 387
4543000 387
4544000 387
4545000 387
4546000 387
4547000 387
4548000 387
4549000 387
4550000 387
4551000 387
4552000 387
4553000 387
4554000 387
4555000 387
4556000 387
4557000 387
4558000 387
4559000 387
4560000 388
4561000 388
4562000 388
4563000 388
4564000 388
4565000 388
4566000 388
4567000 388
4568000 388
4569000 388
4570000 388
4571000 388
4572000 388
4573000 388
4574000 388
4575000 388
4576000 388
4577000 389
4578000 389
4579000 389
4580000 389
4581000 389
4582000 389
4583000 389
4584000 389
4585000 389
4586000 389
4587000 389
4588000 390
4589000 390
4590000 390
4591000 390
4592000 390
4593000 390
4594000 390
4595000 390
4596000 390
4597000 390
4598000 390
4599000 390
4600000 390
4601000 390
4602000 390
4603000 390
4604000 390
4605000 390
4606000 391
4607000 391
4608000 391
4609000 391
4610000 391
4611000 391
4612000 391
4613000 391
4614000 391
4615000 392
4616000 392
4617000 392
4618000 392
4619000 392
4620000 392
4621000 392
4622000 393
4623000 393
4624000 393
4625000 393
4626000 393
4627000 393
4628000 393
4629000 393
4630000 393
4631000 393
4632000 393
4633000 394
4634000 394
4635000 394
4636000 394
4637000 394
4638000 394
4639000 394
4640000 394
4641000 394
4642000 394
4643000 394
4644000 394
4645000 394
4646000 394
4647000 394
4648000 395
4649000 395
4650000 395
4651000 395
4652000 395
4653000 395
4654000 395
4655000 395
4656000 395
4657000 395
4658000 395
4659000 395
4660000 395
4661000 395
4662000 395
4663000 395
4664000 395
4665000 395
4666000 395
4667000 395
4668000 395
4669000 395
4670000 396
4671000 396
4672000 396
4673000 396
4674000 396
4675000 396
4676000 396
4677000 397
4678000 397
4679000 397
4680000 397
4681000 397
4682000 397
4683000 397
4684000 397
4685000 397
4686000 397
4687000 397
4688000 397
4689000 398
4690000 398
4691000 398
4692000 398
4693000 398
4694000 398
4695000 398
4696000 398
4697000 398
4698000 398
4699000 399
4700000 399
4701000 399
4702000 399
4703000 399
4704000 399
4705000 399
4706000 399
4707000 399
4708000 399
4709000 399
4710000 399
4711000 399
4712000 399
4713000 400
4714000 400
4715000 400
4716000 400
4717000 400
4718000 400
4719000 400
4720000 400
4721000 400
4722000 401
4723000 401
4724000 401
4725000 401
4726000 401
4727000 401
4728000 401
4729000 401
4730000 402
4731000 402
4732000 402
4733000 402
4734000 402
4735000 402
4736000 402
4737000 402
4738000 402
4739000 403
4740000 403
4741000 403
4742000 403
4743000 403
4744000 403
4745000 403
4746000 403
4747000 403
4748000 403
4749000 404
4750000 404
4751000 404
4752000 404
4753000 404
4754000 404
4755000 404
4756000 404
4757000 405
4758000 405
4759000 405
4760000 405
4761000 405
4762000 405
4763000 405
4764000 405
4765000 406
4766000 406
4767000 406
4768000 406
4769000 406
4770000 406
4771000 406
4772000 406
4773000 407
4774000 407
4775000 407
4776000 407
4777000 407
4778000 407
4779000 407
4780000 407
4781000 407
4782000 408
4783000 408
4784000 408
4785000 408
4786000 408
4787000 408
4788000 408
4789000 409
4790000 409
4791000 409
4792000 409
4793000 409
4794000 409
4795000 409
4796000 409
4797000 409
4798000 409
4799000 409
4800000 409
4801000 409
4802000 410
4803000 410
4804000 410
4805000 410
4806000 410
4807000 410
4808000 410
4809000 410
4810000 410
4811000 410
4812000 410
4813000 410
4814000 410
4815000 411
4816000 411
4817000 411
4818000 411
4819000 411
4820000 411
4821000 411
4822000 411
4823000 412
4824000 412
4825000 412
4826000 412
4827000 412
4828000 412
4829000 412
4830000 412
4831000 412
4832000 413
4833000 413
4834000 413
4835000 413
4836000 413
4837000 413
4838000 413
4839000 413
4840000 414
4841000 414
4842000 414
4843000 414
4844000 414
4845000 414
4846000 414
4847000 414
4848000 414
4849000 414
4850000 414
4851000 414
4852000 414
4853000 414
4854000 415
4855000 415
4856000 415
4857000 415
4858000 415
4859000 415
4860000 415
4861000 415
4862000 416
4863000 416
4864000 416
4865000 416
4866000 416
4867000 416
4868000 416
4869000 416
4870000 416
4871000 416
4872000 416
4873000 416
4874000 416
4875000 416
4876000 416
4877000 416
4878000 416
4879000 416
4880000 417
4881000 417
4882000 417
4883000 417
4884000 417
4885000 417
4886000 417
4887000 417
4888000 418
4889000 418
4890000 418
4891000 418
4892000 418
4893000 418
4894000 418
4895000 418
4896000 418
4897000 418
4898000 419
4899000 419
4900000 419
4901000 419
4902000 419
4903000 419
4904000 419
4905000 419
4906000 420
4907000 420
4908000 420
4909000 420
4910000 420
4911000 420
4912000 420
4913000 420
4914000 420
4915000 421
4916000 421
4917000 421
4918000 421
4919000 421
4920000 421
4921000 421
4922000 421
4923000 421
4924000 421
4925000 421
4926000 421
4927000 421
4928000 421
4929000 421
4930000 421
4931000 421
4932000 422
4933000 422
4934000 422
4935000 422
4936000 422
4937000 422
4938000 422
4939000 422
4940000 422
4941000 422
4942000 422
4943000 422
4944000 423
4945000 423
4946000 423
4947000 423
4948000 423
4949000 423
4950000 423
4951000 423
4952000 423
4953000 423
4954000 424
4955000 424
4956000 424
4957000 424
4958000 424
4959000 424
4960000 424
4961000 424
4962000 425
4963000 425
4964000 425
4965000 425
4966000 425
4967000 425
4968000 425
4969000 425
4970000 425
4971000 425
4972000 425
4973000 426
4974000 426
4975000 426
4976000 426
4977000 426
4978000 426
4979000 426
4980000 426
4981000 426
4982000 426
4983000 426
4984000 427
4985000 427
4986000 427
4987000 427
4988000 427
4989000 427
4990000 427
4991000 427
4992000 427
4993000 427
4994000 428
4995000 428
4996000 428
4997000 428
4998000 428
4999000 428
5000000 428
