0 0
1000 0
2000 0
3000 0
4000 0
5000 0
6000 0
7000 0
8000 0
9000 0
10000 0
11000 0
12000 0
13000 0
14000 0
15000 0
16000 0
17000 0
18000 0
19000 0
20000 0
21000 0
22000 0
23000 0
24000 0
25000 0
26000 0
27000 0
28000 0
29000 0
30000 0
31000 0
32000 0
33000 0
34000 0
35000 0
36000 0
37000 1
38000 1
39000 1
40000 1
41000 1
42000 1
43000 1
44000 1
45000 1
46000 1
47000 1
48000 1
49000 2
50000 2
51000 2
52000 2
53000 2
54000 2
55000 2
56000 2
57000 3
58000 3
59000 3
60000 3
61000 3
62000 3
63000 3
64000 3
65000 3
66000 4
67000 4
68000 4
69000 4
70000 4
71000 4
72000 4
73000 4
74000 4
75000 4
76000 4
77000 4
78000 4
79000 5
80000 5
81000 5
82000 5
83000 5
84000 5
85000 5
86000 5
87000 5
88000 5
89000 5
90000 5
91000 5
92000 5
93000 5
94000 6
95000 6
96000 6
97000 6
98000 6
99000 6
100000 6
101000 6
102000 6
103000 6
104000 6
105000 6
106000 6
107000 6
108000 7
109000 7
110000 7
111000 7
112000 7
113000 7
114000 7
115000 7
116000 7
117000 7
118000 7
119000 8
120000 8
121000 8
122000 8
123000 8
124000 8
125000 8
126000 8
127000 8
128000 8
129000 8
130000 8
131000 8
132000 8
133000 8
134000 8
135000 8
136000 8
137000 8
138000 8
139000 8
140000 9
141000 9
142000 9
143000 9
144000 9
145000 9
146000 9
147000 9
148000 9
149000 9
150000 9
151000 9
152000 9
153000 9
154000 9
155000 9
156000 9
157000 9
158000 9
159000 9
160000 9
161000 9
162000 9
163000 9
164000 9
165000 9
166000 9
167000 9
168000 9
169000 9
170000 9
171000 9
172000 9
173000 9
174000 9
175000 9
176000 9
177000 9
178000 9
179000 9
180000 9
181000 9
182000 9
183000 9
184000 9
185000 9
186000 9
187000 9
188000 9
189000 9
190000 9
191000 9
192000 9
193000 9
194000 9
195000 9
196000 9
197000 9
198000 9
199000 9
200000 9
201000 9
202000 9
203000 9
204000 9
205000 9
206000 9
207000 10
208000 10
209000 10
210000 10
211000 10
212000 10
213000 10
214000 10
215000 10
216000 10
217000 10
218000 10
219000 10
220000 10
221000 10
222000 11
223000 11
224000 11
225000 11
226000 11
227000 11
228000 11
229000 11
230000 11
231000 11
232000 11
233000 11
234000 11
235000 11
236000 11
237000 11
238000 11
239000 11
240000 11
241000 12
242000 12
243000 12
244000 12
245000 12
246000 12
247000 12
248000 12
249000 12
250000 12
251000 12
252000 12
253000 12
254000 12
255000 12
256000 12
257000 12
258000 12
259000 12
260000 12
261000 12
262000 12
263000 12
264000 12
265000 12
266000 12
267000 12
268000 12
269000 12
270000 12
271000 12
272000 12
273000 12
274000 12
275000 12
276000 12
277000 12
278000 12
279000 12
280000 12
281000 12
282000 12
283000 12
284000 12
285000 12
286000 12
287000 12
288000 12
289000 12
290000 12
291000 12
292000 12
293000 12
294000 12
295000 12
296000 12
297000 12
298000 12
299000 12
300000 12
301000 12
302000 12
303000 12
304000 12
305000 12
306000 12
307000 12
308000 12
309000 12
310000 12
311000 12
312000 12
313000 12
314000 12
315000 12
316000 12
317000 12
318000 12
319000 12
320000 13
321000 13
322000 13
323000 13
324000 13
325000 13
326000 13
327000 13
328000 13
329000 13
330000 13
331000 13
332000 13
333000 13
334000 13
335000 13
336000 13
337000 13
338000 13
339000 13
340000 13
341000 13
342000 13
343000 13
344000 13
345000 13
346000 13
347000 13
348000 13
349000 13
350000 13
351000 13
352000 13
353000 13
354000 13
355000 13
356000 13
357000 13
358000 13
359000 13
360000 13
361000 13
362000 13
363000 13
364000 13
365000 13
366000 13
367000 13
368000 13
369000 13
370000 13
371000 13
372000 13
373000 13
374000 13
375000 13
376000 13
377000 13
378000 13
379000 13
380000 13
381000 13
382000 13
383000 13
384000 13
385000 13
386000 13
387000 13
388000 13
389000 13
390000 13
391000 13
392000 13
393000 13
394000 13
395000 13
396000 13
397000 13
398000 13
399000 13
400000 14
401000 14
402000 14
403000 14
404000 14
405000 14
406000 14
407000 14
408000 14
409000 14
410000 14
411000 14
412000 14
413000 14
414000 15
415000 15
416000 15
417000 15
418000 15
419000 15
420000 15
421000 15
422000 15
423000 15
424000 15
425000 15
426000 15
427000 15
428000 15
429000 15
430000 15
431000 16
432000 16
433000 16
434000 16
435000 16
436000 16
437000 16
438000 16
439000 16
440000 16
441000 16
442000 16
443000 16
444000 17
445000 17
446000 17
447000 17
448000 17
449000 17
450000 17
451000 17
452000 17
453000 17
454000 17
455000 18
456000 18
457000 18
458000 18
459000 18
460000 18
461000 18
462000 18
463000 18
464000 18
465000 18
466000 18
467000 18
468000 18
469000 18
470000 18
471000 18
472000 18
473000 18
474000 18
475000 18
476000 18
477000 18
478000 18
479000 18
480000 18
481000 18
482000 18
483000 18
484000 19
485000 19
486000 19
487000 19
488000 19
489000 19
490000 19
491000 19
492000 19
493000 19
494000 19
495000 19
496000 19
497000 19
498000 19
499000 19
500000 19
501000 19
502000 19
503000 19
504000 19
505000 19
506000 19
507000 19
508000 19
509000 20
510000 20
511000 20
512000 20
513000 20
514000 20
515000 20
516000 20
517000 20
518000 20
519000 20
520000 20
521000 20
522000 20
523000 20
524000 20
525000 20
526000 20
527000 20
528000 20
529000 20
530000 20
531000 20
532000 20
533000 20
534000 20
535000 20
536000 20
537000 20
538000 20
539000 20
540000 20
541000 20
542000 20
543000 20
544000 20
545000 20
546000 20
547000 20
548000 20
549000 20
550000 20
551000 20
552000 20
553000 20
554000 20
555000 20
556000 20
557000 20
558000 20
559000 20
560000 20
561000 20
562000 20
563000 20
564000 20
565000 20
566000 20
567000 20
568000 20
569000 20
570000 20
571000 20
572000 20
573000 20
574000 20
575000 20
576000 20
577000 20
578000 20
579000 20
580000 20
581000 20
582000 20
583000 20
584000 20
585000 20
586000 20
587000 20
588000 20
589000 20
590000 20
591000 20
592000 20
593000 20
594000 20
595000 20
596000 20
597000 20
598000 20
599000 20
600000 20
601000 20
602000 20
603000 21
604000 21
605000 21
606000 21
607000 21
608000 21
609000 21
610000 21
611000 21
612000 21
613000 21
614000 21
615000 21
616000 21
617000 21
618000 21
619000 21
620000 21
621000 21
622000 21
623000 21
624000 21
625000 21
626000 21
627000 21
628000 21
629000 21
630000 21
631000 21
632000 21
633000 21
634000 21
635000 21
636000 21
637000 21
638000 21
639000 21
640000 21
641000 21
642000 21
643000 21
644000 21
645000 21
646000 21
647000 21
648000 21
649000 21
650000 21
651000 21
652000 21
653000 21
654000 21
655000 21
656000 21
657000 21
658000 21
659000 21
660000 21
661000 21
662000 21
663000 21
664000 21
665000 21
666000 21
667000 21
668000 21
669000 21
670000 21
671000 21
672000 21
673000 21
674000 21
675000 21
676000 21
677000 21
678000 21
679000 21
680000 21
681000 21
682000 21
683000 21
684000 21
685000 21
686000 21
687000 21
688000 21
689000 21
690000 21
691000 21
692000 21
693000 21
694000 21
695000 21
696000 21
697000 21
698000 21
699000 21
700000 21
701000 21
702000 21
703000 21
704000 21
705000 21
706000 21
707000 21
708000 21
709000 21
710000 21
711000 21
712000 21
713000 21
714000 21
715000 21
716000 21
717000 21
718000 21
719000 21
720000 21
721000 21
722000 21
723000 21
724000 21
725000 21
726000 21
727000 21
728000 21
729000 21
730000 21
731000 21
732000 21
733000 21
734000 21
735000 21
736000 21
737000 21
738000 21
739000 21
740000 21
741000 21
742000 22
743000 22
744000 22
745000 22
746000 22
747000 22
748000 22
749000 22
750000 22
751000 22
752000 22
753000 22
754000 22
755000 22
756000 22
757000 23
758000 23
759000 23
760000 23
761000 23
762000 23
763000 23
764000 24
765000 24
766000 24
767000 24
768000 24
769000 24
770000 24
771000 24
772000 25
773000 25
774000 25
775000 25
776000 25
777000 25
778000 25
779000 25
780000 25
781000 25
782000 25
783000 25
784000 25
785000 25
786000 25
787000 25
788000 25
789000 25
790000 25
791000 25
792000 25
793000 25
794000 25
795000 25
796000 25
797000 25
798000 25
799000 25
800000 25
801000 25
802000 25
803000 25
804000 25
805000 25
806000 25
807000 25
808000 25
809000 25
810000 25
811000 25
812000 25
813000 25
814000 25
815000 25
816000 25
817000 25
818000 25
819000 25
820000 25
821000 25
822000 25
823000 25
824000 25
825000 25
826000 25
827000 25
828000 25
829000 25
830000 25
831000 25
832000 25
833000 25
834000 25
835000 25
836000 25
837000 25
838000 25
839000 25
840000 26
841000 26
842000 26
843000 26
844000 26
845000 26
846000 26
847000 26
848000 26
849000 26
850000 26
851000 26
852000 26
853000 26
854000 26
855000 26
856000 26
857000 26
858000 26
859000 26
860000 26
861000 26
862000 26
863000 26
864000 26
865000 26
866000 26
867000 26
868000 26
869000 26
870000 26
871000 26
872000 26
873000 26
874000 26
875000 26
876000 26
877000 26
878000 27
879000 27
880000 27
881000 27
882000 27
883000 27
884000 27
885000 27
886000 27
887000 27
888000 27
889000 27
890000 27
891000 27
892000 27
893000 28
894000 28
895000 28
896000 28
897000 28
898000 28
899000 28
900000 28
901000 28
902000 28
903000 28
904000 29
905000 29
906000 29
907000 29
908000 29
909000 29
910000 29
911000 29
912000 29
913000 29
914000 29
915000 29
916000 29
917000 29
918000 29
919000 29
920000 29
921000 29
922000 29
923000 29
924000 29
925000 30
926000 30
927000 30
928000 30
929000 30
930000 30
931000 30
932000 30
933000 30
934000 30
935000 30
936000 30
937000 30
938000 30
939000 30
940000 31
941000 31
942000 31
943000 31
944000 31
945000 31
946000 31
947000 31
948000 31
949000 31
950000 31
951000 31
952000 31
953000 31
954000 32
955000 32
956000 32
957000 32
958000 32
959000 32
960000 32
961000 32
962000 32
963000 32
964000 32
965000 33
966000 33
967000 33
968000 33
969000 33
970000 33
971000 33
972000 33
973000 33
974000 33
975000 33
976000 33
977000 33
978000 33
979000 33
980000 33
981000 34
982000 34
983000 34
984000 34
985000 34
986000 34
987000 34
988000 34
989000 34
990000 34
991000 34
992000 34
993000 35
994000 35
995000 35
996000 35
997000 35
998000 35
999000 35
1000000 35
1001000 35
1002000 35
1003000 35
1004000 36
1005000 36
1006000 36
1007000 36
1008000 36
1009000 36
1010000 36
1011000 36
1012000 36
1013000 36
1014000 36
1015000 36
1016000 36
1017000 37
1018000 37
1019000 37
1020000 37
1021000 37
1022000 37
1023000 37
1024000 37
1025000 37
1026000 37
1027000 37
1028000 37
1029000 37
1030000 37
1031000 37
1032000 37
1033000 37
1034000 37
1035000 37
1036000 37
1037000 37
1038000 37
1039000 37
1040000 37
1041000 37
1042000 37
1043000 37
1044000 37
1045000 37
1046000 37
1047000 37
1048000 37
1049000 37
1050000 37
1051000 37
1052000 37
1053000 37
1054000 37
1055000 37
1056000 37
1057000 37
1058000 37
1059000 37
1060000 37
1061000 37
1062000 37
1063000 37
1064000 37
1065000 37
1066000 37
1067000 37
1068000 37
1069000 37
1070000 37
1071000 37
1072000 37
1073000 37
1074000 37
1075000 37
1076000 37
1077000 37
1078000 37
1079000 37
1080000 37
1081000 37
1082000 37
1083000 37
1084000 37
1085000 37
1086000 37
1087000 37
1088000 37
1089000 37
1090000 37
1091000 37
1092000 37
1093000 37
1094000 37
1095000 37
1096000 37
1097000 37
1098000 37
1099000 37
1100000 37
1101000 37
1102000 38
1103000 38
1104000 38
1105000 38
1106000 38
1107000 38
1108000 38
1109000 38
1110000 38
1111000 38
1112000 38
1113000 38
1114000 38
1115000 38
1116000 38
1117000 38
1118000 38
1119000 38
1120000 38
1121000 38
1122000 38
1123000 38
1124000 38
1125000 38
1126000 38
1127000 38
1128000 38
1129000 39
1130000 39
1131000 39
1132000 39
1133000 39
1134000 39
1135000 39
1136000 39
1137000 39
1138000 39
1139000 39
1140000 39
1141000 39
1142000 39
1143000 39
1144000 39
1145000 39
1146000 39
1147000 39
1148000 40
1149000 40
1150000 40
1151000 40
1152000 40
1153000 40
1154000 40
1155000 40
1156000 40
1157000 40
1158000 40
1159000 40
1160000 40
1161000 40
1162000 41
1163000 41
1164000 41
1165000 41
1166000 41
1167000 41
1168000 41
1169000 41
1170000 41
1171000 41
1172000 41
1173000 41
1174000 41
1175000 41
1176000 41
1177000 41
1178000 41
1179000 41
1180000 41
1181000 41
1182000 41
1183000 41
1184000 41
1185000 41
1186000 41
1187000 41
1188000 41
1189000 41
1190000 41
1191000 41
1192000 41
1193000 41
1194000 41
1195000 41
1196000 41
1197000 41
1198000 41
1199000 41
1200000 41
1201000 41
1202000 41
1203000 41
1204000 41
1205000 41
1206000 41
1207000 41
1208000 41
1209000 41
1210000 41
1211000 42
1212000 42
1213000 42
1214000 42
1215000 42
1216000 42
1217000 42
1218000 42
1219000 42
1220000 42
1221000 42
1222000 42
1223000 42
1224000 42
1225000 42
1226000 42
1227000 42
1228000 42
1229000 42
1230000 42
1231000 42
1232000 42
1233000 42
1234000 42
1235000 42
1236000 43
1237000 43
1238000 43
1239000 43
1240000 43
1241000 43
1242000 43
1243000 43
1244000 43
1245000 43
1246000 43
1247000 43
1248000 43
1249000 43
1250000 43
1251000 43
1252000 43
1253000 43
1254000 43
1255000 43
1256000 43
1257000 43
1258000 43
1259000 43
1260000 43
1261000 43
1262000 43
1263000 43
1264000 43
1265000 43
1266000 43
1267000 43
1268000 43
1269000 43
1270000 43
1271000 43
1272000 43
1273000 43
1274000 43
1275000 43
1276000 44
1277000 44
1278000 44
1279000 44
1280000 44
1281000 44
1282000 44
1283000 44
1284000 44
1285000 44
1286000 44
1287000 44
1288000 44
1289000 44
1290000 44
1291000 44
1292000 45
1293000 45
1294000 45
1295000 45
1296000 45
1297000 45
1298000 45
1299000 45
1300000 45
1301000 45
1302000 45
1303000 45
1304000 45
1305000 45
1306000 45
1307000 45
1308000 45
1309000 45
1310000 45
1311000 46
1312000 46
1313000 46
1314000 46
1315000 46
1316000 46
1317000 46
1318000 46
1319000 46
1320000 46
1321000 46
1322000 46
1323000 46
1324000 46
1325000 46
1326000 46
1327000 46
1328000 47
1329000 47
1330000 47
1331000 47
1332000 47
1333000 47
1334000 47
1335000 47
1336000 47
1337000 47
1338000 47
1339000 47
1340000 47
1341000 47
1342000 47
1343000 47
1344000 47
1345000 47
1346000 47
1347000 47
1348000 47
1349000 48
1350000 48
1351000 48
1352000 48
1353000 48
1354000 48
1355000 48
1356000 48
1357000 48
1358000 48
1359000 48
1360000 48
1361000 48
1362000 48
1363000 48
1364000 48
1365000 48
1366000 48
1367000 48
1368000 48
1369000 48
1370000 48
1371000 48
1372000 48
1373000 48
1374000 48
1375000 48
1376000 48
1377000 48
1378000 48
1379000 48
1380000 48
1381000 49
1382000 49
1383000 49
1384000 49
1385000 49
1386000 49
1387000 49
1388000 49
1389000 49
1390000 49
1391000 49
1392000 49
1393000 49
1394000 49
1395000 49
1396000 49
1397000 49
1398000 49
1399000 49
1400000 49
1401000 49
1402000 49
1403000 49
1404000 49
1405000 49
1406000 49
1407000 49
1408000 49
1409000 49
1410000 49
1411000 49
1412000 49
1413000 49
1414000 49
1415000 49
1416000 49
1417000 49
1418000 49
1419000 49
1420000 49
1421000 49
1422000 49
1423000 49
1424000 49
1425000 49
1426000 49
1427000 49
1428000 49
1429000 49
1430000 49
1431000 49
1432000 49
1433000 49
1434000 49
1435000 49
1436000 49
1437000 49
1438000 49
1439000 49
1440000 49
1441000 49
1442000 49
1443000 49
1444000 49
1445000 49
1446000 49
1447000 49
1448000 49
1449000 49
1450000 49
1451000 49
1452000 49
1453000 49
1454000 49
1455000 49
1456000 49
1457000 49
1458000 49
1459000 49
1460000 49
1461000 49
1462000 49
1463000 49
1464000 49
1465000 49
1466000 49
1467000 49
1468000 49
1469000 49
1470000 49
1471000 49
1472000 49
1473000 49
1474000 49
1475000 49
1476000 49
1477000 49
1478000 49
1479000 49
1480000 49
1481000 49
1482000 49
1483000 49
1484000 49
1485000 49
1486000 49
1487000 49
1488000 49
1489000 49
1490000 49
1491000 49
1492000 49
1493000 49
1494000 49
1495000 49
1496000 49
1497000 49
1498000 49
1499000 49
1500000 49
1501000 49
1502000 49
1503000 49
1504000 49
1505000 49
1506000 49
1507000 49
1508000 49
1509000 49
1510000 49
1511000 49
1512000 49
1513000 49
1514000 49
1515000 49
1516000 50
1517000 50
1518000 50
1519000 50
1520000 50
1521000 50
1522000 50
1523000 50
1524000 50
1525000 50
1526000 50
1527000 50
1528000 50
1529000 50
1530000 50
1531000 50
1532000 50
1533000 50
1534000 50
1535000 50
1536000 50
1537000 50
1538000 50
1539000 50
1540000 50
1541000 50
1542000 50
1543000 50
1544000 50
1545000 50
1546000 50
1547000 50
1548000 50
1549000 50
1550000 50
1551000 50
1552000 50
1553000 50
1554000 50
1555000 50
1556000 50
1557000 50
1558000 50
1559000 50
1560000 50
1561000 50
1562000 50
1563000 50
1564000 50
1565000 50
1566000 50
1567000 50
1568000 50
1569000 50
1570000 50
1571000 50
1572000 50
1573000 50
1574000 50
1575000 50
1576000 50
1577000 50
1578000 50
1579000 50
1580000 50
1581000 50
1582000 50
1583000 50
1584000 50
1585000 50
1586000 50
1587000 50
1588000 50
1589000 50
1590000 50
1591000 50
1592000 50
1593000 50
1594000 50
1595000 50
1596000 50
1597000 50
1598000 50
1599000 50
1600000 50
1601000 50
1602000 50
1603000 50
1604000 50
1605000 50
1606000 50
1607000 50
1608000 50
1609000 50
1610000 50
1611000 50
1612000 50
1613000 50
1614000 50
1615000 50
1616000 50
1617000 50
1618000 50
1619000 50
1620000 50
1621000 50
1622000 50
1623000 50
1624000 50
1625000 50
1626000 50
1627000 50
1628000 50
1629000 50
1630000 50
1631000 50
1632000 50
1633000 50
1634000 50
1635000 50
1636000 50
1637000 50
1638000 50
1639000 50
1640000 50
1641000 50
1642000 50
1643000 50
1644000 50
1645000 50
1646000 50
1647000 50
1648000 50
1649000 50
1650000 50
1651000 50
1652000 50
1653000 50
1654000 50
1655000 50
1656000 50
1657000 50
1658000 50
1659000 50
1660000 50
1661000 50
1662000 50
1663000 50
1664000 50
1665000 50
1666000 50
1667000 50
1668000 50
1669000 50
1670000 50
1671000 50
1672000 50
1673000 50
1674000 50
1675000 50
1676000 50
1677000 50
1678000 50
1679000 50
1680000 50
1681000 50
1682000 50
1683000 50
1684000 50
1685000 50
1686000 50
1687000 50
1688000 50
1689000 50
1690000 50
1691000 50
1692000 50
1693000 50
1694000 50
1695000 50
1696000 50
1697000 50
1698000 50
1699000 50
1700000 50
1701000 50
1702000 50
1703000 50
1704000 50
1705000 50
1706000 50
1707000 50
1708000 50
1709000 50
1710000 50
1711000 50
1712000 50
1713000 50
1714000 50
1715000 50
1716000 50
1717000 50
1718000 50
1719000 50
1720000 50
1721000 50
1722000 50
1723000 50
1724000 50
1725000 50
1726000 50
1727000 50
1728000 50
1729000 50
1730000 50
1731000 50
1732000 50
1733000 50
1734000 50
1735000 50
1736000 50
1737000 50
1738000 50
1739000 50
1740000 50
1741000 50
1742000 50
1743000 50
1744000 50
1745000 50
1746000 50
1747000 50
1748000 50
1749000 50
1750000 50
1751000 50
1752000 50
1753000 50
1754000 50
1755000 50
1756000 50
1757000 50
1758000 50
1759000 50
1760000 50
1761000 50
1762000 50
1763000 50
1764000 50
1765000 50
1766000 50
1767000 50
1768000 50
1769000 50
1770000 50
1771000 50
1772000 50
1773000 50
1774000 50
1775000 50
1776000 50
1777000 50
1778000 50
1779000 50
1780000 50
1781000 50
1782000 50
1783000 50
1784000 50
1785000 50
1786000 50
1787000 50
1788000 50
1789000 50
1790000 50
1791000 50
1792000 50
1793000 50
1794000 50
1795000 50
1796000 50
1797000 50
1798000 50
1799000 50
1800000 50
1801000 50
1802000 50
1803000 50
1804000 50
1805000 50
1806000 50
1807000 50
1808000 50
1809000 50
1810000 50
1811000 50
1812000 50
1813000 50
1814000 50
1815000 50
1816000 50
1817000 50
1818000 50
1819000 50
1820000 50
1821000 50
1822000 50
1823000 50
1824000 50
1825000 50
1826000 50
1827000 50
1828000 50
1829000 50
1830000 50
1831000 50
1832000 50
1833000 50
1834000 50
1835000 50
1836000 50
1837000 50
1838000 50
1839000 50
1840000 50
1841000 50
1842000 50
1843000 50
1844000 50
1845000 50
1846000 50
1847000 50
1848000 50
1849000 50
1850000 50
1851000 50
1852000 50
1853000 50
1854000 50
1855000 50
1856000 50
1857000 50
1858000 50
1859000 50
1860000 50
1861000 50
1862000 50
1863000 50
1864000 50
1865000 50
1866000 50
1867000 50
1868000 50
1869000 50
1870000 50
1871000 50
1872000 50
1873000 50
1874000 50
1875000 50
1876000 50
1877000 50
1878000 50
1879000 50
1880000 50
1881000 50
1882000 50
1883000 50
1884000 50
1885000 50
1886000 50
1887000 50
1888000 50
1889000 50
1890000 50
1891000 50
1892000 50
1893000 50
1894000 50
1895000 50
1896000 50
1897000 50
1898000 50
1899000 50
1900000 50
1901000 50
1902000 50
1903000 50
1904000 50
1905000 50
1906000 50
1907000 50
1908000 50
1909000 50
1910000 50
1911000 50
1912000 50
1913000 50
1914000 50
1915000 50
1916000 50
1917000 50
1918000 50
1919000 50
1920000 50
1921000 50
1922000 50
1923000 50
1924000 50
1925000 50
1926000 50
1927000 50
1928000 50
1929000 50
1930000 50
1931000 50
1932000 50
1933000 50
1934000 50
1935000 50
1936000 50
1937000 50
1938000 50
1939000 50
1940000 50
1941000 50
1942000 50
1943000 50
1944000 50
1945000 50
1946000 51
1947000 51
1948000 51
1949000 51
1950000 51
1951000 51
1952000 51
1953000 51
1954000 51
1955000 51
1956000 51
1957000 51
1958000 51
1959000 51
1960000 51
1961000 51
1962000 51
1963000 51
1964000 51
1965000 51
1966000 51
1967000 51
1968000 51
1969000 51
1970000 51
1971000 51
1972000 51
1973000 51
1974000 51
1975000 51
1976000 51
1977000 51
1978000 52
1979000 52
1980000 52
1981000 52
1982000 52
1983000 52
1984000 52
1985000 52
1986000 52
1987000 52
1988000 52
1989000 53
1990000 53
1991000 53
1992000 53
1993000 53
1994000 53
1995000 53
1996000 53
1997000 53
1998000 53
1999000 53
2000000 53
2001000 53
2002000 53
2003000 53
2004000 54
2005000 54
2006000 54
2007000 54
2008000 54
2009000 54
2010000 54
2011000 54
2012000 54
2013000 54
2014000 54
2015000 54
2016000 54
2017000 54
2018000 54
2019000 54
2020000 54
2021000 54
2022000 54
2023000 55
2024000 55
2025000 55
2026000 55
2027000 55
2028000 55
2029000 55
2030000 55
2031000 55
2032000 55
2033000 55
2034000 55
2035000 55
2036000 55
2037000 55
2038000 55
2039000 56
2040000 56
2041000 56
2042000 56
2043000 56
2044000 56
2045000 56
2046000 56
2047000 56
2048000 56
2049000 56
2050000 56
2051000 56
2052000 56
2053000 56
2054000 56
2055000 56
2056000 57
2057000 57
2058000 57
2059000 57
2060000 57
2061000 57
2062000 57
2063000 57
2064000 57
2065000 57
2066000 57
2067000 57
2068000 58
2069000 58
2070000 58
2071000 58
2072000 58
2073000 58
2074000 58
2075000 58
2076000 58
2077000 58
2078000 58
2079000 58
2080000 59
2081000 59
2082000 59
2083000 59
2084000 59
2085000 59
2086000 59
2087000 59
2088000 59
2089000 59
2090000 59
2091000 59
2092000 59
2093000 59
2094000 59
2095000 59
2096000 59
2097000 59
2098000 59
2099000 59
2100000 59
2101000 59
2102000 59
2103000 59
2104000 59
2105000 59
2106000 59
2107000 59
2108000 59
2109000 59
2110000 59
2111000 59
2112000 59
2113000 59
2114000 59
2115000 59
2116000 59
2117000 59
2118000 59
2119000 59
2120000 59
2121000 59
2122000 59
2123000 59
2124000 59
2125000 59
2126000 59
2127000 59
2128000 59
2129000 59
2130000 59
2131000 59
2132000 59
2133000 59
2134000 59
2135000 59
2136000 59
2137000 59
2138000 59
2139000 59
2140000 59
2141000 59
2142000 59
2143000 59
2144000 59
2145000 59
2146000 59
2147000 59
2148000 59
2149000 59
2150000 59
2151000 59
2152000 59
2153000 59
2154000 59
2155000 59
2156000 59
2157000 60
2158000 60
2159000 60
2160000 60
2161000 60
2162000 60
2163000 60
2164000 60
2165000 60
2166000 60
2167000 60
2168000 60
2169000 60
2170000 60
2171000 60
2172000 60
2173000 61
2174000 61
2175000 61
2176000 61
2177000 61
2178000 61
2179000 61
2180000 61
2181000 61
2182000 61
2183000 61
2184000 61
2185000 61
2186000 61
2187000 61
2188000 61
2189000 61
2190000 61
2191000 61
2192000 61
2193000 61
2194000 61
2195000 61
2196000 61
2197000 61
2198000 61
2199000 61
2200000 61
2201000 61
2202000 61
2203000 61
2204000 61
2205000 62
2206000 62
2207000 62
2208000 62
2209000 62
2210000 62
2211000 62
2212000 62
2213000 62
2214000 62
2215000 62
2216000 62
2217000 62
2218000 62
2219000 62
2220000 62
2221000 62
2222000 62
2223000 62
2224000 62
2225000 62
2226000 62
2227000 62
2228000 62
2229000 62
2230000 62
2231000 62
2232000 62
2233000 62
2234000 62
2235000 62
2236000 62
2237000 62
2238000 62
2239000 62
2240000 62
2241000 62
2242000 62
2243000 62
2244000 62
2245000 62
2246000 62
2247000 62
2248000 62
2249000 62
2250000 62
2251000 62
2252000 62
2253000 62
2254000 62
2255000 62
2256000 62
2257000 62
2258000 62
2259000 62
2260000 62
2261000 62
2262000 62
2263000 62
2264000 62
2265000 62
2266000 62
2267000 62
2268000 62
2269000 62
2270000 62
2271000 62
2272000 62
2273000 62
2274000 62
2275000 62
2276000 62
2277000 62
2278000 62
2279000 63
2280000 63
2281000 63
2282000 63
2283000 63
2284000 63
2285000 63
2286000 63
2287000 63
2288000 63
2289000 63
2290000 63
2291000 63
2292000 63
2293000 63
2294000 63
2295000 64
2296000 64
2297000 64
2298000 64
2299000 64
2300000 64
2301000 64
2302000 64
2303000 64
2304000 64
2305000 64
2306000 65
2307000 65
2308000 65
2309000 65
2310000 65
2311000 65
2312000 65
2313000 65
2314000 65
2315000 65
2316000 65
2317000 65
2318000 65
2319000 65
2320000 65
2321000 65
2322000 65
2323000 65
2324000 65
2325000 65
2326000 65
2327000 65
2328000 66
2329000 66
2330000 66
2331000 66
2332000 66
2333000 66
2334000 66
2335000 66
2336000 66
2337000 66
2338000 66
2339000 66
2340000 66
2341000 66
2342000 67
2343000 67
2344000 67
2345000 67
2346000 67
2347000 67
2348000 67
2349000 67
2350000 67
2351000 67
2352000 67
2353000 67
2354000 67
2355000 67
2356000 67
2357000 67
2358000 67
2359000 67
2360000 67
2361000 67
2362000 67
2363000 67
2364000 67
2365000 67
2366000 67
2367000 67
2368000 67
2369000 67
2370000 67
2371000 67
2372000 67
2373000 67
2374000 67
2375000 67
2376000 67
2377000 67
2378000 67
2379000 67
2380000 67
2381000 67
2382000 67
2383000 67
2384000 67
2385000 67
2386000 67
2387000 67
2388000 67
2389000 67
2390000 67
2391000 67
2392000 67
2393000 67
2394000 67
2395000 67
2396000 67
2397000 67
2398000 67
2399000 67
2400000 67
2401000 67
2402000 67
2403000 67
2404000 67
2405000 67
2406000 67
2407000 67
2408000 67
2409000 67
2410000 67
2411000 68
2412000 68
2413000 68
2414000 68
2415000 68
2416000 68
2417000 68
2418000 68
2419000 68
2420000 68
2421000 68
2422000 68
2423000 68
2424000 68
2425000 68
2426000 68
2427000 68
2428000 69
2429000 69
2430000 69
2431000 69
2432000 69
2433000 69
2434000 69
2435000 69
2436000 69
2437000 69
2438000 69
2439000 69
2440000 69
2441000 69
2442000 69
2443000 69
2444000 70
2445000 70
2446000 70
2447000 70
2448000 70
2449000 70
2450000 70
2451000 70
2452000 70
2453000 70
2454000 70
2455000 70
2456000 70
2457000 70
2458000 70
2459000 70
2460000 70
2461000 70
2462000 70
2463000 70
2464000 70
2465000 70
2466000 70
2467000 70
2468000 70
2469000 70
2470000 70
2471000 71
2472000 71
2473000 71
2474000 71
2475000 71
2476000 71
2477000 71
2478000 71
2479000 71
2480000 71
2481000 71
2482000 71
2483000 71
2484000 71
2485000 71
2486000 71
2487000 71
2488000 71
2489000 71
2490000 71
2491000 71
2492000 71
2493000 71
2494000 71
2495000 71
2496000 71
2497000 71
2498000 71
2499000 71
2500000 71
2501000 71
2502000 72
2503000 72
2504000 72
2505000 72
2506000 72
2507000 72
2508000 72
2509000 72
2510000 72
2511000 72
2512000 72
2513000 72
2514000 72
2515000 72
2516000 72
2517000 72
2518000 72
2519000 72
2520000 72
2521000 72
2522000 72
2523000 72
2524000 72
2525000 72
2526000 72
2527000 72
2528000 72
2529000 72
2530000 72
2531000 72
2532000 72
2533000 72
2534000 72
2535000 72
2536000 72
2537000 72
2538000 72
2539000 73
2540000 73
2541000 73
2542000 73
2543000 73
2544000 73
2545000 73
2546000 73
2547000 73
2548000 73
2549000 73
2550000 73
2551000 73
2552000 73
2553000 73
2554000 73
2555000 73
2556000 73
2557000 73
2558000 74
2559000 74
2560000 74
2561000 74
2562000 74
2563000 74
2564000 74
2565000 74
2566000 74
2567000 74
2568000 74
2569000 74
2570000 74
2571000 74
2572000 74
2573000 74
2574000 74
2575000 74
2576000 74
2577000 74
2578000 74
2579000 74
2580000 74
2581000 74
2582000 74
2583000 74
2584000 74
2585000 74
2586000 74
2587000 74
2588000 74
2589000 74
2590000 74
2591000 74
2592000 74
2593000 74
2594000 74
2595000 74
2596000 74
2597000 74
2598000 74
2599000 74
2600000 74
2601000 74
2602000 74
2603000 74
2604000 74
2605000 74
2606000 74
2607000 74
2608000 74
2609000 74
2610000 74
2611000 74
2612000 74
2613000 74
2614000 74
2615000 74
2616000 74
2617000 74
2618000 74
2619000 74
2620000 74
2621000 74
2622000 74
2623000 75
2624000 75
2625000 75
2626000 75
2627000 75
2628000 75
2629000 75
2630000 75
2631000 75
2632000 75
2633000 75
2634000 75
2635000 75
2636000 75
2637000 75
2638000 75
2639000 75
2640000 75
2641000 75
2642000 75
2643000 75
2644000 75
2645000 75
2646000 75
2647000 75
2648000 75
2649000 75
2650000 75
2651000 75
2652000 75
2653000 75
2654000 75
2655000 75
2656000 76
2657000 76
2658000 76
2659000 76
2660000 76
2661000 76
2662000 76
2663000 76
2664000 76
2665000 76
2666000 76
2667000 76
2668000 76
2669000 76
2670000 76
2671000 76
2672000 76
2673000 76
2674000 76
2675000 76
2676000 76
2677000 76
2678000 76
2679000 77
2680000 77
2681000 77
2682000 77
2683000 77
2684000 77
2685000 77
2686000 77
2687000 77
2688000 77
2689000 77
2690000 77
2691000 77
2692000 77
2693000 77
2694000 77
2695000 77
2696000 77
2697000 77
2698000 77
2699000 77
2700000 77
2701000 77
2702000 77
2703000 77
2704000 77
2705000 77
2706000 78
2707000 78
2708000 78
2709000 78
2710000 78
2711000 78
2712000 78
2713000 78
2714000 78
2715000 78
2716000 78
2717000 78
2718000 78
2719000 78
2720000 78
2721000 78
2722000 78
2723000 78
2724000 78
2725000 78
2726000 78
2727000 78
2728000 78
2729000 78
2730000 79
2731000 79
2732000 79
2733000 79
2734000 79
2735000 79
2736000 79
2737000 79
2738000 79
2739000 79
2740000 79
2741000 79
2742000 79
2743000 79
2744000 79
2745000 79
2746000 79
2747000 79
2748000 79
2749000 79
2750000 79
2751000 79
2752000 79
2753000 79
2754000 79
2755000 79
2756000 79
2757000 79
2758000 79
2759000 79
2760000 79
2761000 79
2762000 79
2763000 79
2764000 79
2765000 79
2766000 79
2767000 80
2768000 80
2769000 80
2770000 80
2771000 80
2772000 80
2773000 80
2774000 80
2775000 80
2776000 80
2777000 80
2778000 80
2779000 80
2780000 80
2781000 80
2782000 80
2783000 80
2784000 80
2785000 80
2786000 80
2787000 80
2788000 80
2789000 80
2790000 80
2791000 80
2792000 80
2793000 80
2794000 80
2795000 80
2796000 80
2797000 80
2798000 80
2799000 80
2800000 80
2801000 80
2802000 80
2803000 80
2804000 80
2805000 80
2806000 80
2807000 80
2808000 80
2809000 80
2810000 80
2811000 80
2812000 80
2813000 80
2814000 80
2815000 80
2816000 80
2817000 80
2818000 80
2819000 80
2820000 80
2821000 80
2822000 80
2823000 80
2824000 80
2825000 80
2826000 80
2827000 80
2828000 80
2829000 80
2830000 80
2831000 80
2832000 80
2833000 80
2834000 80
2835000 80
2836000 80
2837000 80
2838000 80
2839000 80
2840000 80
2841000 81
2842000 81
2843000 81
2844000 81
2845000 81
2846000 81
2847000 81
2848000 81
2849000 81
2850000 81
2851000 81
2852000 81
2853000 81
2854000 81
2855000 81
2856000 81
2857000 81
2858000 81
2859000 81
2860000 82
2861000 82
2862000 82
2863000 82
2864000 82
2865000 82
2866000 82
2867000 82
2868000 82
2869000 82
2870000 82
2871000 82
2872000 82
2873000 82
2874000 82
2875000 82
2876000 82
2877000 82
2878000 82
2879000 82
2880000 82
2881000 82
2882000 82
2883000 82
2884000 82
2885000 82
2886000 82
2887000 83
2888000 83
2889000 83
2890000 83
2891000 83
2892000 83
2893000 83
2894000 83
2895000 83
2896000 83
2897000 83
2898000 83
2899000 83
2900000 83
2901000 83
2902000 83
2903000 83
2904000 84
2905000 84
2906000 84
2907000 84
2908000 84
2909000 84
2910000 84
2911000 84
2912000 84
2913000 84
2914000 84
2915000 84
2916000 84
2917000 84
2918000 84
2919000 84
2920000 84
2921000 84
2922000 84
2923000 84
2924000 84
2925000 84
2926000 84
2927000 84
2928000 84
2929000 84
2930000 84
2931000 84
2932000 84
2933000 84
2934000 84
2935000 84
2936000 84
2937000 84
2938000 84
2939000 84
2940000 85
2941000 85
2942000 85
2943000 85
2944000 85
2945000 85
2946000 85
2947000 85
2948000 85
2949000 85
2950000 85
2951000 85
2952000 85
2953000 86
2954000 86
2955000 86
2956000 86
2957000 86
2958000 86
2959000 86
2960000 86
2961000 86
2962000 86
2963000 86
2964000 86
2965000 86
2966000 86
2967000 86
2968000 86
2969000 86
2970000 86
2971000 86
2972000 86
2973000 87
2974000 87
2975000 87
2976000 87
2977000 87
2978000 87
2979000 87
2980000 87
2981000 87
2982000 87
2983000 87
2984000 87
2985000 87
2986000 87
2987000 87
2988000 87
2989000 87
2990000 88
2991000 88
2992000 88
2993000 88
2994000 88
2995000 88
2996000 88
2997000 88
2998000 88
2999000 88
3000000 89
3001000 89
3002000 89
3003000 89
3004000 89
3005000 89
3006000 89
3007000 89
3008000 89
3009000 89
3010000 89
3011000 89
3012000 89
3013000 89
3014000 89
3015000 89
3016000 89
3017000 89
3018000 90
3019000 90
3020000 90
3021000 90
3022000 90
3023000 90
3024000 90
3025000 90
3026000 90
3027000 90
3028000 90
3029000 90
3030000 90
3031000 90
3032000 90
3033000 90
3034000 90
3035000 90
3036000 90
3037000 90
3038000 90
3039000 90
3040000 90
3041000 90
3042000 90
3043000 90
3044000 90
3045000 90
3046000 90
3047000 90
3048000 90
3049000 90
3050000 90
3051000 90
3052000 90
3053000 90
3054000 90
3055000 90
3056000 90
3057000 90
3058000 90
3059000 90
3060000 90
3061000 90
3062000 90
3063000 90
3064000 90
3065000 90
3066000 90
3067000 90
3068000 90
3069000 90
3070000 90
3071000 90
3072000 90
3073000 90
3074000 90
3075000 90
3076000 90
3077000 90
3078000 90
3079000 90
3080000 90
3081000 90
3082000 90
3083000 91
3084000 91
3085000 91
3086000 91
3087000 91
3088000 91
3089000 91
3090000 91
3091000 91
3092000 91
3093000 91
3094000 91
3095000 91
3096000 91
3097000 91
3098000 92
3099000 92
3100000 92
3101000 92
3102000 92
3103000 92
3104000 92
3105000 92
3106000 92
3107000 92
3108000 92
3109000 92
3110000 92
3111000 92
3112000 92
3113000 92
3114000 92
3115000 92
3116000 92
3117000 92
3118000 92
3119000 92
3120000 92
3121000 92
3122000 92
3123000 92
3124000 92
3125000 92
3126000 92
3127000 93
3128000 93
3129000 93
3130000 93
3131000 93
3132000 93
3133000 93
3134000 93
3135000 93
3136000 93
3137000 93
3138000 93
3139000 93
3140000 93
3141000 93
3142000 93
3143000 93
3144000 93
3145000 93
3146000 93
3147000 93
3148000 93
3149000 93
3150000 93
3151000 93
3152000 93
3153000 93
3154000 93
3155000 93
3156000 93
3157000 93
3158000 93
3159000 93
3160000 93
3161000 93
3162000 93
3163000 93
3164000 93
3165000 93
3166000 94
3167000 94
3168000 94
3169000 94
3170000 94
3171000 94
3172000 94
3173000 94
3174000 94
3175000 94
3176000 94
3177000 94
3178000 94
3179000 94
3180000 94
3181000 94
3182000 94
3183000 94
3184000 94
3185000 94
3186000 94
3187000 94
3188000 94
3189000 94
3190000 94
3191000 94
3192000 94
3193000 94
3194000 94
3195000 94
3196000 94
3197000 94
3198000 94
3199000 94
3200000 94
3201000 94
3202000 94
3203000 94
3204000 94
3205000 94
3206000 94
3207000 94
3208000 94
3209000 94
3210000 94
3211000 95
3212000 95
3213000 95
3214000 95
3215000 95
3216000 95
3217000 95
3218000 95
3219000 95
3220000 95
3221000 95
3222000 95
3223000 95
3224000 95
3225000 95
3226000 95
3227000 95
3228000 95
3229000 95
3230000 95
3231000 95
3232000 96
3233000 96
3234000 96
3235000 96
3236000 96
3237000 96
3238000 96
3239000 96
3240000 96
3241000 96
3242000 96
3243000 96
3244000 96
3245000 96
3246000 96
3247000 96
3248000 96
3249000 97
3250000 97
3251000 97
3252000 97
3253000 97
3254000 97
3255000 97
3256000 97
3257000 97
3258000 97
3259000 97
3260000 97
3261000 97
3262000 97
3263000 97
3264000 97
3265000 97
3266000 97
3267000 97
3268000 97
3269000 97
3270000 97
3271000 97
3272000 97
3273000 97
3274000 97
3275000 97
3276000 97
3277000 97
3278000 97
3279000 97
3280000 97
3281000 97
3282000 97
3283000 97
3284000 97
3285000 97
3286000 97
3287000 97
3288000 97
3289000 97
3290000 97
3291000 97
3292000 97
3293000 97
3294000 97
3295000 97
3296000 97
3297000 97
3298000 97
3299000 97
3300000 97
3301000 97
3302000 97
3303000 97
3304000 97
3305000 97
3306000 97
3307000 97
3308000 97
3309000 97
3310000 97
3311000 97
3312000 97
3313000 97
3314000 97
3315000 97
3316000 97
3317000 97
3318000 97
3319000 97
3320000 97
3321000 97
3322000 97
3323000 98
3324000 98
3325000 98
3326000 98
3327000 98
3328000 98
3329000 98
3330000 98
3331000 98
3332000 98
3333000 98
3334000 98
3335000 98
3336000 98
3337000 98
3338000 98
3339000 98
3340000 98
3341000 98
3342000 98
3343000 98
3344000 98
3345000 98
3346000 98
3347000 98
3348000 99
3349000 99
3350000 99
3351000 99
3352000 99
3353000 99
3354000 99
3355000 99
3356000 99
3357000 99
3358000 99
3359000 99
3360000 99
3361000 99
3362000 99
3363000 99
3364000 99
3365000 99
3366000 99
3367000 99
3368000 99
3369000 99
3370000 99
3371000 99
3372000 99
3373000 99
3374000 99
3375000 99
3376000 99
3377000 99
3378000 99
3379000 99
3380000 99
3381000 99
3382000 99
3383000 99
3384000 100
3385000 100
3386000 100
3387000 100
3388000 100
3389000 100
3390000 100
3391000 100
3392000 100
3393000 100
3394000 100
3395000 100
3396000 100
3397000 100
3398000 100
3399000 101
3400000 101
3401000 101
3402000 101
3403000 101
3404000 101
3405000 101
3406000 101
3407000 101
3408000 101
3409000 101
3410000 101
3411000 101
3412000 101
3413000 101
3414000 101
3415000 101
3416000 101
3417000 101
3418000 101
3419000 101
3420000 101
3421000 101
3422000 101
3423000 101
3424000 101
3425000 101
3426000 101
3427000 101
3428000 101
3429000 102
3430000 102
3431000 102
3432000 102
3433000 102
3434000 102
3435000 102
3436000 102
3437000 102
3438000 102
3439000 102
3440000 102
3441000 102
3442000 102
3443000 102
3444000 102
3445000 102
3446000 102
3447000 102
3448000 102
3449000 102
3450000 102
3451000 102
3452000 102
3453000 102
3454000 102
3455000 102
3456000 102
3457000 102
3458000 102
3459000 102
3460000 102
3461000 102
3462000 102
3463000 102
3464000 102
3465000 102
3466000 102
3467000 102
3468000 102
3469000 102
3470000 102
3471000 102
3472000 102
3473000 103
3474000 103
3475000 103
3476000 103
3477000 103
3478000 103
3479000 103
3480000 103
3481000 103
3482000 103
3483000 103
3484000 103
3485000 103
3486000 103
3487000 103
3488000 103
3489000 103
3490000 103
3491000 103
3492000 103
3493000 103
3494000 103
3495000 103
3496000 103
3497000 103
3498000 103
3499000 103
3500000 103
3501000 103
3502000 103
3503000 103
3504000 103
3505000 103
3506000 103
3507000 103
3508000 103
3509000 103
3510000 103
3511000 103
3512000 103
3513000 103
3514000 103
3515000 103
3516000 103
3517000 103
3518000 103
3519000 103
3520000 103
3521000 103
3522000 103
3523000 103
3524000 103
3525000 103
3526000 103
3527000 103
3528000 103
3529000 103
3530000 103
3531000 103
3532000 103
3533000 103
3534000 103
3535000 103
3536000 103
3537000 103
3538000 103
3539000 103
3540000 103
3541000 103
3542000 103
3543000 103
3544000 103
3545000 103
3546000 103
3547000 103
3548000 103
3549000 103
3550000 103
3551000 103
3552000 103
3553000 103
3554000 103
3555000 104
3556000 104
3557000 104
3558000 104
3559000 104
3560000 104
3561000 104
3562000 104
3563000 104
3564000 104
3565000 104
3566000 104
3567000 104
3568000 104
3569000 104
3570000 104
3571000 104
3572000 104
3573000 104
3574000 104
3575000 104
3576000 104
3577000 104
3578000 104
3579000 104
3580000 104
3581000 104
3582000 104
3583000 104
3584000 104
3585000 104
3586000 104
3587000 104
3588000 104
3589000 104
3590000 104
3591000 104
3592000 104
3593000 104
3594000 104
3595000 104
3596000 104
3597000 104
3598000 104
3599000 104
3600000 104
3601000 104
3602000 104
3603000 104
3604000 104
3605000 104
3606000 104
3607000 104
3608000 104
3609000 104
3610000 104
3611000 104
3612000 104
3613000 104
3614000 104
3615000 104
3616000 104
3617000 104
3618000 104
3619000 104
3620000 104
3621000 104
3622000 104
3623000 104
3624000 104
3625000 104
3626000 104
3627000 104
3628000 104
3629000 104
3630000 104
3631000 104
3632000 104
3633000 105
3634000 105
3635000 105
3636000 105
3637000 105
3638000 105
3639000 105
3640000 105
3641000 105
3642000 105
3643000 105
3644000 105
3645000 105
3646000 105
3647000 105
3648000 105
3649000 105
3650000 105
3651000 105
3652000 105
3653000 105
3654000 105
3655000 105
3656000 105
3657000 105
3658000 105
3659000 105
3660000 105
3661000 105
3662000 105
3663000 105
3664000 105
3665000 105
3666000 106
3667000 106
3668000 106
3669000 106
3670000 106
3671000 106
3672000 106
3673000 106
3674000 106
3675000 106
3676000 106
3677000 106
3678000 106
3679000 106
3680000 106
3681000 106
3682000 106
3683000 106
3684000 106
3685000 106
3686000 106
3687000 106
3688000 106
3689000 106
3690000 106
3691000 106
3692000 106
3693000 106
3694000 106
3695000 106
3696000 106
3697000 106
3698000 106
3699000 107
3700000 107
3701000 107
3702000 107
3703000 107
3704000 107
3705000 107
3706000 107
3707000 107
3708000 107
3709000 107
3710000 107
3711000 107
3712000 107
3713000 107
3714000 107
3715000 107
3716000 107
3717000 107
3718000 107
3719000 107
3720000 107
3721000 107
3722000 107
3723000 107
3724000 107
3725000 107
3726000 107
3727000 107
3728000 107
3729000 107
3730000 107
3731000 107
3732000 107
3733000 107
3734000 107
3735000 107
3736000 107
3737000 107
3738000 107
3739000 107
3740000 107
3741000 107
3742000 107
3743000 107
3744000 107
3745000 107
3746000 107
3747000 107
3748000 107
3749000 107
3750000 107
3751000 107
3752000 107
3753000 107
3754000 107
3755000 107
3756000 107
3757000 107
3758000 107
3759000 107
3760000 107
3761000 107
3762000 107
3763000 107
3764000 107
3765000 107
3766000 107
3767000 107
3768000 107
3769000 107
3770000 107
3771000 107
3772000 107
3773000 107
3774000 107
3775000 107
3776000 107
3777000 107
3778000 107
3779000 107
3780000 107
3781000 107
3782000 107
3783000 107
3784000 107
3785000 107
3786000 107
3787000 107
3788000 107
3789000 107
3790000 107
3791000 107
3792000 107
3793000 107
3794000 107
3795000 107
3796000 107
3797000 107
3798000 107
3799000 107
3800000 107
3801000 107
3802000 107
3803000 107
3804000 107
3805000 107
3806000 107
3807000 107
3808000 107
3809000 107
3810000 107
3811000 107
3812000 107
3813000 107
3814000 107
3815000 107
3816000 107
3817000 107
3818000 107
3819000 107
3820000 107
3821000 107
3822000 108
3823000 108
3824000 108
3825000 108
3826000 108
3827000 108
3828000 108
3829000 108
3830000 108
3831000 108
3832000 108
3833000 108
3834000 108
3835000 108
3836000 108
3837000 108
3838000 108
3839000 108
3840000 108
3841000 108
3842000 108
3843000 108
3844000 108
3845000 108
3846000 108
3847000 108
3848000 108
3849000 108
3850000 108
3851000 108
3852000 108
3853000 108
3854000 108
3855000 108
3856000 108
3857000 108
3858000 108
3859000 108
3860000 108
3861000 108
3862000 108
3863000 108
3864000 108
3865000 108
3866000 108
3867000 108
3868000 108
3869000 108
3870000 108
3871000 108
3872000 108
3873000 108
3874000 108
3875000 108
3876000 108
3877000 108
3878000 108
3879000 108
3880000 108
3881000 108
3882000 108
3883000 108
3884000 108
3885000 108
3886000 108
3887000 108
3888000 108
3889000 108
3890000 108
3891000 108
3892000 108
3893000 108
3894000 108
3895000 108
3896000 108
3897000 108
3898000 108
3899000 108
3900000 108
3901000 108
3902000 108
3903000 108
3904000 108
3905000 108
3906000 108
3907000 108
3908000 108
3909000 108
3910000 109
3911000 109
3912000 109
3913000 109
3914000 109
3915000 109
3916000 109
3917000 109
3918000 109
3919000 109
3920000 109
3921000 109
3922000 109
3923000 109
3924000 109
3925000 109
3926000 109
3927000 109
3928000 109
3929000 109
3930000 109
3931000 109
3932000 109
3933000 109
3934000 109
3935000 109
3936000 109
3937000 109
3938000 109
3939000 109
3940000 109
3941000 110
3942000 110
3943000 110
3944000 110
3945000 110
3946000 110
3947000 110
3948000 110
3949000 110
3950000 110
3951000 110
3952000 110
3953000 110
3954000 110
3955000 110
3956000 110
3957000 110
3958000 110
3959000 110
3960000 110
3961000 110
3962000 110
3963000 110
3964000 110
3965000 110
3966000 110
3967000 110
3968000 110
3969000 110
3970000 110
3971000 110
3972000 110
3973000 110
3974000 110
3975000 110
3976000 110
3977000 110
3978000 110
3979000 110
3980000 110
3981000 110
3982000 110
3983000 110
3984000 110
3985000 110
3986000 110
3987000 110
3988000 110
3989000 110
3990000 110
3991000 110
3992000 110
3993000 110
3994000 110
3995000 110
3996000 110
3997000 110
3998000 110
3999000 110
4000000 110
4001000 110
4002000 110
4003000 110
4004000 110
4005000 110
4006000 110
4007000 110
4008000 110
4009000 110
4010000 110
4011000 110
4012000 110
4013000 110
4014000 110
4015000 110
4016000 110
4017000 110
4018000 110
4019000 110
4020000 110
4021000 110
4022000 110
4023000 110
4024000 110
4025000 110
4026000 110
4027000 110
4028000 110
4029000 110
4030000 110
4031000 110
4032000 110
4033000 111
4034000 111
4035000 111
4036000 111
4037000 111
4038000 111
4039000 111
4040000 111
4041000 111
4042000 111
4043000 111
4044000 111
4045000 111
4046000 111
4047000 111
4048000 111
4049000 111
4050000 111
4051000 111
4052000 111
4053000 111
4054000 111
4055000 111
4056000 111
4057000 111
4058000 111
4059000 111
4060000 111
4061000 111
4062000 111
4063000 111
4064000 111
4065000 111
4066000 111
4067000 111
4068000 111
4069000 111
4070000 111
4071000 111
4072000 111
4073000 111
4074000 111
4075000 111
4076000 111
4077000 111
4078000 111
4079000 111
4080000 111
4081000 111
4082000 112
4083000 112
4084000 112
4085000 112
4086000 112
4087000 112
4088000 112
4089000 112
4090000 112
4091000 112
4092000 112
4093000 112
4094000 112
4095000 112
4096000 112
4097000 112
4098000 113
4099000 113
4100000 113
4101000 113
4102000 113
4103000 113
4104000 113
4105000 113
4106000 113
4107000 113
4108000 113
4109000 113
4110000 113
4111000 113
4112000 113
4113000 113
4114000 113
4115000 113
4116000 113
4117000 113
4118000 113
4119000 113
4120000 113
4121000 113
4122000 113
4123000 113
4124000 113
4125000 113
4126000 113
4127000 113
4128000 113
4129000 113
4130000 113
4131000 113
4132000 113
4133000 113
4134000 113
4135000 114
4136000 114
4137000 114
4138000 114
4139000 114
4140000 114
4141000 114
4142000 114
4143000 114
4144000 114
4145000 114
4146000 114
4147000 114
4148000 114
4149000 114
4150000 114
4151000 114
4152000 114
4153000 114
4154000 114
4155000 114
4156000 114
4157000 114
4158000 114
4159000 114
4160000 115
4161000 115
4162000 115
4163000 115
4164000 115
4165000 115
4166000 115
4167000 115
4168000 115
4169000 115
4170000 115
4171000 115
4172000 115
4173000 115
4174000 115
4175000 115
4176000 115
4177000 115
4178000 115
4179000 115
4180000 115
4181000 115
4182000 115
4183000 115
4184000 115
4185000 115
4186000 115
4187000 115
4188000 115
4189000 115
4190000 116
4191000 116
4192000 116
4193000 116
4194000 116
4195000 116
4196000 116
4197000 116
4198000 116
4199000 116
4200000 116
4201000 116
4202000 116
4203000 116
4204000 116
4205000 116
4206000 116
4207000 116
4208000 116
4209000 116
4210000 116
4211000 116
4212000 116
4213000 116
4214000 116
4215000 116
4216000 116
4217000 116
4218000 116
4219000 116
4220000 116
4221000 116
4222000 116
4223000 116
4224000 116
4225000 116
4226000 116
4227000 116
4228000 116
4229000 116
4230000 116
4231000 116
4232000 116
4233000 116
4234000 116
4235000 116
4236000 116
4237000 116
4238000 116
4239000 116
4240000 116
4241000 116
4242000 116
4243000 116
4244000 116
4245000 116
4246000 116
4247000 116
4248000 116
4249000 116
4250000 116
4251000 116
4252000 116
4253000 116
4254000 116
4255000 116
4256000 116
4257000 116
4258000 116
4259000 116
4260000 116
4261000 116
4262000 116
4263000 116
4264000 116
4265000 116
4266000 116
4267000 116
4268000 116
4269000 116
4270000 116
4271000 116
4272000 116
4273000 116
4274000 116
4275000 116
4276000 116
4277000 116
4278000 116
4279000 116
4280000 117
4281000 117
4282000 117
4283000 117
4284000 117
4285000 117
4286000 117
4287000 117
4288000 117
4289000 117
4290000 117
4291000 117
4292000 117
4293000 117
4294000 117
4295000 117
4296000 117
4297000 117
4298000 117
4299000 117
4300000 117
4301000 117
4302000 117
4303000 117
4304000 117
4305000 117
4306000 118
4307000 118
4308000 118
4309000 118
4310000 118
4311000 118
4312000 118
4313000 118
4314000 118
4315000 118
4316000 118
4317000 118
4318000 118
4319000 118
4320000 118
4321000 118
4322000 118
4323000 118
4324000 118
4325000 118
4326000 118
4327000 118
4328000 118
4329000 118
4330000 118
4331000 118
4332000 119
4333000 119
4334000 119
4335000 119
4336000 119
4337000 119
4338000 119
4339000 119
4340000 119
4341000 119
4342000 119
4343000 120
4344000 120
4345000 120
4346000 120
4347000 120
4348000 120
4349000 120
4350000 120
4351000 120
4352000 120
4353000 120
4354000 120
4355000 120
4356000 120
4357000 120
4358000 120
4359000 120
4360000 120
4361000 120
4362000 120
4363000 120
4364000 120
4365000 120
4366000 120
4367000 120
4368000 120
4369000 120
4370000 120
4371000 120
4372000 120
4373000 120
4374000 120
4375000 120
4376000 120
4377000 120
4378000 120
4379000 120
4380000 120
4381000 120
4382000 120
4383000 121
4384000 121
4385000 121
4386000 121
4387000 121
4388000 121
4389000 121
4390000 121
4391000 121
4392000 121
4393000 121
4394000 121
4395000 121
4396000 121
4397000 121
4398000 121
4399000 121
4400000 121
4401000 121
4402000 121
4403000 121
4404000 121
4405000 121
4406000 121
4407000 121
4408000 121
4409000 121
4410000 121
4411000 121
4412000 121
4413000 121
4414000 121
4415000 121
4416000 121
4417000 121
4418000 121
4419000 121
4420000 121
4421000 121
4422000 121
4423000 121
4424000 121
4425000 121
4426000 121
4427000 121
4428000 121
4429000 122
4430000 122
4431000 122
4432000 122
4433000 122
4434000 122
4435000 122
4436000 122
4437000 122
4438000 122
4439000 122
4440000 122
4441000 122
4442000 122
4443000 122
4444000 122
4445000 122
4446000 122
4447000 122
4448000 122
4449000 122
4450000 122
4451000 122
4452000 122
4453000 122
4454000 122
4455000 122
4456000 122
4457000 122
4458000 122
4459000 122
4460000 122
4461000 122
4462000 122
4463000 122
4464000 122
4465000 122
4466000 122
4467000 122
4468000 122
4469000 122
4470000 122
4471000 122
4472000 122
4473000 122
4474000 122
4475000 122
4476000 123
4477000 123
4478000 123
4479000 123
4480000 123
4481000 123
4482000 123
4483000 123
4484000 123
4485000 123
4486000 123
4487000 123
4488000 123
4489000 123
4490000 123
4491000 123
4492000 123
4493000 123
4494000 123
4495000 123
4496000 123
4497000 123
4498000 123
4499000 123
4500000 123
4501000 123
4502000 123
4503000 123
4504000 123
4505000 123
4506000 123
4507000 124
4508000 124
4509000 124
4510000 124
4511000 124
4512000 124
4513000 124
4514000 124
4515000 124
4516000 124
4517000 124
4518000 124
4519000 124
4520000 124
4521000 124
4522000 124
4523000 124
4524000 124
4525000 124
4526000 124
4527000 124
4528000 124
4529000 124
4530000 124
4531000 124
4532000 124
4533000 124
4534000 125
4535000 125
4536000 125
4537000 125
4538000 125
4539000 125
4540000 125
4541000 125
4542000 125
4543000 125
4544000 125
4545000 125
4546000 125
4547000 125
4548000 125
4549000 125
4550000 125
4551000 125
4552000 125
4553000 125
4554000 125
4555000 125
4556000 125
4557000 125
4558000 125
4559000 125
4560000 125
4561000 125
4562000 125
4563000 125
4564000 125
4565000 125
4566000 125
4567000 125
4568000 125
4569000 125
4570000 125
4571000 125
4572000 125
4573000 125
4574000 125
4575000 125
4576000 125
4577000 125
4578000 125
4579000 125
4580000 126
4581000 126
4582000 126
4583000 126
4584000 126
4585000 126
4586000 126
4587000 126
4588000 126
4589000 126
4590000 126
4591000 126
4592000 126
4593000 126
4594000 126
4595000 126
4596000 126
4597000 126
4598000 126
4599000 126
4600000 126
4601000 126
4602000 126
4603000 126
4604000 126
4605000 126
4606000 126
4607000 126
4608000 126
4609000 126
4610000 126
4611000 126
4612000 126
4613000 126
4614000 126
4615000 126
4616000 126
4617000 126
4618000 126
4619000 126
4620000 126
4621000 126
4622000 126
4623000 126
4624000 126
4625000 126
4626000 126
4627000 126
4628000 126
4629000 126
4630000 126
4631000 126
4632000 126
4633000 126
4634000 126
4635000 126
4636000 126
4637000 126
4638000 126
4639000 126
4640000 126
4641000 126
4642000 126
4643000 126
4644000 126
4645000 126
4646000 126
4647000 126
4648000 126
4649000 126
4650000 126
4651000 126
4652000 126
4653000 126
4654000 126
4655000 126
4656000 126
4657000 126
4658000 126
4659000 126
4660000 126
4661000 126
4662000 126
4663000 126
4664000 126
4665000 126
4666000 126
4667000 126
4668000 126
4669000 126
4670000 126
4671000 126
4672000 126
4673000 126
4674000 126
4675000 126
4676000 126
4677000 126
4678000 126
4679000 126
4680000 126
4681000 126
4682000 126
4683000 126
4684000 126
4685000 126
4686000 126
4687000 126
4688000 126
4689000 126
4690000 126
4691000 126
4692000 126
4693000 126
4694000 126
4695000 126
4696000 126
4697000 126
4698000 126
4699000 126
4700000 126
4701000 126
4702000 126
4703000 126
4704000 126
4705000 126
4706000 126
4707000 126
4708000 126
4709000 126
4710000 126
4711000 126
4712000 126
4713000 126
4714000 126
4715000 126
4716000 126
4717000 126
4718000 126
4719000 126
4720000 126
4721000 126
4722000 126
4723000 126
4724000 126
4725000 126
4726000 126
4727000 126
4728000 126
4729000 126
4730000 126
4731000 126
4732000 126
4733000 126
4734000 126
4735000 126
4736000 126
4737000 126
4738000 126
4739000 126
4740000 126
4741000 126
4742000 126
4743000 126
4744000 126
4745000 126
4746000 126
4747000 126
4748000 126
4749000 126
4750000 126
4751000 126
4752000 126
4753000 126
4754000 126
4755000 126
4756000 126
4757000 126
4758000 126
4759000 126
4760000 126
4761000 126
4762000 126
4763000 126
4764000 126
4765000 126
4766000 126
4767000 126
4768000 126
4769000 126
4770000 126
4771000 126
4772000 126
4773000 126
4774000 126
4775000 126
4776000 126
4777000 126
4778000 126
4779000 126
4780000 126
4781000 126
4782000 126
4783000 126
4784000 126
4785000 126
4786000 126
4787000 126
4788000 126
4789000 126
4790000 126
4791000 126
4792000 126
4793000 126
4794000 126
4795000 126
4796000 126
4797000 126
4798000 126
4799000 126
4800000 126
4801000 126
4802000 126
4803000 126
4804000 126
4805000 126
4806000 126
4807000 126
4808000 126
4809000 126
4810000 126
4811000 126
4812000 126
4813000 126
4814000 126
4815000 126
4816000 126
4817000 126
4818000 126
4819000 126
4820000 126
4821000 126
4822000 126
4823000 126
4824000 127
4825000 127
4826000 127
4827000 127
4828000 127
4829000 127
4830000 127
4831000 127
4832000 127
4833000 127
4834000 127
4835000 127
4836000 127
4837000 127
4838000 127
4839000 127
4840000 127
4841000 127
4842000 127
4843000 127
4844000 127
4845000 127
4846000 127
4847000 127
4848000 127
4849000 127
4850000 127
4851000 127
4852000 127
4853000 127
4854000 127
4855000 127
4856000 127
4857000 127
4858000 127
4859000 127
4860000 127
4861000 127
4862000 127
4863000 127
4864000 127
4865000 127
4866000 127
4867000 127
4868000 127
4869000 127
4870000 127
4871000 127
4872000 127
4873000 127
4874000 127
4875000 127
4876000 127
4877000 127
4878000 127
4879000 127
4880000 127
4881000 127
4882000 127
4883000 127
4884000 127
4885000 127
4886000 127
4887000 127
4888000 127
4889000 127
4890000 127
4891000 127
4892000 127
4893000 127
4894000 127
4895000 128
4896000 128
4897000 128
4898000 128
4899000 128
4900000 128
4901000 128
4902000 128
4903000 128
4904000 128
4905000 128
4906000 128
4907000 128
4908000 128
4909000 128
4910000 128
4911000 128
4912000 128
4913000 128
4914000 128
4915000 128
4916000 128
4917000 128
4918000 128
4919000 128
4920000 128
4921000 128
4922000 128
4923000 128
4924000 128
4925000 128
4926000 128
4927000 128
4928000 128
4929000 128
4930000 128
4931000 128
4932000 128
4933000 128
4934000 128
4935000 128
4936000 128
4937000 128
4938000 128
4939000 128
4940000 128
4941000 128
4942000 128
4943000 128
4944000 128
4945000 128
4946000 128
4947000 128
4948000 128
4949000 128
4950000 128
4951000 128
4952000 128
4953000 128
4954000 128
4955000 128
4956000 128
4957000 128
4958000 128
4959000 128
4960000 128
4961000 128
4962000 128
4963000 128
4964000 128
4965000 128
4966000 128
4967000 128
4968000 128
4969000 128
4970000 128
4971000 128
4972000 128
4973000 128
4974000 128
4975000 128
4976000 128
4977000 128
4978000 128
4979000 128
4980000 128
4981000 128
4982000 128
4983000 128
4984000 128
4985000 128
4986000 128
4987000 128
4988000 128
4989000 128
4990000 128
4991000 128
4992000 128
4993000 128
4994000 128
4995000 128
4996000 128
4997000 128
4998000 128
4999000 128
5000000 128
