0 0
1000 0
2000 0
3000 0
4000 0
5000 0
6000 0
7000 0
8000 0
9000 0
10000 0
11000 0
12000 0
13000 0
14000 0
15000 0
16000 0
17000 0
18000 0
19000 0
20000 0
21000 0
22000 0
23000 0
24000 0
25000 0
26000 0
27000 0
28000 0
29000 0
30000 0
31000 0
32000 0
33000 0
34000 0
35000 0
36000 0
37000 0
38000 0
39000 0
40000 0
41000 0
42000 0
43000 0
44000 1
45000 1
46000 1
47000 1
48000 1
49000 1
50000 1
51000 1
52000 1
53000 1
54000 1
55000 1
56000 1
57000 1
58000 1
59000 1
60000 1
61000 1
62000 1
63000 1
64000 1
65000 1
66000 1
67000 1
68000 1
69000 1
70000 1
71000 1
72000 1
73000 1
74000 1
75000 1
76000 1
77000 1
78000 1
79000 1
80000 1
81000 1
82000 1
83000 1
84000 1
85000 2
86000 2
87000 2
88000 2
89000 2
90000 2
91000 2
92000 2
93000 2
94000 2
95000 2
96000 2
97000 2
98000 2
99000 2
100000 2
101000 2
102000 2
103000 2
104000 2
105000 2
106000 2
107000 2
108000 2
109000 2
110000 2
111000 2
112000 2
113000 2
114000 2
115000 2
116000 2
117000 3
118000 3
119000 3
120000 3
121000 3
122000 3
123000 3
124000 3
125000 3
126000 3
127000 3
128000 3
129000 3
130000 3
131000 3
132000 3
133000 3
134000 3
135000 3
136000 3
137000 3
138000 3
139000 4
140000 4
141000 4
142000 4
143000 4
144000 4
145000 4
146000 4
147000 4
148000 4
149000 4
150000 4
151000 4
152000 4
153000 4
154000 5
155000 5
156000 5
157000 5
158000 5
159000 5
160000 5
161000 5
162000 5
163000 5
164000 5
165000 5
166000 5
167000 6
168000 6
169000 6
170000 6
171000 6
172000 6
173000 6
174000 6
175000 7
176000 7
177000 7
178000 7
179000 7
180000 7
181000 7
182000 7
183000 7
184000 7
185000 7
186000 7
187000 7
188000 7
189000 7
190000 7
191000 7
192000 8
193000 8
194000 8
195000 8
196000 8
197000 8
198000 8
199000 8
200000 8
201000 8
202000 8
203000 9
204000 9
205000 9
206000 9
207000 9
208000 9
209000 9
210000 9
211000 9
212000 9
213000 9
214000 9
215000 9
216000 9
217000 9
218000 9
219000 9
220000 9
221000 9
222000 9
223000 9
224000 10
225000 10
226000 10
227000 10
228000 10
229000 10
230000 10
231000 10
232000 10
233000 10
234000 10
235000 10
236000 11
237000 11
238000 11
239000 11
240000 11
241000 11
242000 11
243000 11
244000 11
245000 11
246000 11
247000 11
248000 11
249000 11
250000 12
251000 12
252000 12
253000 12
254000 12
255000 12
256000 12
257000 12
258000 12
259000 12
260000 12
261000 12
262000 12
263000 12
264000 13
265000 13
266000 13
267000 13
268000 13
269000 13
270000 13
271000 13
272000 13
273000 13
274000 14
275000 14
276000 14
277000 14
278000 14
279000 14
280000 14
281000 14
282000 14
283000 15
284000 15
285000 15
286000 15
287000 15
288000 15
289000 15
290000 15
291000 15
292000 16
293000 16
294000 16
295000 16
296000 16
297000 16
298000 16
299000 16
300000 16
301000 16
302000 17
303000 17
304000 17
305000 17
306000 17
307000 17
308000 17
309000 17
310000 17
311000 17
312000 18
313000 18
314000 18
315000 18
316000 18
317000 18
318000 18
319000 18
320000 18
321000 18
322000 18
323000 18
324000 18
325000 18
326000 18
327000 18
328000 18
329000 19
330000 19
331000 19
332000 19
333000 19
334000 19
335000 19
336000 19
337000 19
338000 19
339000 19
340000 20
341000 20
342000 20
343000 20
344000 20
345000 20
346000 20
347000 20
348000 20
349000 20
350000 20
351000 20
352000 20
353000 20
354000 20
355000 20
356000 20
357000 20
358000 21
359000 21
360000 21
361000 21
362000 21
363000 21
364000 21
365000 22
366000 22
367000 22
368000 22
369000 22
370000 22
371000 22
372000 22
373000 22
374000 23
375000 23
376000 23
377000 23
378000 23
379000 23
380000 23
381000 23
382000 23
383000 23
384000 24
385000 24
386000 24
387000 24
388000 24
389000 24
390000 24
391000 24
392000 24
393000 24
394000 24
395000 25
396000 25
397000 25
398000 25
399000 25
400000 25
401000 25
402000 25
403000 25
404000 26
405000 26
406000 26
407000 26
408000 26
409000 26
410000 26
411000 26
412000 26
413000 26
414000 26
415000 26
416000 26
417000 26
418000 26
419000 26
420000 26
421000 26
422000 26
423000 26
424000 26
425000 26
426000 26
427000 26
428000 26
429000 26
430000 26
431000 26
432000 26
433000 26
434000 27
435000 27
436000 27
437000 27
438000 27
439000 27
440000 27
441000 27
442000 27
443000 28
444000 28
445000 28
446000 28
447000 28
448000 28
449000 28
450000 28
451000 28
452000 28
453000 28
454000 28
455000 28
456000 28
457000 28
458000 28
459000 28
460000 28
461000 28
462000 29
463000 29
464000 29
465000 29
466000 29
467000 29
468000 29
469000 29
470000 29
471000 29
472000 29
473000 29
474000 29
475000 29
476000 29
477000 29
478000 29
479000 29
480000 29
481000 29
482000 29
483000 29
484000 29
485000 29
486000 29
487000 29
488000 29
489000 29
490000 29
491000 29
492000 30
493000 30
494000 30
495000 30
496000 30
497000 30
498000 30
499000 30
500000 30
501000 30
502000 30
503000 30
504000 30
505000 30
506000 30
507000 30
508000 30
509000 31
510000 31
511000 31
512000 31
513000 31
514000 31
515000 31
516000 31
517000 31
518000 31
519000 31
520000 32
521000 32
522000 32
523000 32
524000 32
525000 32
526000 32
527000 32
528000 32
529000 32
530000 32
531000 32
532000 32
533000 32
534000 32
535000 32
536000 32
537000 33
538000 33
539000 33
540000 33
541000 33
542000 33
543000 33
544000 33
545000 33
546000 33
547000 33
548000 33
549000 33
550000 33
551000 33
552000 33
553000 33
554000 33
555000 33
556000 33
557000 33
558000 33
559000 33
560000 33
561000 33
562000 33
563000 33
564000 33
565000 33
566000 33
567000 33
568000 33
569000 33
570000 33
571000 33
572000 33
573000 33
574000 34
575000 34
576000 34
577000 34
578000 34
579000 34
580000 34
581000 34
582000 34
583000 35
584000 35
585000 35
586000 35
587000 35
588000 35
589000 35
590000 35
591000 35
592000 35
593000 35
594000 35
595000 35
596000 35
597000 35
598000 35
599000 35
600000 35
601000 35
602000 35
603000 35
604000 35
605000 35
606000 35
607000 35
608000 35
609000 35
610000 35
611000 35
612000 35
613000 35
614000 35
615000 35
616000 35
617000 35
618000 35
619000 35
620000 36
621000 36
622000 36
623000 36
624000 36
625000 36
626000 36
627000 36
628000 36
629000 36
630000 36
631000 37
632000 37
633000 37
634000 37
635000 37
636000 37
637000 37
638000 37
639000 37
640000 38
641000 38
642000 38
643000 38
644000 38
645000 38
646000 38
647000 38
648000 39
649000 39
650000 39
651000 39
652000 39
653000 39
654000 39
655000 39
656000 39
657000 39
658000 40
659000 40
660000 40
661000 40
662000 40
663000 40
664000 40
665000 40
666000 40
667000 40
668000 41
669000 41
670000 41
671000 41
672000 41
673000 41
674000 41
675000 41
676000 42
677000 42
678000 42
679000 42
680000 42
681000 42
682000 42
683000 43
684000 43
685000 43
686000 43
687000 43
688000 43
689000 43
690000 43
691000 44
692000 44
693000 44
694000 44
695000 44
696000 44
697000 44
698000 44
699000 44
700000 44
701000 45
702000 45
703000 45
704000 45
705000 45
706000 45
707000 45
708000 45
709000 45
710000 45
711000 46
712000 46
713000 46
714000 46
715000 46
716000 46
717000 46
718000 46
719000 47
720000 47
721000 47
722000 47
723000 47
724000 47
725000 47
726000 47
727000 48
728000 48
729000 48
730000 48
731000 48
732000 48
733000 48
734000 48
735000 48
736000 48
737000 49
738000 49
739000 49
740000 49
741000 49
742000 49
743000 49
744000 49
745000 49
746000 49
747000 50
748000 50
749000 50
750000 50
751000 50
752000 50
753000 50
754000 50
755000 51
756000 51
757000 51
758000 51
759000 51
760000 51
761000 51
762000 51
763000 51
764000 51
765000 52
766000 52
767000 52
768000 52
769000 52
770000 52
771000 52
772000 53
773000 53
774000 53
775000 53
776000 53
777000 53
778000 53
779000 53
780000 53
781000 53
782000 53
783000 53
784000 53
785000 53
786000 53
787000 54
788000 54
789000 54
790000 54
791000 54
792000 54
793000 54
794000 54
795000 54
796000 54
797000 54
798000 54
799000 54
800000 54
801000 54
802000 54
803000 54
804000 54
805000 55
806000 55
807000 55
808000 55
809000 55
810000 55
811000 55
812000 55
813000 55
814000 55
815000 55
816000 55
817000 55
818000 55
819000 55
820000 55
821000 55
822000 55
823000 56
824000 56
825000 56
826000 56
827000 56
828000 56
829000 56
830000 56
831000 56
832000 56
833000 56
834000 56
835000 56
836000 56
837000 56
838000 56
839000 56
840000 56
841000 56
842000 57
843000 57
844000 57
845000 57
846000 57
847000 57
848000 57
849000 57
850000 57
851000 57
852000 57
853000 57
854000 57
855000 57
856000 58
857000 58
858000 58
859000 58
860000 58
861000 58
862000 58
863000 58
864000 58
865000 58
866000 58
867000 58
868000 58
869000 58
870000 58
871000 58
872000 58
873000 59
874000 59
875000 59
876000 59
877000 59
878000 59
879000 59
880000 59
881000 59
882000 59
883000 60
884000 60
885000 60
886000 60
887000 60
888000 60
889000 60
890000 60
891000 60
892000 60
893000 61
894000 61
895000 61
896000 61
897000 61
898000 61
899000 61
900000 61
901000 61
902000 61
903000 61
904000 61
905000 61
906000 61
907000 61
908000 61
909000 61
910000 62
911000 62
912000 62
913000 62
914000 62
915000 62
916000 62
917000 62
918000 62
919000 62
920000 62
921000 62
922000 62
923000 62
924000 62
925000 62
926000 62
927000 62
928000 62
929000 62
930000 62
931000 63
932000 63
933000 63
934000 63
935000 63
936000 63
937000 63
938000 63
939000 63
940000 64
941000 64
942000 64
943000 64
944000 64
945000 64
946000 64
947000 64
948000 64
949000 64
950000 64
951000 64
952000 64
953000 64
954000 64
955000 64
956000 64
957000 65
958000 65
959000 65
960000 65
961000 65
962000 65
963000 65
964000 65
965000 65
966000 65
967000 65
968000 65
969000 66
970000 66
971000 66
972000 66
973000 66
974000 66
975000 66
976000 66
977000 66
978000 66
979000 66
980000 66
981000 66
982000 66
983000 66
984000 66
985000 66
986000 66
987000 67
988000 67
989000 67
990000 67
991000 67
992000 67
993000 67
994000 67
995000 67
996000 67
997000 67
998000 68
999000 68
1000000 68
1001000 68
1002000 68
1003000 68
1004000 68
1005000 68
1006000 68
1007000 68
1008000 68
1009000 68
1010000 68
1011000 68
1012000 68
1013000 68
1014000 69
1015000 69
1016000 69
1017000 69
1018000 69
1019000 69
1020000 69
1021000 69
1022000 69
1023000 69
1024000 69
1025000 69
1026000 69
1027000 69
1028000 69
1029000 69
1030000 69
1031000 70
1032000 70
1033000 70
1034000 70
1035000 70
1036000 70
1037000 70
1038000 70
1039000 70
1040000 70
1041000 70
1042000 70
1043000 70
1044000 70
1045000 70
1046000 70
1047000 70
1048000 70
1049000 70
1050000 71
1051000 71
1052000 71
1053000 71
1054000 71
1055000 71
1056000 71
1057000 71
1058000 71
1059000 71
1060000 71
1061000 71
1062000 71
1063000 71
1064000 71
1065000 71
1066000 71
1067000 71
1068000 71
1069000 72
1070000 72
1071000 72
1072000 72
1073000 72
1074000 72
1075000 72
1076000 72
1077000 72
1078000 72
1079000 72
1080000 73
1081000 73
1082000 73
1083000 73
1084000 73
1085000 73
1086000 73
1087000 73
1088000 73
1089000 73
1090000 73
1091000 73
1092000 73
1093000 73
1094000 73
1095000 73
1096000 73
1097000 73
1098000 73
1099000 73
1100000 73
1101000 73
1102000 74
1103000 74
1104000 74
1105000 74
1106000 74
1107000 74
1108000 74
1109000 74
1110000 74
1111000 74
1112000 74
1113000 74
1114000 74
1115000 75
1116000 75
1117000 75
1118000 75
1119000 75
1120000 75
1121000 75
1122000 75
1123000 75
1124000 75
1125000 75
1126000 75
1127000 76
1128000 76
1129000 76
1130000 76
1131000 76
1132000 76
1133000 76
1134000 76
1135000 76
1136000 76
1137000 76
1138000 76
1139000 76
1140000 76
1141000 76
1142000 76
1143000 76
1144000 76
1145000 76
1146000 76
1147000 76
1148000 76
1149000 76
1150000 76
1151000 76
1152000 76
1153000 76
1154000 76
1155000 76
1156000 76
1157000 76
1158000 76
1159000 76
1160000 76
1161000 76
1162000 76
1163000 76
1164000 76
1165000 76
1166000 77
1167000 77
1168000 77
1169000 77
1170000 77
1171000 77
1172000 77
1173000 77
1174000 77
1175000 77
1176000 77
1177000 77
1178000 77
1179000 77
1180000 77
1181000 77
1182000 77
1183000 77
1184000 77
1185000 77
1186000 77
1187000 77
1188000 78
1189000 78
1190000 78
1191000 78
1192000 78
1193000 78
1194000 78
1195000 78
1196000 78
1197000 78
1198000 78
1199000 78
1200000 78
1201000 79
1202000 79
1203000 79
1204000 79
1205000 79
1206000 79
1207000 79
1208000 79
1209000 79
1210000 79
1211000 79
1212000 79
1213000 79
1214000 79
1215000 79
1216000 79
1217000 79
1218000 79
1219000 79
1220000 79
1221000 79
1222000 79
1223000 79
1224000 79
1225000 79
1226000 79
1227000 80
1228000 80
1229000 80
1230000 80
1231000 80
1232000 80
1233000 80
1234000 80
1235000 80
1236000 80
1237000 80
1238000 80
1239000 80
1240000 80
1241000 80
1242000 80
1243000 80
1244000 80
1245000 80
1246000 80
1247000 80
1248000 81
1249000 81
1250000 81
1251000 81
1252000 81
1253000 81
1254000 81
1255000 81
1256000 81
1257000 81
1258000 81
1259000 81
1260000 81
1261000 81
1262000 81
1263000 81
1264000 81
1265000 81
1266000 81
1267000 81
1268000 81
1269000 81
1270000 82
1271000 82
1272000 82
1273000 82
1274000 82
1275000 82
1276000 82
1277000 82
1278000 82
1279000 82
1280000 83
1281000 83
1282000 83
1283000 83
1284000 83
1285000 83
1286000 83
1287000 83
1288000 83
1289000 83
1290000 83
1291000 83
1292000 83
1293000 83
1294000 83
1295000 83
1296000 83
1297000 83
1298000 84
1299000 84
1300000 84
1301000 84
1302000 84
1303000 84
1304000 84
1305000 84
1306000 84
1307000 84
1308000 85
1309000 85
1310000 85
1311000 85
1312000 85
1313000 85
1314000 85
1315000 85
1316000 85
1317000 85
1318000 85
1319000 85
1320000 85
1321000 85
1322000 85
1323000 85
1324000 85
1325000 85
1326000 85
1327000 85
1328000 85
1329000 86
1330000 86
1331000 86
1332000 86
1333000 86
1334000 86
1335000 86
1336000 86
1337000 86
1338000 86
1339000 86
1340000 86
1341000 86
1342000 86
1343000 86
1344000 87
1345000 87
1346000 87
1347000 87
1348000 87
1349000 87
1350000 87
1351000 87
1352000 87
1353000 87
1354000 87
1355000 87
1356000 87
1357000 87
1358000 87
1359000 87
1360000 87
1361000 87
1362000 88
1363000 88
1364000 88
1365000 88
1366000 88
1367000 88
1368000 88
1369000 88
1370000 88
1371000 88
1372000 88
1373000 88
1374000 88
1375000 88
1376000 88
1377000 88
1378000 88
1379000 88
1380000 88
1381000 88
1382000 88
1383000 88
1384000 88
1385000 88
1386000 88
1387000 88
1388000 88
1389000 89
1390000 89
1391000 89
1392000 89
1393000 89
1394000 89
1395000 89
1396000 89
1397000 89
1398000 89
1399000 89
1400000 89
1401000 90
1402000 90
1403000 90
1404000 90
1405000 90
1406000 90
1407000 90
1408000 90
1409000 90
1410000 90
1411000 90
1412000 90
1413000 90
1414000 90
1415000 90
1416000 90
1417000 90
1418000 90
1419000 91
1420000 91
1421000 91
1422000 91
1423000 91
1424000 91
1425000 91
1426000 91
1427000 91
1428000 91
1429000 91
1430000 91
1431000 91
1432000 91
1433000 92
1434000 92
1435000 92
1436000 92
1437000 92
1438000 92
1439000 92
1440000 92
1441000 92
1442000 92
1443000 92
1444000 92
1445000 92
1446000 92
1447000 92
1448000 92
1449000 92
1450000 92
1451000 92
1452000 92
1453000 92
1454000 92
1455000 93
1456000 93
1457000 93
1458000 93
1459000 93
1460000 93
1461000 93
1462000 93
1463000 93
1464000 93
1465000 93
1466000 93
1467000 93
1468000 93
1469000 93
1470000 93
1471000 94
1472000 94
1473000 94
1474000 94
1475000 94
1476000 94
1477000 94
1478000 94
1479000 94
1480000 94
1481000 95
1482000 95
1483000 95
1484000 95
1485000 95
1486000 95
1487000 95
1488000 95
1489000 95
1490000 95
1491000 95
1492000 95
1493000 96
1494000 96
1495000 96
1496000 96
1497000 96
1498000 96
1499000 96
1500000 96
1501000 96
1502000 96
1503000 96
1504000 96
1505000 96
1506000 96
1507000 96
1508000 96
1509000 96
1510000 96
1511000 96
1512000 96
1513000 96
1514000 96
1515000 96
1516000 96
1517000 96
1518000 96
1519000 96
1520000 96
1521000 96
1522000 96
1523000 96
1524000 96
1525000 96
1526000 96
1527000 96
1528000 96
1529000 96
1530000 96
1531000 96
1532000 96
1533000 97
1534000 97
1535000 97
1536000 97
1537000 97
1538000 97
1539000 97
1540000 97
1541000 97
1542000 97
1543000 97
1544000 97
1545000 97
1546000 97
1547000 97
1548000 98
1549000 98
1550000 98
1551000 98
1552000 98
1553000 98
1554000 98
1555000 98
1556000 98
1557000 98
1558000 98
1559000 98
1560000 98
1561000 98
1562000 98
1563000 98
1564000 98
1565000 98
1566000 98
1567000 99
1568000 99
1569000 99
1570000 99
1571000 99
1572000 99
1573000 99
1574000 99
1575000 99
1576000 99
1577000 99
1578000 99
1579000 99
1580000 99
1581000 99
1582000 99
1583000 99
1584000 99
1585000 99
1586000 99
1587000 99
1588000 99
1589000 99
1590000 99
1591000 99
1592000 99
1593000 99
1594000 99
1595000 99
1596000 100
1597000 100
1598000 100
1599000 100
1600000 100
1601000 100
1602000 100
1603000 100
1604000 100
1605000 100
1606000 100
1607000 100
1608000 100
1609000 100
1610000 100
1611000 100
1612000 100
1613000 100
1614000 100
1615000 100
1616000 100
1617000 101
1618000 101
1619000 101
1620000 101
1621000 101
1622000 101
1623000 101
1624000 101
1625000 101
1626000 101
1627000 101
1628000 101
1629000 101
1630000 101
1631000 101
1632000 101
1633000 101
1634000 101
1635000 101
1636000 101
1637000 101
1638000 101
1639000 101
1640000 101
1641000 101
1642000 101
1643000 101
1644000 102
1645000 102
1646000 102
1647000 102
1648000 102
1649000 102
1650000 102
1651000 102
1652000 102
1653000 102
1654000 102
1655000 102
1656000 102
1657000 102
1658000 102
1659000 102
1660000 102
1661000 102
1662000 102
1663000 103
1664000 103
1665000 103
1666000 103
1667000 103
1668000 103
1669000 103
1670000 103
1671000 103
1672000 103
1673000 103
1674000 103
1675000 103
1676000 103
1677000 103
1678000 103
1679000 103
1680000 103
1681000 104
1682000 104
1683000 104
1684000 104
1685000 104
1686000 104
1687000 104
1688000 104
1689000 104
1690000 104
1691000 104
1692000 104
1693000 104
1694000 104
1695000 104
1696000 104
1697000 104
1698000 104
1699000 104
1700000 104
1701000 104
1702000 104
1703000 104
1704000 104
1705000 104
1706000 104
1707000 104
1708000 104
1709000 104
1710000 104
1711000 104
1712000 104
1713000 104
1714000 104
1715000 105
1716000 105
1717000 105
1718000 105
1719000 105
1720000 105
1721000 105
1722000 105
1723000 105
1724000 105
1725000 105
1726000 105
1727000 105
1728000 105
1729000 105
1730000 105
1731000 105
1732000 105
1733000 105
1734000 105
1735000 105
1736000 105
1737000 105
1738000 105
1739000 105
1740000 105
1741000 105
1742000 105
1743000 105
1744000 105
1745000 105
1746000 105
1747000 105
1748000 105
1749000 105
1750000 105
1751000 105
1752000 105
1753000 105
1754000 105
1755000 105
1756000 106
1757000 106
1758000 106
1759000 106
1760000 106
1761000 106
1762000 106
1763000 106
1764000 106
1765000 106
1766000 106
1767000 106
1768000 106
1769000 106
1770000 106
1771000 106
1772000 106
1773000 106
1774000 106
1775000 107
1776000 107
1777000 107
1778000 107
1779000 107
1780000 107
1781000 107
1782000 107
1783000 107
1784000 107
1785000 107
1786000 107
1787000 107
1788000 107
1789000 107
1790000 107
1791000 107
1792000 107
1793000 107
1794000 107
1795000 107
1796000 107
1797000 108
1798000 108
1799000 108
1800000 108
1801000 108
1802000 108
1803000 108
1804000 108
1805000 108
1806000 108
1807000 108
1808000 108
1809000 108
1810000 108
1811000 108
1812000 108
1813000 108
1814000 108
1815000 108
1816000 108
1817000 108
1818000 109
1819000 109
1820000 109
1821000 109
1822000 109
1823000 109
1824000 109
1825000 109
1826000 109
1827000 109
1828000 109
1829000 109
1830000 109
1831000 109
1832000 109
1833000 109
1834000 109
1835000 109
1836000 109
1837000 109
1838000 110
1839000 110
1840000 110
1841000 110
1842000 110
1843000 110
1844000 110
1845000 110
1846000 110
1847000 110
1848000 110
1849000 110
1850000 110
1851000 110
1852000 110
1853000 110
1854000 110
1855000 111
1856000 111
1857000 111
1858000 111
1859000 111
1860000 111
1861000 111
1862000 111
1863000 111
1864000 111
1865000 111
1866000 111
1867000 111
1868000 112
1869000 112
1870000 112
1871000 112
1872000 112
1873000 112
1874000 112
1875000 112
1876000 112
1877000 112
1878000 112
1879000 112
1880000 112
1881000 112
1882000 112
1883000 112
1884000 112
1885000 113
1886000 113
1887000 113
1888000 113
1889000 113
1890000 113
1891000 113
1892000 113
1893000 113
1894000 113
1895000 113
1896000 113
1897000 113
1898000 114
1899000 114
1900000 114
1901000 114
1902000 114
1903000 114
1904000 114
1905000 114
1906000 114
1907000 114
1908000 114
1909000 114
1910000 114
1911000 114
1912000 115
1913000 115
1914000 115
1915000 115
1916000 115
1917000 115
1918000 115
1919000 115
1920000 115
1921000 115
1922000 115
1923000 115
1924000 115
1925000 115
1926000 116
1927000 116
1928000 116
1929000 116
1930000 116
1931000 116
1932000 116
1933000 116
1934000 116
1935000 116
1936000 116
1937000 116
1938000 116
1939000 117
1940000 117
1941000 117
1942000 117
1943000 117
1944000 117
1945000 117
1946000 117
1947000 118
1948000 118
1949000 118
1950000 118
1951000 118
1952000 118
1953000 118
1954000 118
1955000 118
1956000 118
1957000 118
1958000 118
1959000 118
1960000 118
1961000 118
1962000 119
1963000 119
1964000 119
1965000 119
1966000 119
1967000 119
1968000 119
1969000 119
1970000 119
1971000 119
1972000 119
1973000 119
1974000 119
1975000 119
1976000 119
1977000 119
1978000 120
1979000 120
1980000 120
1981000 120
1982000 120
1983000 120
1984000 120
1985000 120
1986000 120
1987000 120
1988000 120
1989000 120
1990000 120
1991000 120
1992000 120
1993000 120
1994000 120
1995000 120
1996000 120
1997000 121
1998000 121
1999000 121
2000000 121
2001000 121
2002000 121
2003000 121
2004000 121
2005000 121
2006000 121
2007000 122
2008000 122
2009000 122
2010000 122
2011000 122
2012000 122
2013000 122
2014000 122
2015000 122
2016000 122
2017000 122
2018000 123
2019000 123
2020000 123
2021000 123
2022000 123
2023000 123
2024000 123
2025000 123
2026000 123
2027000 124
2028000 124
2029000 124
2030000 124
2031000 124
2032000 124
2033000 124
2034000 124
2035000 124
2036000 124
2037000 124
2038000 124
2039000 125
2040000 125
2041000 125
2042000 125
2043000 125
2044000 125
2045000 125
2046000 125
2047000 125
2048000 125
2049000 125
2050000 125
2051000 125
2052000 125
2053000 125
2054000 125
2055000 125
2056000 125
2057000 125
2058000 125
2059000 125
2060000 125
2061000 125
2062000 125
2063000 126
2064000 126
2065000 126
2066000 126
2067000 126
2068000 126
2069000 126
2070000 126
2071000 126
2072000 126
2073000 126
2074000 126
2075000 126
2076000 127
2077000 127
2078000 127
2079000 127
2080000 127
2081000 127
2082000 127
2083000 127
2084000 127
2085000 127
2086000 127
2087000 127
2088000 127
2089000 127
2090000 127
2091000 127
2092000 127
2093000 127
2094000 127
2095000 127
2096000 128
2097000 128
2098000 128
2099000 128
2100000 128
2101000 128
2102000 128
2103000 128
2104000 128
2105000 128
2106000 128
2107000 128
2108000 128
2109000 128
2110000 128
2111000 129
2112000 129
2113000 129
2114000 129
2115000 129
2116000 129
2117000 129
2118000 129
2119000 129
2120000 129
2121000 129
2122000 129
2123000 129
2124000 129
2125000 129
2126000 129
2127000 130
2128000 130
2129000 130
2130000 130
2131000 130
2132000 130
2133000 130
2134000 130
2135000 130
2136000 130
2137000 131
2138000 131
2139000 131
2140000 131
2141000 131
2142000 131
2143000 131
2144000 131
2145000 131
2146000 131
2147000 131
2148000 132
2149000 132
2150000 132
2151000 132
2152000 132
2153000 132
2154000 132
2155000 132
2156000 132
2157000 132
2158000 132
2159000 132
2160000 132
2161000 132
2162000 132
2163000 132
2164000 132
2165000 132
2166000 132
2167000 132
2168000 132
2169000 132
2170000 133
2171000 133
2172000 133
2173000 133
2174000 133
2175000 133
2176000 133
2177000 133
2178000 133
2179000 133
2180000 133
2181000 133
2182000 134
2183000 134
2184000 134
2185000 134
2186000 134
2187000 134
2188000 134
2189000 134
2190000 134
2191000 134
2192000 134
2193000 134
2194000 135
2195000 135
2196000 135
2197000 135
2198000 135
2199000 135
2200000 135
2201000 135
2202000 135
2203000 135
2204000 136
2205000 136
2206000 136
2207000 136
2208000 136
2209000 136
2210000 136
2211000 136
2212000 136
2213000 136
2214000 136
2215000 136
2216000 136
2217000 136
2218000 136
2219000 137
2220000 137
2221000 137
2222000 137
2223000 137
2224000 137
2225000 137
2226000 137
2227000 138
2228000 138
2229000 138
2230000 138
2231000 138
2232000 138
2233000 138
2234000 139
2235000 139
2236000 139
2237000 139
2238000 139
2239000 139
2240000 139
2241000 139
2242000 139
2243000 140
2244000 140
2245000 140
2246000 140
2247000 140
2248000 140
2249000 140
2250000 140
2251000 140
2252000 140
2253000 140
2254000 140
2255000 141
2256000 141
2257000 141
2258000 141
2259000 141
2260000 141
2261000 141
2262000 141
2263000 141
2264000 141
2265000 141
2266000 141
2267000 142
2268000 142
2269000 142
2270000 142
2271000 142
2272000 142
2273000 142
2274000 143
2275000 143
2276000 143
2277000 143
2278000 143
2279000 143
2280000 143
2281000 143
2282000 143
2283000 144
2284000 144
2285000 144
2286000 144
2287000 144
2288000 144
2289000 144
2290000 144
2291000 144
2292000 144
2293000 144
2294000 145
2295000 145
2296000 145
2297000 145
2298000 145
2299000 145
2300000 145
2301000 145
2302000 146
2303000 146
2304000 146
2305000 146
2306000 146
2307000 146
2308000 146
2309000 146
2310000 146
2311000 146
2312000 147
2313000 147
2314000 147
2315000 147
2316000 147
2317000 147
2318000 147
2319000 147
2320000 147
2321000 147
2322000 147
2323000 148
2324000 148
2325000 148
2326000 148
2327000 148
2328000 148
2329000 148
2330000 148
2331000 149
2332000 149
2333000 149
2334000 149
2335000 149
2336000 149
2337000 149
2338000 149
2339000 149
2340000 149
2341000 149
2342000 150
2343000 150
2344000 150
2345000 150
2346000 150
2347000 150
2348000 150
2349000 150
2350000 151
2351000 151
2352000 151
2353000 151
2354000 151
2355000 151
2356000 151
2357000 151
2358000 151
2359000 151
2360000 151
2361000 151
2362000 151
2363000 151
2364000 152
2365000 152
2366000 152
2367000 152
2368000 152
2369000 152
2370000 152
2371000 152
2372000 152
2373000 152
2374000 152
2375000 153
2376000 153
2377000 153
2378000 153
2379000 153
2380000 153
2381000 153
2382000 153
2383000 154
2384000 154
2385000 154
2386000 154
2387000 154
2388000 154
2389000 154
2390000 154
2391000 154
2392000 154
2393000 154
2394000 154
2395000 155
2396000 155
2397000 155
2398000 155
2399000 155
2400000 155
2401000 155
2402000 155
2403000 156
2404000 156
2405000 156
2406000 156
2407000 156
2408000 156
2409000 156
2410000 156
2411000 156
2412000 156
2413000 157
2414000 157
2415000 157
2416000 157
2417000 157
2418000 157
2419000 157
2420000 157
2421000 157
2422000 157
2423000 157
2424000 157
2425000 157
2426000 158
2427000 158
2428000 158
2429000 158
2430000 158
2431000 158
2432000 158
2433000 158
2434000 158
2435000 158
2436000 158
2437000 158
2438000 159
2439000 159
2440000 159
2441000 159
2442000 159
2443000 159
2444000 159
2445000 159
2446000 160
2447000 160
2448000 160
2449000 160
2450000 160
2451000 160
2452000 160
2453000 160
2454000 160
2455000 161
2456000 161
2457000 161
2458000 161
2459000 161
2460000 161
2461000 161
2462000 161
2463000 161
2464000 162
2465000 162
2466000 162
2467000 162
2468000 162
2469000 162
2470000 162
2471000 162
2472000 162
2473000 162
2474000 162
2475000 162
2476000 162
2477000 163
2478000 163
2479000 163
2480000 163
2481000 163
2482000 163
2483000 163
2484000 163
2485000 163
2486000 163
2487000 163
2488000 163
2489000 163
2490000 164
2491000 164
2492000 164
2493000 164
2494000 164
2495000 164
2496000 164
2497000 164
2498000 164
2499000 164
2500000 164
2501000 164
2502000 165
2503000 165
2504000 165
2505000 165
2506000 165
2507000 165
2508000 165
2509000 165
2510000 165
2511000 165
2512000 165
2513000 166
2514000 166
2515000 166
2516000 166
2517000 166
2518000 166
2519000 166
2520000 166
2521000 166
2522000 166
2523000 166
2524000 166
2525000 166
2526000 167
2527000 167
2528000 167
2529000 167
2530000 167
2531000 167
2532000 167
2533000 167
2534000 167
2535000 167
2536000 167
2537000 167
2538000 167
2539000 168
2540000 168
2541000 168
2542000 168
2543000 168
2544000 168
2545000 168
2546000 168
2547000 168
2548000 169
2549000 169
2550000 169
2551000 169
2552000 169
2553000 169
2554000 169
2555000 169
2556000 170
2557000 170
2558000 170
2559000 170
2560000 170
2561000 170
2562000 170
2563000 170
2564000 171
2565000 171
2566000 171
2567000 171
2568000 171
2569000 171
2570000 171
2571000 171
2572000 172
2573000 172
2574000 172
2575000 172
2576000 172
2577000 172
2578000 172
2579000 172
2580000 172
2581000 173
2582000 173
2583000 173
2584000 173
2585000 173
2586000 173
2587000 173
2588000 173
2589000 173
2590000 173
2591000 174
2592000 174
2593000 174
2594000 174
2595000 174
2596000 174
2597000 174
2598000 174
2599000 174
2600000 175
2601000 175
2602000 175
2603000 175
2604000 175
2605000 175
2606000 175
2607000 175
2608000 175
2609000 175
2610000 175
2611000 175
2612000 175
2613000 175
2614000 176
2615000 176
2616000 176
2617000 176
2618000 176
2619000 176
2620000 176
2621000 176
2622000 176
2623000 176
2624000 176
2625000 176
2626000 177
2627000 177
2628000 177
2629000 177
2630000 177
2631000 177
2632000 177
2633000 177
2634000 177
2635000 177
2636000 178
2637000 178
2638000 178
2639000 178
2640000 178
2641000 178
2642000 178
2643000 178
2644000 178
2645000 178
2646000 178
2647000 178
2648000 178
2649000 178
2650000 178
2651000 178
2652000 178
2653000 178
2654000 179
2655000 179
2656000 179
2657000 179
2658000 179
2659000 179
2660000 179
2661000 179
2662000 179
2663000 179
2664000 179
2665000 179
2666000 179
2667000 179
2668000 180
2669000 180
2670000 180
2671000 180
2672000 180
2673000 180
2674000 180
2675000 181
2676000 181
2677000 181
2678000 181
2679000 181
2680000 181
2681000 181
2682000 181
2683000 181
2684000 182
2685000 182
2686000 182
2687000 182
2688000 182
2689000 182
2690000 182
2691000 182
2692000 182
2693000 182
2694000 183
2695000 183
2696000 183
2697000 183
2698000 183
2699000 183
2700000 183
2701000 183
2702000 183
2703000 183
2704000 183
2705000 184
2706000 184
2707000 184
2708000 184
2709000 184
2710000 184
2711000 184
2712000 184
2713000 184
2714000 184
2715000 184
2716000 185
2717000 185
2718000 185
2719000 185
2720000 185
2721000 185
2722000 185
2723000 185
2724000 185
2725000 185
2726000 185
2727000 185
2728000 185
2729000 185
2730000 185
2731000 185
2732000 185
2733000 185
2734000 185
2735000 185
2736000 185
2737000 185
2738000 185
2739000 185
2740000 186
2741000 186
2742000 186
2743000 186
2744000 186
2745000 186
2746000 186
2747000 186
2748000 186
2749000 186
2750000 186
2751000 186
2752000 186
2753000 186
2754000 186
2755000 186
2756000 186
2757000 187
2758000 187
2759000 187
2760000 187
2761000 187
2762000 187
2763000 187
2764000 187
2765000 187
2766000 187
2767000 187
2768000 187
2769000 188
2770000 188
2771000 188
2772000 188
2773000 188
2774000 188
2775000 188
2776000 188
2777000 188
2778000 188
2779000 188
2780000 188
2781000 188
2782000 188
2783000 188
2784000 188
2785000 188
2786000 188
2787000 188
2788000 188
2789000 189
2790000 189
2791000 189
2792000 189
2793000 189
2794000 189
2795000 189
2796000 189
2797000 189
2798000 189
2799000 189
2800000 189
2801000 190
2802000 190
2803000 190
2804000 190
2805000 190
2806000 190
2807000 190
2808000 190
2809000 190
2810000 190
2811000 191
2812000 191
2813000 191
2814000 191
2815000 191
2816000 191
2817000 191
2818000 191
2819000 191
2820000 191
2821000 191
2822000 191
2823000 191
2824000 191
2825000 192
2826000 192
2827000 192
2828000 192
2829000 192
2830000 192
2831000 192
2832000 192
2833000 192
2834000 192
2835000 192
2836000 192
2837000 192
2838000 192
2839000 192
2840000 192
2841000 192
2842000 192
2843000 192
2844000 192
2845000 192
2846000 192
2847000 192
2848000 193
2849000 193
2850000 193
2851000 193
2852000 193
2853000 193
2854000 193
2855000 193
2856000 193
2857000 193
2858000 193
2859000 193
2860000 193
2861000 193
2862000 193
2863000 193
2864000 193
2865000 193
2866000 193
2867000 193
2868000 193
2869000 193
2870000 193
2871000 193
2872000 193
2873000 193
2874000 193
2875000 193
2876000 193
2877000 193
2878000 193
2879000 193
2880000 193
2881000 193
2882000 193
2883000 193
2884000 193
2885000 193
2886000 193
2887000 193
2888000 193
2889000 193
2890000 193
2891000 193
2892000 193
2893000 193
2894000 194
2895000 194
2896000 194
2897000 194
2898000 194
2899000 194
2900000 194
2901000 194
2902000 194
2903000 194
2904000 194
2905000 194
2906000 194
2907000 194
2908000 194
2909000 194
2910000 194
2911000 194
2912000 195
2913000 195
2914000 195
2915000 195
2916000 195
2917000 195
2918000 195
2919000 195
2920000 195
2921000 195
2922000 195
2923000 195
2924000 196
2925000 196
2926000 196
2927000 196
2928000 196
2929000 196
2930000 196
2931000 196
2932000 196
2933000 196
2934000 196
2935000 196
2936000 196
2937000 197
2938000 197
2939000 197
2940000 197
2941000 197
2942000 197
2943000 197
2944000 197
2945000 197
2946000 197
2947000 197
2948000 197
2949000 197
2950000 197
2951000 197
2952000 197
2953000 197
2954000 197
2955000 197
2956000 197
2957000 197
2958000 197
2959000 197
2960000 197
2961000 197
2962000 197
2963000 197
2964000 197
2965000 197
2966000 197
2967000 197
2968000 197
2969000 197
2970000 197
2971000 197
2972000 197
2973000 197
2974000 197
2975000 197
2976000 197
2977000 197
2978000 197
2979000 197
2980000 197
2981000 197
2982000 197
2983000 197
2984000 197
2985000 197
2986000 197
2987000 197
2988000 197
2989000 197
2990000 197
2991000 197
2992000 197
2993000 197
2994000 197
2995000 197
2996000 197
2997000 197
2998000 197
2999000 197
3000000 197
3001000 197
3002000 197
3003000 197
3004000 197
3005000 197
3006000 197
3007000 197
3008000 197
3009000 197
3010000 197
3011000 197
3012000 197
3013000 197
3014000 197
3015000 197
3016000 197
3017000 197
3018000 197
3019000 197
3020000 197
3021000 197
3022000 197
3023000 197
3024000 197
3025000 197
3026000 197
3027000 197
3028000 197
3029000 197
3030000 197
3031000 197
3032000 197
3033000 197
3034000 197
3035000 197
3036000 197
3037000 197
3038000 197
3039000 197
3040000 197
3041000 197
3042000 197
3043000 197
3044000 197
3045000 197
3046000 197
3047000 197
3048000 197
3049000 197
3050000 197
3051000 197
3052000 197
3053000 197
3054000 197
3055000 197
3056000 197
3057000 197
3058000 197
3059000 197
3060000 197
3061000 197
3062000 197
3063000 197
3064000 197
3065000 197
3066000 197
3067000 197
3068000 197
3069000 197
3070000 197
3071000 197
3072000 197
3073000 197
3074000 197
3075000 197
3076000 197
3077000 197
3078000 197
3079000 197
3080000 197
3081000 197
3082000 197
3083000 197
3084000 197
3085000 197
3086000 197
3087000 197
3088000 197
3089000 197
3090000 197
3091000 197
3092000 197
3093000 197
3094000 197
3095000 197
3096000 197
3097000 197
3098000 197
3099000 197
3100000 197
3101000 197
3102000 197
3103000 197
3104000 197
3105000 197
3106000 197
3107000 197
3108000 197
3109000 197
3110000 197
3111000 197
3112000 197
3113000 197
3114000 197
3115000 197
3116000 197
3117000 197
3118000 197
3119000 197
3120000 197
3121000 197
3122000 197
3123000 197
3124000 197
3125000 197
3126000 197
3127000 197
3128000 197
3129000 197
3130000 197
3131000 197
3132000 197
3133000 197
3134000 197
3135000 197
3136000 197
3137000 197
3138000 197
3139000 197
3140000 197
3141000 197
3142000 197
3143000 197
3144000 197
3145000 197
3146000 197
3147000 197
3148000 197
3149000 197
3150000 197
3151000 197
3152000 197
3153000 197
3154000 197
3155000 197
3156000 197
3157000 197
3158000 197
3159000 197
3160000 197
3161000 197
3162000 197
3163000 197
3164000 197
3165000 197
3166000 197
3167000 197
3168000 197
3169000 197
3170000 197
3171000 197
3172000 197
3173000 197
3174000 197
3175000 197
3176000 197
3177000 197
3178000 197
3179000 197
3180000 197
3181000 197
3182000 197
3183000 197
3184000 197
3185000 197
3186000 197
3187000 197
3188000 197
3189000 197
3190000 197
3191000 197
3192000 197
3193000 197
3194000 197
3195000 197
3196000 197
3197000 197
3198000 197
3199000 197
3200000 197
3201000 197
3202000 197
3203000 197
3204000 197
3205000 197
3206000 197
3207000 197
3208000 197
3209000 197
3210000 197
3211000 197
3212000 197
3213000 197
3214000 197
3215000 197
3216000 197
3217000 198
3218000 198
3219000 198
3220000 198
3221000 198
3222000 198
3223000 198
3224000 198
3225000 199
3226000 199
3227000 199
3228000 199
3229000 199
3230000 199
3231000 199
3232000 199
3233000 199
3234000 199
3235000 199
3236000 199
3237000 199
3238000 199
3239000 199
3240000 199
3241000 199
3242000 199
3243000 199
3244000 199
3245000 199
3246000 199
3247000 200
3248000 200
3249000 200
3250000 200
3251000 200
3252000 200
3253000 200
3254000 200
3255000 200
3256000 200
3257000 200
3258000 200
3259000 200
3260000 200
3261000 200
3262000 200
3263000 200
3264000 200
3265000 200
3266000 200
3267000 200
3268000 200
3269000 200
3270000 200
3271000 200
3272000 200
3273000 200
3274000 200
3275000 200
3276000 200
3277000 200
3278000 200
3279000 200
3280000 200
3281000 200
3282000 200
3283000 200
3284000 200
3285000 200
3286000 200
3287000 200
3288000 200
3289000 200
3290000 200
3291000 200
3292000 200
3293000 200
3294000 200
3295000 200
3296000 200
3297000 200
3298000 200
3299000 200
3300000 200
3301000 200
3302000 200
3303000 200
3304000 200
3305000 200
3306000 200
3307000 200
3308000 200
3309000 200
3310000 200
3311000 200
3312000 200
3313000 200
3314000 200
3315000 200
3316000 200
3317000 200
3318000 200
3319000 200
3320000 200
3321000 200
3322000 200
3323000 200
3324000 200
3325000 200
3326000 200
3327000 200
3328000 200
3329000 200
3330000 200
3331000 200
3332000 200
3333000 200
3334000 200
3335000 200
3336000 200
3337000 200
3338000 200
3339000 200
3340000 200
3341000 200
3342000 200
3343000 200
3344000 200
3345000 200
3346000 200
3347000 200
3348000 200
3349000 200
3350000 200
3351000 200
3352000 200
3353000 200
3354000 200
3355000 200
3356000 200
3357000 200
3358000 200
3359000 200
3360000 200
3361000 200
3362000 200
3363000 200
3364000 200
3365000 200
3366000 200
3367000 200
3368000 200
3369000 200
3370000 200
3371000 200
3372000 200
3373000 200
3374000 200
3375000 200
3376000 200
3377000 200
3378000 200
3379000 200
3380000 200
3381000 200
3382000 200
3383000 200
3384000 200
3385000 200
3386000 200
3387000 200
3388000 200
3389000 200
3390000 200
3391000 200
3392000 200
3393000 200
3394000 200
3395000 200
3396000 200
3397000 200
3398000 200
3399000 200
3400000 200
3401000 200
3402000 200
3403000 200
3404000 200
3405000 200
3406000 200
3407000 200
3408000 200
3409000 200
3410000 200
3411000 200
3412000 200
3413000 200
3414000 200
3415000 200
3416000 200
3417000 200
3418000 200
3419000 200
3420000 200
3421000 200
3422000 200
3423000 200
3424000 200
3425000 200
3426000 200
3427000 200
3428000 200
3429000 200
3430000 200
3431000 200
3432000 200
3433000 200
3434000 200
3435000 200
3436000 200
3437000 200
3438000 200
3439000 200
3440000 200
3441000 200
3442000 200
3443000 200
3444000 200
3445000 200
3446000 200
3447000 200
3448000 200
3449000 200
3450000 200
3451000 200
3452000 200
3453000 200
3454000 200
3455000 200
3456000 200
3457000 200
3458000 200
3459000 200
3460000 200
3461000 201
3462000 201
3463000 201
3464000 201
3465000 201
3466000 201
3467000 201
3468000 201
3469000 201
3470000 201
3471000 201
3472000 201
3473000 201
3474000 201
3475000 201
3476000 201
3477000 201
3478000 201
3479000 201
3480000 201
3481000 201
3482000 201
3483000 201
3484000 201
3485000 201
3486000 201
3487000 201
3488000 201
3489000 201
3490000 201
3491000 201
3492000 201
3493000 201
3494000 201
3495000 201
3496000 201
3497000 201
3498000 201
3499000 201
3500000 201
3501000 201
3502000 201
3503000 201
3504000 201
3505000 202
3506000 202
3507000 202
3508000 202
3509000 202
3510000 202
3511000 202
3512000 202
3513000 202
3514000 202
3515000 202
3516000 202
3517000 202
3518000 202
3519000 203
3520000 203
3521000 203
3522000 203
3523000 203
3524000 203
3525000 203
3526000 203
3527000 203
3528000 203
3529000 203
3530000 203
3531000 203
3532000 203
3533000 203
3534000 203
3535000 203
3536000 203
3537000 203
3538000 203
3539000 203
3540000 203
3541000 203
3542000 203
3543000 203
3544000 204
3545000 204
3546000 204
3547000 204
3548000 204
3549000 204
3550000 204
3551000 204
3552000 204
3553000 204
3554000 204
3555000 204
3556000 204
3557000 204
3558000 204
3559000 204
3560000 204
3561000 204
3562000 204
3563000 204
3564000 204
3565000 204
3566000 205
3567000 205
3568000 205
3569000 205
3570000 205
3571000 205
3572000 205
3573000 205
3574000 205
3575000 205
3576000 205
3577000 205
3578000 205
3579000 206
3580000 206
3581000 206
3582000 206
3583000 206
3584000 206
3585000 206
3586000 206
3587000 206
3588000 206
3589000 206
3590000 206
3591000 206
3592000 206
3593000 206
3594000 206
3595000 206
3596000 206
3597000 206
3598000 206
3599000 207
3600000 207
3601000 207
3602000 207
3603000 207
3604000 207
3605000 207
3606000 207
3607000 207
3608000 207
3609000 207
3610000 207
3611000 207
3612000 207
3613000 208
3614000 208
3615000 208
3616000 208
3617000 208
3618000 208
3619000 208
3620000 208
3621000 208
3622000 208
3623000 208
3624000 208
3625000 208
3626000 208
3627000 208
3628000 208
3629000 208
3630000 208
3631000 208
3632000 208
3633000 208
3634000 208
3635000 209
3636000 209
3637000 209
3638000 209
3639000 209
3640000 209
3641000 209
3642000 209
3643000 209
3644000 209
3645000 210
3646000 210
3647000 210
3648000 210
3649000 210
3650000 210
3651000 210
3652000 210
3653000 210
3654000 210
3655000 211
3656000 211
3657000 211
3658000 211
3659000 211
3660000 211
3661000 211
3662000 211
3663000 211
3664000 211
3665000 212
3666000 212
3667000 212
3668000 212
3669000 212
3670000 212
3671000 212
3672000 212
3673000 212
3674000 212
3675000 212
3676000 212
3677000 212
3678000 212
3679000 212
3680000 212
3681000 212
3682000 212
3683000 213
3684000 213
3685000 213
3686000 213
3687000 213
3688000 213
3689000 213
3690000 213
3691000 213
3692000 213
3693000 214
3694000 214
3695000 214
3696000 214
3697000 214
3698000 214
3699000 214
3700000 214
3701000 214
3702000 214
3703000 214
3704000 214
3705000 214
3706000 214
3707000 215
3708000 215
3709000 215
3710000 215
3711000 215
3712000 215
3713000 215
3714000 215
3715000 215
3716000 215
3717000 215
3718000 215
3719000 215
3720000 215
3721000 215
3722000 215
3723000 215
3724000 216
3725000 216
3726000 216
3727000 216
3728000 216
3729000 216
3730000 216
3731000 216
3732000 216
3733000 216
3734000 216
3735000 216
3736000 216
3737000 217
3738000 217
3739000 217
3740000 217
3741000 217
3742000 217
3743000 217
3744000 217
3745000 217
3746000 217
3747000 218
3748000 218
3749000 218
3750000 218
3751000 218
3752000 218
3753000 218
3754000 218
3755000 218
3756000 218
3757000 218
3758000 218
3759000 218
3760000 218
3761000 218
3762000 218
3763000 218
3764000 218
3765000 218
3766000 218
3767000 219
3768000 219
3769000 219
3770000 219
3771000 219
3772000 219
3773000 219
3774000 219
3775000 219
3776000 220
3777000 220
3778000 220
3779000 220
3780000 220
3781000 220
3782000 220
3783000 220
3784000 220
3785000 220
3786000 220
3787000 221
3788000 221
3789000 221
3790000 221
3791000 221
3792000 221
3793000 221
3794000 221
3795000 221
3796000 221
3797000 221
3798000 222
3799000 222
3800000 222
3801000 222
3802000 222
3803000 222
3804000 222
3805000 222
3806000 222
3807000 223
3808000 223
3809000 223
3810000 223
3811000 223
3812000 223
3813000 223
3814000 223
3815000 223
3816000 223
3817000 223
3818000 223
3819000 223
3820000 223
3821000 224
3822000 224
3823000 224
3824000 224
3825000 224
3826000 224
3827000 224
3828000 224
3829000 224
3830000 224
3831000 224
3832000 225
3833000 225
3834000 225
3835000 225
3836000 225
3837000 225
3838000 225
3839000 225
3840000 225
3841000 225
3842000 225
3843000 225
3844000 225
3845000 225
3846000 226
3847000 226
3848000 226
3849000 226
3850000 226
3851000 226
3852000 226
3853000 226
3854000 226
3855000 226
3856000 226
3857000 226
3858000 226
3859000 226
3860000 227
3861000 227
3862000 227
3863000 227
3864000 227
3865000 227
3866000 227
3867000 227
3868000 227
3869000 227
3870000 227
3871000 227
3872000 227
3873000 227
3874000 227
3875000 227
3876000 228
3877000 228
3878000 228
3879000 228
3880000 228
3881000 228
3882000 228
3883000 228
3884000 228
3885000 229
3886000 229
3887000 229
3888000 229
3889000 229
3890000 229
3891000 229
3892000 229
3893000 230
3894000 230
3895000 230
3896000 230
3897000 230
3898000 230
3899000 230
3900000 230
3901000 230
3902000 230
3903000 231
3904000 231
3905000 231
3906000 231
3907000 231
3908000 231
3909000 231
3910000 231
3911000 231
3912000 231
3913000 231
3914000 231
3915000 231
3916000 231
3917000 232
3918000 232
3919000 232
3920000 232
3921000 232
3922000 232
3923000 232
3924000 232
3925000 232
3926000 232
3927000 232
3928000 232
3929000 232
3930000 232
3931000 232
3932000 232
3933000 232
3934000 232
3935000 232
3936000 232
3937000 232
3938000 232
3939000 232
3940000 232
3941000 232
3942000 232
3943000 232
3944000 232
3945000 232
3946000 232
3947000 232
3948000 232
3949000 232
3950000 232
3951000 232
3952000 232
3953000 232
3954000 232
3955000 232
3956000 232
3957000 232
3958000 232
3959000 232
3960000 232
3961000 232
3962000 232
3963000 232
3964000 232
3965000 232
3966000 232
3967000 232
3968000 232
3969000 232
3970000 232
3971000 232
3972000 232
3973000 232
3974000 232
3975000 233
3976000 233
3977000 233
3978000 233
3979000 233
3980000 233
3981000 233
3982000 233
3983000 234
3984000 234
3985000 234
3986000 234
3987000 234
3988000 234
3989000 234
3990000 234
3991000 234
3992000 234
3993000 234
3994000 234
3995000 234
3996000 234
3997000 234
3998000 234
3999000 234
4000000 234
4001000 234
4002000 234
4003000 234
4004000 235
4005000 235
4006000 235
4007000 235
4008000 235
4009000 235
4010000 235
4011000 235
4012000 235
4013000 235
4014000 235
4015000 235
4016000 235
4017000 235
4018000 235
4019000 235
4020000 235
4021000 236
4022000 236
4023000 236
4024000 236
4025000 236
4026000 236
4027000 236
4028000 236
4029000 237
4030000 237
4031000 237
4032000 237
4033000 237
4034000 237
4035000 237
4036000 237
4037000 237
4038000 237
4039000 237
4040000 237
4041000 237
4042000 237
4043000 237
4044000 237
4045000 237
4046000 237
4047000 237
4048000 237
4049000 237
4050000 237
4051000 237
4052000 237
4053000 237
4054000 238
4055000 238
4056000 238
4057000 238
4058000 238
4059000 238
4060000 238
4061000 238
4062000 238
4063000 238
4064000 238
4065000 238
4066000 239
4067000 239
4068000 239
4069000 239
4070000 239
4071000 239
4072000 239
4073000 239
4074000 239
4075000 239
4076000 239
4077000 239
4078000 239
4079000 239
4080000 239
4081000 239
4082000 239
4083000 239
4084000 240
4085000 240
4086000 240
4087000 240
4088000 240
4089000 240
4090000 240
4091000 240
4092000 241
4093000 241
4094000 241
4095000 241
4096000 241
4097000 241
4098000 241
4099000 241
4100000 242
4101000 242
4102000 242
4103000 242
4104000 242
4105000 242
4106000 242
4107000 242
4108000 242
4109000 242
4110000 242
4111000 242
4112000 242
4113000 242
4114000 242
4115000 242
4116000 242
4117000 243
4118000 243
4119000 243
4120000 243
4121000 243
4122000 243
4123000 243
4124000 243
4125000 243
4126000 243
4127000 243
4128000 243
4129000 243
4130000 243
4131000 243
4132000 243
4133000 244
4134000 244
4135000 244
4136000 244
4137000 244
4138000 244
4139000 244
4140000 244
4141000 244
4142000 244
4143000 245
4144000 245
4145000 245
4146000 245
4147000 245
4148000 245
4149000 245
4150000 245
4151000 245
4152000 245
4153000 246
4154000 246
4155000 246
4156000 246
4157000 246
4158000 246
4159000 246
4160000 246
4161000 246
4162000 246
4163000 246
4164000 246
4165000 246
4166000 246
4167000 246
4168000 246
4169000 246
4170000 246
4171000 246
4172000 247
4173000 247
4174000 247
4175000 247
4176000 247
4177000 247
4178000 247
4179000 247
4180000 247
4181000 248
4182000 248
4183000 248
4184000 248
4185000 248
4186000 248
4187000 248
4188000 248
4189000 248
4190000 248
4191000 248
4192000 248
4193000 248
4194000 248
4195000 248
4196000 249
4197000 249
4198000 249
4199000 249
4200000 249
4201000 249
4202000 249
4203000 249
4204000 249
4205000 249
4206000 249
4207000 249
4208000 249
4209000 250
4210000 250
4211000 250
4212000 250
4213000 250
4214000 250
4215000 250
4216000 250
4217000 250
4218000 250
4219000 250
4220000 251
4221000 251
4222000 251
4223000 251
4224000 251
4225000 251
4226000 251
4227000 251
4228000 251
4229000 251
4230000 251
4231000 251
4232000 251
4233000 251
4234000 251
4235000 251
4236000 251
4237000 251
4238000 252
4239000 252
4240000 252
4241000 252
4242000 252
4243000 252
4244000 252
4245000 252
4246000 252
4247000 252
4248000 252
4249000 252
4250000 253
4251000 253
4252000 253
4253000 253
4254000 253
4255000 253
4256000 253
4257000 253
4258000 253
4259000 253
4260000 253
4261000 254
4262000 254
4263000 254
4264000 254
4265000 254
4266000 254
4267000 254
4268000 255
4269000 255
4270000 255
4271000 255
4272000 255
4273000 255
4274000 255
4275000 255
4276000 255
4277000 255
4278000 256
4279000 256
4280000 256
4281000 256
4282000 256
4283000 256
4284000 256
4285000 256
4286000 257
4287000 257
4288000 257
4289000 257
4290000 257
4291000 257
4292000 257
4293000 257
4294000 257
4295000 257
4296000 258
4297000 258
4298000 258
4299000 258
4300000 258
4301000 258
4302000 258
4303000 258
4304000 258
4305000 258
4306000 258
4307000 258
4308000 258
4309000 258
4310000 259
4311000 259
4312000 259
4313000 259
4314000 259
4315000 259
4316000 259
4317000 259
4318000 259
4319000 259
4320000 259
4321000 260
4322000 260
4323000 260
4324000 260
4325000 260
4326000 260
4327000 260
4328000 260
4329000 261
4330000 261
4331000 261
4332000 261
4333000 261
4334000 261
4335000 261
4336000 261
4337000 261
4338000 261
4339000 261
4340000 261
4341000 261
4342000 262
4343000 262
4344000 262
4345000 262
4346000 262
4347000 262
4348000 262
4349000 262
4350000 262
4351000 262
4352000 262
4353000 262
4354000 263
4355000 263
4356000 263
4357000 263
4358000 263
4359000 263
4360000 263
4361000 263
4362000 264
4363000 264
4364000 264
4365000 264
4366000 264
4367000 264
4368000 264
4369000 264
4370000 264
4371000 265
4372000 265
4373000 265
4374000 265
4375000 265
4376000 265
4377000 265
4378000 266
4379000 266
4380000 266
4381000 266
4382000 266
4383000 266
4384000 266
4385000 266
4386000 266
4387000 267
4388000 267
4389000 267
4390000 267
4391000 267
4392000 267
4393000 267
4394000 268
4395000 268
4396000 268
4397000 268
4398000 268
4399000 268
4400000 268
4401000 268
4402000 268
4403000 268
4404000 268
4405000 269
4406000 269
4407000 269
4408000 269
4409000 269
4410000 269
4411000 269
4412000 269
4413000 270
4414000 270
4415000 270
4416000 270
4417000 270
4418000 270
4419000 270
4420000 270
4421000 270
4422000 270
4423000 271
4424000 271
4425000 271
4426000 271
4427000 271
4428000 271
4429000 271
4430000 272
4431000 272
4432000 272
4433000 272
4434000 272
4435000 272
4436000 272
4437000 272
4438000 272
4439000 272
4440000 273
4441000 273
4442000 273
4443000 273
4444000 273
4445000 273
4446000 273
4447000 274
4448000 274
4449000 274
4450000 274
4451000 274
4452000 274
4453000 274
4454000 274
4455000 274
4456000 275
4457000 275
4458000 275
4459000 275
4460000 275
4461000 275
4462000 275
4463000 275
4464000 275
4465000 275
4466000 275
4467000 275
4468000 276
4469000 276
4470000 276
4471000 276
4472000 276
4473000 276
4474000 276
4475000 276
4476000 276
4477000 277
4478000 277
4479000 277
4480000 277
4481000 277
4482000 277
4483000 277
4484000 277
4485000 277
4486000 277
4487000 278
4488000 278
4489000 278
4490000 278
4491000 278
4492000 278
4493000 279
4494000 279
4495000 279
4496000 279
4497000 279
4498000 279
4499000 279
4500000 279
4501000 279
4502000 279
4503000 280
4504000 280
4505000 280
4506000 280
4507000 280
4508000 280
4509000 280
4510000 280
4511000 280
4512000 281
4513000 281
4514000 281
4515000 281
4516000 281
4517000 281
4518000 281
4519000 281
4520000 282
4521000 282
4522000 282
4523000 282
4524000 282
4525000 282
4526000 282
4527000 282
4528000 282
4529000 282
4530000 283
4531000 283
4532000 283
4533000 283
4534000 283
4535000 283
4536000 283
4537000 283
4538000 284
4539000 284
4540000 284
4541000 284
4542000 284
4543000 284
4544000 284
4545000 284
4546000 284
4547000 285
4548000 285
4549000 285
4550000 285
4551000 285
4552000 285
4553000 285
4554000 285
4555000 285
4556000 286
4557000 286
4558000 286
4559000 286
4560000 286
4561000 286
4562000 286
4563000 286
4564000 286
4565000 286
4566000 287
4567000 287
4568000 287
4569000 287
4570000 287
4571000 287
4572000 287
4573000 287
4574000 288
4575000 288
4576000 288
4577000 288
4578000 288
4579000 288
4580000 288
4581000 289
4582000 289
4583000 289
4584000 289
4585000 289
4586000 289
4587000 289
4588000 289
4589000 289
4590000 289
4591000 289
4592000 290
4593000 290
4594000 290
4595000 290
4596000 290
4597000 290
4598000 290
4599000 290
4600000 290
4601000 290
4602000 290
4603000 290
4604000 290
4605000 290
4606000 291
4607000 291
4608000 291
4609000 291
4610000 291
4611000 291
4612000 291
4613000 292
4614000 292
4615000 292
4616000 292
4617000 292
4618000 292
4619000 292
4620000 292
4621000 292
4622000 292
4623000 293
4624000 293
4625000 293
4626000 293
4627000 293
4628000 293
4629000 293
4630000 294
4631000 294
4632000 294
4633000 294
4634000 294
4635000 294
4636000 294
4637000 294
4638000 294
4639000 294
4640000 294
4641000 294
4642000 295
4643000 295
4644000 295
4645000 295
4646000 295
4647000 295
4648000 295
4649000 295
4650000 295
4651000 295
4652000 295
4653000 296
4654000 296
4655000 296
4656000 296
4657000 296
4658000 296
4659000 296
4660000 296
4661000 296
4662000 297
4663000 297
4664000 297
4665000 297
4666000 297
4667000 297
4668000 297
4669000 298
4670000 298
4671000 298
4672000 298
4673000 298
4674000 298
4675000 298
4676000 298
4677000 299
4678000 299
4679000 299
4680000 299
4681000 299
4682000 299
4683000 299
4684000 299
4685000 300
4686000 300
4687000 300
4688000 300
4689000 300
4690000 300
4691000 300
4692000 300
4693000 300
4694000 301
4695000 301
4696000 301
4697000 301
4698000 301
4699000 301
4700000 302
4701000 302
4702000 302
4703000 302
4704000 302
4705000 302
4706000 302
4707000 302
4708000 303
4709000 303
4710000 303
4711000 303
4712000 303
4713000 303
4714000 303
4715000 304
4716000 304
4717000 304
4718000 304
4719000 304
4720000 304
4721000 304
4722000 304
4723000 305
4724000 305
4725000 305
4726000 305
4727000 305
4728000 305
4729000 305
4730000 305
4731000 305
4732000 305
4733000 306
4734000 306
4735000 306
4736000 306
4737000 306
4738000 306
4739000 306
4740000 306
4741000 307
4742000 307
4743000 307
4744000 307
4745000 307
4746000 307
4747000 307
4748000 307
4749000 308
4750000 308
4751000 308
4752000 308
4753000 308
4754000 308
4755000 308
4756000 308
4757000 309
4758000 309
4759000 309
4760000 309
4761000 309
4762000 309
4763000 309
4764000 309
4765000 310
4766000 310
4767000 310
4768000 310
4769000 310
4770000 310
4771000 310
4772000 310
4773000 311
4774000 311
4775000 311
4776000 311
4777000 311
4778000 311
4779000 311
4780000 311
4781000 311
4782000 311
4783000 311
4784000 312
4785000 312
4786000 312
4787000 312
4788000 312
4789000 312
4790000 312
4791000 312
4792000 313
4793000 313
4794000 313
4795000 313
4796000 313
4797000 313
4798000 313
4799000 313
4800000 314
4801000 314
4802000 314
4803000 314
4804000 314
4805000 314
4806000 314
4807000 314
4808000 314
4809000 315
4810000 315
4811000 315
4812000 315
4813000 315
4814000 315
4815000 315
4816000 315
4817000 315
4818000 315
4819000 315
4820000 315
4821000 315
4822000 315
4823000 316
4824000 316
4825000 316
4826000 316
4827000 316
4828000 316
4829000 316
4830000 316
4831000 316
4832000 316
4833000 316
4834000 317
4835000 317
4836000 317
4837000 317
4838000 317
4839000 317
4840000 317
4841000 317
4842000 317
4843000 317
4844000 317
4845000 317
4846000 317
4847000 317
4848000 317
4849000 317
4850000 318
4851000 318
4852000 318
4853000 318
4854000 318
4855000 318
4856000 318
4857000 318
4858000 318
4859000 318
4860000 318
4861000 318
4862000 318
4863000 318
4864000 318
4865000 318
4866000 318
4867000 318
4868000 318
4869000 318
4870000 318
4871000 318
4872000 318
4873000 318
4874000 318
4875000 318
4876000 318
4877000 319
4878000 319
4879000 319
4880000 319
4881000 319
4882000 319
4883000 319
4884000 319
4885000 319
4886000 319
4887000 319
4888000 319
4889000 319
4890000 320
4891000 320
4892000 320
4893000 320
4894000 320
4895000 320
4896000 320
4897000 320
4898000 320
4899000 320
4900000 320
4901000 320
4902000 320
4903000 320
4904000 320
4905000 321
4906000 321
4907000 321
4908000 321
4909000 321
4910000 321
4911000 321
4912000 321
4913000 321
4914000 321
4915000 321
4916000 321
4917000 321
4918000 321
4919000 321
4920000 321
4921000 322
4922000 322
4923000 322
4924000 322
4925000 322
4926000 322
4927000 322
4928000 322
4929000 323
4930000 323
4931000 323
4932000 323
4933000 323
4934000 323
4935000 323
4936000 323
4937000 323
4938000 323
4939000 323
4940000 323
4941000 323
4942000 323
4943000 323
4944000 323
4945000 323
4946000 323
4947000 324
4948000 324
4949000 324
4950000 324
4951000 324
4952000 324
4953000 324
4954000 324
4955000 324
4956000 324
4957000 324
4958000 324
4959000 324
4960000 324
4961000 325
4962000 325
4963000 325
4964000 325
4965000 325
4966000 325
4967000 325
4968000 325
4969000 325
4970000 325
4971000 325
4972000 325
4973000 325
4974000 325
4975000 325
4976000 325
4977000 325
4978000 325
4979000 325
4980000 325
4981000 325
4982000 325
4983000 326
4984000 326
4985000 326
4986000 326
4987000 326
4988000 326
4989000 326
4990000 326
4991000 327
4992000 327
4993000 327
4994000 327
4995000 327
4996000 327
4997000 327
4998000 327
4999000 327
5000000 327
