0 0
1000 0
2000 0
3000 0
4000 0
5000 0
6000 0
7000 0
8000 0
9000 0
10000 0
11000 0
12000 0
13000 0
14000 0
15000 0
16000 0
17000 0
18000 0
19000 0
20000 0
21000 0
22000 0
23000 0
24000 0
25000 0
26000 0
27000 0
28000 1
29000 1
30000 1
31000 1
32000 1
33000 1
34000 1
35000 1
36000 1
37000 1
38000 1
39000 1
40000 1
41000 1
42000 1
43000 1
44000 1
45000 1
46000 1
47000 1
48000 1
49000 1
50000 2
51000 2
52000 2
53000 2
54000 2
55000 2
56000 2
57000 2
58000 2
59000 2
60000 2
61000 2
62000 2
63000 2
64000 2
65000 2
66000 2
67000 3
68000 3
69000 3
70000 3
71000 3
72000 3
73000 3
74000 3
75000 3
76000 3
77000 3
78000 3
79000 3
80000 3
81000 4
82000 4
83000 4
84000 4
85000 4
86000 4
87000 4
88000 4
89000 4
90000 4
91000 4
92000 4
93000 4
94000 4
95000 4
96000 4
97000 4
98000 4
99000 4
100000 4
101000 4
102000 4
103000 4
104000 4
105000 4
106000 4
107000 4
108000 4
109000 4
110000 5
111000 5
112000 5
113000 5
114000 5
115000 5
116000 5
117000 5
118000 5
119000 5
120000 5
121000 5
122000 5
123000 5
124000 5
125000 5
126000 5
127000 5
128000 5
129000 5
130000 5
131000 5
132000 5
133000 5
134000 6
135000 6
136000 6
137000 6
138000 6
139000 6
140000 6
141000 6
142000 6
143000 6
144000 6
145000 6
146000 6
147000 6
148000 6
149000 6
150000 6
151000 6
152000 6
153000 6
154000 6
155000 6
156000 6
157000 6
158000 6
159000 6
160000 6
161000 6
162000 6
163000 6
164000 6
165000 6
166000 6
167000 6
168000 6
169000 6
170000 7
171000 7
172000 7
173000 7
174000 7
175000 7
176000 7
177000 7
178000 7
179000 7
180000 7
181000 7
182000 7
183000 7
184000 7
185000 7
186000 8
187000 8
188000 8
189000 8
190000 8
191000 8
192000 8
193000 8
194000 8
195000 8
196000 8
197000 8
198000 8
199000 8
200000 8
201000 8
202000 8
203000 8
204000 8
205000 8
206000 8
207000 8
208000 8
209000 8
210000 8
211000 8
212000 8
213000 8
214000 8
215000 8
216000 8
217000 8
218000 8
219000 8
220000 8
221000 8
222000 8
223000 8
224000 8
225000 8
226000 8
227000 8
228000 8
229000 8
230000 9
231000 9
232000 9
233000 9
234000 9
235000 9
236000 9
237000 9
238000 9
239000 9
240000 9
241000 9
242000 9
243000 9
244000 9
245000 9
246000 9
247000 9
248000 9
249000 9
250000 9
251000 9
252000 9
253000 9
254000 9
255000 9
256000 9
257000 9
258000 10
259000 10
260000 10
261000 10
262000 10
263000 10
264000 10
265000 10
266000 10
267000 10
268000 10
269000 10
270000 10
271000 10
272000 10
273000 10
274000 10
275000 10
276000 10
277000 10
278000 10
279000 10
280000 10
281000 10
282000 10
283000 10
284000 10
285000 10
286000 10
287000 10
288000 10
289000 10
290000 10
291000 10
292000 10
293000 10
294000 10
295000 10
296000 10
297000 10
298000 10
299000 10
300000 10
301000 10
302000 10
303000 10
304000 10
305000 10
306000 10
307000 10
308000 10
309000 10
310000 10
311000 10
312000 10
313000 10
314000 10
315000 10
316000 10
317000 10
318000 10
319000 10
320000 10
321000 10
322000 10
323000 10
324000 10
325000 10
326000 10
327000 10
328000 10
329000 10
330000 10
331000 10
332000 10
333000 10
334000 10
335000 10
336000 10
337000 10
338000 10
339000 10
340000 10
341000 10
342000 10
343000 10
344000 10
345000 10
346000 10
347000 10
348000 10
349000 10
350000 10
351000 10
352000 10
353000 10
354000 10
355000 10
356000 10
357000 10
358000 10
359000 10
360000 10
361000 10
362000 10
363000 10
364000 10
365000 10
366000 10
367000 10
368000 10
369000 10
370000 10
371000 10
372000 10
373000 10
374000 10
375000 10
376000 10
377000 10
378000 10
379000 10
380000 10
381000 10
382000 10
383000 10
384000 10
385000 10
386000 10
387000 10
388000 10
389000 10
390000 10
391000 10
392000 10
393000 10
394000 10
395000 10
396000 10
397000 10
398000 10
399000 10
400000 10
401000 10
402000 10
403000 10
404000 10
405000 10
406000 10
407000 10
408000 10
409000 10
410000 10
411000 10
412000 10
413000 10
414000 10
415000 10
416000 10
417000 10
418000 10
419000 10
420000 10
421000 10
422000 10
423000 10
424000 10
425000 10
426000 10
427000 10
428000 10
429000 10
430000 10
431000 10
432000 10
433000 10
434000 10
435000 10
436000 10
437000 10
438000 10
439000 10
440000 10
441000 10
442000 10
443000 10
444000 10
445000 10
446000 10
447000 10
448000 10
449000 10
450000 10
451000 11
452000 11
453000 11
454000 11
455000 11
456000 11
457000 11
458000 11
459000 11
460000 11
461000 11
462000 11
463000 11
464000 11
465000 11
466000 11
467000 11
468000 11
469000 11
470000 11
471000 11
472000 11
473000 11
474000 11
475000 11
476000 11
477000 11
478000 11
479000 11
480000 11
481000 11
482000 11
483000 11
484000 11
485000 11
486000 11
487000 11
488000 11
489000 11
490000 11
491000 11
492000 12
493000 12
494000 12
495000 12
496000 12
497000 12
498000 12
499000 12
500000 12
501000 12
502000 12
503000 12
504000 12
505000 12
506000 12
507000 12
508000 12
509000 12
510000 12
511000 12
512000 12
513000 12
514000 12
515000 12
516000 12
517000 12
518000 12
519000 12
520000 12
521000 12
522000 12
523000 12
524000 12
525000 12
526000 12
527000 12
528000 12
529000 12
530000 12
531000 12
532000 12
533000 12
534000 12
535000 12
536000 12
537000 12
538000 12
539000 12
540000 12
541000 12
542000 12
543000 12
544000 12
545000 12
546000 12
547000 12
548000 12
549000 12
550000 12
551000 12
552000 12
553000 12
554000 12
555000 12
556000 12
557000 12
558000 12
559000 12
560000 12
561000 12
562000 12
563000 12
564000 12
565000 12
566000 12
567000 12
568000 12
569000 12
570000 12
571000 12
572000 12
573000 12
574000 12
575000 12
576000 12
577000 12
578000 12
579000 12
580000 12
581000 12
582000 12
583000 12
584000 12
585000 12
586000 12
587000 12
588000 12
589000 12
590000 12
591000 12
592000 12
593000 12
594000 12
595000 12
596000 12
597000 12
598000 12
599000 12
600000 12
601000 12
602000 12
603000 12
604000 12
605000 12
606000 12
607000 12
608000 12
609000 12
610000 12
611000 12
612000 12
613000 12
614000 12
615000 12
616000 12
617000 12
618000 12
619000 12
620000 12
621000 12
622000 12
623000 12
624000 12
625000 12
626000 12
627000 12
628000 12
629000 12
630000 12
631000 12
632000 12
633000 12
634000 12
635000 12
636000 12
637000 12
638000 12
639000 12
640000 12
641000 12
642000 12
643000 12
644000 12
645000 12
646000 12
647000 12
648000 12
649000 12
650000 12
651000 12
652000 12
653000 12
654000 12
655000 12
656000 12
657000 12
658000 12
659000 12
660000 12
661000 12
662000 12
663000 12
664000 12
665000 12
666000 12
667000 12
668000 12
669000 12
670000 12
671000 12
672000 12
673000 12
674000 12
675000 12
676000 12
677000 12
678000 12
679000 12
680000 12
681000 12
682000 12
683000 12
684000 12
685000 12
686000 12
687000 12
688000 12
689000 12
690000 12
691000 12
692000 12
693000 12
694000 12
695000 12
696000 12
697000 12
698000 12
699000 12
700000 12
701000 12
702000 12
703000 12
704000 12
705000 12
706000 12
707000 12
708000 12
709000 12
710000 12
711000 12
712000 12
713000 12
714000 12
715000 13
716000 13
717000 13
718000 13
719000 13
720000 13
721000 13
722000 13
723000 13
724000 13
725000 13
726000 13
727000 14
728000 14
729000 14
730000 14
731000 14
732000 14
733000 14
734000 14
735000 14
736000 14
737000 14
738000 14
739000 14
740000 15
741000 15
742000 15
743000 15
744000 15
745000 15
746000 16
747000 16
748000 16
749000 16
750000 16
751000 16
752000 16
753000 16
754000 16
755000 16
756000 16
757000 16
758000 16
759000 16
760000 16
761000 16
762000 17
763000 17
764000 17
765000 17
766000 17
767000 17
768000 17
769000 17
770000 17
771000 17
772000 18
773000 18
774000 18
775000 18
776000 18
777000 18
778000 18
779000 18
780000 18
781000 18
782000 19
783000 19
784000 19
785000 19
786000 19
787000 19
788000 19
789000 19
790000 19
791000 19
792000 19
793000 19
794000 19
795000 19
796000 20
797000 20
798000 20
799000 20
800000 20
801000 20
802000 20
803000 20
804000 20
805000 20
806000 20
807000 20
808000 20
809000 20
810000 21
811000 21
812000 21
813000 21
814000 21
815000 21
816000 21
817000 21
818000 21
819000 21
820000 21
821000 21
822000 22
823000 22
824000 22
825000 22
826000 22
827000 22
828000 22
829000 22
830000 22
831000 22
832000 22
833000 22
834000 22
835000 22
836000 22
837000 22
838000 22
839000 23
840000 23
841000 23
842000 23
843000 23
844000 23
845000 23
846000 23
847000 23
848000 23
849000 23
850000 24
851000 24
852000 24
853000 24
854000 24
855000 24
856000 24
857000 24
858000 24
859000 24
860000 24
861000 24
862000 25
863000 25
864000 25
865000 25
866000 25
867000 25
868000 25
869000 25
870000 25
871000 25
872000 25
873000 25
874000 25
875000 25
876000 26
877000 26
878000 26
879000 26
880000 26
881000 26
882000 26
883000 26
884000 26
885000 26
886000 26
887000 26
888000 26
889000 26
890000 26
891000 26
892000 26
893000 26
894000 27
895000 27
896000 27
897000 27
898000 27
899000 27
900000 27
901000 27
902000 27
903000 27
904000 27
905000 27
906000 27
907000 27
908000 28
909000 28
910000 28
911000 28
912000 28
913000 28
914000 28
915000 28
916000 28
917000 28
918000 28
919000 28
920000 28
921000 28
922000 28
923000 28
924000 28
925000 28
926000 28
927000 28
928000 28
929000 28
930000 28
931000 28
932000 28
933000 28
934000 28
935000 28
936000 28
937000 28
938000 28
939000 29
940000 29
941000 29
942000 29
943000 29
944000 29
945000 29
946000 29
947000 29
948000 29
949000 29
950000 29
951000 29
952000 29
953000 29
954000 29
955000 29
956000 29
957000 29
958000 29
959000 29
960000 29
961000 29
962000 29
963000 30
964000 30
965000 30
966000 30
967000 30
968000 30
969000 30
970000 30
971000 30
972000 30
973000 30
974000 30
975000 30
976000 30
977000 30
978000 30
979000 30
980000 30
981000 30
982000 30
983000 30
984000 30
985000 30
986000 30
987000 30
988000 30
989000 30
990000 30
991000 30
992000 30
993000 30
994000 30
995000 30
996000 30
997000 30
998000 30
999000 30
1000000 30
1001000 30
1002000 30
1003000 30
1004000 30
1005000 30
1006000 30
1007000 30
1008000 30
1009000 30
1010000 30
1011000 30
1012000 30
1013000 30
1014000 30
1015000 30
1016000 30
1017000 30
1018000 30
1019000 30
1020000 30
1021000 30
1022000 30
1023000 30
1024000 30
1025000 30
1026000 30
1027000 30
1028000 30
1029000 30
1030000 30
1031000 30
1032000 30
1033000 30
1034000 30
1035000 30
1036000 30
1037000 30
1038000 30
1039000 30
1040000 30
1041000 30
1042000 30
1043000 30
1044000 30
1045000 30
1046000 30
1047000 30
1048000 30
1049000 30
1050000 30
1051000 30
1052000 30
1053000 30
1054000 30
1055000 30
1056000 30
1057000 30
1058000 30
1059000 30
1060000 30
1061000 30
1062000 30
1063000 30
1064000 30
1065000 30
1066000 30
1067000 30
1068000 30
1069000 30
1070000 30
1071000 30
1072000 30
1073000 30
1074000 30
1075000 30
1076000 30
1077000 30
1078000 30
1079000 30
1080000 30
1081000 30
1082000 30
1083000 30
1084000 30
1085000 30
1086000 30
1087000 30
1088000 30
1089000 30
1090000 30
1091000 30
1092000 30
1093000 30
1094000 30
1095000 30
1096000 30
1097000 30
1098000 30
1099000 30
1100000 30
1101000 30
1102000 30
1103000 30
1104000 30
1105000 30
1106000 30
1107000 30
1108000 30
1109000 30
1110000 30
1111000 30
1112000 30
1113000 30
1114000 30
1115000 30
1116000 30
1117000 30
1118000 30
1119000 30
1120000 30
1121000 30
1122000 30
1123000 30
1124000 30
1125000 30
1126000 30
1127000 30
1128000 30
1129000 30
1130000 30
1131000 30
1132000 30
1133000 30
1134000 30
1135000 30
1136000 30
1137000 30
1138000 30
1139000 30
1140000 30
1141000 30
1142000 30
1143000 30
1144000 30
1145000 30
1146000 30
1147000 30
1148000 30
1149000 30
1150000 30
1151000 30
1152000 30
1153000 30
1154000 30
1155000 30
1156000 30
1157000 30
1158000 30
1159000 30
1160000 30
1161000 30
1162000 30
1163000 30
1164000 30
1165000 30
1166000 30
1167000 30
1168000 30
1169000 30
1170000 30
1171000 30
1172000 30
1173000 30
1174000 30
1175000 30
1176000 30
1177000 30
1178000 30
1179000 30
1180000 30
1181000 30
1182000 30
1183000 30
1184000 30
1185000 30
1186000 30
1187000 30
1188000 30
1189000 30
1190000 30
1191000 30
1192000 30
1193000 30
1194000 30
1195000 30
1196000 30
1197000 30
1198000 30
1199000 30
1200000 30
1201000 30
1202000 30
1203000 30
1204000 30
1205000 30
1206000 30
1207000 30
1208000 30
1209000 30
1210000 30
1211000 30
1212000 30
1213000 30
1214000 30
1215000 30
1216000 30
1217000 30
1218000 30
1219000 30
1220000 30
1221000 30
1222000 30
1223000 30
1224000 30
1225000 30
1226000 30
1227000 30
1228000 30
1229000 30
1230000 30
1231000 30
1232000 30
1233000 30
1234000 30
1235000 30
1236000 30
1237000 30
1238000 30
1239000 30
1240000 30
1241000 30
1242000 30
1243000 30
1244000 30
1245000 30
1246000 30
1247000 30
1248000 30
1249000 30
1250000 30
1251000 30
1252000 30
1253000 30
1254000 30
1255000 30
1256000 30
1257000 30
1258000 30
1259000 30
1260000 30
1261000 30
1262000 30
1263000 30
1264000 30
1265000 30
1266000 30
1267000 30
1268000 30
1269000 30
1270000 30
1271000 30
1272000 30
1273000 30
1274000 30
1275000 30
1276000 30
1277000 30
1278000 30
1279000 30
1280000 30
1281000 30
1282000 30
1283000 30
1284000 30
1285000 30
1286000 30
1287000 30
1288000 30
1289000 30
1290000 30
1291000 30
1292000 30
1293000 30
1294000 30
1295000 30
1296000 30
1297000 30
1298000 30
1299000 30
1300000 30
1301000 30
1302000 30
1303000 30
1304000 30
1305000 30
1306000 30
1307000 30
1308000 30
1309000 30
1310000 30
1311000 30
1312000 30
1313000 30
1314000 30
1315000 30
1316000 30
1317000 30
1318000 30
1319000 30
1320000 30
1321000 30
1322000 30
1323000 30
1324000 30
1325000 30
1326000 30
1327000 30
1328000 30
1329000 30
1330000 30
1331000 30
1332000 30
1333000 30
1334000 30
1335000 30
1336000 30
1337000 30
1338000 30
1339000 30
1340000 30
1341000 30
1342000 30
1343000 30
1344000 30
1345000 30
1346000 30
1347000 30
1348000 30
1349000 30
1350000 30
1351000 30
1352000 30
1353000 30
1354000 30
1355000 30
1356000 30
1357000 30
1358000 30
1359000 30
1360000 30
1361000 30
1362000 30
1363000 30
1364000 30
1365000 30
1366000 30
1367000 30
1368000 30
1369000 30
1370000 30
1371000 30
1372000 30
1373000 30
1374000 30
1375000 30
1376000 30
1377000 30
1378000 30
1379000 30
1380000 30
1381000 30
1382000 30
1383000 30
1384000 30
1385000 30
1386000 30
1387000 30
1388000 30
1389000 30
1390000 30
1391000 30
1392000 30
1393000 30
1394000 30
1395000 30
1396000 30
1397000 30
1398000 30
1399000 30
1400000 30
1401000 30
1402000 30
1403000 30
1404000 30
1405000 30
1406000 30
1407000 30
1408000 30
1409000 30
1410000 30
1411000 30
1412000 30
1413000 30
1414000 30
1415000 30
1416000 30
1417000 30
1418000 30
1419000 30
1420000 30
1421000 30
1422000 30
1423000 30
1424000 30
1425000 30
1426000 30
1427000 30
1428000 30
1429000 30
1430000 30
1431000 30
1432000 30
1433000 30
1434000 30
1435000 30
1436000 30
1437000 30
1438000 30
1439000 30
1440000 30
1441000 30
1442000 30
1443000 30
1444000 30
1445000 30
1446000 30
1447000 30
1448000 30
1449000 30
1450000 30
1451000 30
1452000 30
1453000 30
1454000 30
1455000 30
1456000 30
1457000 30
1458000 30
1459000 30
1460000 30
1461000 30
1462000 30
1463000 30
1464000 30
1465000 30
1466000 30
1467000 30
1468000 30
1469000 30
1470000 30
1471000 30
1472000 30
1473000 30
1474000 30
1475000 30
1476000 30
1477000 30
1478000 30
1479000 30
1480000 30
1481000 30
1482000 30
1483000 30
1484000 30
1485000 30
1486000 30
1487000 30
1488000 30
1489000 30
1490000 30
1491000 30
1492000 30
1493000 30
1494000 30
1495000 30
1496000 30
1497000 30
1498000 30
1499000 30
1500000 30
1501000 30
1502000 30
1503000 30
1504000 30
1505000 30
1506000 30
1507000 30
1508000 30
1509000 30
1510000 30
1511000 30
1512000 30
1513000 30
1514000 30
1515000 30
1516000 30
1517000 30
1518000 30
1519000 30
1520000 30
1521000 30
1522000 30
1523000 30
1524000 30
1525000 30
1526000 30
1527000 30
1528000 30
1529000 30
1530000 30
1531000 30
1532000 30
1533000 30
1534000 30
1535000 30
1536000 30
1537000 30
1538000 30
1539000 30
1540000 30
1541000 30
1542000 30
1543000 30
1544000 30
1545000 30
1546000 30
1547000 30
1548000 30
1549000 30
1550000 30
1551000 30
1552000 30
1553000 30
1554000 30
1555000 30
1556000 30
1557000 30
1558000 30
1559000 30
1560000 30
1561000 30
1562000 30
1563000 30
1564000 30
1565000 30
1566000 30
1567000 30
1568000 30
1569000 30
1570000 30
1571000 30
1572000 30
1573000 30
1574000 30
1575000 30
1576000 30
1577000 30
1578000 30
1579000 30
1580000 30
1581000 30
1582000 30
1583000 30
1584000 30
1585000 30
1586000 30
1587000 30
1588000 30
1589000 30
1590000 30
1591000 30
1592000 30
1593000 30
1594000 30
1595000 30
1596000 30
1597000 30
1598000 30
1599000 30
1600000 30
1601000 30
1602000 30
1603000 30
1604000 30
1605000 30
1606000 30
1607000 30
1608000 30
1609000 30
1610000 30
1611000 30
1612000 30
1613000 30
1614000 30
1615000 30
1616000 30
1617000 30
1618000 30
1619000 30
1620000 30
1621000 30
1622000 30
1623000 30
1624000 30
1625000 30
1626000 30
1627000 30
1628000 30
1629000 30
1630000 30
1631000 30
1632000 30
1633000 30
1634000 30
1635000 30
1636000 30
1637000 30
1638000 30
1639000 30
1640000 30
1641000 30
1642000 30
1643000 30
1644000 30
1645000 30
1646000 30
1647000 30
1648000 30
1649000 30
1650000 30
1651000 30
1652000 30
1653000 30
1654000 30
1655000 30
1656000 30
1657000 30
1658000 30
1659000 30
1660000 30
1661000 30
1662000 30
1663000 30
1664000 30
1665000 30
1666000 30
1667000 30
1668000 30
1669000 30
1670000 30
1671000 30
1672000 30
1673000 30
1674000 30
1675000 30
1676000 30
1677000 30
1678000 30
1679000 30
1680000 30
1681000 30
1682000 30
1683000 30
1684000 30
1685000 30
1686000 30
1687000 30
1688000 30
1689000 30
1690000 30
1691000 30
1692000 30
1693000 30
1694000 30
1695000 30
1696000 30
1697000 30
1698000 30
1699000 30
1700000 30
1701000 30
1702000 30
1703000 30
1704000 30
1705000 30
1706000 30
1707000 30
1708000 30
1709000 30
1710000 30
1711000 30
1712000 30
1713000 30
1714000 30
1715000 30
1716000 30
1717000 30
1718000 30
1719000 30
1720000 30
1721000 30
1722000 30
1723000 30
1724000 30
1725000 30
1726000 30
1727000 30
1728000 30
1729000 30
1730000 30
1731000 30
1732000 30
1733000 30
1734000 30
1735000 30
1736000 30
1737000 30
1738000 30
1739000 30
1740000 30
1741000 30
1742000 30
1743000 30
1744000 30
1745000 30
1746000 30
1747000 30
1748000 30
1749000 30
1750000 30
1751000 30
1752000 30
1753000 30
1754000 30
1755000 30
1756000 30
1757000 30
1758000 30
1759000 30
1760000 30
1761000 30
1762000 30
1763000 30
1764000 30
1765000 30
1766000 30
1767000 30
1768000 30
1769000 30
1770000 30
1771000 30
1772000 30
1773000 30
1774000 30
1775000 30
1776000 30
1777000 30
1778000 30
1779000 30
1780000 30
1781000 30
1782000 30
1783000 30
1784000 30
1785000 30
1786000 30
1787000 30
1788000 30
1789000 30
1790000 30
1791000 30
1792000 30
1793000 30
1794000 30
1795000 30
1796000 30
1797000 30
1798000 30
1799000 30
1800000 30
1801000 30
1802000 30
1803000 30
1804000 30
1805000 30
1806000 30
1807000 30
1808000 30
1809000 30
1810000 30
1811000 30
1812000 30
1813000 30
1814000 30
1815000 30
1816000 30
1817000 30
1818000 30
1819000 30
1820000 30
1821000 30
1822000 30
1823000 30
1824000 30
1825000 30
1826000 30
1827000 30
1828000 30
1829000 30
1830000 30
1831000 30
1832000 30
1833000 30
1834000 30
1835000 30
1836000 30
1837000 30
1838000 30
1839000 30
1840000 30
1841000 30
1842000 30
1843000 30
1844000 30
1845000 30
1846000 30
1847000 30
1848000 30
1849000 30
1850000 30
1851000 30
1852000 30
1853000 30
1854000 30
1855000 30
1856000 30
1857000 30
1858000 30
1859000 30
1860000 30
1861000 30
1862000 30
1863000 30
1864000 30
1865000 30
1866000 30
1867000 30
1868000 30
1869000 30
1870000 30
1871000 30
1872000 30
1873000 30
1874000 30
1875000 30
1876000 30
1877000 30
1878000 30
1879000 30
1880000 30
1881000 30
1882000 30
1883000 30
1884000 30
1885000 30
1886000 30
1887000 30
1888000 30
1889000 30
1890000 30
1891000 30
1892000 30
1893000 30
1894000 30
1895000 30
1896000 30
1897000 30
1898000 30
1899000 30
1900000 30
1901000 30
1902000 30
1903000 30
1904000 30
1905000 30
1906000 30
1907000 30
1908000 30
1909000 30
1910000 30
1911000 30
1912000 30
1913000 30
1914000 30
1915000 30
1916000 30
1917000 30
1918000 30
1919000 30
1920000 30
1921000 30
1922000 30
1923000 30
1924000 30
1925000 30
1926000 30
1927000 30
1928000 30
1929000 30
1930000 30
1931000 30
1932000 30
1933000 30
1934000 30
1935000 30
1936000 30
1937000 30
1938000 30
1939000 30
1940000 30
1941000 30
1942000 30
1943000 30
1944000 30
1945000 30
1946000 30
1947000 30
1948000 30
1949000 30
1950000 30
1951000 30
1952000 30
1953000 30
1954000 30
1955000 30
1956000 30
1957000 30
1958000 30
1959000 30
1960000 30
1961000 30
1962000 30
1963000 30
1964000 30
1965000 30
1966000 30
1967000 30
1968000 30
1969000 30
1970000 30
1971000 30
1972000 30
1973000 30
1974000 30
1975000 30
1976000 30
1977000 30
1978000 30
1979000 30
1980000 30
1981000 30
1982000 30
1983000 30
1984000 30
1985000 30
1986000 30
1987000 30
1988000 30
1989000 30
1990000 30
1991000 30
1992000 30
1993000 30
1994000 30
1995000 30
1996000 30
1997000 30
1998000 30
1999000 30
2000000 30
2001000 30
2002000 30
2003000 30
2004000 30
2005000 30
2006000 30
2007000 30
2008000 30
2009000 30
2010000 30
2011000 30
2012000 30
2013000 30
2014000 30
2015000 30
2016000 30
2017000 30
2018000 30
2019000 30
2020000 30
2021000 30
2022000 30
2023000 30
2024000 30
2025000 30
2026000 30
2027000 30
2028000 30
2029000 30
2030000 30
2031000 30
2032000 30
2033000 30
2034000 30
2035000 30
2036000 30
2037000 30
2038000 30
2039000 30
2040000 30
2041000 30
2042000 30
2043000 30
2044000 30
2045000 30
2046000 30
2047000 30
2048000 30
2049000 30
2050000 30
2051000 30
2052000 30
2053000 30
2054000 30
2055000 30
2056000 30
2057000 30
2058000 30
2059000 30
2060000 30
2061000 30
2062000 30
2063000 30
2064000 30
2065000 30
2066000 30
2067000 30
2068000 30
2069000 30
2070000 30
2071000 30
2072000 30
2073000 30
2074000 30
2075000 30
2076000 30
2077000 30
2078000 30
2079000 30
2080000 30
2081000 30
2082000 30
2083000 30
2084000 30
2085000 30
2086000 30
2087000 30
2088000 30
2089000 30
2090000 30
2091000 30
2092000 30
2093000 30
2094000 30
2095000 30
2096000 30
2097000 30
2098000 30
2099000 30
2100000 30
2101000 30
2102000 30
2103000 30
2104000 30
2105000 30
2106000 30
2107000 30
2108000 30
2109000 30
2110000 30
2111000 30
2112000 30
2113000 30
2114000 30
2115000 30
2116000 30
2117000 30
2118000 30
2119000 30
2120000 30
2121000 30
2122000 30
2123000 30
2124000 30
2125000 30
2126000 30
2127000 30
2128000 30
2129000 30
2130000 30
2131000 30
2132000 30
2133000 30
2134000 30
2135000 30
2136000 30
2137000 30
2138000 30
2139000 30
2140000 30
2141000 30
2142000 30
2143000 30
2144000 30
2145000 30
2146000 30
2147000 30
2148000 30
2149000 30
2150000 30
2151000 30
2152000 30
2153000 30
2154000 30
2155000 30
2156000 30
2157000 30
2158000 30
2159000 30
2160000 30
2161000 30
2162000 30
2163000 30
2164000 30
2165000 30
2166000 30
2167000 30
2168000 30
2169000 30
2170000 30
2171000 30
2172000 30
2173000 30
2174000 30
2175000 30
2176000 30
2177000 30
2178000 30
2179000 30
2180000 30
2181000 30
2182000 30
2183000 30
2184000 30
2185000 30
2186000 30
2187000 30
2188000 30
2189000 30
2190000 30
2191000 30
2192000 30
2193000 30
2194000 30
2195000 30
2196000 30
2197000 30
2198000 30
2199000 30
2200000 30
2201000 30
2202000 30
2203000 30
2204000 30
2205000 30
2206000 30
2207000 30
2208000 30
2209000 30
2210000 30
2211000 30
2212000 30
2213000 30
2214000 30
2215000 30
2216000 30
2217000 30
2218000 30
2219000 30
2220000 30
2221000 30
2222000 30
2223000 30
2224000 30
2225000 30
2226000 30
2227000 30
2228000 30
2229000 30
2230000 30
2231000 30
2232000 30
2233000 30
2234000 30
2235000 30
2236000 30
2237000 30
2238000 30
2239000 30
2240000 30
2241000 30
2242000 30
2243000 30
2244000 30
2245000 30
2246000 30
2247000 30
2248000 30
2249000 30
2250000 30
2251000 30
2252000 30
2253000 30
2254000 30
2255000 30
2256000 30
2257000 30
2258000 30
2259000 30
2260000 30
2261000 30
2262000 30
2263000 30
2264000 30
2265000 30
2266000 30
2267000 30
2268000 30
2269000 30
2270000 30
2271000 30
2272000 30
2273000 30
2274000 30
2275000 30
2276000 30
2277000 30
2278000 30
2279000 30
2280000 30
2281000 30
2282000 30
2283000 30
2284000 30
2285000 30
2286000 30
2287000 30
2288000 30
2289000 30
2290000 30
2291000 30
2292000 30
2293000 30
2294000 30
2295000 30
2296000 30
2297000 30
2298000 30
2299000 30
2300000 30
2301000 30
2302000 30
2303000 30
2304000 30
2305000 30
2306000 30
2307000 30
2308000 30
2309000 30
2310000 30
2311000 30
2312000 30
2313000 30
2314000 30
2315000 30
2316000 30
2317000 30
2318000 30
2319000 30
2320000 30
2321000 30
2322000 30
2323000 30
2324000 30
2325000 30
2326000 30
2327000 30
2328000 30
2329000 30
2330000 30
2331000 30
2332000 30
2333000 30
2334000 30
2335000 30
2336000 30
2337000 30
2338000 30
2339000 30
2340000 30
2341000 30
2342000 30
2343000 30
2344000 30
2345000 30
2346000 30
2347000 30
2348000 30
2349000 30
2350000 30
2351000 30
2352000 30
2353000 30
2354000 30
2355000 30
2356000 30
2357000 30
2358000 30
2359000 30
2360000 30
2361000 30
2362000 30
2363000 30
2364000 30
2365000 30
2366000 30
2367000 30
2368000 30
2369000 30
2370000 30
2371000 30
2372000 30
2373000 30
2374000 30
2375000 30
2376000 30
2377000 30
2378000 30
2379000 30
2380000 30
2381000 30
2382000 30
2383000 30
2384000 30
2385000 30
2386000 30
2387000 30
2388000 30
2389000 30
2390000 30
2391000 30
2392000 30
2393000 30
2394000 30
2395000 30
2396000 30
2397000 30
2398000 30
2399000 30
2400000 30
2401000 30
2402000 30
2403000 30
2404000 30
2405000 30
2406000 30
2407000 30
2408000 30
2409000 30
2410000 30
2411000 30
2412000 30
2413000 30
2414000 30
2415000 30
2416000 30
2417000 30
2418000 30
2419000 30
2420000 30
2421000 30
2422000 30
2423000 30
2424000 30
2425000 30
2426000 30
2427000 30
2428000 30
2429000 30
2430000 30
2431000 30
2432000 30
2433000 30
2434000 30
2435000 30
2436000 30
2437000 30
2438000 30
2439000 30
2440000 30
2441000 30
2442000 30
2443000 30
2444000 30
2445000 30
2446000 30
2447000 30
2448000 30
2449000 30
2450000 30
2451000 30
2452000 30
2453000 30
2454000 30
2455000 30
2456000 30
2457000 30
2458000 30
2459000 30
2460000 30
2461000 30
2462000 30
2463000 30
2464000 30
2465000 30
2466000 30
2467000 30
2468000 30
2469000 30
2470000 30
2471000 30
2472000 30
2473000 30
2474000 30
2475000 30
2476000 30
2477000 30
2478000 30
2479000 30
2480000 30
2481000 30
2482000 30
2483000 30
2484000 30
2485000 30
2486000 30
2487000 30
2488000 30
2489000 30
2490000 30
2491000 30
2492000 30
2493000 30
2494000 30
2495000 30
2496000 30
2497000 30
2498000 30
2499000 30
2500000 30
2501000 30
2502000 30
2503000 30
2504000 30
2505000 30
2506000 30
2507000 30
2508000 30
2509000 30
2510000 30
2511000 30
2512000 30
2513000 30
2514000 30
2515000 30
2516000 30
2517000 30
2518000 30
2519000 30
2520000 30
2521000 30
2522000 30
2523000 30
2524000 30
2525000 30
2526000 30
2527000 30
2528000 30
2529000 30
2530000 30
2531000 30
2532000 30
2533000 30
2534000 30
2535000 30
2536000 30
2537000 30
2538000 30
2539000 30
2540000 30
2541000 30
2542000 30
2543000 30
2544000 30
2545000 30
2546000 30
2547000 30
2548000 30
2549000 30
2550000 30
2551000 30
2552000 30
2553000 30
2554000 30
2555000 30
2556000 30
2557000 30
2558000 30
2559000 30
2560000 30
2561000 30
2562000 30
2563000 30
2564000 30
2565000 30
2566000 30
2567000 30
2568000 30
2569000 30
2570000 30
2571000 30
2572000 30
2573000 30
2574000 30
2575000 30
2576000 30
2577000 30
2578000 30
2579000 30
2580000 30
2581000 30
2582000 30
2583000 30
2584000 30
2585000 30
2586000 30
2587000 30
2588000 30
2589000 30
2590000 30
2591000 30
2592000 30
2593000 30
2594000 30
2595000 30
2596000 30
2597000 30
2598000 30
2599000 30
2600000 30
2601000 30
2602000 30
2603000 30
2604000 30
2605000 30
2606000 30
2607000 30
2608000 30
2609000 30
2610000 30
2611000 30
2612000 30
2613000 30
2614000 30
2615000 30
2616000 30
2617000 30
2618000 30
2619000 30
2620000 30
2621000 30
2622000 30
2623000 30
2624000 30
2625000 30
2626000 30
2627000 30
2628000 30
2629000 30
2630000 30
2631000 30
2632000 30
2633000 30
2634000 30
2635000 30
2636000 30
2637000 30
2638000 30
2639000 30
2640000 30
2641000 30
2642000 30
2643000 30
2644000 30
2645000 30
2646000 30
2647000 30
2648000 30
2649000 30
2650000 30
2651000 30
2652000 30
2653000 30
2654000 30
2655000 30
2656000 30
2657000 30
2658000 30
2659000 30
2660000 30
2661000 30
2662000 30
2663000 30
2664000 30
2665000 30
2666000 30
2667000 30
2668000 30
2669000 30
2670000 30
2671000 30
2672000 30
2673000 30
2674000 30
2675000 30
2676000 30
2677000 30
2678000 30
2679000 30
2680000 30
2681000 30
2682000 30
2683000 30
2684000 30
2685000 30
2686000 30
2687000 30
2688000 30
2689000 30
2690000 30
2691000 30
2692000 30
2693000 30
2694000 30
2695000 30
2696000 30
2697000 30
2698000 30
2699000 30
2700000 30
2701000 30
2702000 30
2703000 30
2704000 30
2705000 30
2706000 30
2707000 30
2708000 30
2709000 30
2710000 30
2711000 30
2712000 30
2713000 30
2714000 30
2715000 30
2716000 30
2717000 30
2718000 30
2719000 30
2720000 30
2721000 30
2722000 30
2723000 30
2724000 30
2725000 30
2726000 30
2727000 30
2728000 30
2729000 30
2730000 30
2731000 30
2732000 30
2733000 30
2734000 30
2735000 30
2736000 30
2737000 30
2738000 30
2739000 30
2740000 30
2741000 30
2742000 30
2743000 30
2744000 30
2745000 30
2746000 30
2747000 30
2748000 30
2749000 30
2750000 30
2751000 30
2752000 30
2753000 30
2754000 30
2755000 30
2756000 30
2757000 30
2758000 30
2759000 30
2760000 30
2761000 30
2762000 30
2763000 30
2764000 30
2765000 30
2766000 30
2767000 30
2768000 30
2769000 30
2770000 30
2771000 30
2772000 30
2773000 30
2774000 30
2775000 30
2776000 30
2777000 30
2778000 30
2779000 30
2780000 30
2781000 30
2782000 30
2783000 30
2784000 30
2785000 30
2786000 30
2787000 30
2788000 30
2789000 30
2790000 30
2791000 30
2792000 30
2793000 30
2794000 30
2795000 30
2796000 30
2797000 30
2798000 30
2799000 30
2800000 30
2801000 30
2802000 30
2803000 30
2804000 30
2805000 30
2806000 30
2807000 30
2808000 30
2809000 30
2810000 30
2811000 30
2812000 30
2813000 30
2814000 30
2815000 30
2816000 30
2817000 30
2818000 30
2819000 30
2820000 30
2821000 30
2822000 30
2823000 30
2824000 30
2825000 30
2826000 30
2827000 30
2828000 30
2829000 30
2830000 30
2831000 30
2832000 30
2833000 30
2834000 30
2835000 30
2836000 30
2837000 30
2838000 30
2839000 30
2840000 30
2841000 30
2842000 30
2843000 30
2844000 30
2845000 30
2846000 30
2847000 30
2848000 30
2849000 30
2850000 30
2851000 30
2852000 30
2853000 30
2854000 30
2855000 30
2856000 30
2857000 30
2858000 30
2859000 30
2860000 30
2861000 30
2862000 30
2863000 30
2864000 30
2865000 30
2866000 30
2867000 30
2868000 30
2869000 30
2870000 30
2871000 30
2872000 30
2873000 30
2874000 30
2875000 30
2876000 30
2877000 30
2878000 30
2879000 30
2880000 30
2881000 30
2882000 30
2883000 30
2884000 30
2885000 30
2886000 30
2887000 30
2888000 30
2889000 30
2890000 30
2891000 30
2892000 30
2893000 30
2894000 30
2895000 30
2896000 30
2897000 30
2898000 30
2899000 30
2900000 30
2901000 30
2902000 30
2903000 30
2904000 30
2905000 30
2906000 30
2907000 30
2908000 30
2909000 30
2910000 30
2911000 30
2912000 30
2913000 30
2914000 30
2915000 30
2916000 30
2917000 30
2918000 30
2919000 30
2920000 31
2921000 31
2922000 31
2923000 31
2924000 31
2925000 31
2926000 31
2927000 32
2928000 32
2929000 32
2930000 32
2931000 32
2932000 32
2933000 32
2934000 32
2935000 32
2936000 32
2937000 32
2938000 33
2939000 33
2940000 33
2941000 33
2942000 33
2943000 33
2944000 33
2945000 33
2946000 33
2947000 33
2948000 33
2949000 33
2950000 33
2951000 33
2952000 33
2953000 34
2954000 34
2955000 34
2956000 34
2957000 34
2958000 34
2959000 34
2960000 34
2961000 34
2962000 34
2963000 34
2964000 35
2965000 35
2966000 35
2967000 35
2968000 35
2969000 35
2970000 35
2971000 35
2972000 35
2973000 35
2974000 35
2975000 35
2976000 35
2977000 35
2978000 35
2979000 35
2980000 35
2981000 35
2982000 35
2983000 35
2984000 35
2985000 35
2986000 35
2987000 35
2988000 35
2989000 35
2990000 36
2991000 36
2992000 36
2993000 36
2994000 36
2995000 36
2996000 36
2997000 36
2998000 36
2999000 36
3000000 36
3001000 36
3002000 36
3003000 37
3004000 37
3005000 37
3006000 37
3007000 37
3008000 37
3009000 37
3010000 37
3011000 37
3012000 37
3013000 37
3014000 37
3015000 37
3016000 37
3017000 37
3018000 37
3019000 37
3020000 37
3021000 37
3022000 38
3023000 38
3024000 38
3025000 38
3026000 38
3027000 38
3028000 38
3029000 38
3030000 38
3031000 38
3032000 38
3033000 38
3034000 38
3035000 38
3036000 38
3037000 38
3038000 38
3039000 38
3040000 38
3041000 39
3042000 39
3043000 39
3044000 39
3045000 39
3046000 39
3047000 39
3048000 39
3049000 39
3050000 39
3051000 39
3052000 39
3053000 39
3054000 39
3055000 39
3056000 39
3057000 39
3058000 39
3059000 39
3060000 39
3061000 39
3062000 39
3063000 39
3064000 39
3065000 39
3066000 39
3067000 39
3068000 39
3069000 39
3070000 39
3071000 39
3072000 39
3073000 39
3074000 39
3075000 39
3076000 39
3077000 39
3078000 39
3079000 39
3080000 39
3081000 40
3082000 40
3083000 40
3084000 40
3085000 40
3086000 40
3087000 40
3088000 40
3089000 40
3090000 40
3091000 40
3092000 40
3093000 40
3094000 40
3095000 40
3096000 40
3097000 40
3098000 40
3099000 40
3100000 40
3101000 40
3102000 40
3103000 40
3104000 40
3105000 40
3106000 40
3107000 40
3108000 40
3109000 40
3110000 40
3111000 40
3112000 40
3113000 40
3114000 40
3115000 40
3116000 40
3117000 40
3118000 41
3119000 41
3120000 41
3121000 41
3122000 41
3123000 41
3124000 41
3125000 41
3126000 41
3127000 41
3128000 41
3129000 41
3130000 41
3131000 41
3132000 41
3133000 41
3134000 41
3135000 41
3136000 41
3137000 41
3138000 41
3139000 41
3140000 41
3141000 41
3142000 41
3143000 41
3144000 41
3145000 41
3146000 41
3147000 41
3148000 41
3149000 41
3150000 41
3151000 41
3152000 41
3153000 41
3154000 41
3155000 41
3156000 41
3157000 41
3158000 41
3159000 41
3160000 41
3161000 41
3162000 41
3163000 42
3164000 42
3165000 42
3166000 42
3167000 42
3168000 42
3169000 42
3170000 42
3171000 42
3172000 42
3173000 42
3174000 42
3175000 42
3176000 42
3177000 42
3178000 42
3179000 42
3180000 42
3181000 42
3182000 42
3183000 42
3184000 42
3185000 42
3186000 42
3187000 42
3188000 42
3189000 42
3190000 42
3191000 42
3192000 42
3193000 42
3194000 42
3195000 42
3196000 42
3197000 42
3198000 42
3199000 42
3200000 42
3201000 42
3202000 42
3203000 42
3204000 42
3205000 42
3206000 42
3207000 42
3208000 42
3209000 42
3210000 42
3211000 42
3212000 42
3213000 42
3214000 42
3215000 42
3216000 42
3217000 42
3218000 42
3219000 42
3220000 42
3221000 42
3222000 42
3223000 42
3224000 42
3225000 42
3226000 42
3227000 42
3228000 42
3229000 42
3230000 42
3231000 42
3232000 42
3233000 42
3234000 42
3235000 42
3236000 42
3237000 42
3238000 42
3239000 42
3240000 42
3241000 42
3242000 42
3243000 42
3244000 42
3245000 42
3246000 42
3247000 42
3248000 42
3249000 42
3250000 42
3251000 42
3252000 42
3253000 42
3254000 42
3255000 42
3256000 42
3257000 42
3258000 42
3259000 42
3260000 42
3261000 42
3262000 42
3263000 42
3264000 42
3265000 42
3266000 42
3267000 42
3268000 42
3269000 42
3270000 42
3271000 42
3272000 42
3273000 42
3274000 42
3275000 42
3276000 42
3277000 42
3278000 42
3279000 42
3280000 42
3281000 42
3282000 42
3283000 42
3284000 42
3285000 42
3286000 42
3287000 42
3288000 42
3289000 42
3290000 42
3291000 42
3292000 42
3293000 42
3294000 42
3295000 42
3296000 42
3297000 42
3298000 42
3299000 42
3300000 42
3301000 42
3302000 42
3303000 42
3304000 42
3305000 42
3306000 42
3307000 42
3308000 42
3309000 42
3310000 42
3311000 42
3312000 42
3313000 42
3314000 42
3315000 42
3316000 42
3317000 42
3318000 42
3319000 42
3320000 42
3321000 42
3322000 42
3323000 42
3324000 42
3325000 42
3326000 42
3327000 42
3328000 42
3329000 42
3330000 42
3331000 42
3332000 42
3333000 42
3334000 42
3335000 42
3336000 42
3337000 42
3338000 42
3339000 42
3340000 42
3341000 42
3342000 42
3343000 42
3344000 42
3345000 42
3346000 42
3347000 42
3348000 42
3349000 42
3350000 42
3351000 42
3352000 42
3353000 42
3354000 42
3355000 42
3356000 42
3357000 42
3358000 42
3359000 42
3360000 42
3361000 42
3362000 42
3363000 42
3364000 42
3365000 42
3366000 42
3367000 42
3368000 42
3369000 42
3370000 42
3371000 42
3372000 42
3373000 42
3374000 42
3375000 42
3376000 42
3377000 42
3378000 42
3379000 42
3380000 42
3381000 42
3382000 42
3383000 42
3384000 42
3385000 42
3386000 42
3387000 42
3388000 42
3389000 42
3390000 42
3391000 42
3392000 42
3393000 42
3394000 42
3395000 42
3396000 42
3397000 42
3398000 42
3399000 42
3400000 42
3401000 42
3402000 42
3403000 42
3404000 42
3405000 42
3406000 42
3407000 42
3408000 42
3409000 42
3410000 42
3411000 42
3412000 42
3413000 42
3414000 42
3415000 42
3416000 42
3417000 42
3418000 42
3419000 42
3420000 42
3421000 42
3422000 42
3423000 42
3424000 42
3425000 42
3426000 42
3427000 42
3428000 42
3429000 42
3430000 42
3431000 42
3432000 42
3433000 42
3434000 42
3435000 42
3436000 42
3437000 42
3438000 42
3439000 42
3440000 42
3441000 42
3442000 42
3443000 42
3444000 42
3445000 42
3446000 42
3447000 42
3448000 42
3449000 42
3450000 42
3451000 42
3452000 42
3453000 42
3454000 42
3455000 42
3456000 42
3457000 42
3458000 42
3459000 42
3460000 42
3461000 42
3462000 42
3463000 42
3464000 42
3465000 42
3466000 42
3467000 42
3468000 42
3469000 42
3470000 42
3471000 42
3472000 42
3473000 42
3474000 42
3475000 42
3476000 42
3477000 42
3478000 42
3479000 42
3480000 42
3481000 42
3482000 42
3483000 42
3484000 42
3485000 42
3486000 42
3487000 42
3488000 42
3489000 42
3490000 42
3491000 42
3492000 42
3493000 42
3494000 42
3495000 42
3496000 42
3497000 42
3498000 42
3499000 42
3500000 42
3501000 42
3502000 42
3503000 42
3504000 42
3505000 42
3506000 42
3507000 42
3508000 42
3509000 42
3510000 42
3511000 42
3512000 42
3513000 42
3514000 42
3515000 42
3516000 42
3517000 42
3518000 42
3519000 42
3520000 42
3521000 42
3522000 42
3523000 42
3524000 42
3525000 42
3526000 42
3527000 42
3528000 42
3529000 42
3530000 42
3531000 42
3532000 42
3533000 42
3534000 42
3535000 42
3536000 42
3537000 42
3538000 42
3539000 42
3540000 42
3541000 42
3542000 42
3543000 42
3544000 42
3545000 42
3546000 42
3547000 42
3548000 42
3549000 42
3550000 42
3551000 42
3552000 42
3553000 42
3554000 42
3555000 42
3556000 42
3557000 42
3558000 42
3559000 42
3560000 42
3561000 42
3562000 42
3563000 42
3564000 42
3565000 42
3566000 42
3567000 42
3568000 42
3569000 42
3570000 42
3571000 42
3572000 42
3573000 42
3574000 42
3575000 42
3576000 42
3577000 42
3578000 42
3579000 42
3580000 42
3581000 42
3582000 42
3583000 42
3584000 42
3585000 42
3586000 42
3587000 42
3588000 42
3589000 42
3590000 42
3591000 42
3592000 42
3593000 42
3594000 42
3595000 42
3596000 42
3597000 42
3598000 42
3599000 42
3600000 42
3601000 42
3602000 42
3603000 42
3604000 42
3605000 42
3606000 42
3607000 42
3608000 42
3609000 42
3610000 42
3611000 42
3612000 42
3613000 42
3614000 42
3615000 42
3616000 42
3617000 42
3618000 42
3619000 42
3620000 42
3621000 42
3622000 42
3623000 42
3624000 42
3625000 42
3626000 42
3627000 42
3628000 42
3629000 42
3630000 42
3631000 42
3632000 42
3633000 42
3634000 42
3635000 42
3636000 42
3637000 42
3638000 42
3639000 42
3640000 42
3641000 42
3642000 42
3643000 42
3644000 42
3645000 42
3646000 42
3647000 42
3648000 42
3649000 42
3650000 42
3651000 42
3652000 42
3653000 42
3654000 42
3655000 42
3656000 42
3657000 42
3658000 42
3659000 42
3660000 42
3661000 42
3662000 42
3663000 42
3664000 42
3665000 42
3666000 42
3667000 42
3668000 42
3669000 42
3670000 42
3671000 42
3672000 42
3673000 42
3674000 42
3675000 42
3676000 42
3677000 42
3678000 42
3679000 42
3680000 42
3681000 42
3682000 42
3683000 42
3684000 42
3685000 42
3686000 42
3687000 42
3688000 42
3689000 42
3690000 42
3691000 42
3692000 42
3693000 42
3694000 42
3695000 42
3696000 42
3697000 42
3698000 42
3699000 42
3700000 42
3701000 42
3702000 42
3703000 42
3704000 42
3705000 42
3706000 42
3707000 42
3708000 42
3709000 42
3710000 42
3711000 42
3712000 42
3713000 42
3714000 42
3715000 42
3716000 42
3717000 42
3718000 42
3719000 42
3720000 42
3721000 42
3722000 42
3723000 42
3724000 42
3725000 42
3726000 42
3727000 42
3728000 42
3729000 42
3730000 42
3731000 42
3732000 42
3733000 42
3734000 42
3735000 42
3736000 42
3737000 42
3738000 42
3739000 42
3740000 42
3741000 42
3742000 42
3743000 42
3744000 42
3745000 42
3746000 42
3747000 42
3748000 42
3749000 42
3750000 42
3751000 42
3752000 42
3753000 42
3754000 42
3755000 42
3756000 42
3757000 42
3758000 42
3759000 42
3760000 42
3761000 42
3762000 42
3763000 42
3764000 42
3765000 42
3766000 42
3767000 42
3768000 42
3769000 42
3770000 42
3771000 42
3772000 42
3773000 42
3774000 42
3775000 42
3776000 42
3777000 42
3778000 42
3779000 42
3780000 42
3781000 42
3782000 42
3783000 42
3784000 42
3785000 42
3786000 42
3787000 42
3788000 42
3789000 42
3790000 42
3791000 42
3792000 42
3793000 42
3794000 42
3795000 42
3796000 42
3797000 42
3798000 42
3799000 42
3800000 42
3801000 42
3802000 42
3803000 42
3804000 42
3805000 42
3806000 42
3807000 42
3808000 42
3809000 42
3810000 42
3811000 42
3812000 43
3813000 43
3814000 43
3815000 43
3816000 43
3817000 43
3818000 43
3819000 43
3820000 43
3821000 43
3822000 43
3823000 43
3824000 43
3825000 43
3826000 43
3827000 43
3828000 43
3829000 43
3830000 43
3831000 43
3832000 43
3833000 43
3834000 43
3835000 43
3836000 43
3837000 43
3838000 43
3839000 43
3840000 43
3841000 43
3842000 43
3843000 43
3844000 43
3845000 43
3846000 43
3847000 44
3848000 44
3849000 44
3850000 44
3851000 44
3852000 44
3853000 44
3854000 44
3855000 44
3856000 44
3857000 44
3858000 44
3859000 44
3860000 44
3861000 44
3862000 44
3863000 44
3864000 44
3865000 44
3866000 44
3867000 44
3868000 44
3869000 44
3870000 44
3871000 44
3872000 45
3873000 45
3874000 45
3875000 45
3876000 45
3877000 45
3878000 45
3879000 45
3880000 45
3881000 45
3882000 45
3883000 45
3884000 45
3885000 45
3886000 45
3887000 45
3888000 45
3889000 45
3890000 45
3891000 46
3892000 46
3893000 46
3894000 46
3895000 46
3896000 46
3897000 46
3898000 46
3899000 46
3900000 46
3901000 46
3902000 46
3903000 46
3904000 46
3905000 46
3906000 46
3907000 46
3908000 46
3909000 46
3910000 46
3911000 46
3912000 46
3913000 46
3914000 46
3915000 46
3916000 46
3917000 46
3918000 46
3919000 46
3920000 46
3921000 46
3922000 46
3923000 46
3924000 46
3925000 46
3926000 46
3927000 46
3928000 46
3929000 46
3930000 46
3931000 46
3932000 46
3933000 46
3934000 46
3935000 46
3936000 46
3937000 46
3938000 46
3939000 46
3940000 46
3941000 46
3942000 46
3943000 46
3944000 46
3945000 46
3946000 46
3947000 46
3948000 46
3949000 46
3950000 46
3951000 46
3952000 46
3953000 46
3954000 46
3955000 46
3956000 46
3957000 46
3958000 46
3959000 46
3960000 46
3961000 46
3962000 46
3963000 46
3964000 46
3965000 46
3966000 46
3967000 46
3968000 46
3969000 46
3970000 46
3971000 46
3972000 46
3973000 46
3974000 46
3975000 46
3976000 46
3977000 46
3978000 46
3979000 46
3980000 46
3981000 46
3982000 46
3983000 46
3984000 46
3985000 46
3986000 46
3987000 46
3988000 46
3989000 46
3990000 46
3991000 46
3992000 46
3993000 46
3994000 46
3995000 46
3996000 46
3997000 46
3998000 46
3999000 46
4000000 46
4001000 46
4002000 46
4003000 46
4004000 46
4005000 46
4006000 46
4007000 46
4008000 46
4009000 46
4010000 46
4011000 46
4012000 46
4013000 46
4014000 46
4015000 46
4016000 46
4017000 46
4018000 46
4019000 46
4020000 46
4021000 46
4022000 46
4023000 46
4024000 46
4025000 46
4026000 46
4027000 46
4028000 46
4029000 46
4030000 46
4031000 46
4032000 46
4033000 46
4034000 46
4035000 46
4036000 47
4037000 47
4038000 47
4039000 47
4040000 47
4041000 47
4042000 47
4043000 47
4044000 47
4045000 47
4046000 47
4047000 47
4048000 47
4049000 47
4050000 47
4051000 47
4052000 47
4053000 47
4054000 47
4055000 47
4056000 47
4057000 47
4058000 47
4059000 47
4060000 47
4061000 47
4062000 47
4063000 47
4064000 47
4065000 47
4066000 47
4067000 47
4068000 47
4069000 47
4070000 47
4071000 47
4072000 47
4073000 47
4074000 47
4075000 47
4076000 47
4077000 47
4078000 47
4079000 47
4080000 47
4081000 47
4082000 47
4083000 47
4084000 47
4085000 47
4086000 47
4087000 47
4088000 47
4089000 47
4090000 47
4091000 47
4092000 47
4093000 47
4094000 47
4095000 47
4096000 47
4097000 47
4098000 47
4099000 47
4100000 47
4101000 47
4102000 47
4103000 47
4104000 47
4105000 47
4106000 47
4107000 47
4108000 47
4109000 47
4110000 47
4111000 47
4112000 47
4113000 47
4114000 47
4115000 47
4116000 47
4117000 47
4118000 47
4119000 47
4120000 47
4121000 47
4122000 47
4123000 47
4124000 47
4125000 47
4126000 47
4127000 47
4128000 47
4129000 47
4130000 47
4131000 47
4132000 47
4133000 47
4134000 47
4135000 47
4136000 47
4137000 47
4138000 47
4139000 47
4140000 47
4141000 47
4142000 47
4143000 47
4144000 47
4145000 47
4146000 47
4147000 47
4148000 47
4149000 47
4150000 47
4151000 47
4152000 47
4153000 47
4154000 47
4155000 47
4156000 47
4157000 47
4158000 47
4159000 47
4160000 47
4161000 47
4162000 47
4163000 47
4164000 47
4165000 47
4166000 47
4167000 47
4168000 47
4169000 47
4170000 47
4171000 47
4172000 47
4173000 47
4174000 47
4175000 47
4176000 47
4177000 47
4178000 47
4179000 47
4180000 47
4181000 47
4182000 47
4183000 47
4184000 47
4185000 47
4186000 47
4187000 47
4188000 47
4189000 47
4190000 47
4191000 47
4192000 47
4193000 47
4194000 47
4195000 47
4196000 47
4197000 47
4198000 47
4199000 47
4200000 47
4201000 47
4202000 47
4203000 47
4204000 47
4205000 47
4206000 47
4207000 47
4208000 47
4209000 47
4210000 47
4211000 47
4212000 47
4213000 47
4214000 47
4215000 47
4216000 47
4217000 47
4218000 47
4219000 47
4220000 47
4221000 47
4222000 47
4223000 47
4224000 47
4225000 47
4226000 47
4227000 47
4228000 47
4229000 47
4230000 47
4231000 47
4232000 47
4233000 47
4234000 47
4235000 47
4236000 47
4237000 47
4238000 47
4239000 47
4240000 47
4241000 47
4242000 47
4243000 47
4244000 47
4245000 47
4246000 47
4247000 47
4248000 47
4249000 47
4250000 47
4251000 47
4252000 47
4253000 47
4254000 47
4255000 47
4256000 47
4257000 47
4258000 47
4259000 47
4260000 47
4261000 47
4262000 47
4263000 47
4264000 47
4265000 47
4266000 47
4267000 47
4268000 47
4269000 47
4270000 47
4271000 47
4272000 47
4273000 47
4274000 47
4275000 47
4276000 47
4277000 47
4278000 47
4279000 47
4280000 47
4281000 47
4282000 47
4283000 47
4284000 47
4285000 47
4286000 47
4287000 47
4288000 47
4289000 47
4290000 47
4291000 47
4292000 47
4293000 47
4294000 47
4295000 47
4296000 47
4297000 47
4298000 47
4299000 47
4300000 47
4301000 47
4302000 47
4303000 47
4304000 47
4305000 47
4306000 47
4307000 47
4308000 47
4309000 47
4310000 47
4311000 47
4312000 47
4313000 47
4314000 47
4315000 47
4316000 47
4317000 47
4318000 47
4319000 47
4320000 47
4321000 47
4322000 47
4323000 47
4324000 47
4325000 47
4326000 47
4327000 47
4328000 47
4329000 47
4330000 47
4331000 47
4332000 47
4333000 47
4334000 47
4335000 47
4336000 47
4337000 47
4338000 47
4339000 47
4340000 47
4341000 47
4342000 47
4343000 47
4344000 47
4345000 47
4346000 47
4347000 47
4348000 47
4349000 47
4350000 47
4351000 47
4352000 47
4353000 47
4354000 47
4355000 47
4356000 47
4357000 47
4358000 47
4359000 47
4360000 47
4361000 47
4362000 47
4363000 47
4364000 47
4365000 47
4366000 47
4367000 47
4368000 47
4369000 47
4370000 47
4371000 47
4372000 47
4373000 47
4374000 47
4375000 47
4376000 47
4377000 47
4378000 47
4379000 47
4380000 47
4381000 47
4382000 47
4383000 47
4384000 47
4385000 47
4386000 47
4387000 47
4388000 47
4389000 47
4390000 47
4391000 47
4392000 47
4393000 47
4394000 47
4395000 47
4396000 47
4397000 47
4398000 47
4399000 47
4400000 47
4401000 47
4402000 47
4403000 47
4404000 47
4405000 47
4406000 47
4407000 47
4408000 47
4409000 47
4410000 47
4411000 47
4412000 47
4413000 47
4414000 47
4415000 47
4416000 47
4417000 47
4418000 47
4419000 47
4420000 47
4421000 47
4422000 47
4423000 47
4424000 47
4425000 47
4426000 47
4427000 47
4428000 47
4429000 47
4430000 47
4431000 47
4432000 47
4433000 47
4434000 47
4435000 47
4436000 47
4437000 47
4438000 47
4439000 47
4440000 47
4441000 47
4442000 47
4443000 47
4444000 47
4445000 47
4446000 47
4447000 47
4448000 47
4449000 47
4450000 47
4451000 47
4452000 47
4453000 47
4454000 47
4455000 47
4456000 47
4457000 47
4458000 47
4459000 47
4460000 47
4461000 47
4462000 47
4463000 47
4464000 47
4465000 47
4466000 47
4467000 47
4468000 47
4469000 47
4470000 47
4471000 47
4472000 47
4473000 47
4474000 47
4475000 47
4476000 47
4477000 47
4478000 47
4479000 47
4480000 47
4481000 47
4482000 47
4483000 47
4484000 47
4485000 47
4486000 47
4487000 47
4488000 47
4489000 47
4490000 47
4491000 47
4492000 47
4493000 47
4494000 47
4495000 47
4496000 47
4497000 47
4498000 47
4499000 47
4500000 47
4501000 47
4502000 47
4503000 47
4504000 47
4505000 47
4506000 47
4507000 47
4508000 47
4509000 47
4510000 47
4511000 47
4512000 47
4513000 47
4514000 47
4515000 47
4516000 47
4517000 47
4518000 47
4519000 47
4520000 47
4521000 47
4522000 47
4523000 47
4524000 47
4525000 47
4526000 47
4527000 47
4528000 47
4529000 47
4530000 47
4531000 47
4532000 47
4533000 47
4534000 47
4535000 47
4536000 47
4537000 47
4538000 47
4539000 47
4540000 47
4541000 47
4542000 47
4543000 47
4544000 47
4545000 47
4546000 47
4547000 47
4548000 47
4549000 47
4550000 47
4551000 47
4552000 47
4553000 47
4554000 47
4555000 47
4556000 47
4557000 47
4558000 47
4559000 47
4560000 47
4561000 47
4562000 47
4563000 47
4564000 47
4565000 47
4566000 47
4567000 47
4568000 47
4569000 47
4570000 47
4571000 47
4572000 47
4573000 47
4574000 47
4575000 47
4576000 47
4577000 47
4578000 47
4579000 47
4580000 47
4581000 47
4582000 47
4583000 47
4584000 47
4585000 47
4586000 47
4587000 47
4588000 47
4589000 47
4590000 47
4591000 47
4592000 47
4593000 47
4594000 47
4595000 47
4596000 47
4597000 47
4598000 47
4599000 47
4600000 47
4601000 47
4602000 47
4603000 47
4604000 47
4605000 47
4606000 47
4607000 47
4608000 47
4609000 47
4610000 47
4611000 47
4612000 47
4613000 47
4614000 47
4615000 47
4616000 47
4617000 47
4618000 47
4619000 47
4620000 47
4621000 47
4622000 47
4623000 47
4624000 47
4625000 47
4626000 47
4627000 47
4628000 47
4629000 47
4630000 47
4631000 47
4632000 47
4633000 47
4634000 47
4635000 47
4636000 47
4637000 47
4638000 47
4639000 47
4640000 47
4641000 47
4642000 47
4643000 47
4644000 47
4645000 47
4646000 47
4647000 47
4648000 47
4649000 47
4650000 47
4651000 47
4652000 47
4653000 47
4654000 47
4655000 47
4656000 47
4657000 47
4658000 47
4659000 47
4660000 47
4661000 47
4662000 47
4663000 47
4664000 47
4665000 47
4666000 47
4667000 47
4668000 47
4669000 47
4670000 47
4671000 47
4672000 47
4673000 47
4674000 47
4675000 47
4676000 47
4677000 47
4678000 47
4679000 47
4680000 47
4681000 47
4682000 47
4683000 47
4684000 47
4685000 47
4686000 47
4687000 47
4688000 47
4689000 47
4690000 47
4691000 47
4692000 47
4693000 47
4694000 47
4695000 47
4696000 47
4697000 47
4698000 47
4699000 47
4700000 47
4701000 47
4702000 47
4703000 47
4704000 47
4705000 47
4706000 47
4707000 47
4708000 47
4709000 47
4710000 47
4711000 47
4712000 47
4713000 47
4714000 47
4715000 47
4716000 47
4717000 47
4718000 47
4719000 47
4720000 47
4721000 47
4722000 47
4723000 47
4724000 47
4725000 47
4726000 47
4727000 47
4728000 47
4729000 47
4730000 47
4731000 47
4732000 47
4733000 47
4734000 47
4735000 47
4736000 47
4737000 47
4738000 47
4739000 47
4740000 47
4741000 47
4742000 47
4743000 47
4744000 47
4745000 47
4746000 47
4747000 47
4748000 47
4749000 47
4750000 47
4751000 47
4752000 47
4753000 47
4754000 47
4755000 47
4756000 47
4757000 47
4758000 47
4759000 47
4760000 47
4761000 47
4762000 47
4763000 47
4764000 47
4765000 47
4766000 47
4767000 47
4768000 47
4769000 47
4770000 47
4771000 47
4772000 47
4773000 47
4774000 47
4775000 47
4776000 47
4777000 47
4778000 47
4779000 47
4780000 47
4781000 47
4782000 47
4783000 47
4784000 47
4785000 47
4786000 47
4787000 47
4788000 47
4789000 47
4790000 47
4791000 47
4792000 47
4793000 47
4794000 47
4795000 47
4796000 47
4797000 47
4798000 47
4799000 47
4800000 47
4801000 47
4802000 47
4803000 47
4804000 47
4805000 47
4806000 47
4807000 47
4808000 47
4809000 47
4810000 47
4811000 47
4812000 47
4813000 47
4814000 47
4815000 47
4816000 47
4817000 47
4818000 47
4819000 47
4820000 47
4821000 47
4822000 47
4823000 47
4824000 47
4825000 47
4826000 47
4827000 47
4828000 47
4829000 47
4830000 47
4831000 47
4832000 47
4833000 47
4834000 47
4835000 47
4836000 47
4837000 47
4838000 47
4839000 47
4840000 47
4841000 47
4842000 47
4843000 47
4844000 47
4845000 47
4846000 47
4847000 47
4848000 47
4849000 47
4850000 47
4851000 47
4852000 47
4853000 47
4854000 47
4855000 47
4856000 47
4857000 47
4858000 47
4859000 47
4860000 47
4861000 47
4862000 47
4863000 47
4864000 47
4865000 47
4866000 47
4867000 47
4868000 47
4869000 47
4870000 47
4871000 47
4872000 47
4873000 47
4874000 47
4875000 47
4876000 47
4877000 47
4878000 47
4879000 47
4880000 47
4881000 47
4882000 47
4883000 47
4884000 47
4885000 47
4886000 47
4887000 47
4888000 47
4889000 47
4890000 47
4891000 47
4892000 47
4893000 47
4894000 47
4895000 47
4896000 47
4897000 47
4898000 47
4899000 47
4900000 47
4901000 47
4902000 47
4903000 47
4904000 47
4905000 47
4906000 47
4907000 47
4908000 47
4909000 47
4910000 47
4911000 47
4912000 47
4913000 47
4914000 47
4915000 47
4916000 47
4917000 47
4918000 47
4919000 47
4920000 47
4921000 47
4922000 47
4923000 47
4924000 47
4925000 47
4926000 47
4927000 47
4928000 47
4929000 47
4930000 47
4931000 47
4932000 47
4933000 47
4934000 47
4935000 47
4936000 47
4937000 47
4938000 47
4939000 47
4940000 47
4941000 47
4942000 47
4943000 47
4944000 47
4945000 47
4946000 47
4947000 47
4948000 47
4949000 47
4950000 47
4951000 47
4952000 47
4953000 47
4954000 47
4955000 47
4956000 47
4957000 47
4958000 47
4959000 47
4960000 47
4961000 47
4962000 47
4963000 47
4964000 47
4965000 47
4966000 47
4967000 47
4968000 47
4969000 47
4970000 47
4971000 47
4972000 47
4973000 47
4974000 47
4975000 47
4976000 47
4977000 47
4978000 47
4979000 47
4980000 47
4981000 47
4982000 47
4983000 47
4984000 47
4985000 47
4986000 47
4987000 47
4988000 47
4989000 47
4990000 47
4991000 47
4992000 47
4993000 47
4994000 47
4995000 47
4996000 47
4997000 47
4998000 47
4999000 47
5000000 47
