0 0
7000 1
15000 2
21000 3
28000 4
36000 5
41000 6
47000 7
53000 8
58000 9
64000 10
71000 11
78000 12
84000 13
89000 14
94000 15
101000 16
107000 17
114000 18
121000 19
128000 20
134000 21
141000 22
147000 23
153000 24
161000 25
167000 26
173000 27
179000 28
186000 29
193000 30
199000 31
205000 32
212000 33
218000 34
224000 35
232000 36
238000 37
247000 38
253000 39
261000 40
268000 41
275000 42
283000 43
289000 44
296000 45
303000 46
309000 47
316000 48
323000 49
329000 50
335000 51
343000 52
350000 53
356000 54
363000 55
370000 56
376000 57
382000 58
389000 59
396000 60
404000 61
412000 62
419000 63
425000 64
430000 65
437000 66
444000 67
451000 68
458000 69
464000 70
470000 71
476000 72
482000 73
489000 74
495000 75
502000 76
509000 77
516000 78
523000 79
530000 80
536000 81
544000 82
550000 83
558000 84
564000 85
570000 86
576000 87
583000 88
590000 89
595000 90
601000 91
608000 92
614000 93
621000 94
628000 95
634000 96
640000 97
647000 98
654000 99
662000 100
669000 101
677000 102
685000 103
695000 104
703000 105
709000 106
716000 107
724000 108
730000 109
737000 110
744000 111
750000 112
758000 113
767000 114
775000 115
781000 116
789000 117
797000 118
803000 119
811000 120
819000 121
826000 122
831000 123
838000 124
844000 125
852000 126
858000 127
864000 128
871000 129
878000 130
884000 131
892000 132
897000 133
903000 134
909000 135
915000 136
922000 137
929000 138
937000 139
944000 140
951000 141
957000 142
962000 143
968000 144
975000 145
982000 146
988000 147
994000 148
1000000 149
1008000 150
1015000 151
1021000 152
1027000 153
1034000 154
1039000 155
1045000 156
1051000 157
1057000 158
1063000 159
1070000 160
1076000 161
1083000 162
1089000 163
1096000 164
1102000 165
1111000 166
1117000 167
1124000 168
1130000 169
1136000 170
1143000 171
1150000 172
1157000 173
1164000 174
1171000 175
1177000 176
1186000 177
1195000 178
1202000 179
1207000 180
1215000 181
1221000 182
1228000 183
1235000 184
1243000 185
1249000 186
1256000 187
1262000 188
1270000 189
1277000 190
1285000 191
1292000 192
1300000 193
1307000 194
1312000 195
1318000 196
1324000 197
1331000 198
1338000 199
1344000 200
1351000 201
1357000 202
1363000 203
1369000 204
1375000 205
1383000 206
1391000 207
1397000 208
1403000 209
1409000 210
1418000 211
1425000 212
1432000 213
1438000 214
1446000 215
1454000 216
1462000 217
1469000 218
1476000 219
1483000 220
1490000 221
1497000 222
1503000 223
1513000 224
1519000 225
1526000 226
1535000 227
1541000 228
1548000 229
1557000 230
1563000 231
1569000 232
1576000 233
1584000 234
1589000 235
1595000 236
1603000 237
1612000 238
1619000 239
1625000 240
1631000 241
1638000 242
1644000 243
1651000 244
1658000 245
1668000 246
1674000 247
1681000 248
1687000 249
1694000 250
1701000 251
1708000 252
1715000 253
1722000 254
1728000 255
1735000 256
1740000 257
1746000 258
1752000 259
1759000 260
1765000 261
1772000 262
1780000 263
1787000 264
1794000 265
1800000 266
1807000 267
1813000 268
1820000 269
1826000 270
1832000 271
1841000 272
1848000 273
1854000 274
1859000 275
1865000 276
1872000 277
1880000 278
1886000 279
1892000 280
1898000 281
1905000 282
1911000 283
1919000 284
1927000 285
1934000 286
1941000 287
1948000 288
1956000 289
1962000 290
1968000 291
1975000 292
1981000 293
1987000 294
1994000 295
2000000 296
2007000 297
2013000 298
2019000 299
2025000 300
2031000 301
2036000 302
2045000 303
2053000 304
2061000 305
2068000 306
2074000 307
2080000 308
2087000 309
2094000 310
2100000 311
2105000 312
2112000 313
2119000 314
2126000 315
2133000 316
2139000 317
2145000 318
2152000 319
2160000 320
2167000 321
2174000 322
2180000 323
2187000 324
2193000 325
2199000 326
2207000 327
2213000 328
2221000 329
2227000 330
2234000 331
2240000 332
2246000 333
2254000 334
2264000 335
2270000 336
2277000 337
2282000 338
2289000 339
2297000 340
2303000 341
2308000 342
2315000 343
2321000 344
2328000 345
2336000 346
2343000 347
2350000 348
2356000 349
2364000 350
2370000 351
2377000 352
2384000 353
2392000 354
2399000 355
2407000 356
2413000 357
2420000 358
2427000 359
2434000 360
2442000 361
2449000 362
2456000 363
2462000 364
2469000 365
2475000 366
2482000 367
2489000 368
2497000 369
2503000 370
2510000 371
2517000 372
2523000 373
2530000 374
2538000 375
2544000 376
2549000 377
2556000 378
2562000 379
2569000 380
2576000 381
2583000 382
2591000 383
2597000 384
2604000 385
2611000 386
2617000 387
2625000 388
2631000 389
2638000 390
2644000 391
2651000 392
2657000 393
2663000 394
2668000 395
2676000 396
2682000 397
2688000 398
2694000 399
2701000 400
2708000 401
2714000 402
2720000 403
2730000 404
2736000 405
2742000 406
2749000 407
2756000 408
2764000 409
2771000 410
2779000 411
2786000 412
2794000 413
2800000 414
2808000 415
2815000 416
2826000 417
2831000 418
2837000 419
2845000 420
2852000 421
2859000 422
2865000 423
2873000 424
2881000 425
2888000 426
2895000 427
2904000 428
2910000 429
2917000 430
2925000 431
2933000 432
2940000 433
2949000 434
2955000 435
2962000 436
2967000 437
2973000 438
2979000 439
2985000 440
2992000 441
2998000 442
3007000 443
3013000 444
3019000 445
3025000 446
3033000 447
3040000 448
3047000 449
3054000 450
3061000 451
3066000 452
3074000 453
3080000 454
3087000 455
3093000 456
3101000 457
3109000 458
3116000 459
3124000 460
3132000 461
3138000 462
3145000 463
3154000 464
3161000 465
3167000 466
3172000 467
3179000 468
3185000 469
3191000 470
3199000 471
3205000 472
3211000 473
3220000 474
3226000 475
3232000 476
3238000 477
3245000 478
3251000 479
3258000 480
3263000 481
3270000 482
3277000 483
3284000 484
3292000 485
3297000 486
3305000 487
3311000 488
3319000 489
3326000 490
3335000 491
3341000 492
3347000 493
3352000 494
3357000 495
3364000 496
3369000 497
3375000 498
3382000 499
3389000 500
3395000 501
3401000 502
3409000 503
3417000 504
3424000 505
3430000 506
3437000 507
3445000 508
3451000 509
3457000 510
3464000 511
3470000 512
3478000 513
3484000 514
3490000 515
3497000 516
3504000 517
3511000 518
3518000 519
3525000 520
3533000 521
3540000 522
3548000 523
3555000 524
3562000 525
3569000 526
3575000 527
3581000 528
3587000 529
3593000 530
3601000 531
3607000 532
3613000 533
3619000 534
3625000 535
3630000 536
3635000 537
3643000 538
3650000 539
3657000 540
3664000 541
3670000 542
3677000 543
3683000 544
3690000 545
3697000 546
3704000 547
3710000 548
3715000 549
3722000 550
3729000 551
3734000 552
3742000 553
3750000 554
3756000 555
3763000 556
3769000 557
3778000 558
3785000 559
3792000 560
3799000 561
3806000 562
3812000 563
3819000 564
3826000 565
3835000 566
3841000 567
3847000 568
3854000 569
3860000 570
3868000 571
3877000 572
3884000 573
3890000 574
3896000 575
3903000 576
3911000 577
3917000 578
3923000 579
3929000 580
3935000 581
3943000 582
3950000 583
3957000 584
3962000 585
3968000 586
3978000 587
3983000 588
3988000 589
3995000 590
4001000 591
4007000 592
4013000 593
4019000 594
4031000 595
4038000 596
4046000 597
4053000 598
4059000 599
4066000 600
4072000 601
4078000 602
4085000 603
4092000 604
4100000 605
4107000 606
4114000 607
4121000 608
4127000 609
4133000 610
4140000 611
4146000 612
4153000 613
4162000 614
4170000 615
4177000 616
4182000 617
4191000 618
4199000 619
4206000 620
4213000 621
4220000 622
4226000 623
4232000 624
4239000 625
4247000 626
4256000 627
4266000 628
4274000 629
4280000 630
4286000 631
4294000 632
4300000 633
4306000 634
4312000 635
4319000 636
4328000 637
4335000 638
4341000 639
4348000 640
4356000 641
4362000 642
4370000 643
4378000 644
4385000 645
4392000 646
4399000 647
4405000 648
4411000 649
4418000 650
4426000 651
4435000 652
4442000 653
4449000 654
4456000 655
4463000 656
4472000 657
4479000 658
4485000 659
4491000 660
4497000 661
4506000 662
4512000 663
4518000 664
4524000 665
4530000 666
4537000 667
4543000 668
4551000 669
4558000 670
4565000 671
4572000 672
4579000 673
4587000 674
4594000 675
4601000 676
4607000 677
4613000 678
4619000 679
4625000 680
4631000 681
4637000 682
4643000 683
4650000 684
4657000 685
4665000 686
4671000 687
4679000 688
4685000 689
4692000 690
4698000 691
4706000 692
4712000 693
4719000 694
4725000 695
4732000 696
4740000 697
4746000 698
4753000 699
4760000 700
4766000 701
4773000 702
4780000 703
4786000 704
4791000 705
4797000 706
4803000 707
4809000 708
4815000 709
4823000 710
4831000 711
4836000 712
4844000 713
4851000 714
4856000 715
4864000 716
4872000 717
4879000 718
4884000 719
4891000 720
4900000 721
4908000 722
4913000 723
4920000 724
4927000 725
4934000 726
4940000 727
4947000 728
4953000 729
4959000 730
4965000 731
4974000 732
4981000 733
4988000 734
4996000 735
