0 0
1000 0
2000 0
3000 0
4000 0
5000 0
6000 0
7000 0
8000 0
9000 0
10000 0
11000 0
12000 0
13000 0
14000 0
15000 0
16000 0
17000 0
18000 0
19000 0
20000 0
21000 0
22000 0
23000 0
24000 1
25000 1
26000 1
27000 1
28000 1
29000 1
30000 1
31000 1
32000 1
33000 1
34000 1
35000 1
36000 1
37000 2
38000 2
39000 2
40000 2
41000 2
42000 2
43000 2
44000 2
45000 2
46000 2
47000 2
48000 2
49000 2
50000 3
51000 3
52000 3
53000 3
54000 3
55000 3
56000 3
57000 3
58000 3
59000 3
60000 3
61000 3
62000 3
63000 3
64000 3
65000 3
66000 3
67000 3
68000 4
69000 4
70000 4
71000 4
72000 4
73000 4
74000 4
75000 4
76000 4
77000 4
78000 4
79000 4
80000 4
81000 4
82000 5
83000 5
84000 5
85000 5
86000 5
87000 5
88000 5
89000 5
90000 5
91000 5
92000 5
93000 5
94000 5
95000 6
96000 6
97000 6
98000 6
99000 6
100000 6
101000 6
102000 6
103000 6
104000 6
105000 7
106000 7
107000 7
108000 7
109000 7
110000 7
111000 7
112000 7
113000 7
114000 7
115000 8
116000 8
117000 8
118000 8
119000 8
120000 8
121000 8
122000 8
123000 8
124000 8
125000 9
126000 9
127000 9
128000 9
129000 9
130000 9
131000 9
132000 9
133000 9
134000 9
135000 9
136000 9
137000 10
138000 10
139000 10
140000 10
141000 10
142000 10
143000 10
144000 10
145000 11
146000 11
147000 11
148000 11
149000 11
150000 11
151000 11
152000 11
153000 11
154000 12
155000 12
156000 12
157000 12
158000 12
159000 12
160000 12
161000 12
162000 12
163000 12
164000 13
165000 13
166000 13
167000 13
168000 13
169000 13
170000 13
171000 13
172000 13
173000 14
174000 14
175000 14
176000 14
177000 14
178000 14
179000 14
180000 14
181000 14
182000 14
183000 14
184000 14
185000 15
186000 15
187000 15
188000 15
189000 15
190000 15
191000 15
192000 15
193000 15
194000 15
195000 16
196000 16
197000 16
198000 16
199000 16
200000 16
201000 16
202000 16
203000 16
204000 16
205000 16
206000 16
207000 17
208000 17
209000 17
210000 17
211000 17
212000 17
213000 17
214000 17
215000 17
216000 18
217000 18
218000 18
219000 18
220000 18
221000 18
222000 18
223000 18
224000 18
225000 18
226000 19
227000 19
228000 19
229000 19
230000 19
231000 19
232000 19
233000 20
234000 20
235000 20
236000 20
237000 20
238000 20
239000 20
240000 20
241000 20
242000 20
243000 20
244000 21
245000 21
246000 21
247000 21
248000 21
249000 21
250000 21
251000 21
252000 22
253000 22
254000 22
255000 22
256000 22
257000 22
258000 22
259000 22
260000 22
261000 22
262000 22
263000 23
264000 23
265000 23
266000 23
267000 23
268000 23
269000 23
270000 23
271000 23
272000 24
273000 24
274000 24
275000 24
276000 24
277000 24
278000 24
279000 24
280000 24
281000 24
282000 24
283000 24
284000 24
285000 24
286000 24
287000 24
288000 24
289000 24
290000 24
291000 24
292000 24
293000 24
294000 24
295000 24
296000 24
297000 24
298000 24
299000 24
300000 24
301000 24
302000 24
303000 24
304000 24
305000 24
306000 24
307000 24
308000 24
309000 24
310000 24
311000 24
312000 24
313000 24
314000 24
315000 25
316000 25
317000 25
318000 25
319000 25
320000 25
321000 25
322000 25
323000 25
324000 25
325000 25
326000 25
327000 25
328000 25
329000 25
330000 25
331000 25
332000 25
333000 26
334000 26
335000 26
336000 26
337000 26
338000 26
339000 26
340000 26
341000 26
342000 26
343000 26
344000 26
345000 26
346000 27
347000 27
348000 27
349000 27
350000 27
351000 27
352000 27
353000 27
354000 27
355000 28
356000 28
357000 28
358000 28
359000 28
360000 28
361000 28
362000 28
363000 28
364000 28
365000 28
366000 29
367000 29
368000 29
369000 29
370000 29
371000 29
372000 29
373000 29
374000 29
375000 29
376000 29
377000 29
378000 29
379000 29
380000 29
381000 29
382000 29
383000 29
384000 29
385000 30
386000 30
387000 30
388000 30
389000 30
390000 30
391000 30
392000 30
393000 30
394000 30
395000 30
396000 30
397000 30
398000 30
399000 31
400000 31
401000 31
402000 31
403000 31
404000 31
405000 31
406000 31
407000 31
408000 31
409000 31
410000 32
411000 32
412000 32
413000 32
414000 32
415000 32
416000 32
417000 32
418000 32
419000 32
420000 32
421000 33
422000 33
423000 33
424000 33
425000 33
426000 33
427000 33
428000 33
429000 33
430000 34
431000 34
432000 34
433000 34
434000 34
435000 34
436000 34
437000 34
438000 34
439000 34
440000 34
441000 34
442000 34
443000 34
444000 34
445000 35
446000 35
447000 35
448000 35
449000 35
450000 35
451000 35
452000 35
453000 35
454000 35
455000 35
456000 35
457000 35
458000 35
459000 35
460000 35
461000 35
462000 36
463000 36
464000 36
465000 36
466000 36
467000 36
468000 36
469000 36
470000 36
471000 36
472000 36
473000 36
474000 36
475000 36
476000 36
477000 36
478000 36
479000 36
480000 36
481000 36
482000 36
483000 36
484000 36
485000 36
486000 36
487000 36
488000 36
489000 36
490000 36
491000 36
492000 36
493000 36
494000 36
495000 36
496000 36
497000 36
498000 36
499000 36
500000 36
501000 36
502000 36
503000 37
504000 37
505000 37
506000 37
507000 37
508000 37
509000 37
510000 37
511000 37
512000 37
513000 37
514000 37
515000 37
516000 37
517000 37
518000 37
519000 37
520000 37
521000 37
522000 37
523000 37
524000 38
525000 38
526000 38
527000 38
528000 38
529000 38
530000 38
531000 38
532000 38
533000 38
534000 38
535000 38
536000 38
537000 38
538000 38
539000 38
540000 38
541000 38
542000 38
543000 38
544000 38
545000 38
546000 38
547000 38
548000 38
549000 38
550000 38
551000 38
552000 38
553000 38
554000 38
555000 38
556000 38
557000 38
558000 38
559000 38
560000 38
561000 38
562000 39
563000 39
564000 39
565000 39
566000 39
567000 39
568000 39
569000 39
570000 39
571000 39
572000 39
573000 39
574000 39
575000 39
576000 39
577000 39
578000 39
579000 39
580000 39
581000 39
582000 39
583000 39
584000 39
585000 39
586000 39
587000 39
588000 39
589000 39
590000 39
591000 39
592000 40
593000 40
594000 40
595000 40
596000 40
597000 40
598000 40
599000 40
600000 40
601000 40
602000 40
603000 40
604000 40
605000 40
606000 40
607000 40
608000 40
609000 40
610000 40
611000 40
612000 40
613000 40
614000 40
615000 40
616000 40
617000 40
618000 40
619000 40
620000 40
621000 40
622000 40
623000 40
624000 40
625000 40
626000 40
627000 40
628000 40
629000 40
630000 40
631000 40
632000 40
633000 40
634000 40
635000 40
636000 40
637000 41
638000 41
639000 41
640000 41
641000 41
642000 41
643000 41
644000 41
645000 41
646000 41
647000 41
648000 41
649000 41
650000 41
651000 41
652000 41
653000 41
654000 41
655000 41
656000 41
657000 41
658000 41
659000 41
660000 41
661000 41
662000 41
663000 41
664000 41
665000 42
666000 42
667000 42
668000 42
669000 42
670000 42
671000 42
672000 42
673000 42
674000 42
675000 42
676000 42
677000 42
678000 42
679000 42
680000 42
681000 42
682000 42
683000 42
684000 42
685000 42
686000 42
687000 42
688000 42
689000 42
690000 42
691000 43
692000 43
693000 43
694000 43
695000 43
696000 43
697000 43
698000 43
699000 43
700000 43
701000 43
702000 43
703000 43
704000 43
705000 43
706000 43
707000 43
708000 43
709000 43
710000 43
711000 43
712000 43
713000 43
714000 43
715000 43
716000 43
717000 43
718000 44
719000 44
720000 44
721000 44
722000 44
723000 44
724000 44
725000 44
726000 44
727000 44
728000 44
729000 44
730000 44
731000 44
732000 44
733000 44
734000 44
735000 44
736000 44
737000 44
738000 44
739000 44
740000 44
741000 44
742000 44
743000 44
744000 44
745000 44
746000 44
747000 44
748000 44
749000 44
750000 45
751000 45
752000 45
753000 45
754000 45
755000 45
756000 45
757000 45
758000 45
759000 45
760000 45
761000 45
762000 45
763000 45
764000 45
765000 45
766000 45
767000 45
768000 45
769000 45
770000 45
771000 45
772000 45
773000 45
774000 46
775000 46
776000 46
777000 46
778000 46
779000 46
780000 46
781000 46
782000 46
783000 46
784000 46
785000 46
786000 46
787000 46
788000 46
789000 46
790000 46
791000 46
792000 46
793000 46
794000 46
795000 46
796000 46
797000 46
798000 46
799000 46
800000 46
801000 46
802000 46
803000 46
804000 46
805000 46
806000 46
807000 46
808000 46
809000 46
810000 46
811000 46
812000 46
813000 46
814000 46
815000 46
816000 46
817000 46
818000 46
819000 46
820000 46
821000 46
822000 46
823000 46
824000 46
825000 46
826000 46
827000 46
828000 46
829000 46
830000 46
831000 46
832000 46
833000 46
834000 46
835000 46
836000 46
837000 46
838000 46
839000 46
840000 46
841000 46
842000 46
843000 46
844000 46
845000 46
846000 46
847000 46
848000 46
849000 46
850000 46
851000 46
852000 46
853000 46
854000 46
855000 46
856000 46
857000 46
858000 46
859000 46
860000 46
861000 46
862000 46
863000 46
864000 46
865000 46
866000 46
867000 46
868000 46
869000 46
870000 46
871000 46
872000 46
873000 46
874000 46
875000 46
876000 46
877000 46
878000 46
879000 46
880000 46
881000 46
882000 46
883000 46
884000 46
885000 46
886000 46
887000 46
888000 46
889000 46
890000 46
891000 46
892000 46
893000 46
894000 46
895000 46
896000 46
897000 46
898000 46
899000 46
900000 46
901000 46
902000 46
903000 46
904000 46
905000 46
906000 46
907000 46
908000 46
909000 46
910000 46
911000 46
912000 46
913000 46
914000 46
915000 46
916000 46
917000 46
918000 46
919000 46
920000 46
921000 46
922000 46
923000 46
924000 46
925000 46
926000 46
927000 46
928000 46
929000 46
930000 46
931000 46
932000 46
933000 46
934000 46
935000 46
936000 46
937000 46
938000 46
939000 46
940000 46
941000 46
942000 46
943000 46
944000 46
945000 46
946000 46
947000 46
948000 46
949000 46
950000 46
951000 46
952000 46
953000 46
954000 46
955000 46
956000 46
957000 46
958000 46
959000 46
960000 46
961000 46
962000 46
963000 46
964000 46
965000 46
966000 46
967000 46
968000 46
969000 46
970000 46
971000 46
972000 46
973000 46
974000 46
975000 46
976000 46
977000 46
978000 46
979000 46
980000 46
981000 46
982000 46
983000 46
984000 46
985000 46
986000 46
987000 46
988000 46
989000 46
990000 46
991000 46
992000 46
993000 46
994000 46
995000 46
996000 46
997000 46
998000 46
999000 46
1000000 46
1001000 46
1002000 46
1003000 46
1004000 46
1005000 46
1006000 46
1007000 46
1008000 46
1009000 46
1010000 46
1011000 46
1012000 46
1013000 46
1014000 46
1015000 46
1016000 46
1017000 46
1018000 47
1019000 47
1020000 47
1021000 47
1022000 47
1023000 47
1024000 47
1025000 47
1026000 47
1027000 47
1028000 47
1029000 47
1030000 47
1031000 47
1032000 47
1033000 47
1034000 47
1035000 47
1036000 47
1037000 47
1038000 47
1039000 47
1040000 47
1041000 47
1042000 47
1043000 47
1044000 47
1045000 47
1046000 47
1047000 47
1048000 47
1049000 47
1050000 47
1051000 47
1052000 47
1053000 47
1054000 47
1055000 47
1056000 47
1057000 47
1058000 47
1059000 47
1060000 47
1061000 47
1062000 47
1063000 47
1064000 47
1065000 47
1066000 47
1067000 48
1068000 48
1069000 48
1070000 48
1071000 48
1072000 48
1073000 48
1074000 48
1075000 48
1076000 48
1077000 48
1078000 48
1079000 48
1080000 48
1081000 48
1082000 48
1083000 48
1084000 48
1085000 48
1086000 48
1087000 48
1088000 48
1089000 48
1090000 48
1091000 48
1092000 48
1093000 48
1094000 48
1095000 49
1096000 49
1097000 49
1098000 49
1099000 49
1100000 49
1101000 49
1102000 49
1103000 49
1104000 49
1105000 49
1106000 49
1107000 49
1108000 49
1109000 49
1110000 49
1111000 49
1112000 49
1113000 49
1114000 49
1115000 49
1116000 49
1117000 49
1118000 49
1119000 49
1120000 49
1121000 49
1122000 49
1123000 49
1124000 49
1125000 49
1126000 49
1127000 49
1128000 49
1129000 49
1130000 49
1131000 49
1132000 49
1133000 49
1134000 49
1135000 49
1136000 49
1137000 49
1138000 49
1139000 49
1140000 49
1141000 49
1142000 49
1143000 49
1144000 49
1145000 49
1146000 49
1147000 49
1148000 49
1149000 49
1150000 49
1151000 49
1152000 49
1153000 49
1154000 49
1155000 49
1156000 49
1157000 49
1158000 49
1159000 49
1160000 49
1161000 49
1162000 49
1163000 49
1164000 49
1165000 49
1166000 49
1167000 49
1168000 49
1169000 49
1170000 49
1171000 49
1172000 49
1173000 49
1174000 49
1175000 49
1176000 49
1177000 49
1178000 49
1179000 49
1180000 49
1181000 49
1182000 49
1183000 49
1184000 49
1185000 49
1186000 49
1187000 49
1188000 49
1189000 49
1190000 49
1191000 49
1192000 49
1193000 49
1194000 49
1195000 49
1196000 49
1197000 49
1198000 49
1199000 49
1200000 49
1201000 49
1202000 49
1203000 49
1204000 49
1205000 49
1206000 49
1207000 49
1208000 49
1209000 49
1210000 49
1211000 49
1212000 49
1213000 49
1214000 49
1215000 49
1216000 49
1217000 49
1218000 49
1219000 49
1220000 49
1221000 49
1222000 49
1223000 49
1224000 49
1225000 49
1226000 49
1227000 49
1228000 49
1229000 49
1230000 49
1231000 49
1232000 49
1233000 49
1234000 49
1235000 49
1236000 49
1237000 49
1238000 49
1239000 49
1240000 49
1241000 49
1242000 49
1243000 49
1244000 49
1245000 49
1246000 49
1247000 49
1248000 49
1249000 49
1250000 49
1251000 49
1252000 49
1253000 49
1254000 49
1255000 49
1256000 49
1257000 49
1258000 49
1259000 49
1260000 49
1261000 49
1262000 49
1263000 49
1264000 49
1265000 49
1266000 49
1267000 49
1268000 49
1269000 49
1270000 49
1271000 49
1272000 49
1273000 49
1274000 49
1275000 49
1276000 49
1277000 49
1278000 49
1279000 49
1280000 49
1281000 49
1282000 49
1283000 49
1284000 49
1285000 49
1286000 49
1287000 49
1288000 49
1289000 49
1290000 50
1291000 50
1292000 50
1293000 50
1294000 50
1295000 50
1296000 50
1297000 50
1298000 50
1299000 50
1300000 50
1301000 50
1302000 50
1303000 50
1304000 50
1305000 51
1306000 51
1307000 51
1308000 51
1309000 51
1310000 51
1311000 51
1312000 51
1313000 51
1314000 51
1315000 51
1316000 51
1317000 51
1318000 51
1319000 51
1320000 51
1321000 51
1322000 51
1323000 51
1324000 51
1325000 51
1326000 51
1327000 51
1328000 51
1329000 51
1330000 51
1331000 51
1332000 51
1333000 51
1334000 51
1335000 51
1336000 51
1337000 51
1338000 51
1339000 51
1340000 51
1341000 51
1342000 51
1343000 51
1344000 51
1345000 51
1346000 51
1347000 51
1348000 51
1349000 51
1350000 51
1351000 51
1352000 51
1353000 51
1354000 51
1355000 51
1356000 51
1357000 51
1358000 51
1359000 51
1360000 51
1361000 51
1362000 51
1363000 51
1364000 51
1365000 51
1366000 51
1367000 51
1368000 51
1369000 51
1370000 51
1371000 51
1372000 51
1373000 51
1374000 51
1375000 51
1376000 51
1377000 51
1378000 51
1379000 51
1380000 51
1381000 51
1382000 51
1383000 51
1384000 51
1385000 51
1386000 51
1387000 51
1388000 51
1389000 51
1390000 51
1391000 51
1392000 51
1393000 51
1394000 51
1395000 51
1396000 51
1397000 51
1398000 51
1399000 51
1400000 51
1401000 51
1402000 51
1403000 51
1404000 51
1405000 51
1406000 51
1407000 51
1408000 51
1409000 51
1410000 51
1411000 51
1412000 51
1413000 51
1414000 51
1415000 51
1416000 51
1417000 51
1418000 51
1419000 51
1420000 51
1421000 51
1422000 51
1423000 51
1424000 51
1425000 51
1426000 51
1427000 51
1428000 51
1429000 51
1430000 51
1431000 51
1432000 51
1433000 51
1434000 51
1435000 51
1436000 51
1437000 51
1438000 51
1439000 51
1440000 51
1441000 51
1442000 51
1443000 51
1444000 51
1445000 51
1446000 51
1447000 51
1448000 51
1449000 51
1450000 51
1451000 51
1452000 51
1453000 51
1454000 51
1455000 51
1456000 51
1457000 51
1458000 51
1459000 51
1460000 51
1461000 51
1462000 51
1463000 51
1464000 51
1465000 51
1466000 51
1467000 51
1468000 51
1469000 51
1470000 51
1471000 51
1472000 51
1473000 51
1474000 51
1475000 51
1476000 51
1477000 51
1478000 51
1479000 51
1480000 51
1481000 51
1482000 51
1483000 51
1484000 51
1485000 51
1486000 51
1487000 51
1488000 51
1489000 51
1490000 51
1491000 51
1492000 51
1493000 51
1494000 51
1495000 51
1496000 51
1497000 51
1498000 51
1499000 51
1500000 51
1501000 51
1502000 51
1503000 51
1504000 51
1505000 51
1506000 51
1507000 51
1508000 51
1509000 51
1510000 51
1511000 51
1512000 51
1513000 51
1514000 51
1515000 51
1516000 51
1517000 51
1518000 51
1519000 51
1520000 51
1521000 51
1522000 51
1523000 51
1524000 51
1525000 51
1526000 51
1527000 51
1528000 51
1529000 51
1530000 51
1531000 51
1532000 51
1533000 51
1534000 51
1535000 51
1536000 51
1537000 51
1538000 51
1539000 51
1540000 51
1541000 51
1542000 51
1543000 51
1544000 51
1545000 51
1546000 51
1547000 51
1548000 51
1549000 51
1550000 51
1551000 51
1552000 51
1553000 51
1554000 51
1555000 51
1556000 51
1557000 51
1558000 51
1559000 51
1560000 51
1561000 51
1562000 51
1563000 51
1564000 51
1565000 51
1566000 51
1567000 51
1568000 51
1569000 51
1570000 51
1571000 51
1572000 51
1573000 51
1574000 51
1575000 51
1576000 51
1577000 51
1578000 51
1579000 51
1580000 51
1581000 51
1582000 51
1583000 51
1584000 51
1585000 51
1586000 51
1587000 51
1588000 51
1589000 51
1590000 51
1591000 51
1592000 51
1593000 51
1594000 51
1595000 51
1596000 51
1597000 51
1598000 51
1599000 51
1600000 51
1601000 51
1602000 51
1603000 51
1604000 51
1605000 51
1606000 51
1607000 51
1608000 51
1609000 51
1610000 51
1611000 51
1612000 51
1613000 51
1614000 51
1615000 51
1616000 51
1617000 51
1618000 51
1619000 51
1620000 51
1621000 51
1622000 51
1623000 51
1624000 51
1625000 51
1626000 51
1627000 51
1628000 51
1629000 51
1630000 51
1631000 51
1632000 51
1633000 51
1634000 51
1635000 51
1636000 51
1637000 51
1638000 51
1639000 51
1640000 51
1641000 51
1642000 51
1643000 51
1644000 51
1645000 51
1646000 51
1647000 51
1648000 51
1649000 51
1650000 51
1651000 51
1652000 51
1653000 51
1654000 51
1655000 51
1656000 51
1657000 51
1658000 51
1659000 51
1660000 51
1661000 51
1662000 51
1663000 51
1664000 51
1665000 51
1666000 51
1667000 51
1668000 51
1669000 51
1670000 51
1671000 51
1672000 51
1673000 51
1674000 51
1675000 51
1676000 51
1677000 52
1678000 52
1679000 52
1680000 52
1681000 52
1682000 52
1683000 52
1684000 52
1685000 52
1686000 52
1687000 52
1688000 52
1689000 52
1690000 52
1691000 52
1692000 52
1693000 52
1694000 52
1695000 53
1696000 53
1697000 53
1698000 53
1699000 53
1700000 53
1701000 53
1702000 53
1703000 53
1704000 53
1705000 53
1706000 53
1707000 53
1708000 53
1709000 53
1710000 53
1711000 53
1712000 53
1713000 53
1714000 53
1715000 53
1716000 53
1717000 53
1718000 53
1719000 53
1720000 53
1721000 53
1722000 53
1723000 53
1724000 53
1725000 53
1726000 53
1727000 53
1728000 53
1729000 53
1730000 53
1731000 53
1732000 53
1733000 53
1734000 53
1735000 53
1736000 53
1737000 53
1738000 53
1739000 53
1740000 53
1741000 53
1742000 53
1743000 53
1744000 53
1745000 53
1746000 53
1747000 53
1748000 53
1749000 53
1750000 53
1751000 53
1752000 53
1753000 53
1754000 53
1755000 53
1756000 53
1757000 53
1758000 53
1759000 53
1760000 53
1761000 53
1762000 53
1763000 53
1764000 53
1765000 54
1766000 54
1767000 54
1768000 54
1769000 54
1770000 54
1771000 54
1772000 54
1773000 54
1774000 54
1775000 54
1776000 54
1777000 54
1778000 54
1779000 54
1780000 54
1781000 54
1782000 54
1783000 54
1784000 54
1785000 54
1786000 54
1787000 54
1788000 54
1789000 54
1790000 55
1791000 55
1792000 55
1793000 55
1794000 55
1795000 55
1796000 55
1797000 55
1798000 55
1799000 55
1800000 55
1801000 55
1802000 55
1803000 55
1804000 55
1805000 55
1806000 55
1807000 55
1808000 55
1809000 55
1810000 55
1811000 55
1812000 55
1813000 55
1814000 55
1815000 55
1816000 55
1817000 55
1818000 55
1819000 55
1820000 55
1821000 55
1822000 55
1823000 55
1824000 55
1825000 55
1826000 55
1827000 55
1828000 55
1829000 55
1830000 55
1831000 55
1832000 55
1833000 55
1834000 55
1835000 55
1836000 55
1837000 55
1838000 55
1839000 55
1840000 55
1841000 55
1842000 55
1843000 55
1844000 55
1845000 55
1846000 55
1847000 55
1848000 55
1849000 55
1850000 55
1851000 55
1852000 55
1853000 55
1854000 55
1855000 56
1856000 56
1857000 56
1858000 56
1859000 56
1860000 56
1861000 56
1862000 56
1863000 56
1864000 56
1865000 56
1866000 57
1867000 57
1868000 57
1869000 57
1870000 57
1871000 57
1872000 57
1873000 57
1874000 57
1875000 57
1876000 57
1877000 57
1878000 57
1879000 57
1880000 57
1881000 57
1882000 57
1883000 57
1884000 57
1885000 57
1886000 57
1887000 57
1888000 57
1889000 57
1890000 57
1891000 57
1892000 57
1893000 58
1894000 58
1895000 58
1896000 58
1897000 58
1898000 58
1899000 58
1900000 58
1901000 58
1902000 58
1903000 58
1904000 58
1905000 58
1906000 58
1907000 58
1908000 58
1909000 59
1910000 59
1911000 59
1912000 59
1913000 59
1914000 59
1915000 59
1916000 59
1917000 59
1918000 59
1919000 59
1920000 59
1921000 60
1922000 60
1923000 60
1924000 60
1925000 60
1926000 60
1927000 60
1928000 60
1929000 61
1930000 61
1931000 61
1932000 61
1933000 61
1934000 61
1935000 61
1936000 61
1937000 61
1938000 61
1939000 62
1940000 62
1941000 62
1942000 62
1943000 62
1944000 62
1945000 62
1946000 62
1947000 62
1948000 63
1949000 63
1950000 63
1951000 63
1952000 63
1953000 63
1954000 63
1955000 63
1956000 63
1957000 63
1958000 63
1959000 63
1960000 64
1961000 64
1962000 64
1963000 64
1964000 64
1965000 64
1966000 64
1967000 64
1968000 64
1969000 64
1970000 64
1971000 65
1972000 65
1973000 65
1974000 65
1975000 65
1976000 65
1977000 65
1978000 65
1979000 65
1980000 65
1981000 65
1982000 65
1983000 65
1984000 65
1985000 65
1986000 65
1987000 65
1988000 65
1989000 65
1990000 65
1991000 65
1992000 65
1993000 65
1994000 66
1995000 66
1996000 66
1997000 66
1998000 66
1999000 66
2000000 66
2001000 66
2002000 66
2003000 66
2004000 66
2005000 66
2006000 66
2007000 66
2008000 66
2009000 66
2010000 66
2011000 66
2012000 66
2013000 66
2014000 66
2015000 66
2016000 67
2017000 67
2018000 67
2019000 67
2020000 67
2021000 67
2022000 67
2023000 67
2024000 67
2025000 67
2026000 67
2027000 67
2028000 67
2029000 68
2030000 68
2031000 68
2032000 68
2033000 68
2034000 68
2035000 68
2036000 68
2037000 68
2038000 68
2039000 68
2040000 68
2041000 68
2042000 68
2043000 68
2044000 68
2045000 68
2046000 68
2047000 68
2048000 68
2049000 68
2050000 69
2051000 69
2052000 69
2053000 69
2054000 69
2055000 69
2056000 69
2057000 69
2058000 69
2059000 70
2060000 70
2061000 70
2062000 70
2063000 70
2064000 70
2065000 70
2066000 70
2067000 70
2068000 71
2069000 71
2070000 71
2071000 71
2072000 71
2073000 71
2074000 71
2075000 71
2076000 71
2077000 71
2078000 71
2079000 71
2080000 71
2081000 71
2082000 72
2083000 72
2084000 72
2085000 72
2086000 72
2087000 72
2088000 72
2089000 72
2090000 72
2091000 72
2092000 72
2093000 72
2094000 72
2095000 72
2096000 72
2097000 73
2098000 73
2099000 73
2100000 73
2101000 73
2102000 73
2103000 73
2104000 73
2105000 73
2106000 73
2107000 73
2108000 73
2109000 73
2110000 73
2111000 74
2112000 74
2113000 74
2114000 74
2115000 74
2116000 74
2117000 74
2118000 74
2119000 75
2120000 75
2121000 75
2122000 75
2123000 75
2124000 75
2125000 75
2126000 75
2127000 75
2128000 75
2129000 75
2130000 76
2131000 76
2132000 76
2133000 76
2134000 76
2135000 76
2136000 76
2137000 76
2138000 76
2139000 77
2140000 77
2141000 77
2142000 77
2143000 77
2144000 77
2145000 77
2146000 77
2147000 77
2148000 77
2149000 77
2150000 78
2151000 78
2152000 78
2153000 78
2154000 78
2155000 78
2156000 78
2157000 78
2158000 78
2159000 78
2160000 78
2161000 78
2162000 78
2163000 78
2164000 78
2165000 78
2166000 78
2167000 78
2168000 78
2169000 78
2170000 78
2171000 78
2172000 79
2173000 79
2174000 79
2175000 79
2176000 79
2177000 79
2178000 79
2179000 80
2180000 80
2181000 80
2182000 80
2183000 80
2184000 80
2185000 80
2186000 80
2187000 80
2188000 80
2189000 80
2190000 81
2191000 81
2192000 81
2193000 81
2194000 81
2195000 81
2196000 81
2197000 81
2198000 82
2199000 82
2200000 82
2201000 82
2202000 82
2203000 82
2204000 82
2205000 82
2206000 82
2207000 82
2208000 82
2209000 82
2210000 83
2211000 83
2212000 83
2213000 83
2214000 83
2215000 83
2216000 83
2217000 83
2218000 83
2219000 83
2220000 83
2221000 83
2222000 83
2223000 83
2224000 83
2225000 83
2226000 83
2227000 83
2228000 83
2229000 83
2230000 83
2231000 83
2232000 83
2233000 83
2234000 83
2235000 83
2236000 83
2237000 83
2238000 83
2239000 83
2240000 83
2241000 83
2242000 83
2243000 83
2244000 83
2245000 83
2246000 83
2247000 83
2248000 83
2249000 83
2250000 83
2251000 83
2252000 83
2253000 83
2254000 83
2255000 83
2256000 83
2257000 83
2258000 83
2259000 83
2260000 83
2261000 83
2262000 83
2263000 83
2264000 83
2265000 83
2266000 83
2267000 83
2268000 83
2269000 83
2270000 83
2271000 84
2272000 84
2273000 84
2274000 84
2275000 84
2276000 84
2277000 84
2278000 84
2279000 84
2280000 85
2281000 85
2282000 85
2283000 85
2284000 85
2285000 85
2286000 85
2287000 85
2288000 85
2289000 85
2290000 85
2291000 85
2292000 85
2293000 85
2294000 85
2295000 85
2296000 85
2297000 86
2298000 86
2299000 86
2300000 86
2301000 86
2302000 86
2303000 86
2304000 86
2305000 86
2306000 86
2307000 86
2308000 86
2309000 86
2310000 86
2311000 86
2312000 87
2313000 87
2314000 87
2315000 87
2316000 87
2317000 87
2318000 87
2319000 87
2320000 87
2321000 87
2322000 87
2323000 87
2324000 87
2325000 87
2326000 87
2327000 87
2328000 87
2329000 87
2330000 87
2331000 87
2332000 87
2333000 87
2334000 87
2335000 87
2336000 87
2337000 87
2338000 87
2339000 87
2340000 87
2341000 87
2342000 87
2343000 87
2344000 87
2345000 87
2346000 87
2347000 87
2348000 87
2349000 87
2350000 87
2351000 87
2352000 87
2353000 87
2354000 87
2355000 87
2356000 87
2357000 87
2358000 87
2359000 87
2360000 87
2361000 87
2362000 87
2363000 87
2364000 87
2365000 87
2366000 87
2367000 87
2368000 87
2369000 87
2370000 87
2371000 87
2372000 87
2373000 87
2374000 87
2375000 87
2376000 87
2377000 88
2378000 88
2379000 88
2380000 88
2381000 88
2382000 88
2383000 88
2384000 88
2385000 88
2386000 88
2387000 89
2388000 89
2389000 89
2390000 89
2391000 89
2392000 89
2393000 89
2394000 89
2395000 89
2396000 89
2397000 89
2398000 89
2399000 89
2400000 89
2401000 89
2402000 89
2403000 89
2404000 89
2405000 89
2406000 89
2407000 89
2408000 89
2409000 89
2410000 89
2411000 89
2412000 90
2413000 90
2414000 90
2415000 90
2416000 90
2417000 90
2418000 90
2419000 90
2420000 90
2421000 90
2422000 90
2423000 90
2424000 91
2425000 91
2426000 91
2427000 91
2428000 91
2429000 91
2430000 91
2431000 91
2432000 92
2433000 92
2434000 92
2435000 92
2436000 92
2437000 92
2438000 92
2439000 92
2440000 92
2441000 92
2442000 92
2443000 92
2444000 92
2445000 92
2446000 92
2447000 92
2448000 93
2449000 93
2450000 93
2451000 93
2452000 93
2453000 93
2454000 93
2455000 93
2456000 93
2457000 93
2458000 93
2459000 93
2460000 93
2461000 93
2462000 93
2463000 93
2464000 93
2465000 93
2466000 93
2467000 93
2468000 93
2469000 94
2470000 94
2471000 94
2472000 94
2473000 94
2474000 94
2475000 94
2476000 94
2477000 94
2478000 94
2479000 94
2480000 94
2481000 94
2482000 94
2483000 94
2484000 94
2485000 94
2486000 94
2487000 94
2488000 94
2489000 94
2490000 94
2491000 94
2492000 94
2493000 95
2494000 95
2495000 95
2496000 95
2497000 95
2498000 95
2499000 95
2500000 95
2501000 95
2502000 95
2503000 95
2504000 95
2505000 95
2506000 95
2507000 95
2508000 95
2509000 95
2510000 95
2511000 95
2512000 95
2513000 95
2514000 95
2515000 96
2516000 96
2517000 96
2518000 96
2519000 96
2520000 96
2521000 96
2522000 96
2523000 96
2524000 96
2525000 96
2526000 96
2527000 96
2528000 96
2529000 96
2530000 96
2531000 96
2532000 96
2533000 96
2534000 96
2535000 96
2536000 96
2537000 96
2538000 97
2539000 97
2540000 97
2541000 97
2542000 97
2543000 97
2544000 97
2545000 97
2546000 97
2547000 97
2548000 97
2549000 97
2550000 97
2551000 97
2552000 97
2553000 98
2554000 98
2555000 98
2556000 98
2557000 98
2558000 98
2559000 98
2560000 98
2561000 98
2562000 98
2563000 98
2564000 98
2565000 98
2566000 98
2567000 98
2568000 99
2569000 99
2570000 99
2571000 99
2572000 99
2573000 99
2574000 99
2575000 99
2576000 99
2577000 99
2578000 99
2579000 99
2580000 99
2581000 99
2582000 99
2583000 99
2584000 99
2585000 99
2586000 99
2587000 99
2588000 99
2589000 99
2590000 99
2591000 99
2592000 99
2593000 99
2594000 99
2595000 99
2596000 99
2597000 99
2598000 99
2599000 99
2600000 99
2601000 99
2602000 99
2603000 99
2604000 99
2605000 99
2606000 99
2607000 99
2608000 99
2609000 99
2610000 99
2611000 99
2612000 99
2613000 99
2614000 99
2615000 99
2616000 99
2617000 99
2618000 99
2619000 99
2620000 99
2621000 99
2622000 99
2623000 99
2624000 99
2625000 99
2626000 99
2627000 99
2628000 99
2629000 99
2630000 99
2631000 99
2632000 99
2633000 99
2634000 99
2635000 99
2636000 99
2637000 99
2638000 99
2639000 99
2640000 99
2641000 99
2642000 99
2643000 99
2644000 99
2645000 99
2646000 99
2647000 99
2648000 99
2649000 99
2650000 99
2651000 99
2652000 99
2653000 99
2654000 99
2655000 99
2656000 99
2657000 99
2658000 99
2659000 99
2660000 99
2661000 99
2662000 99
2663000 99
2664000 99
2665000 99
2666000 99
2667000 99
2668000 99
2669000 99
2670000 99
2671000 99
2672000 99
2673000 99
2674000 99
2675000 99
2676000 99
2677000 99
2678000 99
2679000 99
2680000 99
2681000 99
2682000 99
2683000 99
2684000 99
2685000 99
2686000 99
2687000 99
2688000 99
2689000 99
2690000 99
2691000 99
2692000 99
2693000 99
2694000 99
2695000 99
2696000 99
2697000 99
2698000 99
2699000 99
2700000 99
2701000 99
2702000 99
2703000 99
2704000 99
2705000 99
2706000 99
2707000 99
2708000 99
2709000 99
2710000 99
2711000 99
2712000 99
2713000 99
2714000 99
2715000 99
2716000 99
2717000 99
2718000 99
2719000 99
2720000 99
2721000 99
2722000 99
2723000 99
2724000 99
2725000 99
2726000 99
2727000 99
2728000 99
2729000 99
2730000 99
2731000 99
2732000 99
2733000 99
2734000 99
2735000 99
2736000 99
2737000 100
2738000 100
2739000 100
2740000 100
2741000 100
2742000 100
2743000 100
2744000 100
2745000 100
2746000 100
2747000 100
2748000 100
2749000 100
2750000 100
2751000 100
2752000 100
2753000 100
2754000 100
2755000 100
2756000 100
2757000 100
2758000 100
2759000 100
2760000 100
2761000 100
2762000 100
2763000 100
2764000 100
2765000 100
2766000 100
2767000 100
2768000 100
2769000 100
2770000 100
2771000 100
2772000 100
2773000 100
2774000 100
2775000 100
2776000 100
2777000 100
2778000 100
2779000 100
2780000 100
2781000 100
2782000 100
2783000 100
2784000 100
2785000 100
2786000 100
2787000 100
2788000 100
2789000 100
2790000 100
2791000 100
2792000 100
2793000 100
2794000 100
2795000 100
2796000 100
2797000 100
2798000 100
2799000 100
2800000 100
2801000 100
2802000 100
2803000 100
2804000 100
2805000 100
2806000 100
2807000 101
2808000 101
2809000 101
2810000 101
2811000 101
2812000 101
2813000 101
2814000 101
2815000 101
2816000 101
2817000 101
2818000 101
2819000 101
2820000 101
2821000 101
2822000 101
2823000 101
2824000 101
2825000 101
2826000 101
2827000 101
2828000 101
2829000 101
2830000 101
2831000 101
2832000 101
2833000 101
2834000 101
2835000 101
2836000 101
2837000 101
2838000 101
2839000 101
2840000 101
2841000 101
2842000 101
2843000 101
2844000 102
2845000 102
2846000 102
2847000 102
2848000 102
2849000 102
2850000 102
2851000 102
2852000 102
2853000 102
2854000 102
2855000 102
2856000 102
2857000 102
2858000 102
2859000 102
2860000 102
2861000 102
2862000 102
2863000 102
2864000 102
2865000 103
2866000 103
2867000 103
2868000 103
2869000 103
2870000 103
2871000 103
2872000 103
2873000 103
2874000 103
2875000 103
2876000 103
2877000 103
2878000 103
2879000 103
2880000 103
2881000 104
2882000 104
2883000 104
2884000 104
2885000 104
2886000 104
2887000 104
2888000 104
2889000 104
2890000 104
2891000 104
2892000 104
2893000 104
2894000 104
2895000 104
2896000 104
2897000 104
2898000 104
2899000 104
2900000 104
2901000 104
2902000 104
2903000 104
2904000 104
2905000 104
2906000 104
2907000 104
2908000 104
2909000 104
2910000 104
2911000 104
2912000 104
2913000 104
2914000 104
2915000 104
2916000 104
2917000 104
2918000 104
2919000 104
2920000 104
2921000 104
2922000 104
2923000 104
2924000 104
2925000 104
2926000 104
2927000 104
2928000 104
2929000 104
2930000 104
2931000 104
2932000 104
2933000 104
2934000 104
2935000 104
2936000 104
2937000 104
2938000 104
2939000 104
2940000 104
2941000 104
2942000 104
2943000 104
2944000 104
2945000 104
2946000 104
2947000 104
2948000 104
2949000 104
2950000 104
2951000 104
2952000 104
2953000 104
2954000 104
2955000 104
2956000 104
2957000 104
2958000 104
2959000 104
2960000 104
2961000 104
2962000 104
2963000 104
2964000 104
2965000 104
2966000 104
2967000 104
2968000 104
2969000 104
2970000 104
2971000 104
2972000 104
2973000 104
2974000 105
2975000 105
2976000 105
2977000 105
2978000 105
2979000 105
2980000 105
2981000 105
2982000 105
2983000 105
2984000 106
2985000 106
2986000 106
2987000 106
2988000 106
2989000 106
2990000 106
2991000 106
2992000 106
2993000 106
2994000 106
2995000 106
2996000 106
2997000 106
2998000 106
2999000 106
3000000 106
3001000 106
3002000 106
3003000 106
3004000 106
3005000 106
3006000 106
3007000 106
3008000 106
3009000 106
3010000 106
3011000 106
3012000 106
3013000 106
3014000 106
3015000 106
3016000 106
3017000 106
3018000 106
3019000 106
3020000 106
3021000 106
3022000 106
3023000 106
3024000 106
3025000 106
3026000 106
3027000 106
3028000 106
3029000 106
3030000 106
3031000 106
3032000 106
3033000 106
3034000 106
3035000 106
3036000 106
3037000 106
3038000 106
3039000 106
3040000 106
3041000 106
3042000 106
3043000 106
3044000 106
3045000 106
3046000 106
3047000 106
3048000 106
3049000 106
3050000 106
3051000 106
3052000 107
3053000 107
3054000 107
3055000 107
3056000 107
3057000 107
3058000 107
3059000 107
3060000 107
3061000 107
3062000 107
3063000 107
3064000 107
3065000 108
3066000 108
3067000 108
3068000 108
3069000 108
3070000 108
3071000 108
3072000 109
3073000 109
3074000 109
3075000 109
3076000 109
3077000 109
3078000 109
3079000 109
3080000 109
3081000 109
3082000 109
3083000 109
3084000 109
3085000 109
3086000 109
3087000 110
3088000 110
3089000 110
3090000 110
3091000 110
3092000 110
3093000 110
3094000 110
3095000 110
3096000 110
3097000 111
3098000 111
3099000 111
3100000 111
3101000 111
3102000 111
3103000 111
3104000 111
3105000 111
3106000 111
3107000 111
3108000 111
3109000 111
3110000 111
3111000 111
3112000 111
3113000 111
3114000 111
3115000 111
3116000 111
3117000 111
3118000 111
3119000 111
3120000 111
3121000 111
3122000 111
3123000 111
3124000 111
3125000 111
3126000 111
3127000 112
3128000 112
3129000 112
3130000 112
3131000 112
3132000 112
3133000 112
3134000 112
3135000 112
3136000 112
3137000 112
3138000 112
3139000 112
3140000 112
3141000 112
3142000 112
3143000 112
3144000 112
3145000 112
3146000 112
3147000 112
3148000 112
3149000 112
3150000 112
3151000 112
3152000 112
3153000 112
3154000 112
3155000 112
3156000 112
3157000 112
3158000 112
3159000 112
3160000 112
3161000 112
3162000 112
3163000 112
3164000 112
3165000 112
3166000 112
3167000 112
3168000 112
3169000 112
3170000 112
3171000 112
3172000 112
3173000 112
3174000 112
3175000 112
3176000 112
3177000 112
3178000 112
3179000 112
3180000 112
3181000 112
3182000 112
3183000 112
3184000 112
3185000 112
3186000 112
3187000 112
3188000 112
3189000 112
3190000 112
3191000 112
3192000 112
3193000 112
3194000 112
3195000 112
3196000 112
3197000 112
3198000 112
3199000 112
3200000 112
3201000 112
3202000 112
3203000 112
3204000 112
3205000 112
3206000 112
3207000 112
3208000 112
3209000 112
3210000 112
3211000 112
3212000 112
3213000 112
3214000 112
3215000 112
3216000 112
3217000 112
3218000 112
3219000 112
3220000 112
3221000 112
3222000 112
3223000 112
3224000 112
3225000 112
3226000 112
3227000 112
3228000 112
3229000 112
3230000 112
3231000 112
3232000 112
3233000 112
3234000 112
3235000 112
3236000 112
3237000 112
3238000 112
3239000 112
3240000 112
3241000 112
3242000 112
3243000 112
3244000 112
3245000 112
3246000 112
3247000 112
3248000 112
3249000 112
3250000 112
3251000 112
3252000 112
3253000 112
3254000 112
3255000 112
3256000 112
3257000 112
3258000 112
3259000 112
3260000 112
3261000 112
3262000 112
3263000 112
3264000 112
3265000 112
3266000 112
3267000 112
3268000 112
3269000 112
3270000 112
3271000 112
3272000 112
3273000 112
3274000 112
3275000 112
3276000 112
3277000 112
3278000 112
3279000 112
3280000 112
3281000 112
3282000 112
3283000 112
3284000 112
3285000 112
3286000 112
3287000 112
3288000 112
3289000 112
3290000 112
3291000 112
3292000 112
3293000 112
3294000 112
3295000 112
3296000 112
3297000 112
3298000 112
3299000 112
3300000 112
3301000 112
3302000 112
3303000 112
3304000 112
3305000 112
3306000 112
3307000 112
3308000 112
3309000 112
3310000 112
3311000 112
3312000 112
3313000 112
3314000 112
3315000 112
3316000 112
3317000 112
3318000 112
3319000 112
3320000 112
3321000 112
3322000 112
3323000 112
3324000 112
3325000 112
3326000 112
3327000 112
3328000 112
3329000 112
3330000 112
3331000 112
3332000 112
3333000 112
3334000 112
3335000 112
3336000 112
3337000 112
3338000 112
3339000 112
3340000 112
3341000 112
3342000 112
3343000 112
3344000 112
3345000 112
3346000 112
3347000 112
3348000 112
3349000 112
3350000 112
3351000 112
3352000 112
3353000 112
3354000 112
3355000 112
3356000 112
3357000 112
3358000 112
3359000 112
3360000 112
3361000 112
3362000 112
3363000 113
3364000 113
3365000 113
3366000 113
3367000 113
3368000 113
3369000 113
3370000 113
3371000 113
3372000 113
3373000 113
3374000 113
3375000 113
3376000 113
3377000 113
3378000 113
3379000 113
3380000 113
3381000 113
3382000 113
3383000 113
3384000 113
3385000 113
3386000 113
3387000 113
3388000 113
3389000 113
3390000 113
3391000 113
3392000 113
3393000 113
3394000 113
3395000 113
3396000 113
3397000 113
3398000 113
3399000 113
3400000 113
3401000 113
3402000 113
3403000 113
3404000 113
3405000 113
3406000 113
3407000 113
3408000 113
3409000 113
3410000 113
3411000 113
3412000 113
3413000 113
3414000 113
3415000 113
3416000 113
3417000 113
3418000 113
3419000 113
3420000 113
3421000 113
3422000 113
3423000 113
3424000 113
3425000 113
3426000 113
3427000 113
3428000 113
3429000 113
3430000 113
3431000 113
3432000 113
3433000 113
3434000 113
3435000 113
3436000 113
3437000 113
3438000 113
3439000 113
3440000 113
3441000 113
3442000 113
3443000 113
3444000 113
3445000 113
3446000 113
3447000 113
3448000 113
3449000 113
3450000 113
3451000 113
3452000 113
3453000 113
3454000 113
3455000 113
3456000 113
3457000 113
3458000 113
3459000 113
3460000 113
3461000 113
3462000 113
3463000 113
3464000 113
3465000 113
3466000 113
3467000 113
3468000 113
3469000 113
3470000 113
3471000 113
3472000 113
3473000 113
3474000 113
3475000 113
3476000 113
3477000 113
3478000 113
3479000 113
3480000 113
3481000 113
3482000 113
3483000 113
3484000 113
3485000 113
3486000 113
3487000 113
3488000 113
3489000 113
3490000 113
3491000 113
3492000 113
3493000 113
3494000 113
3495000 113
3496000 113
3497000 113
3498000 113
3499000 113
3500000 113
3501000 113
3502000 113
3503000 113
3504000 113
3505000 113
3506000 113
3507000 113
3508000 113
3509000 113
3510000 113
3511000 113
3512000 113
3513000 113
3514000 113
3515000 113
3516000 113
3517000 113
3518000 113
3519000 113
3520000 113
3521000 113
3522000 113
3523000 113
3524000 113
3525000 113
3526000 113
3527000 113
3528000 113
3529000 113
3530000 113
3531000 113
3532000 113
3533000 113
3534000 113
3535000 113
3536000 113
3537000 113
3538000 113
3539000 113
3540000 113
3541000 113
3542000 113
3543000 113
3544000 113
3545000 113
3546000 113
3547000 113
3548000 113
3549000 113
3550000 113
3551000 113
3552000 113
3553000 113
3554000 113
3555000 113
3556000 113
3557000 113
3558000 113
3559000 113
3560000 113
3561000 113
3562000 113
3563000 113
3564000 113
3565000 113
3566000 113
3567000 113
3568000 113
3569000 113
3570000 113
3571000 113
3572000 113
3573000 113
3574000 113
3575000 113
3576000 113
3577000 113
3578000 113
3579000 113
3580000 113
3581000 113
3582000 113
3583000 113
3584000 113
3585000 113
3586000 113
3587000 113
3588000 113
3589000 113
3590000 113
3591000 113
3592000 113
3593000 113
3594000 113
3595000 113
3596000 113
3597000 114
3598000 114
3599000 114
3600000 114
3601000 114
3602000 114
3603000 114
3604000 114
3605000 114
3606000 114
3607000 114
3608000 114
3609000 114
3610000 114
3611000 114
3612000 114
3613000 114
3614000 114
3615000 114
3616000 114
3617000 114
3618000 114
3619000 114
3620000 114
3621000 114
3622000 114
3623000 114
3624000 114
3625000 114
3626000 114
3627000 114
3628000 114
3629000 114
3630000 114
3631000 114
3632000 114
3633000 114
3634000 114
3635000 114
3636000 114
3637000 114
3638000 114
3639000 114
3640000 114
3641000 114
3642000 114
3643000 114
3644000 114
3645000 114
3646000 114
3647000 114
3648000 114
3649000 114
3650000 114
3651000 114
3652000 114
3653000 114
3654000 114
3655000 114
3656000 114
3657000 114
3658000 114
3659000 114
3660000 114
3661000 114
3662000 114
3663000 114
3664000 115
3665000 115
3666000 115
3667000 115
3668000 115
3669000 115
3670000 115
3671000 115
3672000 115
3673000 115
3674000 115
3675000 115
3676000 115
3677000 115
3678000 115
3679000 115
3680000 115
3681000 115
3682000 115
3683000 115
3684000 115
3685000 115
3686000 115
3687000 115
3688000 115
3689000 115
3690000 115
3691000 115
3692000 115
3693000 115
3694000 115
3695000 115
3696000 115
3697000 115
3698000 115
3699000 115
3700000 115
3701000 115
3702000 115
3703000 115
3704000 115
3705000 115
3706000 115
3707000 115
3708000 115
3709000 115
3710000 115
3711000 115
3712000 115
3713000 115
3714000 115
3715000 115
3716000 115
3717000 115
3718000 115
3719000 115
3720000 115
3721000 115
3722000 115
3723000 115
3724000 115
3725000 115
3726000 115
3727000 115
3728000 115
3729000 115
3730000 115
3731000 115
3732000 115
3733000 115
3734000 115
3735000 115
3736000 115
3737000 115
3738000 115
3739000 116
3740000 116
3741000 116
3742000 116
3743000 116
3744000 116
3745000 116
3746000 116
3747000 116
3748000 116
3749000 116
3750000 116
3751000 116
3752000 116
3753000 116
3754000 116
3755000 116
3756000 116
3757000 117
3758000 117
3759000 117
3760000 117
3761000 117
3762000 117
3763000 117
3764000 117
3765000 117
3766000 117
3767000 117
3768000 117
3769000 117
3770000 117
3771000 117
3772000 117
3773000 117
3774000 117
3775000 117
3776000 117
3777000 117
3778000 117
3779000 117
3780000 118
3781000 118
3782000 118
3783000 118
3784000 118
3785000 118
3786000 118
3787000 118
3788000 118
3789000 118
3790000 118
3791000 118
3792000 118
3793000 118
3794000 118
3795000 118
3796000 118
3797000 118
3798000 118
3799000 118
3800000 118
3801000 118
3802000 118
3803000 118
3804000 118
3805000 118
3806000 118
3807000 119
3808000 119
3809000 119
3810000 119
3811000 119
3812000 119
3813000 119
3814000 119
3815000 119
3816000 119
3817000 119
3818000 119
3819000 119
3820000 119
3821000 119
3822000 119
3823000 119
3824000 119
3825000 119
3826000 119
3827000 119
3828000 119
3829000 119
3830000 119
3831000 119
3832000 119
3833000 119
3834000 119
3835000 119
3836000 119
3837000 119
3838000 119
3839000 119
3840000 119
3841000 119
3842000 119
3843000 119
3844000 119
3845000 119
3846000 119
3847000 119
3848000 119
3849000 119
3850000 119
3851000 119
3852000 119
3853000 119
3854000 119
3855000 119
3856000 119
3857000 119
3858000 119
3859000 119
3860000 119
3861000 119
3862000 119
3863000 119
3864000 119
3865000 119
3866000 119
3867000 119
3868000 119
3869000 119
3870000 119
3871000 119
3872000 119
3873000 119
3874000 119
3875000 119
3876000 119
3877000 119
3878000 119
3879000 119
3880000 119
3881000 119
3882000 119
3883000 119
3884000 119
3885000 119
3886000 119
3887000 119
3888000 119
3889000 119
3890000 119
3891000 119
3892000 119
3893000 119
3894000 119
3895000 119
3896000 119
3897000 119
3898000 119
3899000 119
3900000 119
3901000 119
3902000 119
3903000 119
3904000 119
3905000 119
3906000 119
3907000 119
3908000 119
3909000 119
3910000 119
3911000 119
3912000 119
3913000 119
3914000 119
3915000 119
3916000 119
3917000 119
3918000 119
3919000 119
3920000 119
3921000 119
3922000 119
3923000 119
3924000 119
3925000 119
3926000 119
3927000 119
3928000 119
3929000 119
3930000 119
3931000 119
3932000 119
3933000 119
3934000 119
3935000 119
3936000 119
3937000 119
3938000 119
3939000 119
3940000 119
3941000 119
3942000 119
3943000 119
3944000 119
3945000 119
3946000 119
3947000 119
3948000 119
3949000 119
3950000 119
3951000 119
3952000 119
3953000 119
3954000 119
3955000 119
3956000 119
3957000 119
3958000 119
3959000 119
3960000 119
3961000 119
3962000 119
3963000 119
3964000 119
3965000 119
3966000 119
3967000 119
3968000 119
3969000 119
3970000 119
3971000 119
3972000 119
3973000 119
3974000 119
3975000 119
3976000 119
3977000 119
3978000 119
3979000 119
3980000 119
3981000 119
3982000 119
3983000 119
3984000 119
3985000 119
3986000 119
3987000 119
3988000 119
3989000 119
3990000 119
3991000 119
3992000 119
3993000 119
3994000 119
3995000 119
3996000 119
3997000 119
3998000 119
3999000 119
4000000 119
4001000 119
4002000 119
4003000 119
4004000 119
4005000 119
4006000 119
4007000 119
4008000 119
4009000 119
4010000 119
4011000 119
4012000 119
4013000 119
4014000 119
4015000 119
4016000 119
4017000 119
4018000 119
4019000 119
4020000 119
4021000 119
4022000 119
4023000 120
4024000 120
4025000 120
4026000 120
4027000 120
4028000 120
4029000 120
4030000 120
4031000 120
4032000 120
4033000 120
4034000 120
4035000 120
4036000 120
4037000 120
4038000 120
4039000 120
4040000 120
4041000 120
4042000 120
4043000 120
4044000 120
4045000 120
4046000 120
4047000 120
4048000 120
4049000 120
4050000 120
4051000 120
4052000 120
4053000 120
4054000 120
4055000 120
4056000 120
4057000 120
4058000 120
4059000 120
4060000 120
4061000 120
4062000 120
4063000 120
4064000 120
4065000 120
4066000 120
4067000 120
4068000 120
4069000 120
4070000 120
4071000 120
4072000 120
4073000 120
4074000 120
4075000 120
4076000 120
4077000 120
4078000 120
4079000 120
4080000 120
4081000 120
4082000 120
4083000 120
4084000 120
4085000 120
4086000 120
4087000 120
4088000 120
4089000 120
4090000 120
4091000 120
4092000 120
4093000 120
4094000 120
4095000 120
4096000 120
4097000 120
4098000 120
4099000 120
4100000 120
4101000 120
4102000 120
4103000 120
4104000 120
4105000 120
4106000 120
4107000 120
4108000 120
4109000 120
4110000 120
4111000 120
4112000 120
4113000 120
4114000 120
4115000 120
4116000 120
4117000 120
4118000 120
4119000 120
4120000 120
4121000 120
4122000 120
4123000 120
4124000 120
4125000 120
4126000 120
4127000 120
4128000 120
4129000 120
4130000 120
4131000 120
4132000 120
4133000 120
4134000 120
4135000 120
4136000 120
4137000 120
4138000 120
4139000 120
4140000 120
4141000 120
4142000 120
4143000 120
4144000 120
4145000 120
4146000 120
4147000 120
4148000 120
4149000 120
4150000 120
4151000 120
4152000 120
4153000 120
4154000 120
4155000 120
4156000 120
4157000 120
4158000 120
4159000 120
4160000 120
4161000 120
4162000 120
4163000 120
4164000 120
4165000 120
4166000 120
4167000 120
4168000 120
4169000 120
4170000 120
4171000 120
4172000 120
4173000 120
4174000 120
4175000 120
4176000 120
4177000 120
4178000 120
4179000 120
4180000 120
4181000 120
4182000 120
4183000 120
4184000 120
4185000 120
4186000 120
4187000 120
4188000 120
4189000 120
4190000 120
4191000 120
4192000 120
4193000 120
4194000 120
4195000 120
4196000 120
4197000 120
4198000 120
4199000 120
4200000 120
4201000 120
4202000 120
4203000 120
4204000 120
4205000 120
4206000 120
4207000 120
4208000 120
4209000 120
4210000 120
4211000 120
4212000 120
4213000 120
4214000 120
4215000 120
4216000 120
4217000 120
4218000 120
4219000 120
4220000 121
4221000 121
4222000 121
4223000 121
4224000 121
4225000 121
4226000 121
4227000 121
4228000 121
4229000 121
4230000 121
4231000 121
4232000 121
4233000 121
4234000 121
4235000 121
4236000 121
4237000 121
4238000 121
4239000 121
4240000 121
4241000 121
4242000 121
4243000 121
4244000 121
4245000 121
4246000 122
4247000 122
4248000 122
4249000 122
4250000 122
4251000 122
4252000 122
4253000 122
4254000 122
4255000 122
4256000 122
4257000 122
4258000 122
4259000 122
4260000 122
4261000 122
4262000 122
4263000 122
4264000 122
4265000 122
4266000 122
4267000 122
4268000 122
4269000 122
4270000 122
4271000 122
4272000 122
4273000 122
4274000 122
4275000 122
4276000 122
4277000 122
4278000 122
4279000 122
4280000 122
4281000 122
4282000 122
4283000 122
4284000 122
4285000 122
4286000 122
4287000 122
4288000 122
4289000 122
4290000 122
4291000 122
4292000 122
4293000 122
4294000 122
4295000 122
4296000 122
4297000 122
4298000 122
4299000 122
4300000 122
4301000 122
4302000 122
4303000 122
4304000 122
4305000 122
4306000 122
4307000 122
4308000 122
4309000 122
4310000 122
4311000 122
4312000 122
4313000 122
4314000 122
4315000 122
4316000 122
4317000 122
4318000 122
4319000 122
4320000 122
4321000 122
4322000 122
4323000 122
4324000 122
4325000 122
4326000 122
4327000 122
4328000 122
4329000 122
4330000 122
4331000 122
4332000 122
4333000 122
4334000 122
4335000 122
4336000 122
4337000 122
4338000 122
4339000 122
4340000 122
4341000 122
4342000 122
4343000 122
4344000 122
4345000 122
4346000 122
4347000 122
4348000 122
4349000 122
4350000 122
4351000 122
4352000 122
4353000 122
4354000 122
4355000 122
4356000 122
4357000 122
4358000 122
4359000 122
4360000 122
4361000 122
4362000 122
4363000 122
4364000 122
4365000 122
4366000 122
4367000 122
4368000 122
4369000 122
4370000 122
4371000 122
4372000 122
4373000 122
4374000 122
4375000 122
4376000 122
4377000 122
4378000 122
4379000 122
4380000 122
4381000 122
4382000 122
4383000 122
4384000 122
4385000 122
4386000 122
4387000 122
4388000 122
4389000 122
4390000 122
4391000 122
4392000 122
4393000 122
4394000 122
4395000 122
4396000 122
4397000 122
4398000 122
4399000 122
4400000 122
4401000 122
4402000 122
4403000 122
4404000 122
4405000 122
4406000 122
4407000 122
4408000 122
4409000 122
4410000 122
4411000 122
4412000 122
4413000 122
4414000 122
4415000 122
4416000 122
4417000 122
4418000 122
4419000 122
4420000 122
4421000 122
4422000 122
4423000 122
4424000 122
4425000 122
4426000 122
4427000 122
4428000 122
4429000 122
4430000 122
4431000 122
4432000 122
4433000 122
4434000 122
4435000 122
4436000 122
4437000 122
4438000 122
4439000 122
4440000 122
4441000 122
4442000 122
4443000 122
4444000 122
4445000 122
4446000 122
4447000 122
4448000 122
4449000 122
4450000 122
4451000 122
4452000 122
4453000 122
4454000 122
4455000 122
4456000 122
4457000 122
4458000 122
4459000 122
4460000 122
4461000 122
4462000 122
4463000 122
4464000 122
4465000 123
4466000 123
4467000 123
4468000 123
4469000 123
4470000 123
4471000 123
4472000 123
4473000 123
4474000 123
4475000 123
4476000 123
4477000 123
4478000 123
4479000 123
4480000 123
4481000 123
4482000 123
4483000 123
4484000 123
4485000 123
4486000 123
4487000 123
4488000 123
4489000 124
4490000 124
4491000 124
4492000 124
4493000 124
4494000 124
4495000 124
4496000 124
4497000 124
4498000 124
4499000 124
4500000 124
4501000 124
4502000 124
4503000 124
4504000 124
4505000 124
4506000 124
4507000 124
4508000 124
4509000 124
4510000 124
4511000 124
4512000 124
4513000 124
4514000 124
4515000 124
4516000 124
4517000 124
4518000 124
4519000 124
4520000 124
4521000 124
4522000 124
4523000 124
4524000 124
4525000 124
4526000 124
4527000 124
4528000 124
4529000 124
4530000 124
4531000 124
4532000 124
4533000 124
4534000 124
4535000 124
4536000 124
4537000 124
4538000 124
4539000 124
4540000 124
4541000 124
4542000 124
4543000 124
4544000 124
4545000 124
4546000 124
4547000 124
4548000 124
4549000 124
4550000 124
4551000 124
4552000 124
4553000 124
4554000 124
4555000 124
4556000 124
4557000 124
4558000 124
4559000 124
4560000 124
4561000 124
4562000 124
4563000 124
4564000 124
4565000 124
4566000 124
4567000 124
4568000 124
4569000 124
4570000 124
4571000 124
4572000 124
4573000 124
4574000 124
4575000 124
4576000 124
4577000 124
4578000 124
4579000 124
4580000 124
4581000 124
4582000 124
4583000 124
4584000 124
4585000 124
4586000 124
4587000 124
4588000 124
4589000 124
4590000 124
4591000 124
4592000 124
4593000 124
4594000 124
4595000 124
4596000 124
4597000 124
4598000 124
4599000 124
4600000 124
4601000 124
4602000 124
4603000 124
4604000 124
4605000 124
4606000 124
4607000 124
4608000 124
4609000 124
4610000 124
4611000 124
4612000 124
4613000 124
4614000 124
4615000 124
4616000 124
4617000 124
4618000 124
4619000 124
4620000 124
4621000 124
4622000 124
4623000 124
4624000 124
4625000 124
4626000 124
4627000 124
4628000 124
4629000 124
4630000 124
4631000 124
4632000 124
4633000 124
4634000 124
4635000 124
4636000 124
4637000 124
4638000 124
4639000 124
4640000 124
4641000 124
4642000 124
4643000 124
4644000 124
4645000 124
4646000 124
4647000 124
4648000 124
4649000 124
4650000 124
4651000 124
4652000 124
4653000 124
4654000 124
4655000 124
4656000 124
4657000 124
4658000 124
4659000 124
4660000 124
4661000 124
4662000 124
4663000 124
4664000 124
4665000 124
4666000 124
4667000 124
4668000 124
4669000 124
4670000 124
4671000 124
4672000 124
4673000 124
4674000 124
4675000 124
4676000 124
4677000 124
4678000 124
4679000 124
4680000 124
4681000 124
4682000 124
4683000 124
4684000 124
4685000 124
4686000 124
4687000 124
4688000 124
4689000 124
4690000 124
4691000 124
4692000 124
4693000 124
4694000 124
4695000 124
4696000 124
4697000 124
4698000 124
4699000 124
4700000 124
4701000 124
4702000 124
4703000 124
4704000 124
4705000 124
4706000 124
4707000 124
4708000 124
4709000 124
4710000 124
4711000 124
4712000 124
4713000 124
4714000 125
4715000 125
4716000 125
4717000 125
4718000 125
4719000 125
4720000 125
4721000 125
4722000 125
4723000 125
4724000 125
4725000 125
4726000 125
4727000 125
4728000 125
4729000 125
4730000 125
4731000 125
4732000 125
4733000 125
4734000 125
4735000 125
4736000 125
4737000 125
4738000 125
4739000 125
4740000 125
4741000 125
4742000 125
4743000 126
4744000 126
4745000 126
4746000 126
4747000 126
4748000 126
4749000 126
4750000 126
4751000 126
4752000 126
4753000 126
4754000 126
4755000 126
4756000 126
4757000 126
4758000 126
4759000 126
4760000 126
4761000 126
4762000 126
4763000 126
4764000 126
4765000 126
4766000 126
4767000 126
4768000 126
4769000 126
4770000 126
4771000 126
4772000 126
4773000 126
4774000 126
4775000 126
4776000 126
4777000 126
4778000 126
4779000 126
4780000 126
4781000 126
4782000 126
4783000 126
4784000 126
4785000 126
4786000 127
4787000 127
4788000 127
4789000 127
4790000 127
4791000 127
4792000 127
4793000 127
4794000 127
4795000 127
4796000 127
4797000 127
4798000 127
4799000 127
4800000 127
4801000 127
4802000 127
4803000 127
4804000 127
4805000 127
4806000 127
4807000 127
4808000 127
4809000 127
4810000 127
4811000 127
4812000 127
4813000 128
4814000 128
4815000 128
4816000 128
4817000 128
4818000 128
4819000 128
4820000 128
4821000 128
4822000 128
4823000 128
4824000 128
4825000 128
4826000 128
4827000 128
4828000 128
4829000 129
4830000 129
4831000 129
4832000 129
4833000 129
4834000 129
4835000 129
4836000 129
4837000 129
4838000 129
4839000 129
4840000 129
4841000 129
4842000 129
4843000 129
4844000 129
4845000 129
4846000 129
4847000 129
4848000 129
4849000 129
4850000 129
4851000 129
4852000 129
4853000 129
4854000 129
4855000 129
4856000 129
4857000 129
4858000 129
4859000 129
4860000 129
4861000 129
4862000 129
4863000 129
4864000 129
4865000 129
4866000 129
4867000 129
4868000 129
4869000 129
4870000 129
4871000 129
4872000 129
4873000 129
4874000 129
4875000 129
4876000 129
4877000 129
4878000 129
4879000 129
4880000 129
4881000 129
4882000 129
4883000 129
4884000 129
4885000 129
4886000 129
4887000 129
4888000 129
4889000 129
4890000 129
4891000 129
4892000 129
4893000 129
4894000 129
4895000 129
4896000 129
4897000 129
4898000 129
4899000 129
4900000 129
4901000 129
4902000 129
4903000 129
4904000 129
4905000 129
4906000 129
4907000 129
4908000 129
4909000 129
4910000 129
4911000 129
4912000 129
4913000 129
4914000 129
4915000 129
4916000 129
4917000 129
4918000 129
4919000 129
4920000 129
4921000 129
4922000 129
4923000 129
4924000 129
4925000 129
4926000 129
4927000 129
4928000 130
4929000 130
4930000 130
4931000 130
4932000 130
4933000 130
4934000 130
4935000 130
4936000 130
4937000 130
4938000 130
4939000 130
4940000 130
4941000 130
4942000 130
4943000 130
4944000 130
4945000 130
4946000 130
4947000 130
4948000 130
4949000 130
4950000 130
4951000 130
4952000 130
4953000 130
4954000 130
4955000 130
4956000 130
4957000 130
4958000 130
4959000 130
4960000 130
4961000 130
4962000 131
4963000 131
4964000 131
4965000 131
4966000 131
4967000 131
4968000 131
4969000 131
4970000 131
4971000 131
4972000 131
4973000 131
4974000 131
4975000 131
4976000 131
4977000 131
4978000 131
4979000 131
4980000 131
4981000 131
4982000 131
4983000 131
4984000 131
4985000 131
4986000 131
4987000 131
4988000 131
4989000 131
4990000 131
4991000 131
4992000 131
4993000 132
4994000 132
4995000 132
4996000 132
4997000 132
4998000 132
4999000 132
5000000 132
