0 0
1000 0
2000 0
3000 0
4000 0
5000 0
6000 0
7000 0
8000 0
9000 0
10000 0
11000 0
12000 0
13000 0
14000 0
15000 0
16000 0
17000 0
18000 0
19000 0
20000 0
21000 0
22000 0
23000 0
24000 0
25000 0
26000 0
27000 0
28000 0
29000 0
30000 0
31000 0
32000 0
33000 0
34000 0
35000 0
36000 0
37000 0
38000 0
39000 0
40000 0
41000 0
42000 0
43000 0
44000 0
45000 0
46000 0
47000 0
48000 0
49000 0
50000 0
51000 0
52000 0
53000 0
54000 0
55000 0
56000 0
57000 0
58000 1
59000 1
60000 1
61000 1
62000 1
63000 1
64000 1
65000 2
66000 2
67000 2
68000 2
69000 2
70000 2
71000 2
72000 2
73000 2
74000 2
75000 2
76000 2
77000 2
78000 2
79000 2
80000 2
81000 2
82000 2
83000 2
84000 2
85000 2
86000 3
87000 3
88000 3
89000 3
90000 3
91000 3
92000 3
93000 3
94000 3
95000 3
96000 4
97000 4
98000 4
99000 4
100000 4
101000 4
102000 4
103000 4
104000 4
105000 4
106000 5
107000 5
108000 5
109000 5
110000 5
111000 5
112000 5
113000 5
114000 5
115000 5
116000 5
117000 5
118000 5
119000 5
120000 5
121000 5
122000 5
123000 5
124000 5
125000 5
126000 5
127000 5
128000 5
129000 5
130000 5
131000 5
132000 5
133000 5
134000 5
135000 5
136000 5
137000 5
138000 5
139000 5
140000 5
141000 5
142000 5
143000 5
144000 5
145000 5
146000 5
147000 5
148000 5
149000 5
150000 5
151000 5
152000 5
153000 5
154000 5
155000 5
156000 5
157000 5
158000 5
159000 5
160000 5
161000 5
162000 5
163000 6
164000 6
165000 6
166000 6
167000 6
168000 6
169000 6
170000 6
171000 6
172000 6
173000 6
174000 6
175000 6
176000 6
177000 6
178000 6
179000 6
180000 6
181000 6
182000 6
183000 6
184000 6
185000 6
186000 6
187000 6
188000 6
189000 6
190000 6
191000 6
192000 6
193000 6
194000 6
195000 6
196000 6
197000 6
198000 6
199000 6
200000 6
201000 6
202000 6
203000 6
204000 6
205000 6
206000 6
207000 6
208000 6
209000 6
210000 6
211000 6
212000 6
213000 6
214000 6
215000 6
216000 6
217000 6
218000 6
219000 6
220000 6
221000 7
222000 7
223000 7
224000 7
225000 7
226000 7
227000 7
228000 8
229000 8
230000 8
231000 8
232000 8
233000 8
234000 8
235000 8
236000 9
237000 9
238000 9
239000 9
240000 9
241000 9
242000 9
243000 10
244000 10
245000 10
246000 10
247000 10
248000 10
249000 10
250000 10
251000 10
252000 10
253000 10
254000 10
255000 10
256000 10
257000 10
258000 10
259000 10
260000 10
261000 10
262000 10
263000 10
264000 10
265000 10
266000 10
267000 10
268000 10
269000 10
270000 10
271000 10
272000 10
273000 10
274000 10
275000 10
276000 10
277000 10
278000 10
279000 10
280000 10
281000 10
282000 10
283000 10
284000 10
285000 10
286000 10
287000 10
288000 10
289000 10
290000 10
291000 10
292000 10
293000 10
294000 10
295000 10
296000 10
297000 10
298000 10
299000 10
300000 11
301000 11
302000 11
303000 11
304000 11
305000 11
306000 11
307000 11
308000 11
309000 12
310000 12
311000 12
312000 12
313000 12
314000 12
315000 12
316000 13
317000 13
318000 13
319000 13
320000 13
321000 13
322000 13
323000 13
324000 14
325000 14
326000 14
327000 14
328000 14
329000 14
330000 14
331000 14
332000 14
333000 14
334000 14
335000 14
336000 14
337000 14
338000 14
339000 14
340000 14
341000 14
342000 14
343000 14
344000 14
345000 14
346000 14
347000 14
348000 14
349000 14
350000 14
351000 14
352000 14
353000 14
354000 14
355000 14
356000 14
357000 14
358000 14
359000 14
360000 14
361000 14
362000 14
363000 14
364000 14
365000 14
366000 14
367000 14
368000 15
369000 15
370000 15
371000 15
372000 15
373000 15
374000 15
375000 16
376000 16
377000 16
378000 16
379000 16
380000 16
381000 16
382000 16
383000 17
384000 17
385000 17
386000 17
387000 17
388000 17
389000 17
390000 18
391000 18
392000 18
393000 18
394000 18
395000 18
396000 18
397000 18
398000 19
399000 19
400000 19
401000 19
402000 19
403000 19
404000 20
405000 20
406000 20
407000 20
408000 20
409000 20
410000 20
411000 21
412000 21
413000 21
414000 21
415000 21
416000 21
417000 21
418000 21
419000 21
420000 22
421000 22
422000 22
423000 22
424000 22
425000 22
426000 22
427000 23
428000 23
429000 23
430000 23
431000 23
432000 23
433000 23
434000 23
435000 23
436000 23
437000 23
438000 23
439000 23
440000 23
441000 23
442000 23
443000 23
444000 23
445000 23
446000 23
447000 23
448000 23
449000 23
450000 23
451000 23
452000 23
453000 23
454000 23
455000 23
456000 23
457000 23
458000 23
459000 23
460000 23
461000 23
462000 23
463000 23
464000 23
465000 23
466000 23
467000 23
468000 23
469000 23
470000 23
471000 23
472000 23
473000 23
474000 23
475000 23
476000 23
477000 23
478000 23
479000 23
480000 23
481000 23
482000 23
483000 23
484000 24
485000 24
486000 24
487000 24
488000 24
489000 24
490000 25
491000 25
492000 25
493000 25
494000 25
495000 25
496000 25
497000 25
498000 25
499000 25
500000 25
501000 25
502000 25
503000 25
504000 25
505000 25
506000 25
507000 25
508000 25
509000 25
510000 25
511000 25
512000 25
513000 25
514000 25
515000 25
516000 25
517000 25
518000 25
519000 25
520000 25
521000 25
522000 25
523000 25
524000 25
525000 25
526000 25
527000 25
528000 25
529000 25
530000 25
531000 25
532000 25
533000 25
534000 25
535000 25
536000 25
537000 25
538000 25
539000 25
540000 25
541000 25
542000 25
543000 25
544000 25
545000 25
546000 25
547000 25
548000 26
549000 26
550000 26
551000 26
552000 26
553000 26
554000 26
555000 26
556000 26
557000 26
558000 27
559000 27
560000 27
561000 27
562000 27
563000 27
564000 27
565000 27
566000 28
567000 28
568000 28
569000 28
570000 28
571000 28
572000 29
573000 29
574000 29
575000 29
576000 29
577000 29
578000 29
579000 30
580000 30
581000 30
582000 30
583000 30
584000 30
585000 30
586000 30
587000 30
588000 30
589000 30
590000 30
591000 30
592000 30
593000 30
594000 30
595000 30
596000 30
597000 30
598000 30
599000 30
600000 30
601000 30
602000 30
603000 30
604000 30
605000 30
606000 30
607000 30
608000 30
609000 30
610000 30
611000 30
612000 30
613000 30
614000 30
615000 30
616000 30
617000 30
618000 30
619000 30
620000 30
621000 30
622000 30
623000 30
624000 30
625000 30
626000 30
627000 30
628000 30
629000 30
630000 30
631000 30
632000 30
633000 30
634000 30
635000 30
636000 30
637000 30
638000 30
639000 30
640000 30
641000 30
642000 30
643000 30
644000 30
645000 30
646000 30
647000 30
648000 30
649000 30
650000 30
651000 30
652000 30
653000 30
654000 30
655000 30
656000 30
657000 30
658000 30
659000 30
660000 30
661000 30
662000 30
663000 30
664000 30
665000 30
666000 30
667000 30
668000 30
669000 30
670000 30
671000 30
672000 30
673000 30
674000 30
675000 30
676000 30
677000 30
678000 30
679000 30
680000 30
681000 30
682000 30
683000 30
684000 30
685000 30
686000 30
687000 30
688000 30
689000 30
690000 30
691000 30
692000 30
693000 30
694000 30
695000 30
696000 30
697000 30
698000 30
699000 30
700000 30
701000 30
702000 30
703000 30
704000 30
705000 30
706000 30
707000 30
708000 30
709000 30
710000 30
711000 30
712000 30
713000 30
714000 30
715000 30
716000 30
717000 30
718000 30
719000 30
720000 30
721000 30
722000 30
723000 30
724000 30
725000 30
726000 30
727000 30
728000 30
729000 30
730000 30
731000 30
732000 30
733000 30
734000 30
735000 30
736000 31
737000 31
738000 31
739000 31
740000 31
741000 31
742000 31
743000 31
744000 32
745000 32
746000 32
747000 32
748000 32
749000 32
750000 32
751000 32
752000 32
753000 32
754000 32
755000 32
756000 32
757000 32
758000 32
759000 32
760000 32
761000 32
762000 32
763000 32
764000 32
765000 32
766000 32
767000 32
768000 32
769000 32
770000 32
771000 32
772000 32
773000 32
774000 32
775000 32
776000 32
777000 32
778000 32
779000 32
780000 32
781000 32
782000 32
783000 32
784000 32
785000 32
786000 32
787000 32
788000 32
789000 32
790000 32
791000 32
792000 32
793000 32
794000 32
795000 32
796000 32
797000 32
798000 32
799000 32
800000 32
801000 32
802000 32
803000 32
804000 32
805000 32
806000 32
807000 32
808000 32
809000 32
810000 32
811000 32
812000 32
813000 32
814000 32
815000 32
816000 32
817000 32
818000 32
819000 32
820000 32
821000 32
822000 32
823000 32
824000 32
825000 32
826000 32
827000 32
828000 32
829000 32
830000 32
831000 32
832000 32
833000 32
834000 32
835000 32
836000 32
837000 32
838000 32
839000 32
840000 32
841000 32
842000 32
843000 32
844000 32
845000 32
846000 32
847000 32
848000 32
849000 32
850000 32
851000 32
852000 32
853000 32
854000 33
855000 33
856000 33
857000 33
858000 33
859000 33
860000 33
861000 33
862000 34
863000 34
864000 34
865000 34
866000 34
867000 34
868000 34
869000 35
870000 35
871000 35
872000 35
873000 35
874000 35
875000 35
876000 35
877000 36
878000 36
879000 36
880000 36
881000 36
882000 36
883000 36
884000 36
885000 36
886000 36
887000 37
888000 37
889000 37
890000 37
891000 37
892000 37
893000 37
894000 37
895000 37
896000 37
897000 37
898000 38
899000 38
900000 38
901000 38
902000 38
903000 38
904000 38
905000 38
906000 39
907000 39
908000 39
909000 39
910000 39
911000 39
912000 39
913000 39
914000 40
915000 40
916000 40
917000 40
918000 40
919000 40
920000 40
921000 40
922000 40
923000 40
924000 40
925000 40
926000 40
927000 40
928000 40
929000 40
930000 40
931000 40
932000 40
933000 40
934000 40
935000 40
936000 40
937000 40
938000 40
939000 40
940000 40
941000 40
942000 40
943000 40
944000 40
945000 40
946000 40
947000 40
948000 40
949000 40
950000 40
951000 40
952000 40
953000 40
954000 40
955000 40
956000 40
957000 40
958000 40
959000 40
960000 40
961000 40
962000 40
963000 40
964000 40
965000 40
966000 40
967000 40
968000 40
969000 40
970000 41
971000 41
972000 41
973000 41
974000 41
975000 41
976000 41
977000 41
978000 42
979000 42
980000 42
981000 42
982000 42
983000 42
984000 42
985000 42
986000 42
987000 43
988000 43
989000 43
990000 43
991000 43
992000 43
993000 43
994000 43
995000 44
996000 44
997000 44
998000 44
999000 44
1000000 44
1001000 44
1002000 45
1003000 45
1004000 45
1005000 45
1006000 45
1007000 45
1008000 45
1009000 46
1010000 46
1011000 46
1012000 46
1013000 46
1014000 46
1015000 46
1016000 46
1017000 47
1018000 47
1019000 47
1020000 47
1021000 47
1022000 47
1023000 47
1024000 47
1025000 48
1026000 48
1027000 48
1028000 48
1029000 48
1030000 48
1031000 48
1032000 48
1033000 48
1034000 48
1035000 48
1036000 48
1037000 48
1038000 48
1039000 48
1040000 48
1041000 48
1042000 48
1043000 48
1044000 48
1045000 48
1046000 48
1047000 48
1048000 48
1049000 48
1050000 48
1051000 48
1052000 48
1053000 48
1054000 48
1055000 48
1056000 48
1057000 48
1058000 48
1059000 48
1060000 48
1061000 48
1062000 48
1063000 48
1064000 48
1065000 48
1066000 48
1067000 48
1068000 48
1069000 48
1070000 48
1071000 48
1072000 48
1073000 48
1074000 48
1075000 48
1076000 48
1077000 48
1078000 48
1079000 48
1080000 48
1081000 48
1082000 49
1083000 49
1084000 49
1085000 49
1086000 49
1087000 49
1088000 49
1089000 50
1090000 50
1091000 50
1092000 50
1093000 50
1094000 50
1095000 50
1096000 51
1097000 51
1098000 51
1099000 51
1100000 51
1101000 51
1102000 51
1103000 52
1104000 52
1105000 52
1106000 52
1107000 52
1108000 52
1109000 52
1110000 52
1111000 52
1112000 52
1113000 52
1114000 52
1115000 52
1116000 52
1117000 52
1118000 52
1119000 52
1120000 52
1121000 52
1122000 52
1123000 52
1124000 52
1125000 52
1126000 52
1127000 52
1128000 52
1129000 52
1130000 52
1131000 52
1132000 52
1133000 52
1134000 52
1135000 52
1136000 52
1137000 52
1138000 52
1139000 52
1140000 52
1141000 52
1142000 52
1143000 52
1144000 52
1145000 52
1146000 52
1147000 52
1148000 52
1149000 52
1150000 52
1151000 52
1152000 52
1153000 52
1154000 52
1155000 52
1156000 52
1157000 52
1158000 52
1159000 52
1160000 52
1161000 52
1162000 52
1163000 52
1164000 52
1165000 52
1166000 52
1167000 52
1168000 52
1169000 52
1170000 52
1171000 52
1172000 52
1173000 52
1174000 52
1175000 52
1176000 52
1177000 52
1178000 52
1179000 52
1180000 52
1181000 52
1182000 52
1183000 52
1184000 52
1185000 52
1186000 52
1187000 52
1188000 52
1189000 52
1190000 52
1191000 52
1192000 52
1193000 52
1194000 52
1195000 52
1196000 52
1197000 52
1198000 52
1199000 52
1200000 52
1201000 52
1202000 52
1203000 52
1204000 52
1205000 52
1206000 52
1207000 52
1208000 52
1209000 52
1210000 52
1211000 52
1212000 52
1213000 52
1214000 53
1215000 53
1216000 53
1217000 53
1218000 53
1219000 53
1220000 53
1221000 53
1222000 53
1223000 53
1224000 53
1225000 53
1226000 53
1227000 53
1228000 53
1229000 53
1230000 53
1231000 53
1232000 53
1233000 53
1234000 53
1235000 53
1236000 53
1237000 53
1238000 53
1239000 53
1240000 53
1241000 53
1242000 53
1243000 53
1244000 53
1245000 53
1246000 53
1247000 53
1248000 53
1249000 53
1250000 53
1251000 53
1252000 53
1253000 53
1254000 53
1255000 53
1256000 53
1257000 53
1258000 53
1259000 53
1260000 53
1261000 53
1262000 53
1263000 53
1264000 53
1265000 53
1266000 53
1267000 53
1268000 53
1269000 53
1270000 53
1271000 54
1272000 54
1273000 54
1274000 54
1275000 54
1276000 54
1277000 54
1278000 54
1279000 54
1280000 54
1281000 54
1282000 54
1283000 54
1284000 54
1285000 54
1286000 54
1287000 54
1288000 54
1289000 54
1290000 54
1291000 54
1292000 54
1293000 54
1294000 54
1295000 54
1296000 54
1297000 54
1298000 54
1299000 54
1300000 54
1301000 54
1302000 54
1303000 54
1304000 54
1305000 54
1306000 54
1307000 54
1308000 54
1309000 54
1310000 54
1311000 54
1312000 54
1313000 54
1314000 54
1315000 54
1316000 54
1317000 54
1318000 54
1319000 54
1320000 54
1321000 54
1322000 54
1323000 54
1324000 54
1325000 54
1326000 54
1327000 54
1328000 55
1329000 55
1330000 55
1331000 55
1332000 55
1333000 55
1334000 55
1335000 55
1336000 55
1337000 55
1338000 55
1339000 55
1340000 55
1341000 55
1342000 55
1343000 55
1344000 55
1345000 55
1346000 55
1347000 55
1348000 55
1349000 55
1350000 55
1351000 55
1352000 55
1353000 55
1354000 55
1355000 55
1356000 55
1357000 55
1358000 55
1359000 55
1360000 55
1361000 55
1362000 55
1363000 55
1364000 55
1365000 55
1366000 55
1367000 55
1368000 55
1369000 55
1370000 55
1371000 55
1372000 55
1373000 55
1374000 55
1375000 55
1376000 55
1377000 55
1378000 55
1379000 55
1380000 55
1381000 55
1382000 55
1383000 55
1384000 55
1385000 55
1386000 55
1387000 55
1388000 55
1389000 55
1390000 55
1391000 55
1392000 55
1393000 55
1394000 55
1395000 55
1396000 55
1397000 55
1398000 56
1399000 56
1400000 56
1401000 56
1402000 56
1403000 56
1404000 56
1405000 57
1406000 57
1407000 57
1408000 57
1409000 57
1410000 57
1411000 57
1412000 57
1413000 58
1414000 58
1415000 58
1416000 58
1417000 58
1418000 58
1419000 58
1420000 59
1421000 59
1422000 59
1423000 59
1424000 59
1425000 59
1426000 59
1427000 60
1428000 60
1429000 60
1430000 60
1431000 60
1432000 60
1433000 60
1434000 60
1435000 60
1436000 60
1437000 61
1438000 61
1439000 61
1440000 61
1441000 61
1442000 61
1443000 61
1444000 61
1445000 62
1446000 62
1447000 62
1448000 62
1449000 62
1450000 62
1451000 62
1452000 62
1453000 62
1454000 62
1455000 62
1456000 62
1457000 62
1458000 62
1459000 62
1460000 62
1461000 62
1462000 62
1463000 62
1464000 62
1465000 62
1466000 62
1467000 62
1468000 62
1469000 62
1470000 62
1471000 62
1472000 62
1473000 62
1474000 62
1475000 62
1476000 62
1477000 62
1478000 62
1479000 62
1480000 62
1481000 62
1482000 62
1483000 62
1484000 62
1485000 62
1486000 62
1487000 62
1488000 62
1489000 62
1490000 62
1491000 62
1492000 62
1493000 62
1494000 62
1495000 62
1496000 62
1497000 62
1498000 62
1499000 62
1500000 62
1501000 63
1502000 63
1503000 63
1504000 63
1505000 63
1506000 63
1507000 63
1508000 64
1509000 64
1510000 64
1511000 64
1512000 64
1513000 64
1514000 64
1515000 65
1516000 65
1517000 65
1518000 65
1519000 65
1520000 65
1521000 65
1522000 65
1523000 66
1524000 66
1525000 66
1526000 66
1527000 66
1528000 66
1529000 66
1530000 67
1531000 67
1532000 67
1533000 67
1534000 67
1535000 67
1536000 67
1537000 68
1538000 68
1539000 68
1540000 68
1541000 68
1542000 68
1543000 68
1544000 68
1545000 68
1546000 68
1547000 68
1548000 68
1549000 68
1550000 68
1551000 68
1552000 68
1553000 68
1554000 68
1555000 68
1556000 68
1557000 68
1558000 68
1559000 68
1560000 68
1561000 68
1562000 68
1563000 68
1564000 68
1565000 68
1566000 68
1567000 68
1568000 68
1569000 68
1570000 68
1571000 68
1572000 68
1573000 68
1574000 68
1575000 68
1576000 68
1577000 68
1578000 68
1579000 68
1580000 68
1581000 68
1582000 68
1583000 68
1584000 68
1585000 68
1586000 68
1587000 68
1588000 68
1589000 68
1590000 68
1591000 68
1592000 68
1593000 69
1594000 69
1595000 69
1596000 69
1597000 69
1598000 69
1599000 69
1600000 69
1601000 69
1602000 69
1603000 69
1604000 69
1605000 69
1606000 69
1607000 69
1608000 69
1609000 69
1610000 69
1611000 69
1612000 69
1613000 69
1614000 69
1615000 69
1616000 69
1617000 69
1618000 69
1619000 69
1620000 69
1621000 69
1622000 69
1623000 69
1624000 69
1625000 69
1626000 69
1627000 69
1628000 69
1629000 69
1630000 69
1631000 69
1632000 69
1633000 69
1634000 69
1635000 69
1636000 69
1637000 69
1638000 69
1639000 69
1640000 69
1641000 69
1642000 69
1643000 69
1644000 69
1645000 69
1646000 69
1647000 69
1648000 69
1649000 69
1650000 69
1651000 70
1652000 70
1653000 70
1654000 70
1655000 70
1656000 70
1657000 70
1658000 70
1659000 71
1660000 71
1661000 71
1662000 71
1663000 71
1664000 71
1665000 71
1666000 71
1667000 72
1668000 72
1669000 72
1670000 72
1671000 72
1672000 72
1673000 72
1674000 73
1675000 73
1676000 73
1677000 73
1678000 73
1679000 73
1680000 73
1681000 74
1682000 74
1683000 74
1684000 74
1685000 74
1686000 74
1687000 74
1688000 74
1689000 74
1690000 74
1691000 74
1692000 74
1693000 74
1694000 74
1695000 75
1696000 75
1697000 75
1698000 75
1699000 75
1700000 75
1701000 75
1702000 75
1703000 76
1704000 76
1705000 76
1706000 76
1707000 76
1708000 76
1709000 76
1710000 77
1711000 77
1712000 77
1713000 77
1714000 77
1715000 77
1716000 77
1717000 77
1718000 77
1719000 77
1720000 77
1721000 77
1722000 77
1723000 77
1724000 77
1725000 77
1726000 77
1727000 77
1728000 77
1729000 77
1730000 77
1731000 77
1732000 77
1733000 77
1734000 77
1735000 77
1736000 77
1737000 77
1738000 77
1739000 77
1740000 77
1741000 77
1742000 77
1743000 77
1744000 77
1745000 77
1746000 77
1747000 77
1748000 77
1749000 77
1750000 77
1751000 77
1752000 77
1753000 77
1754000 77
1755000 77
1756000 77
1757000 77
1758000 77
1759000 77
1760000 77
1761000 77
1762000 77
1763000 77
1764000 77
1765000 77
1766000 77
1767000 77
1768000 78
1769000 78
1770000 78
1771000 78
1772000 78
1773000 78
1774000 78
1775000 78
1776000 78
1777000 78
1778000 78
1779000 78
1780000 78
1781000 78
1782000 78
1783000 78
1784000 78
1785000 78
1786000 78
1787000 78
1788000 78
1789000 78
1790000 78
1791000 78
1792000 78
1793000 78
1794000 78
1795000 78
1796000 78
1797000 78
1798000 78
1799000 78
1800000 78
1801000 78
1802000 78
1803000 78
1804000 78
1805000 78
1806000 78
1807000 78
1808000 78
1809000 78
1810000 78
1811000 78
1812000 78
1813000 78
1814000 78
1815000 78
1816000 78
1817000 78
1818000 78
1819000 78
1820000 78
1821000 78
1822000 78
1823000 78
1824000 78
1825000 78
1826000 78
1827000 78
1828000 78
1829000 78
1830000 78
1831000 78
1832000 78
1833000 78
1834000 78
1835000 78
1836000 78
1837000 78
1838000 78
1839000 78
1840000 78
1841000 78
1842000 78
1843000 78
1844000 78
1845000 78
1846000 78
1847000 78
1848000 78
1849000 78
1850000 78
1851000 78
1852000 78
1853000 78
1854000 78
1855000 78
1856000 78
1857000 78
1858000 78
1859000 78
1860000 78
1861000 78
1862000 78
1863000 78
1864000 78
1865000 78
1866000 78
1867000 78
1868000 78
1869000 78
1870000 78
1871000 78
1872000 78
1873000 78
1874000 79
1875000 79
1876000 79
1877000 79
1878000 79
1879000 79
1880000 79
1881000 80
1882000 80
1883000 80
1884000 80
1885000 80
1886000 80
1887000 80
1888000 80
1889000 80
1890000 80
1891000 80
1892000 80
1893000 80
1894000 80
1895000 80
1896000 80
1897000 80
1898000 80
1899000 80
1900000 80
1901000 80
1902000 80
1903000 80
1904000 80
1905000 80
1906000 80
1907000 80
1908000 80
1909000 80
1910000 80
1911000 80
1912000 80
1913000 80
1914000 80
1915000 80
1916000 80
1917000 80
1918000 80
1919000 80
1920000 80
1921000 80
1922000 80
1923000 80
1924000 80
1925000 80
1926000 80
1927000 80
1928000 80
1929000 80
1930000 80
1931000 80
1932000 80
1933000 80
1934000 80
1935000 80
1936000 80
1937000 80
1938000 80
1939000 81
1940000 81
1941000 81
1942000 81
1943000 81
1944000 81
1945000 82
1946000 82
1947000 82
1948000 82
1949000 82
1950000 82
1951000 82
1952000 83
1953000 83
1954000 83
1955000 83
1956000 83
1957000 83
1958000 83
1959000 83
1960000 83
1961000 84
1962000 84
1963000 84
1964000 84
1965000 84
1966000 84
1967000 84
1968000 84
1969000 84
1970000 85
1971000 85
1972000 85
1973000 85
1974000 85
1975000 85
1976000 85
1977000 85
1978000 85
1979000 86
1980000 86
1981000 86
1982000 86
1983000 86
1984000 86
1985000 86
1986000 86
1987000 86
1988000 87
1989000 87
1990000 87
1991000 87
1992000 87
1993000 87
1994000 87
1995000 87
1996000 88
1997000 88
1998000 88
1999000 88
2000000 88
2001000 88
2002000 88
2003000 89
2004000 89
2005000 89
2006000 89
2007000 89
2008000 89
2009000 89
2010000 90
2011000 90
2012000 90
2013000 90
2014000 90
2015000 90
2016000 91
2017000 91
2018000 91
2019000 91
2020000 91
2021000 91
2022000 91
2023000 91
2024000 91
2025000 91
2026000 91
2027000 91
2028000 91
2029000 91
2030000 91
2031000 91
2032000 91
2033000 91
2034000 91
2035000 91
2036000 91
2037000 91
2038000 91
2039000 91
2040000 91
2041000 91
2042000 91
2043000 91
2044000 91
2045000 91
2046000 91
2047000 91
2048000 91
2049000 91
2050000 91
2051000 91
2052000 91
2053000 91
2054000 91
2055000 91
2056000 91
2057000 91
2058000 91
2059000 91
2060000 91
2061000 91
2062000 91
2063000 91
2064000 91
2065000 91
2066000 91
2067000 91
2068000 91
2069000 91
2070000 91
2071000 91
2072000 91
2073000 91
2074000 92
2075000 92
2076000 92
2077000 92
2078000 92
2079000 92
2080000 92
2081000 92
2082000 92
2083000 92
2084000 92
2085000 92
2086000 92
2087000 92
2088000 93
2089000 93
2090000 93
2091000 93
2092000 93
2093000 93
2094000 93
2095000 93
2096000 94
2097000 94
2098000 94
2099000 94
2100000 94
2101000 94
2102000 94
2103000 94
2104000 94
2105000 95
2106000 95
2107000 95
2108000 95
2109000 95
2110000 95
2111000 95
2112000 95
2113000 96
2114000 96
2115000 96
2116000 96
2117000 96
2118000 96
2119000 96
2120000 96
2121000 96
2122000 96
2123000 96
2124000 96
2125000 96
2126000 96
2127000 96
2128000 96
2129000 96
2130000 96
2131000 96
2132000 96
2133000 96
2134000 96
2135000 96
2136000 96
2137000 96
2138000 96
2139000 96
2140000 96
2141000 96
2142000 96
2143000 96
2144000 96
2145000 96
2146000 96
2147000 96
2148000 96
2149000 96
2150000 96
2151000 96
2152000 96
2153000 96
2154000 96
2155000 96
2156000 96
2157000 96
2158000 96
2159000 96
2160000 96
2161000 96
2162000 96
2163000 96
2164000 96
2165000 96
2166000 96
2167000 96
2168000 96
2169000 96
2170000 97
2171000 97
2172000 97
2173000 97
2174000 97
2175000 97
2176000 97
2177000 97
2178000 97
2179000 97
2180000 97
2181000 98
2182000 98
2183000 98
2184000 98
2185000 98
2186000 98
2187000 98
2188000 99
2189000 99
2190000 99
2191000 99
2192000 99
2193000 99
2194000 99
2195000 99
2196000 99
2197000 99
2198000 99
2199000 99
2200000 99
2201000 99
2202000 99
2203000 99
2204000 99
2205000 99
2206000 99
2207000 99
2208000 99
2209000 99
2210000 99
2211000 99
2212000 99
2213000 99
2214000 99
2215000 99
2216000 99
2217000 99
2218000 99
2219000 99
2220000 99
2221000 99
2222000 99
2223000 99
2224000 99
2225000 99
2226000 99
2227000 99
2228000 99
2229000 99
2230000 99
2231000 99
2232000 99
2233000 99
2234000 99
2235000 99
2236000 99
2237000 99
2238000 99
2239000 99
2240000 99
2241000 99
2242000 99
2243000 99
2244000 99
2245000 99
2246000 100
2247000 100
2248000 100
2249000 100
2250000 100
2251000 100
2252000 100
2253000 100
2254000 100
2255000 101
2256000 101
2257000 101
2258000 101
2259000 101
2260000 101
2261000 101
2262000 101
2263000 102
2264000 102
2265000 102
2266000 102
2267000 102
2268000 102
2269000 102
2270000 102
2271000 102
2272000 102
2273000 102
2274000 102
2275000 102
2276000 102
2277000 102
2278000 102
2279000 102
2280000 102
2281000 102
2282000 102
2283000 102
2284000 102
2285000 102
2286000 102
2287000 102
2288000 102
2289000 102
2290000 102
2291000 102
2292000 102
2293000 102
2294000 102
2295000 102
2296000 102
2297000 102
2298000 102
2299000 102
2300000 102
2301000 102
2302000 102
2303000 102
2304000 102
2305000 102
2306000 102
2307000 102
2308000 102
2309000 102
2310000 102
2311000 102
2312000 102
2313000 102
2314000 102
2315000 102
2316000 102
2317000 102
2318000 102
2319000 102
2320000 102
2321000 102
2322000 103
2323000 103
2324000 103
2325000 103
2326000 103
2327000 103
2328000 103
2329000 103
2330000 103
2331000 103
2332000 103
2333000 103
2334000 103
2335000 103
2336000 103
2337000 103
2338000 103
2339000 103
2340000 103
2341000 103
2342000 103
2343000 103
2344000 103
2345000 103
2346000 103
2347000 103
2348000 103
2349000 103
2350000 103
2351000 103
2352000 103
2353000 103
2354000 103
2355000 103
2356000 103
2357000 103
2358000 103
2359000 103
2360000 103
2361000 103
2362000 103
2363000 103
2364000 103
2365000 103
2366000 103
2367000 103
2368000 103
2369000 103
2370000 103
2371000 103
2372000 103
2373000 103
2374000 103
2375000 103
2376000 103
2377000 103
2378000 104
2379000 104
2380000 104
2381000 104
2382000 104
2383000 104
2384000 105
2385000 105
2386000 105
2387000 105
2388000 105
2389000 105
2390000 105
2391000 105
2392000 106
2393000 106
2394000 106
2395000 106
2396000 106
2397000 106
2398000 106
2399000 107
2400000 107
2401000 107
2402000 107
2403000 107
2404000 107
2405000 107
2406000 107
2407000 107
2408000 107
2409000 107
2410000 107
2411000 107
2412000 107
2413000 107
2414000 107
2415000 107
2416000 107
2417000 107
2418000 107
2419000 107
2420000 107
2421000 107
2422000 107
2423000 107
2424000 107
2425000 107
2426000 107
2427000 107
2428000 107
2429000 107
2430000 107
2431000 107
2432000 107
2433000 107
2434000 107
2435000 107
2436000 107
2437000 107
2438000 107
2439000 107
2440000 107
2441000 107
2442000 107
2443000 107
2444000 107
2445000 107
2446000 107
2447000 107
2448000 107
2449000 107
2450000 107
2451000 107
2452000 107
2453000 107
2454000 107
2455000 107
2456000 107
2457000 107
2458000 108
2459000 108
2460000 108
2461000 108
2462000 108
2463000 108
2464000 108
2465000 108
2466000 108
2467000 108
2468000 108
2469000 109
2470000 109
2471000 109
2472000 109
2473000 109
2474000 109
2475000 109
2476000 109
2477000 109
2478000 109
2479000 109
2480000 109
2481000 109
2482000 109
2483000 109
2484000 109
2485000 109
2486000 109
2487000 109
2488000 109
2489000 109
2490000 109
2491000 109
2492000 109
2493000 109
2494000 109
2495000 109
2496000 109
2497000 109
2498000 109
2499000 109
2500000 109
2501000 109
2502000 109
2503000 109
2504000 109
2505000 109
2506000 109
2507000 109
2508000 109
2509000 109
2510000 109
2511000 109
2512000 109
2513000 109
2514000 109
2515000 109
2516000 109
2517000 109
2518000 109
2519000 109
2520000 109
2521000 109
2522000 109
2523000 109
2524000 109
2525000 109
2526000 110
2527000 110
2528000 110
2529000 110
2530000 110
2531000 110
2532000 110
2533000 110
2534000 110
2535000 110
2536000 110
2537000 110
2538000 110
2539000 110
2540000 110
2541000 110
2542000 110
2543000 110
2544000 110
2545000 110
2546000 110
2547000 110
2548000 110
2549000 110
2550000 110
2551000 110
2552000 110
2553000 110
2554000 110
2555000 110
2556000 110
2557000 110
2558000 110
2559000 110
2560000 110
2561000 110
2562000 110
2563000 110
2564000 110
2565000 110
2566000 110
2567000 110
2568000 110
2569000 110
2570000 110
2571000 110
2572000 110
2573000 110
2574000 110
2575000 110
2576000 110
2577000 110
2578000 110
2579000 110
2580000 110
2581000 110
2582000 110
2583000 110
2584000 110
2585000 110
2586000 110
2587000 110
2588000 110
2589000 110
2590000 110
2591000 110
2592000 110
2593000 110
2594000 110
2595000 110
2596000 110
2597000 110
2598000 110
2599000 110
2600000 110
2601000 110
2602000 110
2603000 110
2604000 110
2605000 110
2606000 110
2607000 110
2608000 110
2609000 110
2610000 110
2611000 110
2612000 110
2613000 110
2614000 110
2615000 110
2616000 110
2617000 110
2618000 110
2619000 110
2620000 110
2621000 110
2622000 110
2623000 110
2624000 110
2625000 110
2626000 110
2627000 110
2628000 110
2629000 110
2630000 110
2631000 110
2632000 110
2633000 111
2634000 111
2635000 111
2636000 111
2637000 111
2638000 111
2639000 111
2640000 112
2641000 112
2642000 112
2643000 112
2644000 112
2645000 112
2646000 112
2647000 112
2648000 112
2649000 112
2650000 112
2651000 112
2652000 112
2653000 112
2654000 113
2655000 113
2656000 113
2657000 113
2658000 113
2659000 113
2660000 113
2661000 114
2662000 114
2663000 114
2664000 114
2665000 114
2666000 114
2667000 114
2668000 115
2669000 115
2670000 115
2671000 115
2672000 115
2673000 115
2674000 116
2675000 116
2676000 116
2677000 116
2678000 116
2679000 116
2680000 116
2681000 117
2682000 117
2683000 117
2684000 117
2685000 117
2686000 117
2687000 117
2688000 117
2689000 118
2690000 118
2691000 118
2692000 118
2693000 118
2694000 118
2695000 118
2696000 118
2697000 118
2698000 118
2699000 118
2700000 118
2701000 118
2702000 118
2703000 118
2704000 118
2705000 118
2706000 118
2707000 118
2708000 118
2709000 118
2710000 118
2711000 118
2712000 118
2713000 118
2714000 118
2715000 118
2716000 118
2717000 118
2718000 118
2719000 118
2720000 118
2721000 118
2722000 118
2723000 118
2724000 118
2725000 118
2726000 118
2727000 118
2728000 118
2729000 118
2730000 118
2731000 118
2732000 118
2733000 118
2734000 118
2735000 118
2736000 118
2737000 118
2738000 118
2739000 118
2740000 118
2741000 118
2742000 118
2743000 118
2744000 118
2745000 118
2746000 119
2747000 119
2748000 119
2749000 119
2750000 119
2751000 119
2752000 119
2753000 119
2754000 120
2755000 120
2756000 120
2757000 120
2758000 120
2759000 120
2760000 120
2761000 120
2762000 120
2763000 120
2764000 120
2765000 120
2766000 120
2767000 120
2768000 120
2769000 120
2770000 120
2771000 120
2772000 120
2773000 120
2774000 120
2775000 120
2776000 120
2777000 120
2778000 120
2779000 120
2780000 120
2781000 120
2782000 120
2783000 120
2784000 120
2785000 120
2786000 120
2787000 120
2788000 120
2789000 120
2790000 120
2791000 120
2792000 120
2793000 120
2794000 120
2795000 120
2796000 120
2797000 120
2798000 120
2799000 120
2800000 120
2801000 120
2802000 120
2803000 120
2804000 120
2805000 120
2806000 120
2807000 120
2808000 120
2809000 120
2810000 120
2811000 120
2812000 120
2813000 121
2814000 121
2815000 121
2816000 121
2817000 121
2818000 121
2819000 121
2820000 121
2821000 121
2822000 121
2823000 121
2824000 121
2825000 121
2826000 121
2827000 121
2828000 121
2829000 121
2830000 121
2831000 121
2832000 121
2833000 121
2834000 121
2835000 121
2836000 121
2837000 121
2838000 121
2839000 121
2840000 121
2841000 121
2842000 121
2843000 121
2844000 121
2845000 121
2846000 121
2847000 121
2848000 121
2849000 121
2850000 121
2851000 121
2852000 121
2853000 121
2854000 121
2855000 121
2856000 121
2857000 121
2858000 121
2859000 121
2860000 121
2861000 121
2862000 121
2863000 121
2864000 121
2865000 121
2866000 121
2867000 121
2868000 121
2869000 121
2870000 121
2871000 121
2872000 122
2873000 122
2874000 122
2875000 122
2876000 122
2877000 122
2878000 122
2879000 122
2880000 122
2881000 122
2882000 122
2883000 122
2884000 122
2885000 122
2886000 122
2887000 122
2888000 122
2889000 122
2890000 122
2891000 122
2892000 122
2893000 122
2894000 122
2895000 122
2896000 122
2897000 122
2898000 122
2899000 122
2900000 122
2901000 122
2902000 122
2903000 122
2904000 122
2905000 122
2906000 122
2907000 122
2908000 122
2909000 122
2910000 122
2911000 122
2912000 122
2913000 122
2914000 122
2915000 122
2916000 122
2917000 122
2918000 122
2919000 122
2920000 122
2921000 122
2922000 122
2923000 122
2924000 122
2925000 122
2926000 122
2927000 122
2928000 123
2929000 123
2930000 123
2931000 123
2932000 123
2933000 123
2934000 124
2935000 124
2936000 124
2937000 124
2938000 124
2939000 124
2940000 124
2941000 125
2942000 125
2943000 125
2944000 125
2945000 125
2946000 125
2947000 126
2948000 126
2949000 126
2950000 126
2951000 126
2952000 126
2953000 126
2954000 127
2955000 127
2956000 127
2957000 127
2958000 127
2959000 127
2960000 127
2961000 127
2962000 127
2963000 127
2964000 127
2965000 127
2966000 127
2967000 127
2968000 127
2969000 127
2970000 127
2971000 127
2972000 127
2973000 127
2974000 127
2975000 127
2976000 127
2977000 127
2978000 127
2979000 127
2980000 127
2981000 127
2982000 127
2983000 127
2984000 127
2985000 127
2986000 127
2987000 127
2988000 127
2989000 127
2990000 127
2991000 127
2992000 127
2993000 127
2994000 127
2995000 127
2996000 127
2997000 127
2998000 127
2999000 127
3000000 127
3001000 127
3002000 127
3003000 127
3004000 127
3005000 127
3006000 127
3007000 127
3008000 127
3009000 127
3010000 127
3011000 128
3012000 128
3013000 128
3014000 128
3015000 128
3016000 128
3017000 129
3018000 129
3019000 129
3020000 129
3021000 129
3022000 129
3023000 129
3024000 130
3025000 130
3026000 130
3027000 130
3028000 130
3029000 130
3030000 130
3031000 131
3032000 131
3033000 131
3034000 131
3035000 131
3036000 131
3037000 131
3038000 132
3039000 132
3040000 132
3041000 132
3042000 132
3043000 132
3044000 132
3045000 132
3046000 132
3047000 133
3048000 133
3049000 133
3050000 133
3051000 133
3052000 133
3053000 133
3054000 133
3055000 133
3056000 133
3057000 133
3058000 133
3059000 133
3060000 133
3061000 133
3062000 133
3063000 133
3064000 133
3065000 133
3066000 133
3067000 133
3068000 133
3069000 133
3070000 133
3071000 133
3072000 133
3073000 133
3074000 133
3075000 133
3076000 133
3077000 133
3078000 133
3079000 133
3080000 133
3081000 133
3082000 133
3083000 133
3084000 133
3085000 133
3086000 133
3087000 133
3088000 133
3089000 133
3090000 133
3091000 133
3092000 133
3093000 133
3094000 133
3095000 133
3096000 133
3097000 133
3098000 133
3099000 133
3100000 133
3101000 133
3102000 133
3103000 133
3104000 133
3105000 134
3106000 134
3107000 134
3108000 134
3109000 134
3110000 134
3111000 134
3112000 135
3113000 135
3114000 135
3115000 135
3116000 135
3117000 135
3118000 135
3119000 135
3120000 135
3121000 135
3122000 135
3123000 135
3124000 135
3125000 135
3126000 135
3127000 135
3128000 135
3129000 135
3130000 135
3131000 135
3132000 135
3133000 135
3134000 135
3135000 135
3136000 135
3137000 135
3138000 135
3139000 135
3140000 135
3141000 135
3142000 135
3143000 135
3144000 135
3145000 135
3146000 135
3147000 135
3148000 135
3149000 135
3150000 135
3151000 135
3152000 135
3153000 135
3154000 135
3155000 135
3156000 135
3157000 135
3158000 135
3159000 135
3160000 135
3161000 135
3162000 135
3163000 135
3164000 135
3165000 135
3166000 135
3167000 135
3168000 135
3169000 136
3170000 136
3171000 136
3172000 136
3173000 136
3174000 136
3175000 136
3176000 137
3177000 137
3178000 137
3179000 137
3180000 137
3181000 137
3182000 137
3183000 137
3184000 137
3185000 138
3186000 138
3187000 138
3188000 138
3189000 138
3190000 138
3191000 138
3192000 138
3193000 138
3194000 138
3195000 138
3196000 138
3197000 138
3198000 138
3199000 138
3200000 138
3201000 138
3202000 138
3203000 138
3204000 138
3205000 138
3206000 138
3207000 138
3208000 138
3209000 138
3210000 138
3211000 138
3212000 138
3213000 138
3214000 138
3215000 138
3216000 138
3217000 138
3218000 138
3219000 138
3220000 138
3221000 138
3222000 138
3223000 138
3224000 138
3225000 138
3226000 139
3227000 139
3228000 139
3229000 139
3230000 139
3231000 139
3232000 139
3233000 140
3234000 140
3235000 140
3236000 140
3237000 140
3238000 140
3239000 140
3240000 140
3241000 141
3242000 141
3243000 141
3244000 141
3245000 141
3246000 141
3247000 141
3248000 141
3249000 142
3250000 142
3251000 142
3252000 142
3253000 142
3254000 142
3255000 143
3256000 143
3257000 143
3258000 143
3259000 143
3260000 143
3261000 143
3262000 144
3263000 144
3264000 144
3265000 144
3266000 144
3267000 144
3268000 144
3269000 144
3270000 145
3271000 145
3272000 145
3273000 145
3274000 145
3275000 145
3276000 145
3277000 145
3278000 146
3279000 146
3280000 146
3281000 146
3282000 146
3283000 146
3284000 146
3285000 147
3286000 147
3287000 147
3288000 147
3289000 147
3290000 147
3291000 147
3292000 147
3293000 147
3294000 147
3295000 147
3296000 147
3297000 147
3298000 147
3299000 147
3300000 147
3301000 147
3302000 147
3303000 147
3304000 147
3305000 147
3306000 147
3307000 147
3308000 147
3309000 147
3310000 147
3311000 147
3312000 147
3313000 147
3314000 147
3315000 147
3316000 147
3317000 147
3318000 147
3319000 147
3320000 147
3321000 147
3322000 147
3323000 147
3324000 147
3325000 147
3326000 147
3327000 147
3328000 147
3329000 147
3330000 147
3331000 147
3332000 147
3333000 147
3334000 147
3335000 147
3336000 147
3337000 147
3338000 147
3339000 147
3340000 147
3341000 147
3342000 147
3343000 147
3344000 147
3345000 147
3346000 147
3347000 147
3348000 147
3349000 147
3350000 147
3351000 147
3352000 147
3353000 147
3354000 147
3355000 147
3356000 147
3357000 147
3358000 147
3359000 147
3360000 147
3361000 147
3362000 147
3363000 147
3364000 147
3365000 147
3366000 147
3367000 147
3368000 147
3369000 147
3370000 147
3371000 147
3372000 147
3373000 147
3374000 147
3375000 147
3376000 147
3377000 147
3378000 147
3379000 147
3380000 147
3381000 147
3382000 147
3383000 147
3384000 147
3385000 147
3386000 147
3387000 147
3388000 147
3389000 147
3390000 147
3391000 147
3392000 147
3393000 147
3394000 147
3395000 148
3396000 148
3397000 148
3398000 148
3399000 148
3400000 148
3401000 148
3402000 149
3403000 149
3404000 149
3405000 149
3406000 149
3407000 149
3408000 149
3409000 149
3410000 149
3411000 150
3412000 150
3413000 150
3414000 150
3415000 150
3416000 150
3417000 150
3418000 150
3419000 151
3420000 151
3421000 151
3422000 151
3423000 151
3424000 151
3425000 151
3426000 152
3427000 152
3428000 152
3429000 152
3430000 152
3431000 152
3432000 152
3433000 152
3434000 152
3435000 152
3436000 152
3437000 152
3438000 152
3439000 152
3440000 152
3441000 152
3442000 152
3443000 152
3444000 152
3445000 152
3446000 152
3447000 152
3448000 152
3449000 152
3450000 152
3451000 152
3452000 152
3453000 152
3454000 152
3455000 152
3456000 152
3457000 152
3458000 152
3459000 152
3460000 152
3461000 152
3462000 152
3463000 152
3464000 152
3465000 152
3466000 152
3467000 152
3468000 152
3469000 152
3470000 152
3471000 152
3472000 152
3473000 152
3474000 152
3475000 152
3476000 152
3477000 152
3478000 152
3479000 152
3480000 152
3481000 152
3482000 152
3483000 152
3484000 153
3485000 153
3486000 153
3487000 153
3488000 153
3489000 153
3490000 153
3491000 153
3492000 154
3493000 154
3494000 154
3495000 154
3496000 154
3497000 154
3498000 154
3499000 155
3500000 155
3501000 155
3502000 155
3503000 155
3504000 155
3505000 155
3506000 155
3507000 155
3508000 155
3509000 155
3510000 155
3511000 155
3512000 155
3513000 155
3514000 155
3515000 155
3516000 155
3517000 155
3518000 155
3519000 155
3520000 155
3521000 155
3522000 155
3523000 155
3524000 155
3525000 155
3526000 155
3527000 155
3528000 155
3529000 155
3530000 155
3531000 155
3532000 155
3533000 155
3534000 155
3535000 155
3536000 155
3537000 155
3538000 155
3539000 155
3540000 155
3541000 155
3542000 155
3543000 155
3544000 155
3545000 155
3546000 155
3547000 155
3548000 155
3549000 155
3550000 155
3551000 155
3552000 155
3553000 155
3554000 155
3555000 155
3556000 155
3557000 155
3558000 155
3559000 155
3560000 155
3561000 155
3562000 155
3563000 155
3564000 155
3565000 155
3566000 155
3567000 155
3568000 155
3569000 155
3570000 155
3571000 155
3572000 155
3573000 155
3574000 155
3575000 155
3576000 155
3577000 155
3578000 155
3579000 155
3580000 155
3581000 155
3582000 155
3583000 155
3584000 155
3585000 155
3586000 155
3587000 155
3588000 155
3589000 155
3590000 155
3591000 155
3592000 155
3593000 155
3594000 155
3595000 155
3596000 155
3597000 155
3598000 155
3599000 155
3600000 155
3601000 155
3602000 155
3603000 155
3604000 155
3605000 155
3606000 156
3607000 156
3608000 156
3609000 156
3610000 156
3611000 156
3612000 156
3613000 157
3614000 157
3615000 157
3616000 157
3617000 157
3618000 157
3619000 157
3620000 158
3621000 158
3622000 158
3623000 158
3624000 158
3625000 158
3626000 158
3627000 159
3628000 159
3629000 159
3630000 159
3631000 159
3632000 159
3633000 159
3634000 160
3635000 160
3636000 160
3637000 160
3638000 160
3639000 160
3640000 160
3641000 160
3642000 161
3643000 161
3644000 161
3645000 161
3646000 161
3647000 161
3648000 161
3649000 161
3650000 162
3651000 162
3652000 162
3653000 162
3654000 162
3655000 162
3656000 162
3657000 162
3658000 163
3659000 163
3660000 163
3661000 163
3662000 163
3663000 163
3664000 163
3665000 163
3666000 163
3667000 163
3668000 163
3669000 163
3670000 163
3671000 163
3672000 163
3673000 163
3674000 163
3675000 163
3676000 163
3677000 163
3678000 163
3679000 163
3680000 163
3681000 163
3682000 163
3683000 163
3684000 163
3685000 163
3686000 163
3687000 163
3688000 163
3689000 163
3690000 163
3691000 163
3692000 163
3693000 163
3694000 163
3695000 163
3696000 163
3697000 163
3698000 163
3699000 163
3700000 163
3701000 163
3702000 163
3703000 163
3704000 163
3705000 163
3706000 163
3707000 163
3708000 163
3709000 163
3710000 163
3711000 163
3712000 163
3713000 163
3714000 164
3715000 164
3716000 164
3717000 164
3718000 164
3719000 164
3720000 164
3721000 165
3722000 165
3723000 165
3724000 165
3725000 165
3726000 165
3727000 165
3728000 166
3729000 166
3730000 166
3731000 166
3732000 166
3733000 166
3734000 166
3735000 166
3736000 166
3737000 167
3738000 167
3739000 167
3740000 167
3741000 167
3742000 167
3743000 167
3744000 167
3745000 168
3746000 168
3747000 168
3748000 168
3749000 168
3750000 168
3751000 168
3752000 169
3753000 169
3754000 169
3755000 169
3756000 169
3757000 169
3758000 169
3759000 170
3760000 170
3761000 170
3762000 170
3763000 170
3764000 170
3765000 171
3766000 171
3767000 171
3768000 171
3769000 171
3770000 171
3771000 171
3772000 172
3773000 172
3774000 172
3775000 172
3776000 172
3777000 172
3778000 172
3779000 172
3780000 172
3781000 173
3782000 173
3783000 173
3784000 173
3785000 173
3786000 173
3787000 173
3788000 173
3789000 173
3790000 173
3791000 173
3792000 173
3793000 173
3794000 173
3795000 173
3796000 173
3797000 173
3798000 173
3799000 173
3800000 173
3801000 173
3802000 173
3803000 173
3804000 173
3805000 173
3806000 173
3807000 173
3808000 173
3809000 173
3810000 173
3811000 173
3812000 173
3813000 173
3814000 173
3815000 173
3816000 173
3817000 173
3818000 173
3819000 173
3820000 173
3821000 173
3822000 173
3823000 173
3824000 173
3825000 173
3826000 173
3827000 173
3828000 173
3829000 173
3830000 173
3831000 173
3832000 173
3833000 173
3834000 173
3835000 173
3836000 173
3837000 173
3838000 173
3839000 173
3840000 173
3841000 173
3842000 173
3843000 173
3844000 173
3845000 173
3846000 173
3847000 173
3848000 173
3849000 173
3850000 173
3851000 173
3852000 173
3853000 173
3854000 173
3855000 173
3856000 173
3857000 173
3858000 173
3859000 173
3860000 173
3861000 173
3862000 173
3863000 173
3864000 173
3865000 173
3866000 173
3867000 173
3868000 173
3869000 173
3870000 173
3871000 173
3872000 173
3873000 173
3874000 173
3875000 173
3876000 173
3877000 173
3878000 173
3879000 173
3880000 173
3881000 173
3882000 173
3883000 173
3884000 173
3885000 173
3886000 173
3887000 173
3888000 173
3889000 173
3890000 173
3891000 173
3892000 173
3893000 173
3894000 173
3895000 173
3896000 173
3897000 173
3898000 173
3899000 173
3900000 173
3901000 173
3902000 173
3903000 173
3904000 173
3905000 173
3906000 173
3907000 173
3908000 173
3909000 173
3910000 173
3911000 173
3912000 173
3913000 173
3914000 173
3915000 173
3916000 173
3917000 173
3918000 173
3919000 173
3920000 173
3921000 173
3922000 173
3923000 173
3924000 173
3925000 173
3926000 173
3927000 173
3928000 173
3929000 173
3930000 173
3931000 173
3932000 173
3933000 173
3934000 173
3935000 173
3936000 173
3937000 173
3938000 173
3939000 173
3940000 173
3941000 173
3942000 173
3943000 173
3944000 173
3945000 173
3946000 173
3947000 173
3948000 173
3949000 173
3950000 173
3951000 173
3952000 173
3953000 173
3954000 173
3955000 173
3956000 173
3957000 173
3958000 173
3959000 173
3960000 173
3961000 173
3962000 173
3963000 173
3964000 173
3965000 173
3966000 173
3967000 173
3968000 173
3969000 173
3970000 173
3971000 173
3972000 173
3973000 173
3974000 173
3975000 173
3976000 173
3977000 173
3978000 173
3979000 173
3980000 173
3981000 173
3982000 173
3983000 173
3984000 173
3985000 173
3986000 173
3987000 174
3988000 174
3989000 174
3990000 174
3991000 174
3992000 174
3993000 174
3994000 174
3995000 175
3996000 175
3997000 175
3998000 175
3999000 175
4000000 175
4001000 175
4002000 175
4003000 175
4004000 175
4005000 175
4006000 175
4007000 175
4008000 175
4009000 175
4010000 175
4011000 175
4012000 175
4013000 175
4014000 175
4015000 175
4016000 175
4017000 175
4018000 175
4019000 175
4020000 175
4021000 175
4022000 175
4023000 175
4024000 175
4025000 175
4026000 175
4027000 175
4028000 175
4029000 175
4030000 175
4031000 175
4032000 175
4033000 175
4034000 175
4035000 175
4036000 175
4037000 175
4038000 175
4039000 175
4040000 175
4041000 175
4042000 175
4043000 175
4044000 175
4045000 175
4046000 175
4047000 175
4048000 175
4049000 175
4050000 175
4051000 175
4052000 175
4053000 175
4054000 175
4055000 175
4056000 175
4057000 175
4058000 175
4059000 175
4060000 175
4061000 175
4062000 175
4063000 175
4064000 175
4065000 175
4066000 175
4067000 175
4068000 175
4069000 175
4070000 175
4071000 175
4072000 175
4073000 175
4074000 175
4075000 175
4076000 175
4077000 175
4078000 175
4079000 175
4080000 175
4081000 175
4082000 175
4083000 175
4084000 175
4085000 175
4086000 175
4087000 175
4088000 175
4089000 175
4090000 175
4091000 175
4092000 175
4093000 175
4094000 175
4095000 175
4096000 175
4097000 175
4098000 175
4099000 175
4100000 175
4101000 175
4102000 176
4103000 176
4104000 176
4105000 176
4106000 176
4107000 176
4108000 176
4109000 177
4110000 177
4111000 177
4112000 177
4113000 177
4114000 177
4115000 177
4116000 178
4117000 178
4118000 178
4119000 178
4120000 178
4121000 178
4122000 178
4123000 179
4124000 179
4125000 179
4126000 179
4127000 179
4128000 179
4129000 179
4130000 180
4131000 180
4132000 180
4133000 180
4134000 180
4135000 180
4136000 180
4137000 180
4138000 180
4139000 180
4140000 181
4141000 181
4142000 181
4143000 181
4144000 181
4145000 181
4146000 181
4147000 181
4148000 181
4149000 182
4150000 182
4151000 182
4152000 182
4153000 182
4154000 182
4155000 182
4156000 183
4157000 183
4158000 183
4159000 183
4160000 183
4161000 183
4162000 183
4163000 183
4164000 183
4165000 184
4166000 184
4167000 184
4168000 184
4169000 184
4170000 184
4171000 184
4172000 185
4173000 185
4174000 185
4175000 185
4176000 185
4177000 185
4178000 185
4179000 185
4180000 186
4181000 186
4182000 186
4183000 186
4184000 186
4185000 186
4186000 186
4187000 186
4188000 187
4189000 187
4190000 187
4191000 187
4192000 187
4193000 187
4194000 187
4195000 187
4196000 187
4197000 187
4198000 187
4199000 187
4200000 187
4201000 187
4202000 187
4203000 187
4204000 187
4205000 187
4206000 187
4207000 187
4208000 187
4209000 187
4210000 187
4211000 187
4212000 187
4213000 187
4214000 187
4215000 187
4216000 187
4217000 187
4218000 187
4219000 187
4220000 187
4221000 187
4222000 187
4223000 187
4224000 187
4225000 187
4226000 187
4227000 187
4228000 187
4229000 187
4230000 187
4231000 187
4232000 187
4233000 187
4234000 187
4235000 187
4236000 187
4237000 187
4238000 187
4239000 187
4240000 187
4241000 187
4242000 187
4243000 187
4244000 187
4245000 187
4246000 187
4247000 187
4248000 187
4249000 187
4250000 187
4251000 187
4252000 187
4253000 187
4254000 187
4255000 187
4256000 188
4257000 188
4258000 188
4259000 188
4260000 188
4261000 188
4262000 188
4263000 188
4264000 188
4265000 189
4266000 189
4267000 189
4268000 189
4269000 189
4270000 189
4271000 189
4272000 189
4273000 189
4274000 189
4275000 189
4276000 190
4277000 190
4278000 190
4279000 190
4280000 190
4281000 190
4282000 190
4283000 190
4284000 190
4285000 191
4286000 191
4287000 191
4288000 191
4289000 191
4290000 191
4291000 191
4292000 191
4293000 191
4294000 191
4295000 192
4296000 192
4297000 192
4298000 192
4299000 192
4300000 192
4301000 193
4302000 193
4303000 193
4304000 193
4305000 193
4306000 193
4307000 193
4308000 193
4309000 194
4310000 194
4311000 194
4312000 194
4313000 194
4314000 194
4315000 194
4316000 194
4317000 195
4318000 195
4319000 195
4320000 195
4321000 195
4322000 195
4323000 196
4324000 196
4325000 196
4326000 196
4327000 196
4328000 196
4329000 197
4330000 197
4331000 197
4332000 197
4333000 197
4334000 197
4335000 197
4336000 197
4337000 198
4338000 198
4339000 198
4340000 198
4341000 198
4342000 198
4343000 198
4344000 198
4345000 199
4346000 199
4347000 199
4348000 199
4349000 199
4350000 199
4351000 199
4352000 199
4353000 199
4354000 199
4355000 199
4356000 199
4357000 199
4358000 199
4359000 199
4360000 199
4361000 199
4362000 199
4363000 199
4364000 199
4365000 199
4366000 199
4367000 199
4368000 199
4369000 199
4370000 199
4371000 199
4372000 199
4373000 199
4374000 199
4375000 199
4376000 199
4377000 199
4378000 199
4379000 199
4380000 199
4381000 199
4382000 199
4383000 199
4384000 199
4385000 199
4386000 199
4387000 199
4388000 199
4389000 199
4390000 199
4391000 199
4392000 199
4393000 199
4394000 199
4395000 199
4396000 199
4397000 199
4398000 199
4399000 199
4400000 199
4401000 199
4402000 199
4403000 199
4404000 199
4405000 199
4406000 199
4407000 199
4408000 199
4409000 199
4410000 199
4411000 199
4412000 199
4413000 199
4414000 199
4415000 199
4416000 199
4417000 199
4418000 199
4419000 199
4420000 199
4421000 199
4422000 199
4423000 199
4424000 199
4425000 199
4426000 199
4427000 199
4428000 199
4429000 199
4430000 199
4431000 199
4432000 199
4433000 199
4434000 199
4435000 199
4436000 199
4437000 199
4438000 199
4439000 199
4440000 199
4441000 199
4442000 199
4443000 199
4444000 199
4445000 199
4446000 199
4447000 199
4448000 199
4449000 199
4450000 199
4451000 199
4452000 199
4453000 200
4454000 200
4455000 200
4456000 200
4457000 200
4458000 200
4459000 200
4460000 200
4461000 200
4462000 200
4463000 200
4464000 200
4465000 200
4466000 200
4467000 200
4468000 200
4469000 200
4470000 200
4471000 200
4472000 200
4473000 200
4474000 200
4475000 200
4476000 200
4477000 200
4478000 200
4479000 200
4480000 200
4481000 200
4482000 200
4483000 200
4484000 200
4485000 200
4486000 200
4487000 200
4488000 200
4489000 200
4490000 200
4491000 200
4492000 200
4493000 200
4494000 200
4495000 200
4496000 200
4497000 200
4498000 200
4499000 200
4500000 200
4501000 200
4502000 200
4503000 200
4504000 200
4505000 200
4506000 200
4507000 200
4508000 200
4509000 200
4510000 201
4511000 201
4512000 201
4513000 201
4514000 201
4515000 201
4516000 201
4517000 202
4518000 202
4519000 202
4520000 202
4521000 202
4522000 202
4523000 202
4524000 203
4525000 203
4526000 203
4527000 203
4528000 203
4529000 203
4530000 203
4531000 204
4532000 204
4533000 204
4534000 204
4535000 204
4536000 204
4537000 204
4538000 204
4539000 204
4540000 204
4541000 204
4542000 204
4543000 204
4544000 204
4545000 204
4546000 204
4547000 204
4548000 204
4549000 204
4550000 204
4551000 204
4552000 204
4553000 204
4554000 204
4555000 204
4556000 204
4557000 204
4558000 204
4559000 204
4560000 204
4561000 204
4562000 204
4563000 204
4564000 204
4565000 204
4566000 204
4567000 204
4568000 204
4569000 205
4570000 205
4571000 205
4572000 205
4573000 205
4574000 205
4575000 205
4576000 205
4577000 205
4578000 205
4579000 205
4580000 205
4581000 205
4582000 205
4583000 205
4584000 205
4585000 205
4586000 205
4587000 205
4588000 205
4589000 205
4590000 205
4591000 205
4592000 205
4593000 205
4594000 205
4595000 205
4596000 205
4597000 205
4598000 205
4599000 205
4600000 205
4601000 205
4602000 205
4603000 205
4604000 205
4605000 205
4606000 205
4607000 205
4608000 205
4609000 205
4610000 205
4611000 205
4612000 205
4613000 205
4614000 205
4615000 205
4616000 205
4617000 205
4618000 205
4619000 205
4620000 205
4621000 205
4622000 205
4623000 205
4624000 205
4625000 205
4626000 205
4627000 206
4628000 206
4629000 206
4630000 206
4631000 206
4632000 206
4633000 206
4634000 206
4635000 206
4636000 207
4637000 207
4638000 207
4639000 207
4640000 207
4641000 207
4642000 207
4643000 208
4644000 208
4645000 208
4646000 208
4647000 208
4648000 208
4649000 208
4650000 209
4651000 209
4652000 209
4653000 209
4654000 209
4655000 209
4656000 209
4657000 209
4658000 209
4659000 209
4660000 209
4661000 209
4662000 209
4663000 209
4664000 209
4665000 209
4666000 209
4667000 209
4668000 209
4669000 209
4670000 209
4671000 209
4672000 209
4673000 209
4674000 209
4675000 209
4676000 210
4677000 210
4678000 210
4679000 210
4680000 210
4681000 210
4682000 210
4683000 210
4684000 211
4685000 211
4686000 211
4687000 211
4688000 211
4689000 211
4690000 211
4691000 211
4692000 211
4693000 211
4694000 211
4695000 211
4696000 211
4697000 211
4698000 211
4699000 211
4700000 211
4701000 211
4702000 211
4703000 211
4704000 211
4705000 211
4706000 211
4707000 211
4708000 211
4709000 211
4710000 211
4711000 211
4712000 211
4713000 211
4714000 211
4715000 211
4716000 211
4717000 211
4718000 211
4719000 211
4720000 211
4721000 211
4722000 211
4723000 211
4724000 211
4725000 211
4726000 211
4727000 211
4728000 211
4729000 211
4730000 211
4731000 211
4732000 211
4733000 211
4734000 211
4735000 211
4736000 211
4737000 211
4738000 211
4739000 211
4740000 211
4741000 211
4742000 212
4743000 212
4744000 212
4745000 212
4746000 212
4747000 212
4748000 213
4749000 213
4750000 213
4751000 213
4752000 213
4753000 213
4754000 213
4755000 213
4756000 213
4757000 213
4758000 213
4759000 213
4760000 213
4761000 213
4762000 213
4763000 213
4764000 213
4765000 213
4766000 213
4767000 213
4768000 213
4769000 213
4770000 213
4771000 213
4772000 213
4773000 213
4774000 213
4775000 213
4776000 213
4777000 213
4778000 213
4779000 213
4780000 213
4781000 213
4782000 213
4783000 213
4784000 213
4785000 213
4786000 213
4787000 213
4788000 213
4789000 213
4790000 213
4791000 213
4792000 213
4793000 213
4794000 213
4795000 213
4796000 213
4797000 213
4798000 213
4799000 213
4800000 213
4801000 213
4802000 213
4803000 213
4804000 213
4805000 213
4806000 213
4807000 213
4808000 213
4809000 214
4810000 214
4811000 214
4812000 214
4813000 214
4814000 214
4815000 214
4816000 215
4817000 215
4818000 215
4819000 215
4820000 215
4821000 215
4822000 215
4823000 216
4824000 216
4825000 216
4826000 216
4827000 216
4828000 216
4829000 216
4830000 216
4831000 216
4832000 217
4833000 217
4834000 217
4835000 217
4836000 217
4837000 217
4838000 218
4839000 218
4840000 218
4841000 218
4842000 218
4843000 218
4844000 218
4845000 219
4846000 219
4847000 219
4848000 219
4849000 219
4850000 219
4851000 219
4852000 219
4853000 220
4854000 220
4855000 220
4856000 220
4857000 220
4858000 220
4859000 220
4860000 220
4861000 220
4862000 220
4863000 220
4864000 220
4865000 220
4866000 220
4867000 220
4868000 220
4869000 220
4870000 220
4871000 220
4872000 220
4873000 220
4874000 220
4875000 220
4876000 220
4877000 220
4878000 220
4879000 220
4880000 220
4881000 220
4882000 220
4883000 220
4884000 220
4885000 220
4886000 220
4887000 220
4888000 220
4889000 220
4890000 220
4891000 220
4892000 220
4893000 220
4894000 220
4895000 220
4896000 220
4897000 220
4898000 220
4899000 220
4900000 220
4901000 220
4902000 220
4903000 220
4904000 220
4905000 220
4906000 220
4907000 220
4908000 220
4909000 220
4910000 220
4911000 220
4912000 220
4913000 221
4914000 221
4915000 221
4916000 221
4917000 221
4918000 221
4919000 221
4920000 222
4921000 222
4922000 222
4923000 222
4924000 222
4925000 222
4926000 222
4927000 222
4928000 223
4929000 223
4930000 223
4931000 223
4932000 223
4933000 223
4934000 223
4935000 223
4936000 223
4937000 224
4938000 224
4939000 224
4940000 224
4941000 224
4942000 224
4943000 224
4944000 224
4945000 225
4946000 225
4947000 225
4948000 225
4949000 225
4950000 225
4951000 225
4952000 225
4953000 225
4954000 225
4955000 225
4956000 225
4957000 225
4958000 225
4959000 225
4960000 225
4961000 225
4962000 225
4963000 225
4964000 225
4965000 225
4966000 225
4967000 225
4968000 225
4969000 225
4970000 225
4971000 225
4972000 225
4973000 225
4974000 225
4975000 225
4976000 225
4977000 225
4978000 225
4979000 225
4980000 225
4981000 225
4982000 225
4983000 225
4984000 225
4985000 225
4986000 225
4987000 225
4988000 225
4989000 225
4990000 225
4991000 225
4992000 225
4993000 225
4994000 225
4995000 225
4996000 225
4997000 225
4998000 225
4999000 225
5000000 225
