0 0
1000 0
2000 0
3000 0
4000 0
5000 0
6000 0
7000 0
8000 0
9000 0
10000 0
11000 0
12000 0
13000 0
14000 0
15000 0
16000 0
17000 0
18000 0
19000 0
20000 0
21000 0
22000 0
23000 0
24000 0
25000 0
26000 0
27000 0
28000 0
29000 0
30000 0
31000 0
32000 0
33000 0
34000 0
35000 0
36000 0
37000 0
38000 0
39000 0
40000 0
41000 0
42000 0
43000 0
44000 0
45000 0
46000 0
47000 1
48000 1
49000 1
50000 1
51000 1
52000 1
53000 1
54000 1
55000 1
56000 1
57000 1
58000 1
59000 1
60000 1
61000 1
62000 1
63000 1
64000 1
65000 1
66000 1
67000 1
68000 1
69000 1
70000 1
71000 1
72000 1
73000 1
74000 1
75000 1
76000 1
77000 1
78000 1
79000 1
80000 1
81000 1
82000 1
83000 1
84000 1
85000 1
86000 1
87000 1
88000 1
89000 1
90000 1
91000 1
92000 1
93000 1
94000 1
95000 1
96000 1
97000 1
98000 1
99000 1
100000 1
101000 1
102000 1
103000 1
104000 1
105000 1
106000 1
107000 1
108000 1
109000 1
110000 1
111000 1
112000 1
113000 1
114000 1
115000 1
116000 1
117000 1
118000 1
119000 1
120000 1
121000 1
122000 1
123000 1
124000 1
125000 1
126000 2
127000 2
128000 2
129000 2
130000 2
131000 2
132000 2
133000 2
134000 2
135000 2
136000 2
137000 2
138000 2
139000 2
140000 2
141000 2
142000 2
143000 2
144000 2
145000 2
146000 2
147000 2
148000 2
149000 2
150000 2
151000 2
152000 2
153000 2
154000 2
155000 2
156000 2
157000 2
158000 2
159000 2
160000 2
161000 2
162000 2
163000 2
164000 2
165000 2
166000 2
167000 2
168000 2
169000 2
170000 2
171000 2
172000 2
173000 2
174000 2
175000 2
176000 2
177000 2
178000 2
179000 2
180000 2
181000 2
182000 2
183000 2
184000 2
185000 2
186000 2
187000 2
188000 2
189000 2
190000 2
191000 2
192000 2
193000 2
194000 2
195000 2
196000 2
197000 2
198000 2
199000 2
200000 2
201000 2
202000 2
203000 2
204000 2
205000 2
206000 2
207000 2
208000 2
209000 2
210000 2
211000 2
212000 2
213000 2
214000 2
215000 2
216000 2
217000 2
218000 2
219000 2
220000 2
221000 2
222000 2
223000 2
224000 2
225000 2
226000 2
227000 2
228000 2
229000 2
230000 2
231000 2
232000 2
233000 2
234000 2
235000 2
236000 2
237000 2
238000 2
239000 2
240000 2
241000 2
242000 2
243000 2
244000 2
245000 2
246000 2
247000 2
248000 2
249000 2
250000 2
251000 2
252000 2
253000 2
254000 2
255000 2
256000 2
257000 2
258000 2
259000 2
260000 2
261000 2
262000 2
263000 2
264000 2
265000 2
266000 2
267000 2
268000 2
269000 2
270000 2
271000 2
272000 2
273000 2
274000 2
275000 2
276000 2
277000 2
278000 2
279000 2
280000 2
281000 2
282000 2
283000 2
284000 2
285000 2
286000 2
287000 2
288000 2
289000 2
290000 2
291000 2
292000 2
293000 2
294000 2
295000 2
296000 2
297000 2
298000 2
299000 2
300000 2
301000 2
302000 2
303000 2
304000 2
305000 2
306000 2
307000 2
308000 2
309000 2
310000 2
311000 2
312000 2
313000 2
314000 2
315000 2
316000 2
317000 2
318000 2
319000 2
320000 2
321000 3
322000 3
323000 3
324000 3
325000 3
326000 3
327000 3
328000 3
329000 3
330000 3
331000 3
332000 3
333000 3
334000 3
335000 3
336000 3
337000 3
338000 3
339000 3
340000 3
341000 3
342000 3
343000 3
344000 3
345000 3
346000 3
347000 3
348000 3
349000 3
350000 3
351000 3
352000 3
353000 3
354000 3
355000 3
356000 3
357000 3
358000 3
359000 3
360000 3
361000 3
362000 3
363000 3
364000 3
365000 3
366000 3
367000 3
368000 3
369000 3
370000 3
371000 3
372000 3
373000 3
374000 3
375000 3
376000 3
377000 3
378000 3
379000 3
380000 3
381000 3
382000 3
383000 3
384000 3
385000 3
386000 3
387000 3
388000 3
389000 3
390000 3
391000 4
392000 4
393000 4
394000 4
395000 4
396000 4
397000 4
398000 4
399000 4
400000 4
401000 4
402000 4
403000 4
404000 4
405000 4
406000 4
407000 5
408000 5
409000 5
410000 5
411000 5
412000 5
413000 5
414000 5
415000 5
416000 5
417000 5
418000 5
419000 5
420000 5
421000 5
422000 6
423000 6
424000 6
425000 6
426000 6
427000 6
428000 6
429000 6
430000 6
431000 6
432000 6
433000 7
434000 7
435000 7
436000 7
437000 7
438000 7
439000 7
440000 7
441000 7
442000 7
443000 7
444000 7
445000 7
446000 7
447000 7
448000 7
449000 7
450000 7
451000 7
452000 7
453000 8
454000 8
455000 8
456000 8
457000 8
458000 8
459000 8
460000 8
461000 8
462000 8
463000 8
464000 8
465000 8
466000 8
467000 8
468000 8
469000 8
470000 8
471000 8
472000 8
473000 8
474000 8
475000 8
476000 8
477000 8
478000 8
479000 8
480000 8
481000 8
482000 8
483000 8
484000 8
485000 8
486000 8
487000 8
488000 8
489000 8
490000 8
491000 8
492000 8
493000 8
494000 8
495000 8
496000 8
497000 8
498000 8
499000 8
500000 8
501000 8
502000 8
503000 8
504000 8
505000 8
506000 8
507000 8
508000 8
509000 8
510000 8
511000 8
512000 8
513000 8
514000 8
515000 8
516000 8
517000 8
518000 8
519000 8
520000 8
521000 8
522000 8
523000 8
524000 8
525000 8
526000 8
527000 8
528000 8
529000 8
530000 8
531000 8
532000 8
533000 8
534000 8
535000 8
536000 9
537000 9
538000 9
539000 9
540000 9
541000 9
542000 9
543000 9
544000 9
545000 9
546000 9
547000 9
548000 9
549000 9
550000 9
551000 9
552000 9
553000 9
554000 9
555000 9
556000 9
557000 9
558000 9
559000 9
560000 9
561000 9
562000 9
563000 10
564000 10
565000 10
566000 10
567000 10
568000 10
569000 10
570000 10
571000 10
572000 10
573000 10
574000 10
575000 10
576000 10
577000 10
578000 10
579000 10
580000 10
581000 10
582000 10
583000 10
584000 10
585000 10
586000 10
587000 10
588000 10
589000 10
590000 10
591000 10
592000 10
593000 10
594000 10
595000 10
596000 10
597000 10
598000 10
599000 10
600000 10
601000 10
602000 10
603000 10
604000 10
605000 10
606000 10
607000 10
608000 10
609000 10
610000 10
611000 10
612000 10
613000 10
614000 10
615000 10
616000 10
617000 10
618000 10
619000 10
620000 10
621000 10
622000 10
623000 10
624000 10
625000 10
626000 10
627000 10
628000 10
629000 10
630000 10
631000 10
632000 10
633000 10
634000 10
635000 10
636000 10
637000 10
638000 10
639000 10
640000 10
641000 10
642000 10
643000 10
644000 10
645000 10
646000 10
647000 10
648000 10
649000 10
650000 10
651000 10
652000 10
653000 10
654000 10
655000 10
656000 10
657000 10
658000 10
659000 11
660000 11
661000 11
662000 11
663000 11
664000 11
665000 11
666000 11
667000 11
668000 11
669000 11
670000 11
671000 11
672000 11
673000 11
674000 11
675000 11
676000 11
677000 11
678000 11
679000 11
680000 11
681000 11
682000 11
683000 11
684000 11
685000 11
686000 11
687000 11
688000 11
689000 11
690000 11
691000 11
692000 11
693000 11
694000 11
695000 11
696000 11
697000 11
698000 11
699000 11
700000 11
701000 11
702000 11
703000 11
704000 11
705000 11
706000 11
707000 11
708000 11
709000 11
710000 11
711000 11
712000 11
713000 11
714000 11
715000 11
716000 11
717000 11
718000 11
719000 11
720000 11
721000 11
722000 11
723000 11
724000 11
725000 11
726000 11
727000 11
728000 11
729000 11
730000 11
731000 11
732000 11
733000 11
734000 11
735000 11
736000 11
737000 11
738000 11
739000 11
740000 11
741000 11
742000 11
743000 11
744000 11
745000 11
746000 12
747000 12
748000 12
749000 12
750000 12
751000 12
752000 12
753000 12
754000 12
755000 12
756000 12
757000 12
758000 12
759000 12
760000 12
761000 12
762000 12
763000 12
764000 12
765000 12
766000 12
767000 12
768000 12
769000 12
770000 12
771000 12
772000 13
773000 13
774000 13
775000 13
776000 13
777000 13
778000 13
779000 13
780000 13
781000 13
782000 13
783000 13
784000 13
785000 13
786000 13
787000 13
788000 13
789000 13
790000 13
791000 13
792000 13
793000 13
794000 13
795000 13
796000 13
797000 13
798000 13
799000 13
800000 14
801000 14
802000 14
803000 14
804000 14
805000 14
806000 14
807000 14
808000 14
809000 14
810000 14
811000 14
812000 14
813000 14
814000 14
815000 14
816000 14
817000 14
818000 14
819000 14
820000 14
821000 14
822000 14
823000 14
824000 14
825000 14
826000 14
827000 14
828000 14
829000 14
830000 14
831000 14
832000 14
833000 14
834000 14
835000 14
836000 14
837000 14
838000 14
839000 14
840000 14
841000 14
842000 14
843000 14
844000 14
845000 14
846000 14
847000 14
848000 14
849000 14
850000 14
851000 14
852000 14
853000 14
854000 14
855000 14
856000 14
857000 14
858000 14
859000 14
860000 14
861000 14
862000 14
863000 14
864000 14
865000 14
866000 14
867000 14
868000 14
869000 14
870000 14
871000 14
872000 14
873000 14
874000 14
875000 14
876000 14
877000 14
878000 14
879000 14
880000 14
881000 14
882000 14
883000 14
884000 14
885000 14
886000 14
887000 14
888000 14
889000 14
890000 14
891000 14
892000 14
893000 14
894000 14
895000 14
896000 14
897000 14
898000 14
899000 14
900000 14
901000 14
902000 14
903000 14
904000 14
905000 14
906000 14
907000 14
908000 14
909000 14
910000 14
911000 14
912000 14
913000 14
914000 14
915000 14
916000 14
917000 14
918000 14
919000 14
920000 14
921000 14
922000 14
923000 14
924000 14
925000 14
926000 14
927000 14
928000 14
929000 14
930000 14
931000 14
932000 14
933000 14
934000 14
935000 14
936000 14
937000 14
938000 14
939000 14
940000 14
941000 14
942000 14
943000 14
944000 14
945000 14
946000 14
947000 14
948000 14
949000 14
950000 14
951000 14
952000 14
953000 14
954000 14
955000 14
956000 14
957000 14
958000 14
959000 14
960000 14
961000 14
962000 14
963000 14
964000 14
965000 14
966000 14
967000 14
968000 14
969000 14
970000 14
971000 14
972000 14
973000 14
974000 14
975000 14
976000 14
977000 14
978000 14
979000 14
980000 14
981000 14
982000 14
983000 14
984000 14
985000 14
986000 14
987000 14
988000 14
989000 14
990000 14
991000 14
992000 14
993000 14
994000 14
995000 14
996000 14
997000 14
998000 14
999000 14
1000000 14
1001000 14
1002000 14
1003000 14
1004000 14
1005000 14
1006000 14
1007000 14
1008000 14
1009000 14
1010000 14
1011000 14
1012000 14
1013000 14
1014000 14
1015000 14
1016000 14
1017000 14
1018000 14
1019000 14
1020000 14
1021000 14
1022000 14
1023000 14
1024000 14
1025000 14
1026000 14
1027000 14
1028000 14
1029000 14
1030000 14
1031000 14
1032000 14
1033000 14
1034000 14
1035000 14
1036000 14
1037000 14
1038000 14
1039000 14
1040000 14
1041000 14
1042000 14
1043000 15
1044000 15
1045000 15
1046000 15
1047000 15
1048000 15
1049000 15
1050000 15
1051000 15
1052000 15
1053000 15
1054000 15
1055000 15
1056000 15
1057000 15
1058000 15
1059000 15
1060000 15
1061000 15
1062000 15
1063000 15
1064000 15
1065000 15
1066000 15
1067000 15
1068000 15
1069000 15
1070000 15
1071000 15
1072000 15
1073000 15
1074000 15
1075000 15
1076000 15
1077000 15
1078000 15
1079000 15
1080000 15
1081000 15
1082000 15
1083000 15
1084000 15
1085000 15
1086000 15
1087000 15
1088000 15
1089000 15
1090000 15
1091000 15
1092000 16
1093000 16
1094000 16
1095000 16
1096000 16
1097000 16
1098000 16
1099000 16
1100000 16
1101000 16
1102000 16
1103000 16
1104000 16
1105000 16
1106000 16
1107000 16
1108000 16
1109000 16
1110000 16
1111000 16
1112000 16
1113000 16
1114000 16
1115000 16
1116000 16
1117000 16
1118000 16
1119000 16
1120000 16
1121000 16
1122000 16
1123000 16
1124000 16
1125000 16
1126000 16
1127000 16
1128000 16
1129000 16
1130000 16
1131000 16
1132000 16
1133000 16
1134000 16
1135000 16
1136000 16
1137000 16
1138000 16
1139000 16
1140000 16
1141000 16
1142000 16
1143000 16
1144000 16
1145000 16
1146000 16
1147000 16
1148000 16
1149000 16
1150000 16
1151000 16
1152000 16
1153000 16
1154000 16
1155000 16
1156000 16
1157000 16
1158000 16
1159000 16
1160000 16
1161000 16
1162000 16
1163000 16
1164000 16
1165000 16
1166000 16
1167000 16
1168000 16
1169000 16
1170000 16
1171000 16
1172000 16
1173000 16
1174000 16
1175000 16
1176000 16
1177000 16
1178000 16
1179000 16
1180000 16
1181000 16
1182000 16
1183000 16
1184000 16
1185000 16
1186000 16
1187000 16
1188000 16
1189000 16
1190000 16
1191000 16
1192000 16
1193000 16
1194000 16
1195000 16
1196000 16
1197000 16
1198000 16
1199000 16
1200000 16
1201000 16
1202000 16
1203000 16
1204000 16
1205000 16
1206000 16
1207000 16
1208000 16
1209000 16
1210000 16
1211000 16
1212000 16
1213000 16
1214000 16
1215000 16
1216000 16
1217000 16
1218000 16
1219000 16
1220000 16
1221000 16
1222000 16
1223000 16
1224000 16
1225000 16
1226000 16
1227000 16
1228000 16
1229000 16
1230000 17
1231000 17
1232000 17
1233000 17
1234000 17
1235000 17
1236000 17
1237000 17
1238000 17
1239000 17
1240000 17
1241000 17
1242000 17
1243000 17
1244000 18
1245000 18
1246000 18
1247000 18
1248000 18
1249000 18
1250000 18
1251000 18
1252000 18
1253000 18
1254000 18
1255000 18
1256000 18
1257000 18
1258000 18
1259000 18
1260000 18
1261000 18
1262000 18
1263000 18
1264000 18
1265000 18
1266000 18
1267000 18
1268000 18
1269000 18
1270000 18
1271000 18
1272000 18
1273000 18
1274000 18
1275000 18
1276000 18
1277000 18
1278000 18
1279000 18
1280000 18
1281000 18
1282000 18
1283000 18
1284000 18
1285000 18
1286000 18
1287000 18
1288000 18
1289000 18
1290000 18
1291000 18
1292000 18
1293000 18
1294000 19
1295000 19
1296000 19
1297000 19
1298000 19
1299000 19
1300000 19
1301000 19
1302000 19
1303000 19
1304000 19
1305000 19
1306000 19
1307000 19
1308000 19
1309000 19
1310000 19
1311000 19
1312000 19
1313000 19
1314000 19
1315000 19
1316000 19
1317000 19
1318000 19
1319000 19
1320000 19
1321000 19
1322000 19
1323000 19
1324000 19
1325000 19
1326000 19
1327000 19
1328000 19
1329000 19
1330000 19
1331000 19
1332000 19
1333000 19
1334000 19
1335000 19
1336000 19
1337000 19
1338000 19
1339000 19
1340000 19
1341000 19
1342000 19
1343000 19
1344000 19
1345000 19
1346000 19
1347000 19
1348000 19
1349000 19
1350000 19
1351000 19
1352000 19
1353000 19
1354000 19
1355000 19
1356000 19
1357000 19
1358000 19
1359000 19
1360000 19
1361000 19
1362000 19
1363000 19
1364000 19
1365000 19
1366000 19
1367000 19
1368000 19
1369000 19
1370000 19
1371000 19
1372000 19
1373000 19
1374000 19
1375000 19
1376000 19
1377000 19
1378000 19
1379000 19
1380000 19
1381000 19
1382000 19
1383000 19
1384000 19
1385000 19
1386000 19
1387000 19
1388000 19
1389000 19
1390000 19
1391000 19
1392000 19
1393000 19
1394000 19
1395000 19
1396000 19
1397000 19
1398000 19
1399000 19
1400000 19
1401000 19
1402000 19
1403000 19
1404000 19
1405000 19
1406000 19
1407000 19
1408000 19
1409000 19
1410000 19
1411000 19
1412000 19
1413000 19
1414000 19
1415000 19
1416000 19
1417000 19
1418000 19
1419000 19
1420000 19
1421000 19
1422000 19
1423000 19
1424000 19
1425000 19
1426000 19
1427000 19
1428000 19
1429000 19
1430000 19
1431000 19
1432000 19
1433000 19
1434000 19
1435000 19
1436000 19
1437000 19
1438000 19
1439000 19
1440000 19
1441000 19
1442000 19
1443000 19
1444000 19
1445000 19
1446000 19
1447000 19
1448000 19
1449000 19
1450000 19
1451000 19
1452000 19
1453000 19
1454000 19
1455000 19
1456000 19
1457000 19
1458000 19
1459000 19
1460000 19
1461000 19
1462000 19
1463000 19
1464000 19
1465000 19
1466000 19
1467000 19
1468000 19
1469000 19
1470000 19
1471000 19
1472000 19
1473000 19
1474000 19
1475000 19
1476000 19
1477000 19
1478000 19
1479000 19
1480000 19
1481000 19
1482000 19
1483000 19
1484000 19
1485000 19
1486000 19
1487000 19
1488000 19
1489000 19
1490000 19
1491000 19
1492000 19
1493000 19
1494000 19
1495000 19
1496000 19
1497000 19
1498000 19
1499000 19
1500000 19
1501000 19
1502000 19
1503000 19
1504000 19
1505000 19
1506000 19
1507000 19
1508000 19
1509000 19
1510000 19
1511000 19
1512000 19
1513000 19
1514000 19
1515000 19
1516000 19
1517000 19
1518000 19
1519000 19
1520000 19
1521000 19
1522000 19
1523000 19
1524000 19
1525000 19
1526000 19
1527000 19
1528000 19
1529000 19
1530000 19
1531000 19
1532000 19
1533000 19
1534000 19
1535000 19
1536000 19
1537000 19
1538000 19
1539000 19
1540000 19
1541000 19
1542000 19
1543000 19
1544000 19
1545000 19
1546000 19
1547000 19
1548000 19
1549000 19
1550000 19
1551000 19
1552000 19
1553000 19
1554000 19
1555000 19
1556000 19
1557000 19
1558000 19
1559000 19
1560000 19
1561000 19
1562000 19
1563000 19
1564000 19
1565000 19
1566000 19
1567000 19
1568000 19
1569000 19
1570000 19
1571000 19
1572000 19
1573000 19
1574000 19
1575000 19
1576000 19
1577000 19
1578000 19
1579000 19
1580000 19
1581000 19
1582000 19
1583000 19
1584000 19
1585000 19
1586000 19
1587000 19
1588000 19
1589000 19
1590000 19
1591000 19
1592000 19
1593000 19
1594000 19
1595000 19
1596000 19
1597000 19
1598000 19
1599000 19
1600000 19
1601000 19
1602000 19
1603000 19
1604000 19
1605000 19
1606000 19
1607000 19
1608000 19
1609000 19
1610000 19
1611000 19
1612000 19
1613000 19
1614000 19
1615000 19
1616000 19
1617000 19
1618000 19
1619000 19
1620000 19
1621000 19
1622000 19
1623000 19
1624000 19
1625000 19
1626000 19
1627000 19
1628000 19
1629000 19
1630000 19
1631000 19
1632000 19
1633000 19
1634000 19
1635000 19
1636000 19
1637000 19
1638000 19
1639000 19
1640000 19
1641000 19
1642000 19
1643000 19
1644000 19
1645000 19
1646000 19
1647000 19
1648000 19
1649000 19
1650000 19
1651000 19
1652000 19
1653000 19
1654000 19
1655000 19
1656000 19
1657000 19
1658000 19
1659000 19
1660000 19
1661000 19
1662000 19
1663000 19
1664000 19
1665000 19
1666000 19
1667000 19
1668000 19
1669000 19
1670000 19
1671000 19
1672000 19
1673000 19
1674000 19
1675000 19
1676000 19
1677000 19
1678000 19
1679000 19
1680000 19
1681000 19
1682000 19
1683000 19
1684000 19
1685000 19
1686000 19
1687000 19
1688000 19
1689000 19
1690000 19
1691000 19
1692000 19
1693000 19
1694000 19
1695000 19
1696000 19
1697000 19
1698000 19
1699000 19
1700000 19
1701000 19
1702000 19
1703000 19
1704000 19
1705000 19
1706000 19
1707000 19
1708000 19
1709000 19
1710000 19
1711000 19
1712000 19
1713000 19
1714000 19
1715000 19
1716000 19
1717000 19
1718000 19
1719000 19
1720000 19
1721000 19
1722000 19
1723000 19
1724000 19
1725000 19
1726000 19
1727000 19
1728000 19
1729000 19
1730000 19
1731000 19
1732000 19
1733000 19
1734000 19
1735000 19
1736000 19
1737000 19
1738000 19
1739000 19
1740000 19
1741000 19
1742000 19
1743000 19
1744000 19
1745000 19
1746000 19
1747000 19
1748000 19
1749000 19
1750000 19
1751000 19
1752000 19
1753000 19
1754000 19
1755000 19
1756000 19
1757000 19
1758000 19
1759000 19
1760000 19
1761000 19
1762000 19
1763000 19
1764000 19
1765000 19
1766000 19
1767000 19
1768000 19
1769000 19
1770000 19
1771000 19
1772000 19
1773000 19
1774000 19
1775000 19
1776000 19
1777000 19
1778000 19
1779000 19
1780000 19
1781000 19
1782000 19
1783000 19
1784000 19
1785000 19
1786000 19
1787000 19
1788000 19
1789000 19
1790000 19
1791000 19
1792000 19
1793000 19
1794000 19
1795000 19
1796000 19
1797000 19
1798000 19
1799000 19
1800000 19
1801000 19
1802000 19
1803000 19
1804000 19
1805000 19
1806000 19
1807000 19
1808000 19
1809000 19
1810000 19
1811000 19
1812000 19
1813000 19
1814000 19
1815000 19
1816000 19
1817000 19
1818000 19
1819000 19
1820000 19
1821000 19
1822000 19
1823000 19
1824000 19
1825000 19
1826000 19
1827000 19
1828000 19
1829000 19
1830000 19
1831000 19
1832000 19
1833000 19
1834000 19
1835000 19
1836000 19
1837000 19
1838000 19
1839000 19
1840000 19
1841000 19
1842000 19
1843000 19
1844000 19
1845000 19
1846000 19
1847000 19
1848000 19
1849000 19
1850000 19
1851000 19
1852000 19
1853000 19
1854000 19
1855000 19
1856000 19
1857000 19
1858000 19
1859000 19
1860000 19
1861000 19
1862000 19
1863000 19
1864000 19
1865000 19
1866000 19
1867000 19
1868000 19
1869000 19
1870000 19
1871000 19
1872000 19
1873000 19
1874000 19
1875000 19
1876000 19
1877000 19
1878000 19
1879000 19
1880000 19
1881000 19
1882000 19
1883000 19
1884000 19
1885000 19
1886000 19
1887000 19
1888000 19
1889000 19
1890000 19
1891000 19
1892000 19
1893000 19
1894000 19
1895000 19
1896000 19
1897000 19
1898000 19
1899000 19
1900000 19
1901000 19
1902000 19
1903000 19
1904000 19
1905000 19
1906000 19
1907000 19
1908000 19
1909000 19
1910000 19
1911000 19
1912000 19
1913000 19
1914000 19
1915000 19
1916000 19
1917000 19
1918000 19
1919000 19
1920000 19
1921000 19
1922000 19
1923000 19
1924000 19
1925000 19
1926000 19
1927000 19
1928000 19
1929000 19
1930000 19
1931000 19
1932000 19
1933000 19
1934000 19
1935000 19
1936000 19
1937000 19
1938000 19
1939000 19
1940000 19
1941000 19
1942000 19
1943000 19
1944000 19
1945000 19
1946000 19
1947000 19
1948000 19
1949000 19
1950000 19
1951000 19
1952000 19
1953000 19
1954000 19
1955000 19
1956000 19
1957000 19
1958000 19
1959000 19
1960000 19
1961000 19
1962000 19
1963000 19
1964000 19
1965000 19
1966000 19
1967000 19
1968000 19
1969000 19
1970000 19
1971000 19
1972000 19
1973000 19
1974000 19
1975000 19
1976000 19
1977000 19
1978000 19
1979000 19
1980000 19
1981000 19
1982000 19
1983000 19
1984000 19
1985000 19
1986000 19
1987000 19
1988000 19
1989000 19
1990000 19
1991000 19
1992000 19
1993000 19
1994000 19
1995000 19
1996000 19
1997000 19
1998000 19
1999000 19
2000000 19
2001000 19
2002000 19
2003000 19
2004000 19
2005000 19
2006000 19
2007000 19
2008000 19
2009000 19
2010000 19
2011000 19
2012000 19
2013000 19
2014000 19
2015000 19
2016000 19
2017000 19
2018000 19
2019000 19
2020000 19
2021000 19
2022000 19
2023000 19
2024000 19
2025000 19
2026000 19
2027000 19
2028000 19
2029000 19
2030000 19
2031000 19
2032000 19
2033000 19
2034000 19
2035000 19
2036000 19
2037000 19
2038000 19
2039000 19
2040000 19
2041000 19
2042000 19
2043000 19
2044000 19
2045000 19
2046000 19
2047000 19
2048000 19
2049000 19
2050000 19
2051000 19
2052000 19
2053000 19
2054000 19
2055000 19
2056000 19
2057000 19
2058000 19
2059000 19
2060000 19
2061000 19
2062000 19
2063000 19
2064000 19
2065000 19
2066000 19
2067000 19
2068000 19
2069000 19
2070000 19
2071000 19
2072000 19
2073000 19
2074000 19
2075000 19
2076000 19
2077000 19
2078000 19
2079000 19
2080000 19
2081000 19
2082000 19
2083000 19
2084000 19
2085000 19
2086000 19
2087000 19
2088000 19
2089000 19
2090000 19
2091000 19
2092000 19
2093000 19
2094000 19
2095000 19
2096000 19
2097000 19
2098000 19
2099000 19
2100000 19
2101000 19
2102000 19
2103000 19
2104000 19
2105000 19
2106000 19
2107000 19
2108000 19
2109000 19
2110000 19
2111000 19
2112000 19
2113000 19
2114000 19
2115000 19
2116000 19
2117000 19
2118000 19
2119000 19
2120000 19
2121000 19
2122000 19
2123000 19
2124000 19
2125000 19
2126000 19
2127000 19
2128000 19
2129000 19
2130000 19
2131000 19
2132000 19
2133000 19
2134000 19
2135000 19
2136000 19
2137000 19
2138000 19
2139000 19
2140000 19
2141000 19
2142000 19
2143000 19
2144000 19
2145000 19
2146000 19
2147000 19
2148000 19
2149000 19
2150000 19
2151000 19
2152000 19
2153000 19
2154000 19
2155000 19
2156000 19
2157000 19
2158000 19
2159000 19
2160000 19
2161000 19
2162000 19
2163000 19
2164000 19
2165000 19
2166000 19
2167000 19
2168000 19
2169000 19
2170000 19
2171000 19
2172000 19
2173000 19
2174000 19
2175000 19
2176000 19
2177000 19
2178000 19
2179000 19
2180000 19
2181000 19
2182000 19
2183000 19
2184000 19
2185000 19
2186000 19
2187000 19
2188000 19
2189000 19
2190000 19
2191000 19
2192000 19
2193000 19
2194000 19
2195000 19
2196000 19
2197000 19
2198000 19
2199000 19
2200000 19
2201000 19
2202000 19
2203000 19
2204000 19
2205000 19
2206000 19
2207000 19
2208000 19
2209000 19
2210000 19
2211000 19
2212000 19
2213000 19
2214000 19
2215000 19
2216000 19
2217000 19
2218000 19
2219000 19
2220000 19
2221000 19
2222000 19
2223000 19
2224000 19
2225000 19
2226000 19
2227000 19
2228000 19
2229000 19
2230000 19
2231000 19
2232000 19
2233000 19
2234000 19
2235000 19
2236000 19
2237000 19
2238000 19
2239000 19
2240000 19
2241000 19
2242000 19
2243000 19
2244000 19
2245000 19
2246000 19
2247000 19
2248000 19
2249000 19
2250000 19
2251000 19
2252000 19
2253000 19
2254000 19
2255000 19
2256000 19
2257000 19
2258000 19
2259000 19
2260000 19
2261000 19
2262000 19
2263000 19
2264000 19
2265000 19
2266000 19
2267000 19
2268000 19
2269000 19
2270000 19
2271000 19
2272000 19
2273000 19
2274000 19
2275000 19
2276000 19
2277000 19
2278000 19
2279000 19
2280000 19
2281000 19
2282000 19
2283000 19
2284000 19
2285000 19
2286000 19
2287000 19
2288000 19
2289000 19
2290000 19
2291000 19
2292000 19
2293000 19
2294000 19
2295000 19
2296000 19
2297000 19
2298000 19
2299000 19
2300000 19
2301000 19
2302000 19
2303000 19
2304000 19
2305000 19
2306000 19
2307000 19
2308000 19
2309000 19
2310000 19
2311000 19
2312000 19
2313000 19
2314000 19
2315000 19
2316000 19
2317000 19
2318000 19
2319000 19
2320000 19
2321000 19
2322000 19
2323000 19
2324000 19
2325000 19
2326000 19
2327000 19
2328000 19
2329000 19
2330000 19
2331000 19
2332000 19
2333000 19
2334000 19
2335000 19
2336000 19
2337000 19
2338000 19
2339000 19
2340000 19
2341000 19
2342000 19
2343000 19
2344000 19
2345000 19
2346000 19
2347000 19
2348000 19
2349000 19
2350000 19
2351000 19
2352000 19
2353000 19
2354000 19
2355000 19
2356000 19
2357000 19
2358000 19
2359000 19
2360000 19
2361000 19
2362000 19
2363000 19
2364000 19
2365000 19
2366000 19
2367000 19
2368000 19
2369000 19
2370000 19
2371000 19
2372000 19
2373000 19
2374000 19
2375000 19
2376000 19
2377000 19
2378000 19
2379000 19
2380000 19
2381000 19
2382000 19
2383000 19
2384000 19
2385000 19
2386000 19
2387000 19
2388000 19
2389000 19
2390000 19
2391000 19
2392000 19
2393000 19
2394000 19
2395000 19
2396000 19
2397000 19
2398000 19
2399000 19
2400000 19
2401000 19
2402000 19
2403000 19
2404000 19
2405000 19
2406000 19
2407000 19
2408000 19
2409000 19
2410000 19
2411000 19
2412000 19
2413000 19
2414000 19
2415000 19
2416000 19
2417000 19
2418000 19
2419000 19
2420000 19
2421000 19
2422000 19
2423000 19
2424000 19
2425000 19
2426000 19
2427000 19
2428000 19
2429000 19
2430000 19
2431000 19
2432000 19
2433000 19
2434000 19
2435000 19
2436000 19
2437000 19
2438000 19
2439000 19
2440000 19
2441000 19
2442000 19
2443000 19
2444000 19
2445000 19
2446000 19
2447000 19
2448000 19
2449000 19
2450000 19
2451000 19
2452000 19
2453000 19
2454000 19
2455000 19
2456000 19
2457000 19
2458000 19
2459000 19
2460000 19
2461000 19
2462000 19
2463000 19
2464000 19
2465000 19
2466000 19
2467000 19
2468000 19
2469000 19
2470000 19
2471000 19
2472000 19
2473000 19
2474000 19
2475000 19
2476000 19
2477000 19
2478000 19
2479000 19
2480000 19
2481000 19
2482000 19
2483000 19
2484000 19
2485000 19
2486000 19
2487000 19
2488000 19
2489000 19
2490000 19
2491000 19
2492000 19
2493000 19
2494000 19
2495000 19
2496000 19
2497000 19
2498000 19
2499000 19
2500000 19
2501000 19
2502000 19
2503000 19
2504000 19
2505000 19
2506000 19
2507000 19
2508000 19
2509000 19
2510000 19
2511000 19
2512000 19
2513000 19
2514000 19
2515000 19
2516000 19
2517000 19
2518000 19
2519000 19
2520000 19
2521000 19
2522000 19
2523000 19
2524000 19
2525000 19
2526000 19
2527000 19
2528000 19
2529000 19
2530000 19
2531000 19
2532000 19
2533000 19
2534000 19
2535000 19
2536000 19
2537000 19
2538000 19
2539000 19
2540000 19
2541000 19
2542000 19
2543000 19
2544000 19
2545000 19
2546000 19
2547000 19
2548000 19
2549000 19
2550000 19
2551000 19
2552000 19
2553000 19
2554000 19
2555000 19
2556000 19
2557000 19
2558000 19
2559000 19
2560000 19
2561000 19
2562000 19
2563000 19
2564000 19
2565000 19
2566000 19
2567000 19
2568000 19
2569000 19
2570000 19
2571000 19
2572000 19
2573000 19
2574000 19
2575000 19
2576000 19
2577000 19
2578000 19
2579000 19
2580000 19
2581000 19
2582000 19
2583000 19
2584000 19
2585000 19
2586000 19
2587000 19
2588000 19
2589000 19
2590000 19
2591000 19
2592000 19
2593000 19
2594000 19
2595000 19
2596000 19
2597000 19
2598000 19
2599000 19
2600000 19
2601000 19
2602000 19
2603000 19
2604000 19
2605000 19
2606000 19
2607000 19
2608000 19
2609000 19
2610000 19
2611000 19
2612000 19
2613000 19
2614000 19
2615000 19
2616000 19
2617000 19
2618000 19
2619000 19
2620000 19
2621000 19
2622000 19
2623000 19
2624000 19
2625000 19
2626000 19
2627000 19
2628000 19
2629000 19
2630000 19
2631000 19
2632000 19
2633000 19
2634000 19
2635000 19
2636000 19
2637000 19
2638000 19
2639000 19
2640000 19
2641000 19
2642000 19
2643000 19
2644000 19
2645000 19
2646000 19
2647000 19
2648000 19
2649000 19
2650000 19
2651000 19
2652000 19
2653000 19
2654000 19
2655000 19
2656000 19
2657000 19
2658000 19
2659000 19
2660000 19
2661000 19
2662000 19
2663000 19
2664000 19
2665000 19
2666000 19
2667000 19
2668000 19
2669000 19
2670000 19
2671000 19
2672000 19
2673000 19
2674000 19
2675000 19
2676000 19
2677000 19
2678000 19
2679000 19
2680000 19
2681000 19
2682000 19
2683000 19
2684000 19
2685000 19
2686000 19
2687000 19
2688000 19
2689000 19
2690000 19
2691000 19
2692000 19
2693000 19
2694000 19
2695000 19
2696000 19
2697000 19
2698000 19
2699000 19
2700000 19
2701000 19
2702000 19
2703000 19
2704000 19
2705000 19
2706000 19
2707000 19
2708000 19
2709000 19
2710000 19
2711000 19
2712000 19
2713000 19
2714000 19
2715000 19
2716000 19
2717000 19
2718000 19
2719000 19
2720000 19
2721000 19
2722000 19
2723000 19
2724000 19
2725000 19
2726000 19
2727000 19
2728000 19
2729000 19
2730000 19
2731000 19
2732000 19
2733000 19
2734000 19
2735000 19
2736000 19
2737000 19
2738000 19
2739000 19
2740000 19
2741000 19
2742000 19
2743000 19
2744000 19
2745000 19
2746000 19
2747000 19
2748000 19
2749000 19
2750000 19
2751000 19
2752000 19
2753000 19
2754000 19
2755000 19
2756000 19
2757000 19
2758000 19
2759000 19
2760000 19
2761000 19
2762000 19
2763000 19
2764000 19
2765000 19
2766000 19
2767000 19
2768000 19
2769000 19
2770000 19
2771000 19
2772000 19
2773000 19
2774000 19
2775000 19
2776000 19
2777000 19
2778000 19
2779000 19
2780000 19
2781000 19
2782000 19
2783000 19
2784000 19
2785000 19
2786000 19
2787000 19
2788000 19
2789000 19
2790000 19
2791000 19
2792000 19
2793000 19
2794000 19
2795000 19
2796000 19
2797000 19
2798000 19
2799000 19
2800000 19
2801000 19
2802000 19
2803000 19
2804000 19
2805000 19
2806000 19
2807000 19
2808000 19
2809000 19
2810000 19
2811000 19
2812000 19
2813000 19
2814000 19
2815000 19
2816000 19
2817000 19
2818000 19
2819000 19
2820000 19
2821000 19
2822000 19
2823000 19
2824000 19
2825000 19
2826000 19
2827000 19
2828000 19
2829000 19
2830000 19
2831000 19
2832000 19
2833000 19
2834000 19
2835000 19
2836000 19
2837000 19
2838000 19
2839000 19
2840000 19
2841000 19
2842000 19
2843000 19
2844000 19
2845000 19
2846000 19
2847000 19
2848000 19
2849000 19
2850000 19
2851000 19
2852000 19
2853000 19
2854000 19
2855000 19
2856000 19
2857000 19
2858000 19
2859000 19
2860000 19
2861000 19
2862000 19
2863000 19
2864000 19
2865000 19
2866000 19
2867000 19
2868000 19
2869000 19
2870000 19
2871000 19
2872000 19
2873000 19
2874000 19
2875000 19
2876000 19
2877000 19
2878000 19
2879000 19
2880000 19
2881000 19
2882000 19
2883000 19
2884000 19
2885000 19
2886000 19
2887000 19
2888000 19
2889000 19
2890000 19
2891000 19
2892000 19
2893000 19
2894000 19
2895000 19
2896000 19
2897000 19
2898000 19
2899000 19
2900000 19
2901000 19
2902000 19
2903000 19
2904000 19
2905000 19
2906000 19
2907000 19
2908000 19
2909000 19
2910000 19
2911000 19
2912000 19
2913000 19
2914000 19
2915000 19
2916000 19
2917000 19
2918000 19
2919000 19
2920000 19
2921000 19
2922000 19
2923000 19
2924000 19
2925000 19
2926000 19
2927000 19
2928000 19
2929000 19
2930000 19
2931000 19
2932000 19
2933000 19
2934000 19
2935000 19
2936000 19
2937000 19
2938000 19
2939000 19
2940000 19
2941000 19
2942000 19
2943000 19
2944000 19
2945000 19
2946000 19
2947000 19
2948000 19
2949000 19
2950000 19
2951000 19
2952000 19
2953000 19
2954000 19
2955000 19
2956000 19
2957000 19
2958000 19
2959000 19
2960000 19
2961000 19
2962000 19
2963000 19
2964000 19
2965000 19
2966000 19
2967000 19
2968000 19
2969000 19
2970000 19
2971000 19
2972000 19
2973000 19
2974000 19
2975000 19
2976000 19
2977000 19
2978000 19
2979000 19
2980000 19
2981000 19
2982000 19
2983000 19
2984000 19
2985000 19
2986000 19
2987000 19
2988000 19
2989000 19
2990000 19
2991000 19
2992000 19
2993000 19
2994000 19
2995000 19
2996000 19
2997000 19
2998000 19
2999000 19
3000000 19
3001000 19
3002000 19
3003000 19
3004000 19
3005000 19
3006000 19
3007000 19
3008000 19
3009000 19
3010000 19
3011000 19
3012000 19
3013000 19
3014000 19
3015000 19
3016000 19
3017000 19
3018000 19
3019000 19
3020000 19
3021000 19
3022000 19
3023000 19
3024000 19
3025000 19
3026000 19
3027000 19
3028000 19
3029000 19
3030000 19
3031000 19
3032000 19
3033000 19
3034000 19
3035000 19
3036000 19
3037000 19
3038000 19
3039000 19
3040000 19
3041000 19
3042000 19
3043000 19
3044000 19
3045000 19
3046000 19
3047000 19
3048000 19
3049000 19
3050000 19
3051000 19
3052000 19
3053000 19
3054000 19
3055000 19
3056000 19
3057000 19
3058000 19
3059000 19
3060000 19
3061000 19
3062000 19
3063000 19
3064000 19
3065000 19
3066000 19
3067000 19
3068000 19
3069000 19
3070000 19
3071000 19
3072000 19
3073000 19
3074000 19
3075000 19
3076000 19
3077000 19
3078000 19
3079000 19
3080000 19
3081000 19
3082000 19
3083000 19
3084000 19
3085000 19
3086000 19
3087000 19
3088000 19
3089000 19
3090000 19
3091000 19
3092000 19
3093000 19
3094000 19
3095000 19
3096000 19
3097000 19
3098000 19
3099000 19
3100000 19
3101000 19
3102000 19
3103000 19
3104000 19
3105000 19
3106000 19
3107000 19
3108000 19
3109000 19
3110000 19
3111000 19
3112000 19
3113000 19
3114000 19
3115000 19
3116000 19
3117000 19
3118000 19
3119000 19
3120000 19
3121000 19
3122000 19
3123000 19
3124000 19
3125000 19
3126000 19
3127000 19
3128000 19
3129000 19
3130000 19
3131000 19
3132000 19
3133000 19
3134000 19
3135000 19
3136000 19
3137000 19
3138000 19
3139000 19
3140000 19
3141000 19
3142000 19
3143000 19
3144000 19
3145000 19
3146000 19
3147000 19
3148000 19
3149000 19
3150000 19
3151000 19
3152000 19
3153000 19
3154000 19
3155000 19
3156000 19
3157000 19
3158000 19
3159000 19
3160000 19
3161000 19
3162000 19
3163000 19
3164000 19
3165000 19
3166000 19
3167000 19
3168000 19
3169000 19
3170000 19
3171000 19
3172000 19
3173000 19
3174000 19
3175000 19
3176000 19
3177000 19
3178000 19
3179000 19
3180000 19
3181000 19
3182000 19
3183000 19
3184000 19
3185000 19
3186000 19
3187000 19
3188000 19
3189000 19
3190000 19
3191000 19
3192000 19
3193000 19
3194000 19
3195000 19
3196000 19
3197000 19
3198000 19
3199000 19
3200000 19
3201000 19
3202000 19
3203000 19
3204000 19
3205000 19
3206000 19
3207000 19
3208000 19
3209000 19
3210000 19
3211000 19
3212000 19
3213000 19
3214000 19
3215000 19
3216000 19
3217000 19
3218000 19
3219000 19
3220000 19
3221000 19
3222000 19
3223000 19
3224000 19
3225000 19
3226000 19
3227000 19
3228000 19
3229000 19
3230000 19
3231000 19
3232000 19
3233000 19
3234000 19
3235000 19
3236000 19
3237000 19
3238000 19
3239000 19
3240000 19
3241000 19
3242000 19
3243000 19
3244000 19
3245000 19
3246000 19
3247000 19
3248000 19
3249000 19
3250000 19
3251000 19
3252000 19
3253000 19
3254000 19
3255000 19
3256000 19
3257000 19
3258000 19
3259000 19
3260000 19
3261000 19
3262000 19
3263000 19
3264000 19
3265000 19
3266000 19
3267000 19
3268000 19
3269000 19
3270000 19
3271000 19
3272000 19
3273000 19
3274000 19
3275000 19
3276000 19
3277000 19
3278000 19
3279000 19
3280000 19
3281000 19
3282000 19
3283000 19
3284000 19
3285000 19
3286000 19
3287000 19
3288000 19
3289000 19
3290000 19
3291000 19
3292000 19
3293000 19
3294000 19
3295000 19
3296000 19
3297000 19
3298000 19
3299000 19
3300000 19
3301000 19
3302000 19
3303000 19
3304000 19
3305000 19
3306000 19
3307000 19
3308000 19
3309000 19
3310000 19
3311000 19
3312000 19
3313000 19
3314000 19
3315000 19
3316000 19
3317000 19
3318000 19
3319000 19
3320000 19
3321000 19
3322000 19
3323000 19
3324000 19
3325000 19
3326000 19
3327000 19
3328000 19
3329000 19
3330000 19
3331000 19
3332000 19
3333000 19
3334000 19
3335000 19
3336000 19
3337000 19
3338000 19
3339000 19
3340000 19
3341000 19
3342000 19
3343000 19
3344000 19
3345000 19
3346000 19
3347000 19
3348000 19
3349000 19
3350000 19
3351000 19
3352000 19
3353000 19
3354000 19
3355000 19
3356000 19
3357000 19
3358000 19
3359000 19
3360000 19
3361000 19
3362000 19
3363000 19
3364000 19
3365000 19
3366000 19
3367000 19
3368000 19
3369000 19
3370000 19
3371000 19
3372000 19
3373000 19
3374000 19
3375000 19
3376000 19
3377000 19
3378000 19
3379000 19
3380000 19
3381000 19
3382000 19
3383000 19
3384000 19
3385000 19
3386000 19
3387000 19
3388000 19
3389000 19
3390000 19
3391000 19
3392000 19
3393000 19
3394000 19
3395000 19
3396000 19
3397000 19
3398000 19
3399000 19
3400000 19
3401000 19
3402000 19
3403000 19
3404000 19
3405000 19
3406000 19
3407000 19
3408000 19
3409000 19
3410000 19
3411000 19
3412000 19
3413000 19
3414000 19
3415000 19
3416000 19
3417000 19
3418000 19
3419000 19
3420000 19
3421000 19
3422000 19
3423000 19
3424000 19
3425000 19
3426000 19
3427000 19
3428000 19
3429000 19
3430000 19
3431000 19
3432000 19
3433000 19
3434000 19
3435000 19
3436000 19
3437000 19
3438000 19
3439000 19
3440000 19
3441000 19
3442000 19
3443000 19
3444000 19
3445000 19
3446000 19
3447000 19
3448000 19
3449000 19
3450000 19
3451000 19
3452000 19
3453000 19
3454000 19
3455000 19
3456000 19
3457000 19
3458000 19
3459000 19
3460000 19
3461000 19
3462000 19
3463000 19
3464000 19
3465000 19
3466000 19
3467000 19
3468000 19
3469000 19
3470000 19
3471000 19
3472000 19
3473000 19
3474000 19
3475000 19
3476000 19
3477000 19
3478000 19
3479000 19
3480000 19
3481000 19
3482000 19
3483000 19
3484000 19
3485000 19
3486000 19
3487000 19
3488000 19
3489000 19
3490000 19
3491000 19
3492000 19
3493000 19
3494000 19
3495000 19
3496000 19
3497000 19
3498000 19
3499000 19
3500000 19
3501000 19
3502000 19
3503000 19
3504000 19
3505000 19
3506000 19
3507000 19
3508000 19
3509000 19
3510000 19
3511000 19
3512000 19
3513000 19
3514000 19
3515000 19
3516000 19
3517000 19
3518000 19
3519000 19
3520000 19
3521000 19
3522000 19
3523000 19
3524000 19
3525000 19
3526000 19
3527000 19
3528000 19
3529000 19
3530000 19
3531000 19
3532000 19
3533000 19
3534000 19
3535000 19
3536000 19
3537000 19
3538000 19
3539000 19
3540000 19
3541000 19
3542000 19
3543000 19
3544000 19
3545000 19
3546000 19
3547000 19
3548000 19
3549000 19
3550000 19
3551000 19
3552000 19
3553000 19
3554000 19
3555000 19
3556000 19
3557000 19
3558000 19
3559000 19
3560000 19
3561000 19
3562000 19
3563000 19
3564000 19
3565000 19
3566000 19
3567000 19
3568000 19
3569000 19
3570000 19
3571000 19
3572000 19
3573000 19
3574000 19
3575000 19
3576000 19
3577000 19
3578000 19
3579000 19
3580000 19
3581000 19
3582000 19
3583000 19
3584000 19
3585000 19
3586000 19
3587000 19
3588000 19
3589000 19
3590000 19
3591000 19
3592000 19
3593000 19
3594000 19
3595000 19
3596000 19
3597000 19
3598000 19
3599000 19
3600000 19
3601000 19
3602000 19
3603000 19
3604000 19
3605000 19
3606000 19
3607000 19
3608000 19
3609000 19
3610000 19
3611000 19
3612000 19
3613000 19
3614000 19
3615000 19
3616000 19
3617000 19
3618000 19
3619000 19
3620000 19
3621000 19
3622000 19
3623000 19
3624000 19
3625000 19
3626000 19
3627000 19
3628000 19
3629000 19
3630000 19
3631000 19
3632000 19
3633000 19
3634000 19
3635000 19
3636000 19
3637000 19
3638000 19
3639000 19
3640000 19
3641000 19
3642000 19
3643000 19
3644000 19
3645000 19
3646000 19
3647000 19
3648000 19
3649000 19
3650000 19
3651000 19
3652000 19
3653000 19
3654000 19
3655000 19
3656000 19
3657000 19
3658000 19
3659000 19
3660000 19
3661000 19
3662000 19
3663000 19
3664000 19
3665000 19
3666000 19
3667000 19
3668000 19
3669000 19
3670000 19
3671000 19
3672000 19
3673000 19
3674000 19
3675000 19
3676000 19
3677000 19
3678000 19
3679000 19
3680000 19
3681000 19
3682000 19
3683000 19
3684000 19
3685000 19
3686000 19
3687000 19
3688000 19
3689000 19
3690000 19
3691000 19
3692000 19
3693000 19
3694000 19
3695000 19
3696000 19
3697000 19
3698000 19
3699000 19
3700000 19
3701000 19
3702000 19
3703000 19
3704000 19
3705000 19
3706000 19
3707000 19
3708000 19
3709000 19
3710000 19
3711000 19
3712000 19
3713000 19
3714000 19
3715000 19
3716000 19
3717000 19
3718000 19
3719000 19
3720000 19
3721000 19
3722000 19
3723000 19
3724000 19
3725000 19
3726000 19
3727000 19
3728000 19
3729000 19
3730000 19
3731000 19
3732000 19
3733000 19
3734000 19
3735000 19
3736000 19
3737000 19
3738000 19
3739000 19
3740000 19
3741000 19
3742000 19
3743000 19
3744000 19
3745000 19
3746000 19
3747000 19
3748000 19
3749000 19
3750000 19
3751000 19
3752000 19
3753000 19
3754000 19
3755000 19
3756000 19
3757000 19
3758000 19
3759000 19
3760000 19
3761000 19
3762000 19
3763000 19
3764000 19
3765000 19
3766000 19
3767000 19
3768000 19
3769000 19
3770000 19
3771000 19
3772000 19
3773000 19
3774000 19
3775000 19
3776000 19
3777000 19
3778000 19
3779000 19
3780000 19
3781000 19
3782000 19
3783000 19
3784000 19
3785000 19
3786000 19
3787000 19
3788000 19
3789000 19
3790000 19
3791000 19
3792000 19
3793000 19
3794000 19
3795000 19
3796000 19
3797000 19
3798000 19
3799000 19
3800000 19
3801000 19
3802000 19
3803000 19
3804000 19
3805000 19
3806000 19
3807000 19
3808000 19
3809000 19
3810000 19
3811000 19
3812000 19
3813000 19
3814000 19
3815000 19
3816000 19
3817000 19
3818000 19
3819000 19
3820000 19
3821000 19
3822000 19
3823000 19
3824000 19
3825000 19
3826000 19
3827000 19
3828000 19
3829000 19
3830000 19
3831000 19
3832000 19
3833000 19
3834000 19
3835000 19
3836000 19
3837000 19
3838000 19
3839000 19
3840000 19
3841000 19
3842000 19
3843000 19
3844000 19
3845000 19
3846000 19
3847000 19
3848000 19
3849000 19
3850000 19
3851000 19
3852000 19
3853000 19
3854000 19
3855000 19
3856000 19
3857000 19
3858000 19
3859000 19
3860000 19
3861000 19
3862000 19
3863000 19
3864000 19
3865000 19
3866000 19
3867000 19
3868000 19
3869000 19
3870000 19
3871000 19
3872000 19
3873000 19
3874000 19
3875000 19
3876000 19
3877000 19
3878000 19
3879000 19
3880000 19
3881000 19
3882000 19
3883000 19
3884000 19
3885000 19
3886000 19
3887000 19
3888000 19
3889000 19
3890000 19
3891000 19
3892000 19
3893000 19
3894000 19
3895000 19
3896000 19
3897000 19
3898000 19
3899000 19
3900000 19
3901000 19
3902000 19
3903000 19
3904000 19
3905000 19
3906000 19
3907000 19
3908000 19
3909000 19
3910000 19
3911000 19
3912000 19
3913000 19
3914000 19
3915000 19
3916000 19
3917000 19
3918000 19
3919000 19
3920000 19
3921000 19
3922000 19
3923000 19
3924000 19
3925000 19
3926000 19
3927000 19
3928000 19
3929000 19
3930000 19
3931000 19
3932000 19
3933000 19
3934000 19
3935000 19
3936000 19
3937000 19
3938000 19
3939000 19
3940000 19
3941000 19
3942000 19
3943000 19
3944000 19
3945000 19
3946000 19
3947000 19
3948000 19
3949000 19
3950000 19
3951000 19
3952000 19
3953000 19
3954000 19
3955000 19
3956000 19
3957000 19
3958000 19
3959000 19
3960000 19
3961000 19
3962000 19
3963000 19
3964000 19
3965000 19
3966000 19
3967000 19
3968000 19
3969000 19
3970000 19
3971000 19
3972000 19
3973000 19
3974000 19
3975000 19
3976000 19
3977000 19
3978000 19
3979000 19
3980000 19
3981000 19
3982000 19
3983000 19
3984000 19
3985000 19
3986000 19
3987000 19
3988000 19
3989000 19
3990000 19
3991000 19
3992000 19
3993000 19
3994000 19
3995000 19
3996000 19
3997000 19
3998000 19
3999000 19
4000000 19
4001000 19
4002000 19
4003000 19
4004000 19
4005000 19
4006000 19
4007000 19
4008000 19
4009000 19
4010000 19
4011000 19
4012000 19
4013000 19
4014000 19
4015000 19
4016000 19
4017000 19
4018000 19
4019000 19
4020000 19
4021000 19
4022000 19
4023000 19
4024000 19
4025000 19
4026000 19
4027000 19
4028000 19
4029000 19
4030000 19
4031000 19
4032000 19
4033000 19
4034000 19
4035000 19
4036000 19
4037000 19
4038000 19
4039000 19
4040000 19
4041000 19
4042000 19
4043000 19
4044000 19
4045000 19
4046000 19
4047000 19
4048000 19
4049000 19
4050000 19
4051000 19
4052000 19
4053000 19
4054000 19
4055000 19
4056000 19
4057000 19
4058000 19
4059000 19
4060000 19
4061000 19
4062000 19
4063000 19
4064000 19
4065000 19
4066000 19
4067000 19
4068000 19
4069000 19
4070000 19
4071000 19
4072000 19
4073000 19
4074000 19
4075000 19
4076000 19
4077000 19
4078000 19
4079000 19
4080000 19
4081000 19
4082000 19
4083000 19
4084000 19
4085000 19
4086000 19
4087000 19
4088000 19
4089000 19
4090000 19
4091000 19
4092000 19
4093000 19
4094000 19
4095000 19
4096000 19
4097000 19
4098000 19
4099000 19
4100000 19
4101000 19
4102000 19
4103000 19
4104000 19
4105000 19
4106000 19
4107000 19
4108000 19
4109000 19
4110000 19
4111000 19
4112000 19
4113000 19
4114000 19
4115000 19
4116000 19
4117000 19
4118000 19
4119000 19
4120000 19
4121000 19
4122000 19
4123000 19
4124000 19
4125000 19
4126000 19
4127000 19
4128000 19
4129000 19
4130000 19
4131000 19
4132000 19
4133000 19
4134000 19
4135000 19
4136000 19
4137000 19
4138000 19
4139000 19
4140000 19
4141000 19
4142000 19
4143000 19
4144000 19
4145000 19
4146000 19
4147000 19
4148000 19
4149000 19
4150000 19
4151000 19
4152000 19
4153000 19
4154000 19
4155000 19
4156000 19
4157000 19
4158000 19
4159000 19
4160000 19
4161000 19
4162000 19
4163000 19
4164000 19
4165000 19
4166000 19
4167000 19
4168000 19
4169000 19
4170000 19
4171000 19
4172000 19
4173000 19
4174000 19
4175000 19
4176000 19
4177000 19
4178000 19
4179000 19
4180000 19
4181000 19
4182000 19
4183000 19
4184000 19
4185000 19
4186000 19
4187000 19
4188000 19
4189000 19
4190000 19
4191000 19
4192000 19
4193000 19
4194000 19
4195000 19
4196000 19
4197000 19
4198000 19
4199000 19
4200000 19
4201000 19
4202000 19
4203000 19
4204000 19
4205000 19
4206000 19
4207000 19
4208000 19
4209000 19
4210000 19
4211000 19
4212000 19
4213000 19
4214000 19
4215000 19
4216000 19
4217000 19
4218000 19
4219000 19
4220000 19
4221000 19
4222000 19
4223000 19
4224000 19
4225000 19
4226000 19
4227000 19
4228000 19
4229000 19
4230000 19
4231000 19
4232000 19
4233000 19
4234000 19
4235000 19
4236000 19
4237000 19
4238000 19
4239000 19
4240000 19
4241000 19
4242000 19
4243000 19
4244000 19
4245000 19
4246000 19
4247000 19
4248000 19
4249000 19
4250000 19
4251000 19
4252000 19
4253000 19
4254000 19
4255000 19
4256000 19
4257000 19
4258000 19
4259000 19
4260000 19
4261000 19
4262000 19
4263000 19
4264000 19
4265000 19
4266000 19
4267000 19
4268000 19
4269000 19
4270000 19
4271000 19
4272000 19
4273000 19
4274000 19
4275000 19
4276000 19
4277000 19
4278000 19
4279000 19
4280000 19
4281000 19
4282000 19
4283000 19
4284000 19
4285000 19
4286000 19
4287000 19
4288000 19
4289000 19
4290000 19
4291000 19
4292000 19
4293000 19
4294000 19
4295000 19
4296000 19
4297000 19
4298000 19
4299000 19
4300000 19
4301000 19
4302000 19
4303000 19
4304000 19
4305000 19
4306000 19
4307000 19
4308000 19
4309000 19
4310000 19
4311000 19
4312000 19
4313000 19
4314000 19
4315000 19
4316000 19
4317000 19
4318000 19
4319000 19
4320000 19
4321000 19
4322000 19
4323000 19
4324000 19
4325000 19
4326000 19
4327000 19
4328000 19
4329000 19
4330000 19
4331000 19
4332000 19
4333000 19
4334000 19
4335000 19
4336000 19
4337000 19
4338000 19
4339000 19
4340000 19
4341000 19
4342000 19
4343000 19
4344000 19
4345000 19
4346000 19
4347000 19
4348000 19
4349000 19
4350000 19
4351000 19
4352000 19
4353000 19
4354000 19
4355000 19
4356000 19
4357000 19
4358000 19
4359000 19
4360000 19
4361000 19
4362000 19
4363000 19
4364000 19
4365000 19
4366000 19
4367000 19
4368000 19
4369000 19
4370000 19
4371000 19
4372000 19
4373000 19
4374000 19
4375000 19
4376000 19
4377000 19
4378000 19
4379000 19
4380000 19
4381000 19
4382000 19
4383000 19
4384000 19
4385000 19
4386000 19
4387000 19
4388000 19
4389000 19
4390000 19
4391000 19
4392000 19
4393000 19
4394000 19
4395000 19
4396000 19
4397000 19
4398000 19
4399000 19
4400000 19
4401000 19
4402000 19
4403000 19
4404000 19
4405000 19
4406000 19
4407000 19
4408000 19
4409000 19
4410000 19
4411000 19
4412000 19
4413000 19
4414000 19
4415000 19
4416000 19
4417000 19
4418000 19
4419000 19
4420000 19
4421000 19
4422000 19
4423000 19
4424000 19
4425000 19
4426000 19
4427000 19
4428000 19
4429000 19
4430000 19
4431000 19
4432000 19
4433000 19
4434000 19
4435000 19
4436000 19
4437000 19
4438000 19
4439000 19
4440000 19
4441000 19
4442000 19
4443000 19
4444000 19
4445000 19
4446000 19
4447000 19
4448000 19
4449000 19
4450000 19
4451000 19
4452000 19
4453000 19
4454000 19
4455000 19
4456000 19
4457000 19
4458000 19
4459000 19
4460000 19
4461000 19
4462000 19
4463000 19
4464000 19
4465000 19
4466000 19
4467000 19
4468000 19
4469000 19
4470000 19
4471000 19
4472000 19
4473000 19
4474000 19
4475000 19
4476000 19
4477000 19
4478000 19
4479000 19
4480000 19
4481000 19
4482000 19
4483000 19
4484000 19
4485000 19
4486000 19
4487000 19
4488000 19
4489000 19
4490000 19
4491000 19
4492000 19
4493000 19
4494000 19
4495000 19
4496000 19
4497000 19
4498000 19
4499000 19
4500000 19
4501000 19
4502000 19
4503000 19
4504000 19
4505000 19
4506000 19
4507000 19
4508000 19
4509000 19
4510000 19
4511000 19
4512000 19
4513000 19
4514000 19
4515000 19
4516000 19
4517000 19
4518000 19
4519000 19
4520000 19
4521000 19
4522000 19
4523000 19
4524000 19
4525000 19
4526000 19
4527000 19
4528000 19
4529000 19
4530000 19
4531000 19
4532000 19
4533000 19
4534000 19
4535000 19
4536000 19
4537000 19
4538000 19
4539000 19
4540000 19
4541000 19
4542000 19
4543000 19
4544000 19
4545000 19
4546000 19
4547000 19
4548000 19
4549000 19
4550000 19
4551000 19
4552000 19
4553000 19
4554000 19
4555000 19
4556000 19
4557000 19
4558000 19
4559000 19
4560000 19
4561000 19
4562000 19
4563000 19
4564000 19
4565000 19
4566000 19
4567000 19
4568000 19
4569000 19
4570000 19
4571000 19
4572000 19
4573000 19
4574000 19
4575000 19
4576000 19
4577000 19
4578000 19
4579000 19
4580000 19
4581000 19
4582000 19
4583000 19
4584000 19
4585000 19
4586000 19
4587000 19
4588000 19
4589000 19
4590000 19
4591000 19
4592000 19
4593000 19
4594000 19
4595000 19
4596000 19
4597000 19
4598000 19
4599000 19
4600000 19
4601000 19
4602000 19
4603000 19
4604000 19
4605000 19
4606000 19
4607000 19
4608000 19
4609000 19
4610000 19
4611000 19
4612000 19
4613000 19
4614000 19
4615000 19
4616000 19
4617000 19
4618000 19
4619000 19
4620000 19
4621000 19
4622000 19
4623000 19
4624000 19
4625000 19
4626000 19
4627000 19
4628000 19
4629000 19
4630000 19
4631000 19
4632000 19
4633000 19
4634000 19
4635000 19
4636000 19
4637000 19
4638000 19
4639000 19
4640000 19
4641000 19
4642000 19
4643000 19
4644000 19
4645000 19
4646000 19
4647000 19
4648000 19
4649000 19
4650000 19
4651000 19
4652000 19
4653000 19
4654000 19
4655000 19
4656000 19
4657000 19
4658000 19
4659000 19
4660000 19
4661000 19
4662000 19
4663000 19
4664000 19
4665000 19
4666000 19
4667000 19
4668000 19
4669000 19
4670000 19
4671000 19
4672000 19
4673000 19
4674000 19
4675000 19
4676000 19
4677000 19
4678000 19
4679000 19
4680000 19
4681000 19
4682000 19
4683000 19
4684000 19
4685000 19
4686000 19
4687000 19
4688000 19
4689000 19
4690000 19
4691000 19
4692000 19
4693000 19
4694000 19
4695000 19
4696000 19
4697000 19
4698000 19
4699000 19
4700000 19
4701000 19
4702000 19
4703000 19
4704000 19
4705000 19
4706000 19
4707000 19
4708000 19
4709000 19
4710000 19
4711000 19
4712000 19
4713000 19
4714000 19
4715000 19
4716000 19
4717000 19
4718000 19
4719000 19
4720000 19
4721000 19
4722000 19
4723000 19
4724000 19
4725000 19
4726000 19
4727000 19
4728000 19
4729000 19
4730000 19
4731000 19
4732000 19
4733000 19
4734000 19
4735000 19
4736000 19
4737000 19
4738000 19
4739000 19
4740000 19
4741000 19
4742000 19
4743000 19
4744000 19
4745000 19
4746000 19
4747000 19
4748000 19
4749000 19
4750000 19
4751000 19
4752000 19
4753000 19
4754000 19
4755000 19
4756000 19
4757000 19
4758000 19
4759000 19
4760000 19
4761000 19
4762000 19
4763000 19
4764000 19
4765000 19
4766000 19
4767000 19
4768000 19
4769000 19
4770000 19
4771000 19
4772000 19
4773000 19
4774000 19
4775000 19
4776000 19
4777000 19
4778000 19
4779000 19
4780000 19
4781000 19
4782000 19
4783000 19
4784000 19
4785000 19
4786000 19
4787000 19
4788000 19
4789000 19
4790000 19
4791000 19
4792000 19
4793000 19
4794000 19
4795000 19
4796000 19
4797000 19
4798000 19
4799000 19
4800000 19
4801000 19
4802000 19
4803000 19
4804000 19
4805000 19
4806000 19
4807000 19
4808000 19
4809000 19
4810000 19
4811000 19
4812000 19
4813000 19
4814000 19
4815000 19
4816000 19
4817000 19
4818000 19
4819000 19
4820000 19
4821000 19
4822000 19
4823000 19
4824000 19
4825000 19
4826000 19
4827000 19
4828000 19
4829000 19
4830000 19
4831000 19
4832000 19
4833000 19
4834000 19
4835000 19
4836000 19
4837000 19
4838000 19
4839000 19
4840000 19
4841000 19
4842000 19
4843000 19
4844000 19
4845000 19
4846000 19
4847000 19
4848000 19
4849000 19
4850000 19
4851000 19
4852000 19
4853000 19
4854000 19
4855000 19
4856000 19
4857000 19
4858000 19
4859000 19
4860000 19
4861000 19
4862000 19
4863000 19
4864000 19
4865000 19
4866000 19
4867000 19
4868000 19
4869000 19
4870000 19
4871000 19
4872000 19
4873000 19
4874000 19
4875000 19
4876000 19
4877000 19
4878000 19
4879000 19
4880000 19
4881000 19
4882000 19
4883000 19
4884000 19
4885000 19
4886000 19
4887000 19
4888000 19
4889000 19
4890000 19
4891000 19
4892000 19
4893000 19
4894000 19
4895000 19
4896000 19
4897000 19
4898000 19
4899000 19
4900000 19
4901000 19
4902000 19
4903000 19
4904000 19
4905000 19
4906000 19
4907000 19
4908000 19
4909000 19
4910000 19
4911000 19
4912000 19
4913000 19
4914000 19
4915000 19
4916000 19
4917000 19
4918000 19
4919000 19
4920000 19
4921000 19
4922000 19
4923000 19
4924000 19
4925000 19
4926000 19
4927000 19
4928000 19
4929000 19
4930000 19
4931000 19
4932000 19
4933000 19
4934000 19
4935000 19
4936000 19
4937000 19
4938000 19
4939000 19
4940000 19
4941000 19
4942000 19
4943000 19
4944000 19
4945000 19
4946000 19
4947000 19
4948000 19
4949000 19
4950000 19
4951000 19
4952000 19
4953000 19
4954000 19
4955000 19
4956000 19
4957000 19
4958000 19
4959000 19
4960000 19
4961000 19
4962000 19
4963000 19
4964000 19
4965000 19
4966000 19
4967000 19
4968000 19
4969000 19
4970000 19
4971000 19
4972000 19
4973000 19
4974000 19
4975000 19
4976000 19
4977000 19
4978000 19
4979000 19
4980000 19
4981000 19
4982000 19
4983000 19
4984000 19
4985000 19
4986000 19
4987000 19
4988000 19
4989000 19
4990000 19
4991000 19
4992000 19
4993000 19
4994000 19
4995000 19
4996000 19
4997000 19
4998000 19
4999000 19
5000000 19
