0 0
1000 0
2000 0
3000 0
4000 0
5000 0
6000 0
7000 0
8000 0
9000 0
10000 0
11000 0
12000 0
13000 0
14000 0
15000 0
16000 0
17000 0
18000 0
19000 0
20000 0
21000 0
22000 0
23000 0
24000 0
25000 0
26000 0
27000 0
28000 0
29000 0
30000 0
31000 0
32000 0
33000 0
34000 0
35000 0
36000 0
37000 0
38000 0
39000 0
40000 0
41000 0
42000 0
43000 0
44000 0
45000 0
46000 0
47000 0
48000 0
49000 0
50000 0
51000 0
52000 0
53000 0
54000 0
55000 0
56000 0
57000 0
58000 0
59000 0
60000 0
61000 0
62000 0
63000 0
64000 0
65000 0
66000 0
67000 0
68000 0
69000 0
70000 0
71000 0
72000 0
73000 0
74000 0
75000 0
76000 0
77000 0
78000 0
79000 0
80000 0
81000 0
82000 0
83000 0
84000 0
85000 0
86000 0
87000 0
88000 0
89000 0
90000 0
91000 0
92000 0
93000 0
94000 0
95000 0
96000 0
97000 0
98000 0
99000 0
100000 0
101000 0
102000 0
103000 0
104000 0
105000 0
106000 0
107000 0
108000 0
109000 0
110000 0
111000 0
112000 0
113000 0
114000 1
115000 1
116000 1
117000 1
118000 1
119000 1
120000 1
121000 1
122000 1
123000 1
124000 1
125000 1
126000 1
127000 1
128000 1
129000 1
130000 1
131000 1
132000 1
133000 1
134000 1
135000 1
136000 1
137000 1
138000 1
139000 1
140000 1
141000 1
142000 1
143000 1
144000 1
145000 1
146000 1
147000 1
148000 1
149000 1
150000 1
151000 1
152000 1
153000 1
154000 1
155000 1
156000 1
157000 1
158000 1
159000 1
160000 1
161000 1
162000 1
163000 1
164000 1
165000 1
166000 1
167000 1
168000 1
169000 1
170000 1
171000 1
172000 1
173000 1
174000 1
175000 1
176000 1
177000 1
178000 1
179000 1
180000 1
181000 1
182000 1
183000 1
184000 2
185000 2
186000 2
187000 2
188000 2
189000 2
190000 2
191000 2
192000 2
193000 2
194000 2
195000 2
196000 2
197000 2
198000 2
199000 2
200000 2
201000 2
202000 2
203000 2
204000 2
205000 2
206000 2
207000 2
208000 2
209000 2
210000 2
211000 2
212000 2
213000 2
214000 2
215000 2
216000 2
217000 2
218000 2
219000 2
220000 2
221000 2
222000 2
223000 2
224000 2
225000 2
226000 2
227000 2
228000 2
229000 2
230000 2
231000 2
232000 2
233000 2
234000 2
235000 2
236000 2
237000 2
238000 2
239000 2
240000 2
241000 2
242000 2
243000 2
244000 2
245000 2
246000 2
247000 2
248000 2
249000 2
250000 2
251000 2
252000 2
253000 2
254000 2
255000 2
256000 2
257000 2
258000 2
259000 2
260000 2
261000 2
262000 2
263000 2
264000 2
265000 2
266000 2
267000 2
268000 2
269000 2
270000 2
271000 2
272000 2
273000 2
274000 2
275000 2
276000 2
277000 2
278000 2
279000 2
280000 2
281000 2
282000 2
283000 2
284000 2
285000 2
286000 2
287000 2
288000 2
289000 2
290000 2
291000 2
292000 2
293000 2
294000 2
295000 2
296000 3
297000 3
298000 3
299000 3
300000 3
301000 3
302000 3
303000 3
304000 3
305000 3
306000 3
307000 3
308000 4
309000 4
310000 4
311000 4
312000 4
313000 4
314000 4
315000 4
316000 4
317000 4
318000 4
319000 4
320000 4
321000 4
322000 4
323000 4
324000 4
325000 4
326000 4
327000 4
328000 4
329000 4
330000 4
331000 4
332000 4
333000 4
334000 4
335000 4
336000 4
337000 4
338000 4
339000 4
340000 4
341000 4
342000 4
343000 4
344000 4
345000 4
346000 4
347000 4
348000 4
349000 4
350000 4
351000 4
352000 4
353000 4
354000 4
355000 4
356000 4
357000 4
358000 4
359000 4
360000 4
361000 4
362000 4
363000 4
364000 4
365000 4
366000 4
367000 4
368000 4
369000 4
370000 4
371000 4
372000 4
373000 4
374000 4
375000 4
376000 5
377000 5
378000 5
379000 5
380000 5
381000 5
382000 5
383000 5
384000 5
385000 5
386000 5
387000 5
388000 5
389000 5
390000 5
391000 5
392000 5
393000 5
394000 5
395000 5
396000 5
397000 5
398000 5
399000 5
400000 5
401000 5
402000 5
403000 5
404000 5
405000 5
406000 5
407000 5
408000 5
409000 5
410000 5
411000 5
412000 5
413000 5
414000 5
415000 5
416000 5
417000 5
418000 5
419000 5
420000 5
421000 5
422000 5
423000 5
424000 5
425000 5
426000 5
427000 5
428000 5
429000 5
430000 5
431000 5
432000 5
433000 5
434000 5
435000 5
436000 5
437000 5
438000 5
439000 5
440000 5
441000 5
442000 5
443000 5
444000 5
445000 5
446000 5
447000 5
448000 5
449000 5
450000 5
451000 5
452000 5
453000 5
454000 5
455000 5
456000 5
457000 5
458000 5
459000 5
460000 5
461000 5
462000 5
463000 5
464000 5
465000 5
466000 5
467000 5
468000 5
469000 5
470000 5
471000 5
472000 5
473000 5
474000 5
475000 5
476000 5
477000 5
478000 5
479000 5
480000 5
481000 5
482000 5
483000 5
484000 5
485000 5
486000 5
487000 5
488000 5
489000 5
490000 5
491000 5
492000 5
493000 5
494000 5
495000 5
496000 5
497000 5
498000 5
499000 5
500000 5
501000 5
502000 5
503000 5
504000 5
505000 5
506000 5
507000 5
508000 5
509000 5
510000 5
511000 5
512000 5
513000 5
514000 5
515000 5
516000 5
517000 5
518000 5
519000 5
520000 5
521000 5
522000 5
523000 5
524000 5
525000 5
526000 5
527000 5
528000 5
529000 5
530000 5
531000 5
532000 5
533000 5
534000 5
535000 5
536000 5
537000 5
538000 5
539000 5
540000 5
541000 5
542000 5
543000 5
544000 5
545000 5
546000 5
547000 5
548000 5
549000 5
550000 5
551000 5
552000 5
553000 5
554000 5
555000 5
556000 5
557000 5
558000 5
559000 5
560000 5
561000 5
562000 5
563000 5
564000 5
565000 5
566000 5
567000 5
568000 5
569000 5
570000 5
571000 5
572000 5
573000 5
574000 5
575000 5
576000 5
577000 5
578000 5
579000 5
580000 5
581000 5
582000 5
583000 5
584000 5
585000 5
586000 5
587000 5
588000 5
589000 6
590000 6
591000 6
592000 6
593000 6
594000 6
595000 6
596000 6
597000 6
598000 6
599000 6
600000 6
601000 6
602000 6
603000 6
604000 7
605000 7
606000 7
607000 7
608000 7
609000 7
610000 7
611000 7
612000 7
613000 7
614000 7
615000 7
616000 7
617000 7
618000 7
619000 7
620000 7
621000 7
622000 7
623000 7
624000 7
625000 7
626000 7
627000 7
628000 7
629000 7
630000 7
631000 7
632000 7
633000 7
634000 7
635000 7
636000 7
637000 7
638000 7
639000 7
640000 7
641000 7
642000 7
643000 7
644000 7
645000 7
646000 7
647000 7
648000 7
649000 7
650000 7
651000 7
652000 7
653000 7
654000 7
655000 7
656000 7
657000 7
658000 7
659000 7
660000 7
661000 7
662000 7
663000 7
664000 7
665000 7
666000 7
667000 8
668000 8
669000 8
670000 8
671000 8
672000 8
673000 8
674000 8
675000 8
676000 8
677000 8
678000 8
679000 8
680000 8
681000 8
682000 8
683000 8
684000 8
685000 8
686000 8
687000 8
688000 8
689000 8
690000 8
691000 8
692000 8
693000 8
694000 8
695000 8
696000 8
697000 8
698000 8
699000 8
700000 8
701000 8
702000 8
703000 8
704000 8
705000 8
706000 8
707000 8
708000 8
709000 8
710000 8
711000 8
712000 8
713000 8
714000 8
715000 8
716000 8
717000 8
718000 8
719000 8
720000 8
721000 8
722000 8
723000 8
724000 8
725000 8
726000 8
727000 8
728000 8
729000 8
730000 8
731000 8
732000 8
733000 8
734000 8
735000 8
736000 8
737000 8
738000 8
739000 8
740000 8
741000 8
742000 8
743000 8
744000 8
745000 8
746000 8
747000 8
748000 8
749000 8
750000 8
751000 8
752000 8
753000 8
754000 8
755000 8
756000 8
757000 8
758000 8
759000 8
760000 8
761000 8
762000 8
763000 8
764000 8
765000 8
766000 8
767000 8
768000 8
769000 8
770000 8
771000 8
772000 8
773000 8
774000 8
775000 8
776000 8
777000 8
778000 8
779000 8
780000 8
781000 8
782000 8
783000 8
784000 8
785000 8
786000 8
787000 8
788000 8
789000 8
790000 8
791000 8
792000 8
793000 8
794000 8
795000 8
796000 8
797000 8
798000 8
799000 8
800000 8
801000 8
802000 8
803000 8
804000 8
805000 8
806000 8
807000 8
808000 8
809000 8
810000 8
811000 8
812000 8
813000 8
814000 8
815000 8
816000 8
817000 8
818000 8
819000 8
820000 8
821000 8
822000 8
823000 8
824000 8
825000 8
826000 8
827000 8
828000 8
829000 8
830000 8
831000 8
832000 8
833000 8
834000 8
835000 8
836000 8
837000 8
838000 8
839000 8
840000 8
841000 8
842000 8
843000 8
844000 8
845000 8
846000 8
847000 8
848000 8
849000 8
850000 8
851000 8
852000 8
853000 8
854000 8
855000 8
856000 8
857000 8
858000 8
859000 8
860000 8
861000 8
862000 8
863000 8
864000 8
865000 8
866000 8
867000 8
868000 8
869000 8
870000 8
871000 8
872000 8
873000 8
874000 8
875000 8
876000 8
877000 8
878000 8
879000 8
880000 8
881000 8
882000 8
883000 8
884000 8
885000 8
886000 8
887000 8
888000 8
889000 8
890000 8
891000 8
892000 8
893000 8
894000 8
895000 8
896000 8
897000 8
898000 8
899000 8
900000 8
901000 8
902000 8
903000 8
904000 8
905000 8
906000 8
907000 8
908000 8
909000 8
910000 8
911000 8
912000 8
913000 8
914000 8
915000 8
916000 8
917000 8
918000 8
919000 8
920000 8
921000 8
922000 8
923000 8
924000 8
925000 8
926000 8
927000 8
928000 8
929000 8
930000 8
931000 8
932000 8
933000 8
934000 8
935000 8
936000 8
937000 8
938000 8
939000 8
940000 8
941000 8
942000 8
943000 8
944000 8
945000 8
946000 8
947000 8
948000 8
949000 8
950000 8
951000 8
952000 8
953000 8
954000 8
955000 8
956000 8
957000 8
958000 8
959000 8
960000 8
961000 8
962000 8
963000 8
964000 8
965000 8
966000 8
967000 8
968000 8
969000 8
970000 8
971000 8
972000 8
973000 8
974000 8
975000 8
976000 8
977000 8
978000 8
979000 8
980000 8
981000 8
982000 8
983000 8
984000 8
985000 8
986000 8
987000 8
988000 9
989000 9
990000 9
991000 9
992000 9
993000 9
994000 9
995000 9
996000 9
997000 9
998000 9
999000 9
1000000 9
1001000 9
1002000 9
1003000 9
1004000 9
1005000 9
1006000 9
1007000 9
1008000 9
1009000 10
1010000 10
1011000 10
1012000 10
1013000 10
1014000 10
1015000 10
1016000 10
1017000 10
1018000 10
1019000 10
1020000 10
1021000 10
1022000 10
1023000 10
1024000 10
1025000 10
1026000 10
1027000 10
1028000 10
1029000 10
1030000 10
1031000 10
1032000 10
1033000 10
1034000 10
1035000 10
1036000 10
1037000 10
1038000 10
1039000 10
1040000 10
1041000 10
1042000 10
1043000 10
1044000 10
1045000 10
1046000 10
1047000 10
1048000 10
1049000 10
1050000 10
1051000 10
1052000 10
1053000 10
1054000 10
1055000 10
1056000 10
1057000 10
1058000 10
1059000 10
1060000 10
1061000 10
1062000 10
1063000 10
1064000 10
1065000 10
1066000 10
1067000 10
1068000 10
1069000 10
1070000 10
1071000 10
1072000 10
1073000 10
1074000 10
1075000 10
1076000 10
1077000 10
1078000 10
1079000 10
1080000 10
1081000 10
1082000 10
1083000 10
1084000 10
1085000 10
1086000 10
1087000 10
1088000 10
1089000 10
1090000 10
1091000 10
1092000 10
1093000 10
1094000 10
1095000 10
1096000 10
1097000 10
1098000 10
1099000 10
1100000 10
1101000 10
1102000 10
1103000 10
1104000 10
1105000 10
1106000 10
1107000 10
1108000 10
1109000 10
1110000 10
1111000 10
1112000 10
1113000 10
1114000 10
1115000 10
1116000 10
1117000 10
1118000 10
1119000 10
1120000 10
1121000 10
1122000 10
1123000 10
1124000 10
1125000 10
1126000 10
1127000 10
1128000 10
1129000 10
1130000 10
1131000 10
1132000 10
1133000 10
1134000 10
1135000 10
1136000 10
1137000 10
1138000 10
1139000 10
1140000 10
1141000 10
1142000 10
1143000 10
1144000 10
1145000 10
1146000 10
1147000 10
1148000 10
1149000 10
1150000 10
1151000 10
1152000 10
1153000 10
1154000 10
1155000 10
1156000 10
1157000 10
1158000 10
1159000 10
1160000 10
1161000 10
1162000 10
1163000 10
1164000 10
1165000 10
1166000 10
1167000 10
1168000 10
1169000 10
1170000 10
1171000 10
1172000 11
1173000 11
1174000 11
1175000 11
1176000 11
1177000 11
1178000 11
1179000 11
1180000 11
1181000 11
1182000 11
1183000 11
1184000 11
1185000 11
1186000 11
1187000 11
1188000 11
1189000 11
1190000 11
1191000 11
1192000 11
1193000 11
1194000 11
1195000 11
1196000 11
1197000 11
1198000 11
1199000 11
1200000 11
1201000 11
1202000 11
1203000 11
1204000 11
1205000 11
1206000 11
1207000 11
1208000 11
1209000 11
1210000 11
1211000 11
1212000 11
1213000 11
1214000 11
1215000 11
1216000 11
1217000 11
1218000 11
1219000 11
1220000 11
1221000 11
1222000 11
1223000 11
1224000 11
1225000 11
1226000 11
1227000 11
1228000 11
1229000 11
1230000 11
1231000 11
1232000 11
1233000 11
1234000 11
1235000 12
1236000 12
1237000 12
1238000 12
1239000 12
1240000 12
1241000 12
1242000 12
1243000 12
1244000 12
1245000 12
1246000 12
1247000 12
1248000 12
1249000 12
1250000 12
1251000 12
1252000 12
1253000 12
1254000 12
1255000 12
1256000 12
1257000 12
1258000 12
1259000 12
1260000 12
1261000 12
1262000 12
1263000 12
1264000 12
1265000 12
1266000 12
1267000 12
1268000 12
1269000 12
1270000 12
1271000 12
1272000 12
1273000 12
1274000 12
1275000 12
1276000 12
1277000 12
1278000 12
1279000 12
1280000 12
1281000 12
1282000 12
1283000 12
1284000 12
1285000 12
1286000 12
1287000 12
1288000 12
1289000 12
1290000 12
1291000 12
1292000 12
1293000 12
1294000 12
1295000 12
1296000 12
1297000 12
1298000 12
1299000 12
1300000 12
1301000 12
1302000 12
1303000 12
1304000 12
1305000 12
1306000 12
1307000 12
1308000 12
1309000 12
1310000 12
1311000 12
1312000 12
1313000 12
1314000 12
1315000 12
1316000 12
1317000 12
1318000 12
1319000 12
1320000 12
1321000 12
1322000 12
1323000 12
1324000 12
1325000 12
1326000 12
1327000 12
1328000 12
1329000 12
1330000 12
1331000 12
1332000 12
1333000 12
1334000 12
1335000 12
1336000 12
1337000 12
1338000 12
1339000 12
1340000 12
1341000 12
1342000 12
1343000 12
1344000 12
1345000 12
1346000 12
1347000 12
1348000 12
1349000 12
1350000 12
1351000 12
1352000 12
1353000 12
1354000 12
1355000 12
1356000 12
1357000 12
1358000 12
1359000 12
1360000 12
1361000 12
1362000 12
1363000 12
1364000 12
1365000 12
1366000 12
1367000 12
1368000 12
1369000 12
1370000 12
1371000 12
1372000 12
1373000 12
1374000 12
1375000 12
1376000 12
1377000 12
1378000 12
1379000 12
1380000 12
1381000 12
1382000 12
1383000 12
1384000 12
1385000 12
1386000 12
1387000 12
1388000 12
1389000 12
1390000 12
1391000 12
1392000 12
1393000 12
1394000 12
1395000 12
1396000 12
1397000 12
1398000 12
1399000 12
1400000 12
1401000 12
1402000 12
1403000 12
1404000 12
1405000 12
1406000 12
1407000 12
1408000 12
1409000 12
1410000 12
1411000 12
1412000 12
1413000 12
1414000 12
1415000 12
1416000 12
1417000 12
1418000 12
1419000 12
1420000 12
1421000 12
1422000 12
1423000 12
1424000 12
1425000 12
1426000 12
1427000 12
1428000 12
1429000 12
1430000 12
1431000 12
1432000 12
1433000 12
1434000 12
1435000 12
1436000 12
1437000 12
1438000 12
1439000 12
1440000 12
1441000 12
1442000 12
1443000 12
1444000 12
1445000 12
1446000 12
1447000 12
1448000 12
1449000 12
1450000 12
1451000 12
1452000 12
1453000 12
1454000 12
1455000 12
1456000 12
1457000 12
1458000 12
1459000 12
1460000 12
1461000 12
1462000 12
1463000 12
1464000 12
1465000 12
1466000 12
1467000 12
1468000 12
1469000 12
1470000 12
1471000 12
1472000 12
1473000 12
1474000 12
1475000 12
1476000 12
1477000 12
1478000 12
1479000 12
1480000 12
1481000 12
1482000 12
1483000 12
1484000 12
1485000 12
1486000 12
1487000 12
1488000 12
1489000 12
1490000 12
1491000 12
1492000 12
1493000 12
1494000 12
1495000 12
1496000 12
1497000 12
1498000 12
1499000 12
1500000 12
1501000 12
1502000 12
1503000 12
1504000 12
1505000 12
1506000 12
1507000 12
1508000 12
1509000 12
1510000 12
1511000 12
1512000 12
1513000 12
1514000 12
1515000 12
1516000 12
1517000 12
1518000 12
1519000 12
1520000 12
1521000 12
1522000 12
1523000 12
1524000 12
1525000 12
1526000 12
1527000 12
1528000 12
1529000 12
1530000 12
1531000 12
1532000 12
1533000 12
1534000 12
1535000 12
1536000 12
1537000 12
1538000 12
1539000 12
1540000 12
1541000 12
1542000 12
1543000 12
1544000 12
1545000 12
1546000 12
1547000 12
1548000 12
1549000 12
1550000 12
1551000 12
1552000 12
1553000 12
1554000 12
1555000 12
1556000 12
1557000 12
1558000 12
1559000 12
1560000 12
1561000 12
1562000 12
1563000 12
1564000 12
1565000 12
1566000 12
1567000 12
1568000 12
1569000 12
1570000 12
1571000 12
1572000 12
1573000 12
1574000 12
1575000 12
1576000 12
1577000 12
1578000 12
1579000 12
1580000 12
1581000 12
1582000 12
1583000 12
1584000 12
1585000 12
1586000 12
1587000 12
1588000 12
1589000 12
1590000 12
1591000 12
1592000 12
1593000 12
1594000 12
1595000 12
1596000 12
1597000 12
1598000 12
1599000 12
1600000 12
1601000 12
1602000 12
1603000 12
1604000 12
1605000 12
1606000 12
1607000 12
1608000 12
1609000 12
1610000 12
1611000 12
1612000 12
1613000 12
1614000 12
1615000 12
1616000 12
1617000 12
1618000 12
1619000 12
1620000 12
1621000 12
1622000 12
1623000 12
1624000 12
1625000 12
1626000 12
1627000 12
1628000 12
1629000 12
1630000 12
1631000 12
1632000 12
1633000 12
1634000 12
1635000 12
1636000 12
1637000 12
1638000 12
1639000 12
1640000 12
1641000 12
1642000 12
1643000 12
1644000 12
1645000 12
1646000 12
1647000 12
1648000 12
1649000 13
1650000 13
1651000 13
1652000 13
1653000 13
1654000 13
1655000 13
1656000 13
1657000 13
1658000 13
1659000 13
1660000 13
1661000 13
1662000 13
1663000 13
1664000 13
1665000 13
1666000 13
1667000 13
1668000 13
1669000 13
1670000 13
1671000 13
1672000 13
1673000 13
1674000 13
1675000 13
1676000 13
1677000 13
1678000 13
1679000 13
1680000 13
1681000 13
1682000 13
1683000 13
1684000 13
1685000 13
1686000 13
1687000 13
1688000 13
1689000 13
1690000 13
1691000 13
1692000 13
1693000 13
1694000 13
1695000 13
1696000 13
1697000 13
1698000 13
1699000 13
1700000 13
1701000 13
1702000 13
1703000 13
1704000 13
1705000 13
1706000 13
1707000 13
1708000 13
1709000 13
1710000 13
1711000 13
1712000 13
1713000 13
1714000 13
1715000 13
1716000 13
1717000 13
1718000 13
1719000 13
1720000 13
1721000 13
1722000 13
1723000 13
1724000 13
1725000 13
1726000 13
1727000 13
1728000 13
1729000 13
1730000 13
1731000 13
1732000 13
1733000 13
1734000 13
1735000 13
1736000 13
1737000 13
1738000 13
1739000 13
1740000 13
1741000 13
1742000 13
1743000 13
1744000 13
1745000 13
1746000 13
1747000 13
1748000 13
1749000 13
1750000 13
1751000 13
1752000 13
1753000 13
1754000 13
1755000 13
1756000 13
1757000 13
1758000 13
1759000 13
1760000 13
1761000 13
1762000 13
1763000 13
1764000 13
1765000 13
1766000 13
1767000 13
1768000 13
1769000 13
1770000 13
1771000 13
1772000 13
1773000 13
1774000 13
1775000 13
1776000 13
1777000 13
1778000 13
1779000 13
1780000 13
1781000 13
1782000 13
1783000 13
1784000 13
1785000 13
1786000 13
1787000 13
1788000 13
1789000 13
1790000 13
1791000 13
1792000 13
1793000 13
1794000 13
1795000 13
1796000 13
1797000 13
1798000 13
1799000 13
1800000 13
1801000 13
1802000 13
1803000 13
1804000 13
1805000 13
1806000 13
1807000 13
1808000 13
1809000 13
1810000 13
1811000 13
1812000 13
1813000 13
1814000 13
1815000 13
1816000 13
1817000 13
1818000 13
1819000 13
1820000 13
1821000 13
1822000 13
1823000 13
1824000 13
1825000 13
1826000 13
1827000 13
1828000 13
1829000 13
1830000 13
1831000 13
1832000 13
1833000 13
1834000 13
1835000 13
1836000 13
1837000 13
1838000 13
1839000 13
1840000 13
1841000 13
1842000 13
1843000 13
1844000 13
1845000 13
1846000 13
1847000 13
1848000 13
1849000 13
1850000 13
1851000 13
1852000 13
1853000 13
1854000 13
1855000 13
1856000 13
1857000 13
1858000 13
1859000 13
1860000 13
1861000 13
1862000 13
1863000 13
1864000 13
1865000 13
1866000 13
1867000 13
1868000 13
1869000 13
1870000 13
1871000 13
1872000 13
1873000 13
1874000 13
1875000 13
1876000 13
1877000 13
1878000 13
1879000 13
1880000 13
1881000 13
1882000 13
1883000 13
1884000 13
1885000 13
1886000 13
1887000 13
1888000 13
1889000 13
1890000 13
1891000 13
1892000 13
1893000 13
1894000 13
1895000 13
1896000 13
1897000 13
1898000 13
1899000 13
1900000 13
1901000 13
1902000 13
1903000 13
1904000 13
1905000 13
1906000 13
1907000 13
1908000 13
1909000 13
1910000 13
1911000 14
1912000 14
1913000 14
1914000 14
1915000 14
1916000 14
1917000 14
1918000 14
1919000 14
1920000 14
1921000 14
1922000 15
1923000 15
1924000 15
1925000 15
1926000 15
1927000 15
1928000 15
1929000 15
1930000 15
1931000 15
1932000 15
1933000 15
1934000 15
1935000 15
1936000 15
1937000 15
1938000 15
1939000 15
1940000 16
1941000 16
1942000 16
1943000 16
1944000 16
1945000 16
1946000 16
1947000 16
1948000 16
1949000 16
1950000 16
1951000 16
1952000 16
1953000 16
1954000 16
1955000 16
1956000 16
1957000 16
1958000 16
1959000 16
1960000 16
1961000 16
1962000 16
1963000 16
1964000 16
1965000 16
1966000 16
1967000 16
1968000 16
1969000 16
1970000 16
1971000 16
1972000 16
1973000 16
1974000 16
1975000 16
1976000 16
1977000 16
1978000 16
1979000 16
1980000 16
1981000 16
1982000 16
1983000 16
1984000 16
1985000 16
1986000 16
1987000 16
1988000 16
1989000 16
1990000 16
1991000 16
1992000 16
1993000 16
1994000 16
1995000 16
1996000 16
1997000 16
1998000 16
1999000 16
2000000 16
2001000 16
2002000 16
2003000 17
2004000 17
2005000 17
2006000 17
2007000 17
2008000 17
2009000 17
2010000 17
2011000 17
2012000 17
2013000 17
2014000 17
2015000 17
2016000 17
2017000 17
2018000 17
2019000 17
2020000 17
2021000 17
2022000 17
2023000 17
2024000 18
2025000 18
2026000 18
2027000 18
2028000 18
2029000 18
2030000 18
2031000 18
2032000 18
2033000 18
2034000 18
2035000 18
2036000 18
2037000 18
2038000 18
2039000 18
2040000 18
2041000 18
2042000 18
2043000 18
2044000 18
2045000 18
2046000 18
2047000 18
2048000 18
2049000 18
2050000 18
2051000 18
2052000 18
2053000 18
2054000 18
2055000 18
2056000 18
2057000 18
2058000 18
2059000 18
2060000 18
2061000 18
2062000 18
2063000 18
2064000 18
2065000 18
2066000 18
2067000 18
2068000 18
2069000 18
2070000 18
2071000 18
2072000 18
2073000 18
2074000 18
2075000 18
2076000 18
2077000 18
2078000 18
2079000 18
2080000 18
2081000 18
2082000 18
2083000 18
2084000 18
2085000 18
2086000 18
2087000 18
2088000 18
2089000 18
2090000 18
2091000 18
2092000 19
2093000 19
2094000 19
2095000 19
2096000 19
2097000 19
2098000 19
2099000 19
2100000 19
2101000 19
2102000 19
2103000 19
2104000 19
2105000 19
2106000 19
2107000 19
2108000 19
2109000 19
2110000 19
2111000 19
2112000 19
2113000 19
2114000 19
2115000 19
2116000 19
2117000 19
2118000 19
2119000 19
2120000 19
2121000 19
2122000 19
2123000 19
2124000 19
2125000 19
2126000 19
2127000 19
2128000 19
2129000 19
2130000 19
2131000 19
2132000 19
2133000 19
2134000 19
2135000 19
2136000 19
2137000 19
2138000 19
2139000 19
2140000 19
2141000 19
2142000 19
2143000 19
2144000 19
2145000 19
2146000 19
2147000 19
2148000 19
2149000 19
2150000 19
2151000 19
2152000 19
2153000 19
2154000 19
2155000 19
2156000 19
2157000 19
2158000 19
2159000 19
2160000 19
2161000 19
2162000 19
2163000 19
2164000 19
2165000 19
2166000 19
2167000 19
2168000 19
2169000 19
2170000 19
2171000 19
2172000 19
2173000 19
2174000 19
2175000 19
2176000 19
2177000 19
2178000 19
2179000 19
2180000 19
2181000 19
2182000 19
2183000 19
2184000 19
2185000 19
2186000 19
2187000 19
2188000 19
2189000 19
2190000 19
2191000 19
2192000 19
2193000 19
2194000 19
2195000 19
2196000 19
2197000 19
2198000 19
2199000 19
2200000 19
2201000 19
2202000 19
2203000 19
2204000 19
2205000 19
2206000 19
2207000 19
2208000 20
2209000 20
2210000 20
2211000 20
2212000 20
2213000 20
2214000 20
2215000 20
2216000 20
2217000 20
2218000 20
2219000 20
2220000 20
2221000 20
2222000 20
2223000 20
2224000 20
2225000 20
2226000 20
2227000 20
2228000 20
2229000 20
2230000 20
2231000 20
2232000 20
2233000 20
2234000 20
2235000 20
2236000 20
2237000 20
2238000 20
2239000 20
2240000 20
2241000 20
2242000 20
2243000 20
2244000 20
2245000 20
2246000 20
2247000 20
2248000 20
2249000 20
2250000 20
2251000 20
2252000 20
2253000 20
2254000 20
2255000 20
2256000 20
2257000 20
2258000 20
2259000 20
2260000 20
2261000 20
2262000 20
2263000 20
2264000 20
2265000 20
2266000 20
2267000 20
2268000 20
2269000 20
2270000 20
2271000 20
2272000 20
2273000 20
2274000 20
2275000 20
2276000 20
2277000 20
2278000 20
2279000 20
2280000 20
2281000 20
2282000 20
2283000 20
2284000 20
2285000 20
2286000 20
2287000 20
2288000 20
2289000 20
2290000 20
2291000 20
2292000 20
2293000 20
2294000 20
2295000 20
2296000 20
2297000 20
2298000 20
2299000 20
2300000 20
2301000 20
2302000 20
2303000 20
2304000 20
2305000 20
2306000 20
2307000 20
2308000 20
2309000 20
2310000 20
2311000 20
2312000 20
2313000 20
2314000 20
2315000 20
2316000 20
2317000 20
2318000 20
2319000 20
2320000 20
2321000 20
2322000 20
2323000 20
2324000 20
2325000 20
2326000 20
2327000 20
2328000 20
2329000 20
2330000 20
2331000 20
2332000 20
2333000 20
2334000 20
2335000 20
2336000 20
2337000 20
2338000 20
2339000 20
2340000 20
2341000 20
2342000 20
2343000 20
2344000 20
2345000 20
2346000 20
2347000 20
2348000 20
2349000 20
2350000 20
2351000 20
2352000 20
2353000 20
2354000 20
2355000 20
2356000 20
2357000 20
2358000 20
2359000 20
2360000 20
2361000 20
2362000 20
2363000 20
2364000 20
2365000 20
2366000 20
2367000 20
2368000 20
2369000 20
2370000 20
2371000 20
2372000 20
2373000 20
2374000 20
2375000 20
2376000 20
2377000 20
2378000 20
2379000 20
2380000 20
2381000 20
2382000 20
2383000 20
2384000 20
2385000 20
2386000 20
2387000 20
2388000 20
2389000 20
2390000 20
2391000 20
2392000 20
2393000 20
2394000 20
2395000 20
2396000 20
2397000 20
2398000 20
2399000 20
2400000 20
2401000 20
2402000 20
2403000 20
2404000 20
2405000 20
2406000 20
2407000 20
2408000 20
2409000 20
2410000 20
2411000 20
2412000 20
2413000 20
2414000 20
2415000 20
2416000 20
2417000 20
2418000 20
2419000 20
2420000 20
2421000 20
2422000 20
2423000 20
2424000 20
2425000 20
2426000 20
2427000 20
2428000 20
2429000 20
2430000 20
2431000 20
2432000 20
2433000 20
2434000 20
2435000 20
2436000 20
2437000 20
2438000 20
2439000 20
2440000 20
2441000 20
2442000 20
2443000 20
2444000 20
2445000 20
2446000 20
2447000 20
2448000 20
2449000 20
2450000 20
2451000 20
2452000 20
2453000 20
2454000 20
2455000 20
2456000 20
2457000 20
2458000 20
2459000 20
2460000 20
2461000 20
2462000 20
2463000 20
2464000 20
2465000 20
2466000 20
2467000 20
2468000 20
2469000 20
2470000 20
2471000 20
2472000 20
2473000 20
2474000 20
2475000 20
2476000 20
2477000 20
2478000 20
2479000 20
2480000 20
2481000 20
2482000 20
2483000 20
2484000 20
2485000 20
2486000 20
2487000 20
2488000 20
2489000 20
2490000 20
2491000 20
2492000 20
2493000 20
2494000 20
2495000 20
2496000 20
2497000 20
2498000 20
2499000 20
2500000 20
2501000 20
2502000 20
2503000 20
2504000 20
2505000 20
2506000 20
2507000 20
2508000 20
2509000 20
2510000 20
2511000 20
2512000 20
2513000 20
2514000 20
2515000 20
2516000 20
2517000 20
2518000 20
2519000 20
2520000 20
2521000 20
2522000 20
2523000 20
2524000 20
2525000 20
2526000 20
2527000 20
2528000 20
2529000 20
2530000 20
2531000 20
2532000 20
2533000 20
2534000 20
2535000 20
2536000 20
2537000 20
2538000 20
2539000 20
2540000 20
2541000 20
2542000 20
2543000 20
2544000 20
2545000 20
2546000 20
2547000 20
2548000 20
2549000 20
2550000 20
2551000 20
2552000 20
2553000 20
2554000 20
2555000 20
2556000 20
2557000 20
2558000 20
2559000 20
2560000 20
2561000 20
2562000 20
2563000 20
2564000 20
2565000 20
2566000 20
2567000 20
2568000 20
2569000 20
2570000 21
2571000 21
2572000 21
2573000 21
2574000 21
2575000 21
2576000 21
2577000 21
2578000 21
2579000 21
2580000 21
2581000 21
2582000 21
2583000 21
2584000 21
2585000 21
2586000 21
2587000 21
2588000 21
2589000 21
2590000 21
2591000 21
2592000 21
2593000 21
2594000 21
2595000 21
2596000 21
2597000 21
2598000 21
2599000 21
2600000 21
2601000 21
2602000 21
2603000 21
2604000 21
2605000 21
2606000 21
2607000 21
2608000 21
2609000 21
2610000 21
2611000 21
2612000 21
2613000 21
2614000 21
2615000 21
2616000 21
2617000 21
2618000 21
2619000 21
2620000 21
2621000 21
2622000 21
2623000 21
2624000 21
2625000 21
2626000 21
2627000 21
2628000 21
2629000 21
2630000 21
2631000 21
2632000 21
2633000 22
2634000 22
2635000 22
2636000 22
2637000 22
2638000 22
2639000 22
2640000 22
2641000 22
2642000 22
2643000 22
2644000 22
2645000 22
2646000 22
2647000 22
2648000 22
2649000 22
2650000 22
2651000 22
2652000 22
2653000 22
2654000 22
2655000 22
2656000 22
2657000 22
2658000 22
2659000 22
2660000 22
2661000 22
2662000 22
2663000 22
2664000 22
2665000 22
2666000 22
2667000 22
2668000 22
2669000 22
2670000 22
2671000 22
2672000 22
2673000 22
2674000 22
2675000 22
2676000 22
2677000 22
2678000 22
2679000 22
2680000 22
2681000 22
2682000 22
2683000 22
2684000 22
2685000 22
2686000 22
2687000 22
2688000 22
2689000 22
2690000 22
2691000 22
2692000 22
2693000 22
2694000 22
2695000 22
2696000 23
2697000 23
2698000 23
2699000 23
2700000 23
2701000 23
2702000 23
2703000 23
2704000 23
2705000 23
2706000 23
2707000 23
2708000 23
2709000 23
2710000 23
2711000 23
2712000 23
2713000 23
2714000 23
2715000 23
2716000 23
2717000 23
2718000 23
2719000 23
2720000 23
2721000 23
2722000 23
2723000 23
2724000 23
2725000 23
2726000 23
2727000 23
2728000 23
2729000 23
2730000 23
2731000 23
2732000 23
2733000 23
2734000 23
2735000 23
2736000 23
2737000 23
2738000 23
2739000 23
2740000 23
2741000 23
2742000 23
2743000 23
2744000 23
2745000 23
2746000 23
2747000 23
2748000 23
2749000 23
2750000 23
2751000 23
2752000 23
2753000 23
2754000 23
2755000 23
2756000 23
2757000 23
2758000 23
2759000 23
2760000 23
2761000 23
2762000 23
2763000 23
2764000 23
2765000 23
2766000 23
2767000 23
2768000 23
2769000 23
2770000 23
2771000 23
2772000 23
2773000 23
2774000 23
2775000 23
2776000 23
2777000 23
2778000 23
2779000 23
2780000 23
2781000 23
2782000 23
2783000 23
2784000 23
2785000 23
2786000 23
2787000 23
2788000 23
2789000 23
2790000 23
2791000 23
2792000 23
2793000 23
2794000 23
2795000 23
2796000 23
2797000 23
2798000 23
2799000 23
2800000 23
2801000 23
2802000 23
2803000 23
2804000 23
2805000 23
2806000 23
2807000 23
2808000 23
2809000 23
2810000 23
2811000 23
2812000 23
2813000 23
2814000 23
2815000 23
2816000 23
2817000 23
2818000 23
2819000 23
2820000 23
2821000 23
2822000 23
2823000 23
2824000 23
2825000 23
2826000 23
2827000 23
2828000 23
2829000 23
2830000 23
2831000 23
2832000 23
2833000 23
2834000 23
2835000 23
2836000 23
2837000 23
2838000 23
2839000 23
2840000 23
2841000 23
2842000 23
2843000 23
2844000 23
2845000 23
2846000 23
2847000 23
2848000 23
2849000 23
2850000 23
2851000 23
2852000 23
2853000 23
2854000 23
2855000 23
2856000 23
2857000 23
2858000 23
2859000 23
2860000 23
2861000 23
2862000 23
2863000 23
2864000 23
2865000 23
2866000 23
2867000 23
2868000 23
2869000 23
2870000 23
2871000 23
2872000 23
2873000 23
2874000 23
2875000 23
2876000 23
2877000 23
2878000 23
2879000 23
2880000 23
2881000 23
2882000 23
2883000 23
2884000 23
2885000 23
2886000 23
2887000 23
2888000 23
2889000 23
2890000 23
2891000 23
2892000 23
2893000 23
2894000 23
2895000 23
2896000 23
2897000 23
2898000 23
2899000 23
2900000 23
2901000 23
2902000 23
2903000 23
2904000 23
2905000 23
2906000 23
2907000 23
2908000 23
2909000 23
2910000 23
2911000 23
2912000 23
2913000 23
2914000 23
2915000 23
2916000 23
2917000 23
2918000 23
2919000 23
2920000 23
2921000 23
2922000 23
2923000 23
2924000 23
2925000 23
2926000 23
2927000 23
2928000 23
2929000 23
2930000 23
2931000 23
2932000 23
2933000 23
2934000 23
2935000 23
2936000 23
2937000 23
2938000 23
2939000 23
2940000 23
2941000 23
2942000 23
2943000 23
2944000 23
2945000 23
2946000 23
2947000 23
2948000 23
2949000 23
2950000 23
2951000 23
2952000 23
2953000 23
2954000 23
2955000 23
2956000 23
2957000 23
2958000 23
2959000 23
2960000 23
2961000 23
2962000 23
2963000 23
2964000 23
2965000 23
2966000 23
2967000 23
2968000 23
2969000 23
2970000 23
2971000 23
2972000 23
2973000 23
2974000 23
2975000 23
2976000 23
2977000 23
2978000 23
2979000 23
2980000 23
2981000 23
2982000 23
2983000 23
2984000 23
2985000 23
2986000 23
2987000 23
2988000 23
2989000 23
2990000 23
2991000 23
2992000 23
2993000 23
2994000 23
2995000 23
2996000 23
2997000 23
2998000 23
2999000 23
3000000 23
3001000 23
3002000 23
3003000 23
3004000 23
3005000 23
3006000 23
3007000 23
3008000 23
3009000 23
3010000 23
3011000 23
3012000 23
3013000 23
3014000 23
3015000 23
3016000 23
3017000 23
3018000 23
3019000 23
3020000 23
3021000 23
3022000 23
3023000 23
3024000 23
3025000 23
3026000 23
3027000 23
3028000 23
3029000 23
3030000 23
3031000 23
3032000 23
3033000 23
3034000 23
3035000 23
3036000 23
3037000 23
3038000 23
3039000 23
3040000 23
3041000 23
3042000 23
3043000 23
3044000 23
3045000 23
3046000 23
3047000 23
3048000 23
3049000 23
3050000 23
3051000 23
3052000 23
3053000 23
3054000 23
3055000 23
3056000 23
3057000 23
3058000 23
3059000 23
3060000 23
3061000 23
3062000 23
3063000 23
3064000 23
3065000 23
3066000 24
3067000 24
3068000 24
3069000 24
3070000 24
3071000 24
3072000 24
3073000 24
3074000 24
3075000 24
3076000 24
3077000 25
3078000 25
3079000 25
3080000 25
3081000 25
3082000 25
3083000 25
3084000 25
3085000 25
3086000 25
3087000 25
3088000 25
3089000 25
3090000 26
3091000 26
3092000 26
3093000 26
3094000 26
3095000 26
3096000 26
3097000 26
3098000 26
3099000 27
3100000 27
3101000 27
3102000 27
3103000 27
3104000 27
3105000 27
3106000 27
3107000 27
3108000 27
3109000 27
3110000 27
3111000 27
3112000 27
3113000 27
3114000 28
3115000 28
3116000 28
3117000 28
3118000 28
3119000 28
3120000 28
3121000 28
3122000 28
3123000 28
3124000 28
3125000 28
3126000 28
3127000 28
3128000 28
3129000 28
3130000 28
3131000 28
3132000 28
3133000 28
3134000 28
3135000 28
3136000 28
3137000 28
3138000 28
3139000 28
3140000 28
3141000 28
3142000 28
3143000 28
3144000 28
3145000 28
3146000 28
3147000 28
3148000 28
3149000 28
3150000 28
3151000 28
3152000 28
3153000 28
3154000 28
3155000 28
3156000 28
3157000 28
3158000 28
3159000 28
3160000 28
3161000 28
3162000 28
3163000 28
3164000 28
3165000 28
3166000 28
3167000 28
3168000 28
3169000 28
3170000 28
3171000 28
3172000 28
3173000 28
3174000 28
3175000 28
3176000 28
3177000 28
3178000 28
3179000 28
3180000 28
3181000 28
3182000 28
3183000 28
3184000 28
3185000 29
3186000 29
3187000 29
3188000 29
3189000 29
3190000 29
3191000 29
3192000 29
3193000 29
3194000 29
3195000 29
3196000 29
3197000 29
3198000 29
3199000 29
3200000 29
3201000 29
3202000 29
3203000 29
3204000 29
3205000 29
3206000 29
3207000 29
3208000 29
3209000 29
3210000 29
3211000 29
3212000 29
3213000 29
3214000 29
3215000 29
3216000 29
3217000 29
3218000 29
3219000 29
3220000 29
3221000 29
3222000 29
3223000 29
3224000 29
3225000 29
3226000 29
3227000 29
3228000 29
3229000 29
3230000 29
3231000 29
3232000 29
3233000 29
3234000 29
3235000 29
3236000 29
3237000 29
3238000 29
3239000 29
3240000 29
3241000 29
3242000 29
3243000 29
3244000 29
3245000 29
3246000 29
3247000 29
3248000 29
3249000 29
3250000 30
3251000 30
3252000 30
3253000 30
3254000 30
3255000 30
3256000 30
3257000 30
3258000 30
3259000 30
3260000 30
3261000 31
3262000 31
3263000 31
3264000 31
3265000 31
3266000 31
3267000 31
3268000 31
3269000 31
3270000 31
3271000 31
3272000 31
3273000 31
3274000 31
3275000 31
3276000 31
3277000 31
3278000 31
3279000 31
3280000 31
3281000 31
3282000 31
3283000 31
3284000 31
3285000 31
3286000 31
3287000 31
3288000 31
3289000 31
3290000 31
3291000 31
3292000 31
3293000 31
3294000 31
3295000 31
3296000 31
3297000 31
3298000 31
3299000 31
3300000 31
3301000 31
3302000 31
3303000 31
3304000 31
3305000 31
3306000 31
3307000 31
3308000 31
3309000 31
3310000 31
3311000 31
3312000 31
3313000 31
3314000 31
3315000 31
3316000 31
3317000 31
3318000 31
3319000 31
3320000 31
3321000 31
3322000 31
3323000 31
3324000 31
3325000 31
3326000 31
3327000 31
3328000 31
3329000 31
3330000 31
3331000 31
3332000 31
3333000 31
3334000 31
3335000 31
3336000 31
3337000 31
3338000 31
3339000 31
3340000 31
3341000 31
3342000 31
3343000 31
3344000 31
3345000 31
3346000 31
3347000 31
3348000 31
3349000 31
3350000 31
3351000 31
3352000 31
3353000 31
3354000 31
3355000 31
3356000 31
3357000 31
3358000 31
3359000 31
3360000 31
3361000 31
3362000 31
3363000 31
3364000 31
3365000 31
3366000 31
3367000 31
3368000 31
3369000 31
3370000 31
3371000 31
3372000 31
3373000 31
3374000 31
3375000 31
3376000 31
3377000 31
3378000 31
3379000 31
3380000 31
3381000 31
3382000 31
3383000 31
3384000 31
3385000 31
3386000 31
3387000 31
3388000 31
3389000 31
3390000 31
3391000 31
3392000 31
3393000 31
3394000 31
3395000 31
3396000 31
3397000 31
3398000 31
3399000 31
3400000 31
3401000 31
3402000 31
3403000 31
3404000 31
3405000 31
3406000 31
3407000 31
3408000 31
3409000 31
3410000 31
3411000 31
3412000 31
3413000 31
3414000 31
3415000 31
3416000 31
3417000 31
3418000 31
3419000 31
3420000 31
3421000 31
3422000 31
3423000 31
3424000 31
3425000 31
3426000 31
3427000 31
3428000 31
3429000 31
3430000 31
3431000 31
3432000 31
3433000 31
3434000 31
3435000 31
3436000 31
3437000 31
3438000 31
3439000 31
3440000 31
3441000 31
3442000 31
3443000 31
3444000 31
3445000 31
3446000 31
3447000 31
3448000 31
3449000 31
3450000 31
3451000 31
3452000 31
3453000 31
3454000 31
3455000 31
3456000 31
3457000 31
3458000 31
3459000 31
3460000 31
3461000 31
3462000 31
3463000 31
3464000 31
3465000 31
3466000 31
3467000 31
3468000 31
3469000 31
3470000 31
3471000 31
3472000 31
3473000 32
3474000 32
3475000 32
3476000 32
3477000 32
3478000 32
3479000 32
3480000 32
3481000 32
3482000 32
3483000 32
3484000 32
3485000 32
3486000 32
3487000 32
3488000 32
3489000 32
3490000 32
3491000 32
3492000 32
3493000 32
3494000 32
3495000 32
3496000 32
3497000 32
3498000 32
3499000 32
3500000 32
3501000 32
3502000 32
3503000 32
3504000 32
3505000 32
3506000 32
3507000 32
3508000 32
3509000 32
3510000 32
3511000 32
3512000 32
3513000 32
3514000 32
3515000 32
3516000 32
3517000 32
3518000 32
3519000 32
3520000 32
3521000 32
3522000 32
3523000 32
3524000 32
3525000 32
3526000 32
3527000 32
3528000 32
3529000 32
3530000 32
3531000 32
3532000 32
3533000 32
3534000 32
3535000 32
3536000 32
3537000 32
3538000 32
3539000 32
3540000 32
3541000 32
3542000 32
3543000 32
3544000 32
3545000 32
3546000 32
3547000 32
3548000 32
3549000 32
3550000 32
3551000 32
3552000 32
3553000 32
3554000 32
3555000 32
3556000 32
3557000 32
3558000 32
3559000 32
3560000 32
3561000 32
3562000 32
3563000 32
3564000 32
3565000 32
3566000 32
3567000 32
3568000 32
3569000 32
3570000 32
3571000 32
3572000 32
3573000 32
3574000 32
3575000 32
3576000 32
3577000 32
3578000 32
3579000 32
3580000 32
3581000 32
3582000 32
3583000 32
3584000 32
3585000 32
3586000 32
3587000 32
3588000 32
3589000 32
3590000 32
3591000 32
3592000 32
3593000 32
3594000 32
3595000 32
3596000 32
3597000 32
3598000 32
3599000 32
3600000 32
3601000 32
3602000 32
3603000 32
3604000 32
3605000 32
3606000 32
3607000 32
3608000 32
3609000 32
3610000 32
3611000 32
3612000 32
3613000 32
3614000 32
3615000 32
3616000 32
3617000 32
3618000 32
3619000 32
3620000 32
3621000 32
3622000 32
3623000 32
3624000 32
3625000 32
3626000 32
3627000 32
3628000 32
3629000 32
3630000 32
3631000 32
3632000 32
3633000 32
3634000 32
3635000 32
3636000 32
3637000 32
3638000 32
3639000 32
3640000 32
3641000 32
3642000 32
3643000 32
3644000 32
3645000 32
3646000 32
3647000 32
3648000 32
3649000 32
3650000 32
3651000 32
3652000 32
3653000 32
3654000 32
3655000 32
3656000 32
3657000 32
3658000 32
3659000 32
3660000 32
3661000 32
3662000 32
3663000 32
3664000 32
3665000 32
3666000 32
3667000 32
3668000 32
3669000 32
3670000 32
3671000 32
3672000 32
3673000 32
3674000 32
3675000 32
3676000 32
3677000 32
3678000 32
3679000 32
3680000 32
3681000 32
3682000 32
3683000 32
3684000 32
3685000 32
3686000 32
3687000 32
3688000 32
3689000 32
3690000 32
3691000 33
3692000 33
3693000 33
3694000 33
3695000 33
3696000 33
3697000 33
3698000 33
3699000 33
3700000 33
3701000 33
3702000 33
3703000 33
3704000 33
3705000 33
3706000 33
3707000 33
3708000 33
3709000 33
3710000 33
3711000 33
3712000 33
3713000 33
3714000 33
3715000 33
3716000 33
3717000 33
3718000 33
3719000 33
3720000 33
3721000 33
3722000 33
3723000 33
3724000 33
3725000 33
3726000 33
3727000 33
3728000 33
3729000 33
3730000 33
3731000 33
3732000 33
3733000 33
3734000 33
3735000 33
3736000 33
3737000 33
3738000 33
3739000 33
3740000 33
3741000 33
3742000 33
3743000 33
3744000 33
3745000 33
3746000 33
3747000 33
3748000 33
3749000 33
3750000 33
3751000 33
3752000 33
3753000 33
3754000 33
3755000 33
3756000 33
3757000 33
3758000 33
3759000 33
3760000 33
3761000 33
3762000 33
3763000 33
3764000 33
3765000 33
3766000 33
3767000 33
3768000 33
3769000 33
3770000 33
3771000 33
3772000 33
3773000 33
3774000 33
3775000 33
3776000 33
3777000 33
3778000 33
3779000 33
3780000 33
3781000 33
3782000 33
3783000 33
3784000 33
3785000 33
3786000 33
3787000 33
3788000 33
3789000 33
3790000 33
3791000 33
3792000 33
3793000 33
3794000 33
3795000 33
3796000 33
3797000 33
3798000 33
3799000 33
3800000 33
3801000 33
3802000 33
3803000 33
3804000 33
3805000 33
3806000 33
3807000 33
3808000 33
3809000 33
3810000 33
3811000 33
3812000 33
3813000 33
3814000 33
3815000 33
3816000 33
3817000 33
3818000 33
3819000 33
3820000 33
3821000 33
3822000 33
3823000 33
3824000 33
3825000 33
3826000 33
3827000 33
3828000 33
3829000 33
3830000 33
3831000 33
3832000 33
3833000 33
3834000 33
3835000 33
3836000 33
3837000 33
3838000 33
3839000 33
3840000 33
3841000 33
3842000 33
3843000 33
3844000 33
3845000 33
3846000 33
3847000 33
3848000 33
3849000 33
3850000 33
3851000 33
3852000 33
3853000 33
3854000 33
3855000 34
3856000 34
3857000 34
3858000 34
3859000 34
3860000 34
3861000 34
3862000 34
3863000 34
3864000 34
3865000 34
3866000 34
3867000 34
3868000 34
3869000 34
3870000 34
3871000 34
3872000 34
3873000 34
3874000 34
3875000 34
3876000 34
3877000 34
3878000 34
3879000 34
3880000 34
3881000 34
3882000 34
3883000 34
3884000 34
3885000 34
3886000 34
3887000 34
3888000 34
3889000 34
3890000 34
3891000 34
3892000 34
3893000 34
3894000 34
3895000 34
3896000 34
3897000 34
3898000 34
3899000 34
3900000 34
3901000 34
3902000 34
3903000 34
3904000 34
3905000 34
3906000 34
3907000 34
3908000 34
3909000 34
3910000 34
3911000 34
3912000 34
3913000 34
3914000 34
3915000 34
3916000 34
3917000 34
3918000 34
3919000 34
3920000 34
3921000 34
3922000 34
3923000 34
3924000 34
3925000 34
3926000 34
3927000 34
3928000 34
3929000 34
3930000 34
3931000 34
3932000 34
3933000 34
3934000 34
3935000 34
3936000 34
3937000 34
3938000 34
3939000 34
3940000 34
3941000 34
3942000 34
3943000 34
3944000 34
3945000 34
3946000 34
3947000 34
3948000 34
3949000 34
3950000 34
3951000 34
3952000 34
3953000 34
3954000 34
3955000 34
3956000 34
3957000 34
3958000 34
3959000 34
3960000 34
3961000 34
3962000 34
3963000 34
3964000 34
3965000 34
3966000 34
3967000 34
3968000 34
3969000 34
3970000 34
3971000 34
3972000 34
3973000 34
3974000 34
3975000 34
3976000 34
3977000 34
3978000 34
3979000 34
3980000 34
3981000 34
3982000 34
3983000 34
3984000 34
3985000 34
3986000 34
3987000 34
3988000 34
3989000 34
3990000 34
3991000 34
3992000 34
3993000 34
3994000 34
3995000 34
3996000 34
3997000 34
3998000 34
3999000 34
4000000 34
4001000 34
4002000 34
4003000 34
4004000 34
4005000 34
4006000 34
4007000 34
4008000 34
4009000 34
4010000 34
4011000 34
4012000 34
4013000 34
4014000 34
4015000 34
4016000 34
4017000 34
4018000 34
4019000 34
4020000 34
4021000 35
4022000 35
4023000 35
4024000 35
4025000 35
4026000 35
4027000 35
4028000 35
4029000 35
4030000 35
4031000 35
4032000 35
4033000 35
4034000 35
4035000 35
4036000 35
4037000 35
4038000 36
4039000 36
4040000 36
4041000 36
4042000 36
4043000 36
4044000 36
4045000 36
4046000 36
4047000 36
4048000 36
4049000 36
4050000 36
4051000 37
4052000 37
4053000 37
4054000 37
4055000 37
4056000 37
4057000 37
4058000 37
4059000 37
4060000 37
4061000 37
4062000 37
4063000 37
4064000 37
4065000 37
4066000 37
4067000 37
4068000 37
4069000 37
4070000 37
4071000 37
4072000 37
4073000 37
4074000 37
4075000 37
4076000 37
4077000 37
4078000 37
4079000 37
4080000 37
4081000 37
4082000 37
4083000 37
4084000 37
4085000 37
4086000 37
4087000 37
4088000 37
4089000 37
4090000 37
4091000 37
4092000 37
4093000 37
4094000 37
4095000 37
4096000 37
4097000 37
4098000 37
4099000 37
4100000 37
4101000 37
4102000 37
4103000 37
4104000 37
4105000 37
4106000 37
4107000 37
4108000 37
4109000 37
4110000 37
4111000 37
4112000 37
4113000 38
4114000 38
4115000 38
4116000 38
4117000 38
4118000 38
4119000 38
4120000 38
4121000 38
4122000 38
4123000 38
4124000 38
4125000 38
4126000 38
4127000 38
4128000 38
4129000 39
4130000 39
4131000 39
4132000 39
4133000 39
4134000 39
4135000 39
4136000 39
4137000 39
4138000 39
4139000 39
4140000 39
4141000 39
4142000 39
4143000 39
4144000 39
4145000 39
4146000 39
4147000 39
4148000 39
4149000 39
4150000 39
4151000 39
4152000 39
4153000 39
4154000 39
4155000 39
4156000 39
4157000 39
4158000 39
4159000 39
4160000 39
4161000 39
4162000 39
4163000 39
4164000 39
4165000 39
4166000 39
4167000 39
4168000 39
4169000 39
4170000 39
4171000 39
4172000 39
4173000 39
4174000 39
4175000 39
4176000 39
4177000 39
4178000 39
4179000 39
4180000 39
4181000 39
4182000 39
4183000 39
4184000 39
4185000 39
4186000 39
4187000 39
4188000 39
4189000 39
4190000 39
4191000 39
4192000 39
4193000 39
4194000 39
4195000 39
4196000 39
4197000 39
4198000 39
4199000 39
4200000 39
4201000 39
4202000 39
4203000 39
4204000 39
4205000 39
4206000 39
4207000 39
4208000 39
4209000 39
4210000 39
4211000 39
4212000 39
4213000 39
4214000 39
4215000 39
4216000 39
4217000 39
4218000 39
4219000 39
4220000 39
4221000 39
4222000 39
4223000 39
4224000 39
4225000 39
4226000 39
4227000 39
4228000 39
4229000 39
4230000 39
4231000 39
4232000 39
4233000 39
4234000 39
4235000 39
4236000 39
4237000 39
4238000 39
4239000 39
4240000 39
4241000 39
4242000 39
4243000 39
4244000 39
4245000 39
4246000 39
4247000 39
4248000 39
4249000 39
4250000 39
4251000 39
4252000 39
4253000 39
4254000 39
4255000 39
4256000 39
4257000 39
4258000 39
4259000 39
4260000 39
4261000 39
4262000 39
4263000 39
4264000 39
4265000 39
4266000 39
4267000 39
4268000 39
4269000 39
4270000 39
4271000 39
4272000 39
4273000 39
4274000 39
4275000 39
4276000 39
4277000 39
4278000 39
4279000 39
4280000 39
4281000 39
4282000 39
4283000 39
4284000 39
4285000 39
4286000 39
4287000 39
4288000 39
4289000 39
4290000 39
4291000 39
4292000 39
4293000 39
4294000 39
4295000 39
4296000 39
4297000 39
4298000 39
4299000 39
4300000 39
4301000 39
4302000 39
4303000 39
4304000 39
4305000 39
4306000 39
4307000 39
4308000 39
4309000 39
4310000 39
4311000 39
4312000 39
4313000 39
4314000 39
4315000 39
4316000 39
4317000 39
4318000 39
4319000 39
4320000 39
4321000 39
4322000 39
4323000 39
4324000 39
4325000 39
4326000 39
4327000 39
4328000 39
4329000 39
4330000 39
4331000 39
4332000 39
4333000 39
4334000 39
4335000 39
4336000 39
4337000 39
4338000 39
4339000 39
4340000 39
4341000 40
4342000 40
4343000 40
4344000 40
4345000 40
4346000 40
4347000 40
4348000 40
4349000 40
4350000 40
4351000 40
4352000 40
4353000 40
4354000 40
4355000 40
4356000 40
4357000 40
4358000 40
4359000 40
4360000 40
4361000 40
4362000 40
4363000 40
4364000 40
4365000 40
4366000 40
4367000 40
4368000 40
4369000 40
4370000 40
4371000 40
4372000 40
4373000 40
4374000 40
4375000 40
4376000 40
4377000 40
4378000 40
4379000 40
4380000 40
4381000 40
4382000 40
4383000 40
4384000 40
4385000 40
4386000 40
4387000 40
4388000 40
4389000 40
4390000 40
4391000 40
4392000 40
4393000 40
4394000 40
4395000 40
4396000 40
4397000 40
4398000 40
4399000 40
4400000 40
4401000 40
4402000 40
4403000 40
4404000 40
4405000 40
4406000 40
4407000 40
4408000 40
4409000 40
4410000 40
4411000 40
4412000 40
4413000 40
4414000 40
4415000 40
4416000 40
4417000 40
4418000 40
4419000 40
4420000 40
4421000 40
4422000 40
4423000 40
4424000 40
4425000 40
4426000 40
4427000 40
4428000 40
4429000 40
4430000 40
4431000 40
4432000 40
4433000 40
4434000 40
4435000 40
4436000 40
4437000 40
4438000 40
4439000 40
4440000 40
4441000 40
4442000 40
4443000 40
4444000 40
4445000 40
4446000 40
4447000 40
4448000 40
4449000 40
4450000 40
4451000 40
4452000 40
4453000 40
4454000 41
4455000 41
4456000 41
4457000 41
4458000 41
4459000 41
4460000 41
4461000 41
4462000 41
4463000 41
4464000 41
4465000 41
4466000 41
4467000 41
4468000 41
4469000 41
4470000 41
4471000 41
4472000 41
4473000 41
4474000 41
4475000 41
4476000 41
4477000 41
4478000 41
4479000 41
4480000 41
4481000 41
4482000 41
4483000 42
4484000 42
4485000 42
4486000 42
4487000 42
4488000 42
4489000 42
4490000 42
4491000 42
4492000 42
4493000 42
4494000 42
4495000 42
4496000 42
4497000 42
4498000 42
4499000 42
4500000 42
4501000 42
4502000 42
4503000 42
4504000 42
4505000 42
4506000 42
4507000 42
4508000 42
4509000 42
4510000 42
4511000 42
4512000 42
4513000 42
4514000 42
4515000 42
4516000 42
4517000 42
4518000 42
4519000 42
4520000 42
4521000 42
4522000 42
4523000 42
4524000 42
4525000 42
4526000 42
4527000 42
4528000 42
4529000 42
4530000 42
4531000 42
4532000 42
4533000 42
4534000 42
4535000 42
4536000 42
4537000 42
4538000 42
4539000 42
4540000 42
4541000 42
4542000 42
4543000 42
4544000 42
4545000 42
4546000 42
4547000 42
4548000 42
4549000 42
4550000 42
4551000 42
4552000 42
4553000 42
4554000 42
4555000 42
4556000 42
4557000 42
4558000 42
4559000 42
4560000 42
4561000 42
4562000 42
4563000 42
4564000 42
4565000 42
4566000 42
4567000 42
4568000 42
4569000 42
4570000 42
4571000 42
4572000 42
4573000 42
4574000 42
4575000 42
4576000 42
4577000 42
4578000 42
4579000 42
4580000 42
4581000 42
4582000 42
4583000 42
4584000 42
4585000 42
4586000 42
4587000 42
4588000 42
4589000 42
4590000 42
4591000 42
4592000 42
4593000 42
4594000 42
4595000 42
4596000 42
4597000 42
4598000 42
4599000 42
4600000 42
4601000 42
4602000 42
4603000 42
4604000 42
4605000 42
4606000 42
4607000 42
4608000 42
4609000 42
4610000 42
4611000 42
4612000 42
4613000 42
4614000 42
4615000 42
4616000 42
4617000 42
4618000 42
4619000 42
4620000 42
4621000 42
4622000 42
4623000 42
4624000 42
4625000 42
4626000 42
4627000 42
4628000 42
4629000 42
4630000 42
4631000 42
4632000 42
4633000 42
4634000 42
4635000 42
4636000 42
4637000 42
4638000 42
4639000 42
4640000 42
4641000 42
4642000 42
4643000 42
4644000 42
4645000 42
4646000 42
4647000 42
4648000 42
4649000 42
4650000 42
4651000 42
4652000 42
4653000 42
4654000 42
4655000 42
4656000 42
4657000 42
4658000 42
4659000 42
4660000 42
4661000 42
4662000 42
4663000 42
4664000 42
4665000 42
4666000 42
4667000 42
4668000 42
4669000 42
4670000 42
4671000 42
4672000 42
4673000 42
4674000 42
4675000 42
4676000 42
4677000 42
4678000 42
4679000 42
4680000 42
4681000 42
4682000 42
4683000 42
4684000 42
4685000 42
4686000 42
4687000 42
4688000 42
4689000 42
4690000 42
4691000 42
4692000 42
4693000 42
4694000 42
4695000 43
4696000 43
4697000 43
4698000 43
4699000 43
4700000 43
4701000 43
4702000 43
4703000 43
4704000 43
4705000 43
4706000 43
4707000 43
4708000 43
4709000 43
4710000 43
4711000 43
4712000 43
4713000 43
4714000 43
4715000 43
4716000 43
4717000 43
4718000 43
4719000 43
4720000 43
4721000 43
4722000 43
4723000 43
4724000 43
4725000 43
4726000 43
4727000 43
4728000 43
4729000 43
4730000 43
4731000 43
4732000 43
4733000 43
4734000 43
4735000 43
4736000 43
4737000 43
4738000 43
4739000 43
4740000 43
4741000 43
4742000 43
4743000 43
4744000 43
4745000 43
4746000 43
4747000 43
4748000 43
4749000 43
4750000 43
4751000 43
4752000 43
4753000 43
4754000 43
4755000 43
4756000 43
4757000 43
4758000 43
4759000 43
4760000 43
4761000 43
4762000 43
4763000 43
4764000 43
4765000 43
4766000 43
4767000 43
4768000 43
4769000 43
4770000 43
4771000 43
4772000 43
4773000 43
4774000 43
4775000 43
4776000 43
4777000 43
4778000 43
4779000 43
4780000 43
4781000 43
4782000 43
4783000 43
4784000 43
4785000 43
4786000 43
4787000 43
4788000 43
4789000 43
4790000 43
4791000 43
4792000 43
4793000 43
4794000 43
4795000 43
4796000 43
4797000 43
4798000 43
4799000 43
4800000 43
4801000 43
4802000 43
4803000 43
4804000 43
4805000 43
4806000 43
4807000 43
4808000 43
4809000 43
4810000 43
4811000 43
4812000 43
4813000 43
4814000 43
4815000 43
4816000 43
4817000 43
4818000 43
4819000 43
4820000 44
4821000 44
4822000 44
4823000 44
4824000 44
4825000 44
4826000 44
4827000 44
4828000 44
4829000 44
4830000 44
4831000 44
4832000 44
4833000 44
4834000 44
4835000 44
4836000 44
4837000 44
4838000 44
4839000 44
4840000 44
4841000 44
4842000 44
4843000 44
4844000 44
4845000 44
4846000 44
4847000 44
4848000 44
4849000 44
4850000 44
4851000 44
4852000 44
4853000 44
4854000 44
4855000 44
4856000 44
4857000 44
4858000 44
4859000 44
4860000 44
4861000 44
4862000 44
4863000 44
4864000 44
4865000 44
4866000 44
4867000 44
4868000 44
4869000 44
4870000 44
4871000 44
4872000 44
4873000 44
4874000 44
4875000 44
4876000 44
4877000 44
4878000 44
4879000 44
4880000 44
4881000 44
4882000 44
4883000 44
4884000 44
4885000 44
4886000 44
4887000 44
4888000 44
4889000 44
4890000 44
4891000 44
4892000 44
4893000 44
4894000 44
4895000 44
4896000 44
4897000 44
4898000 44
4899000 44
4900000 44
4901000 44
4902000 44
4903000 44
4904000 44
4905000 44
4906000 44
4907000 44
4908000 44
4909000 44
4910000 44
4911000 44
4912000 44
4913000 44
4914000 44
4915000 44
4916000 44
4917000 44
4918000 44
4919000 44
4920000 44
4921000 44
4922000 44
4923000 44
4924000 44
4925000 44
4926000 44
4927000 44
4928000 44
4929000 44
4930000 44
4931000 44
4932000 44
4933000 44
4934000 44
4935000 44
4936000 44
4937000 44
4938000 44
4939000 44
4940000 44
4941000 44
4942000 44
4943000 44
4944000 45
4945000 45
4946000 45
4947000 45
4948000 45
4949000 45
4950000 45
4951000 45
4952000 45
4953000 45
4954000 45
4955000 45
4956000 45
4957000 45
4958000 45
4959000 45
4960000 45
4961000 45
4962000 45
4963000 45
4964000 45
4965000 45
4966000 45
4967000 45
4968000 45
4969000 45
4970000 45
4971000 45
4972000 45
4973000 45
4974000 45
4975000 45
4976000 45
4977000 45
4978000 45
4979000 45
4980000 45
4981000 45
4982000 45
4983000 45
4984000 45
4985000 45
4986000 45
4987000 45
4988000 45
4989000 45
4990000 45
4991000 45
4992000 45
4993000 45
4994000 45
4995000 45
4996000 45
4997000 45
4998000 45
4999000 45
5000000 45
