0 0
1000 0
2000 0
3000 0
4000 0
5000 0
6000 0
7000 0
8000 0
9000 0
10000 0
11000 0
12000 0
13000 0
14000 0
15000 0
16000 0
17000 0
18000 0
19000 0
20000 0
21000 0
22000 0
23000 0
24000 0
25000 0
26000 0
27000 0
28000 0
29000 0
30000 0
31000 0
32000 0
33000 0
34000 0
35000 0
36000 0
37000 0
38000 0
39000 0
40000 0
41000 0
42000 0
43000 0
44000 0
45000 0
46000 0
47000 0
48000 0
49000 0
50000 0
51000 0
52000 0
53000 0
54000 0
55000 0
56000 0
57000 0
58000 0
59000 0
60000 0
61000 0
62000 0
63000 0
64000 0
65000 0
66000 0
67000 0
68000 0
69000 0
70000 0
71000 0
72000 0
73000 0
74000 0
75000 0
76000 0
77000 0
78000 0
79000 0
80000 0
81000 0
82000 0
83000 0
84000 0
85000 0
86000 0
87000 0
88000 0
89000 0
90000 0
91000 0
92000 0
93000 0
94000 0
95000 0
96000 0
97000 0
98000 0
99000 0
100000 0
101000 0
102000 0
103000 0
104000 0
105000 0
106000 0
107000 0
108000 0
109000 0
110000 0
111000 0
112000 0
113000 0
114000 0
115000 0
116000 0
117000 0
118000 0
119000 0
120000 0
121000 0
122000 0
123000 0
124000 0
125000 0
126000 0
127000 0
128000 0
129000 0
130000 0
131000 0
132000 0
133000 0
134000 0
135000 0
136000 0
137000 0
138000 0
139000 0
140000 0
141000 0
142000 0
143000 0
144000 0
145000 0
146000 0
147000 0
148000 0
149000 0
150000 0
151000 0
152000 0
153000 0
154000 0
155000 0
156000 0
157000 0
158000 0
159000 0
160000 0
161000 0
162000 0
163000 0
164000 0
165000 0
166000 0
167000 0
168000 0
169000 0
170000 0
171000 1
172000 1
173000 1
174000 1
175000 1
176000 1
177000 1
178000 1
179000 1
180000 1
181000 1
182000 1
183000 1
184000 1
185000 1
186000 1
187000 1
188000 1
189000 1
190000 1
191000 1
192000 1
193000 1
194000 1
195000 1
196000 1
197000 1
198000 1
199000 1
200000 1
201000 1
202000 1
203000 1
204000 1
205000 1
206000 1
207000 1
208000 1
209000 1
210000 1
211000 1
212000 1
213000 1
214000 1
215000 1
216000 1
217000 1
218000 1
219000 1
220000 1
221000 1
222000 1
223000 1
224000 1
225000 1
226000 1
227000 1
228000 1
229000 1
230000 1
231000 1
232000 1
233000 1
234000 1
235000 1
236000 1
237000 1
238000 1
239000 1
240000 1
241000 1
242000 1
243000 1
244000 1
245000 1
246000 1
247000 1
248000 1
249000 1
250000 1
251000 1
252000 1
253000 1
254000 1
255000 1
256000 1
257000 1
258000 1
259000 1
260000 1
261000 1
262000 1
263000 1
264000 1
265000 1
266000 1
267000 1
268000 1
269000 1
270000 1
271000 1
272000 1
273000 1
274000 1
275000 1
276000 1
277000 1
278000 1
279000 1
280000 1
281000 1
282000 1
283000 1
284000 1
285000 1
286000 1
287000 1
288000 1
289000 1
290000 1
291000 1
292000 1
293000 1
294000 1
295000 1
296000 1
297000 1
298000 1
299000 1
300000 1
301000 1
302000 1
303000 1
304000 1
305000 1
306000 1
307000 1
308000 1
309000 1
310000 1
311000 1
312000 1
313000 1
314000 1
315000 1
316000 1
317000 1
318000 1
319000 1
320000 1
321000 1
322000 1
323000 1
324000 1
325000 1
326000 1
327000 1
328000 1
329000 1
330000 1
331000 1
332000 1
333000 1
334000 1
335000 1
336000 1
337000 1
338000 1
339000 1
340000 1
341000 1
342000 1
343000 1
344000 1
345000 1
346000 1
347000 1
348000 1
349000 1
350000 1
351000 1
352000 1
353000 1
354000 1
355000 1
356000 1
357000 1
358000 1
359000 1
360000 1
361000 1
362000 1
363000 1
364000 1
365000 1
366000 1
367000 1
368000 1
369000 1
370000 1
371000 1
372000 1
373000 1
374000 1
375000 1
376000 1
377000 1
378000 1
379000 1
380000 1
381000 1
382000 1
383000 1
384000 1
385000 1
386000 1
387000 1
388000 1
389000 1
390000 1
391000 1
392000 1
393000 1
394000 1
395000 1
396000 1
397000 1
398000 1
399000 1
400000 1
401000 1
402000 1
403000 1
404000 1
405000 1
406000 1
407000 1
408000 1
409000 1
410000 1
411000 1
412000 1
413000 1
414000 1
415000 1
416000 1
417000 1
418000 1
419000 1
420000 1
421000 1
422000 1
423000 1
424000 1
425000 1
426000 1
427000 1
428000 1
429000 1
430000 1
431000 1
432000 1
433000 1
434000 1
435000 1
436000 1
437000 1
438000 1
439000 1
440000 1
441000 1
442000 1
443000 1
444000 1
445000 1
446000 1
447000 1
448000 1
449000 1
450000 1
451000 1
452000 1
453000 1
454000 1
455000 1
456000 1
457000 1
458000 1
459000 1
460000 1
461000 1
462000 1
463000 1
464000 1
465000 1
466000 1
467000 1
468000 1
469000 1
470000 1
471000 1
472000 1
473000 1
474000 1
475000 1
476000 1
477000 1
478000 1
479000 1
480000 1
481000 1
482000 1
483000 1
484000 1
485000 1
486000 1
487000 1
488000 1
489000 1
490000 1
491000 1
492000 1
493000 1
494000 1
495000 1
496000 1
497000 1
498000 1
499000 1
500000 1
501000 1
502000 1
503000 1
504000 1
505000 1
506000 1
507000 1
508000 1
509000 1
510000 1
511000 1
512000 1
513000 1
514000 1
515000 1
516000 1
517000 1
518000 1
519000 1
520000 1
521000 1
522000 1
523000 1
524000 1
525000 1
526000 1
527000 1
528000 1
529000 1
530000 1
531000 1
532000 1
533000 2
534000 2
535000 2
536000 2
537000 2
538000 2
539000 2
540000 2
541000 2
542000 2
543000 2
544000 2
545000 2
546000 2
547000 2
548000 2
549000 2
550000 2
551000 2
552000 2
553000 2
554000 2
555000 2
556000 2
557000 2
558000 2
559000 2
560000 2
561000 2
562000 2
563000 2
564000 2
565000 2
566000 2
567000 2
568000 2
569000 2
570000 2
571000 2
572000 2
573000 2
574000 2
575000 2
576000 2
577000 2
578000 2
579000 2
580000 2
581000 2
582000 2
583000 2
584000 2
585000 2
586000 2
587000 2
588000 2
589000 2
590000 2
591000 2
592000 2
593000 2
594000 2
595000 2
596000 2
597000 2
598000 2
599000 2
600000 2
601000 2
602000 2
603000 2
604000 2
605000 2
606000 2
607000 2
608000 2
609000 2
610000 2
611000 2
612000 2
613000 2
614000 2
615000 2
616000 2
617000 2
618000 2
619000 2
620000 2
621000 2
622000 2
623000 2
624000 2
625000 2
626000 2
627000 2
628000 2
629000 2
630000 2
631000 2
632000 2
633000 2
634000 2
635000 2
636000 2
637000 2
638000 2
639000 2
640000 2
641000 2
642000 2
643000 2
644000 2
645000 2
646000 2
647000 2
648000 2
649000 2
650000 2
651000 2
652000 2
653000 2
654000 2
655000 2
656000 2
657000 2
658000 2
659000 2
660000 2
661000 2
662000 2
663000 2
664000 2
665000 2
666000 2
667000 2
668000 2
669000 2
670000 2
671000 2
672000 2
673000 2
674000 2
675000 2
676000 2
677000 2
678000 2
679000 2
680000 2
681000 2
682000 2
683000 2
684000 2
685000 2
686000 2
687000 2
688000 2
689000 2
690000 2
691000 2
692000 2
693000 2
694000 2
695000 2
696000 2
697000 2
698000 2
699000 2
700000 2
701000 2
702000 2
703000 2
704000 2
705000 2
706000 2
707000 2
708000 2
709000 2
710000 2
711000 2
712000 2
713000 2
714000 2
715000 2
716000 2
717000 2
718000 2
719000 2
720000 2
721000 2
722000 2
723000 2
724000 2
725000 2
726000 2
727000 2
728000 2
729000 2
730000 2
731000 2
732000 2
733000 2
734000 2
735000 2
736000 2
737000 2
738000 2
739000 2
740000 2
741000 2
742000 2
743000 2
744000 2
745000 2
746000 2
747000 2
748000 2
749000 2
750000 2
751000 2
752000 2
753000 2
754000 2
755000 2
756000 2
757000 2
758000 2
759000 2
760000 2
761000 2
762000 2
763000 2
764000 2
765000 2
766000 2
767000 2
768000 2
769000 2
770000 2
771000 2
772000 2
773000 2
774000 2
775000 2
776000 2
777000 2
778000 2
779000 2
780000 2
781000 2
782000 2
783000 2
784000 2
785000 2
786000 2
787000 2
788000 2
789000 2
790000 2
791000 2
792000 2
793000 2
794000 2
795000 2
796000 2
797000 2
798000 2
799000 2
800000 2
801000 2
802000 2
803000 2
804000 2
805000 2
806000 2
807000 2
808000 2
809000 2
810000 2
811000 2
812000 2
813000 2
814000 2
815000 2
816000 2
817000 2
818000 2
819000 2
820000 2
821000 2
822000 2
823000 2
824000 2
825000 2
826000 2
827000 2
828000 2
829000 2
830000 2
831000 2
832000 2
833000 2
834000 2
835000 2
836000 2
837000 2
838000 2
839000 2
840000 2
841000 2
842000 2
843000 2
844000 2
845000 2
846000 2
847000 2
848000 2
849000 2
850000 2
851000 2
852000 2
853000 2
854000 2
855000 2
856000 2
857000 2
858000 2
859000 2
860000 2
861000 2
862000 2
863000 2
864000 2
865000 2
866000 2
867000 2
868000 2
869000 2
870000 2
871000 2
872000 2
873000 2
874000 2
875000 2
876000 2
877000 2
878000 2
879000 2
880000 2
881000 2
882000 2
883000 2
884000 2
885000 2
886000 2
887000 2
888000 2
889000 2
890000 2
891000 2
892000 2
893000 2
894000 2
895000 2
896000 2
897000 2
898000 2
899000 2
900000 2
901000 2
902000 2
903000 2
904000 2
905000 2
906000 2
907000 2
908000 2
909000 2
910000 2
911000 2
912000 2
913000 2
914000 2
915000 2
916000 2
917000 2
918000 2
919000 2
920000 2
921000 2
922000 2
923000 2
924000 2
925000 2
926000 2
927000 2
928000 2
929000 2
930000 2
931000 2
932000 2
933000 2
934000 2
935000 2
936000 2
937000 2
938000 2
939000 2
940000 2
941000 2
942000 2
943000 2
944000 2
945000 2
946000 2
947000 2
948000 2
949000 2
950000 2
951000 2
952000 2
953000 2
954000 2
955000 2
956000 2
957000 2
958000 2
959000 2
960000 2
961000 2
962000 2
963000 2
964000 2
965000 2
966000 2
967000 2
968000 2
969000 2
970000 2
971000 2
972000 2
973000 2
974000 2
975000 2
976000 2
977000 2
978000 2
979000 2
980000 2
981000 2
982000 2
983000 2
984000 2
985000 2
986000 2
987000 2
988000 2
989000 2
990000 2
991000 2
992000 2
993000 2
994000 2
995000 2
996000 2
997000 2
998000 2
999000 2
1000000 2
1001000 2
1002000 2
1003000 2
1004000 2
1005000 2
1006000 2
1007000 2
1008000 2
1009000 2
1010000 2
1011000 2
1012000 2
1013000 2
1014000 2
1015000 2
1016000 2
1017000 2
1018000 2
1019000 2
1020000 2
1021000 2
1022000 2
1023000 2
1024000 2
1025000 2
1026000 2
1027000 2
1028000 2
1029000 2
1030000 2
1031000 2
1032000 2
1033000 2
1034000 2
1035000 2
1036000 2
1037000 2
1038000 2
1039000 2
1040000 2
1041000 2
1042000 2
1043000 2
1044000 2
1045000 2
1046000 2
1047000 2
1048000 2
1049000 2
1050000 2
1051000 2
1052000 2
1053000 2
1054000 2
1055000 2
1056000 2
1057000 2
1058000 2
1059000 2
1060000 2
1061000 2
1062000 2
1063000 2
1064000 2
1065000 2
1066000 2
1067000 2
1068000 2
1069000 2
1070000 2
1071000 2
1072000 2
1073000 2
1074000 2
1075000 2
1076000 2
1077000 2
1078000 2
1079000 2
1080000 2
1081000 2
1082000 2
1083000 2
1084000 2
1085000 2
1086000 2
1087000 2
1088000 2
1089000 2
1090000 2
1091000 2
1092000 2
1093000 2
1094000 2
1095000 2
1096000 2
1097000 2
1098000 2
1099000 2
1100000 2
1101000 2
1102000 2
1103000 2
1104000 2
1105000 2
1106000 2
1107000 2
1108000 2
1109000 2
1110000 2
1111000 2
1112000 2
1113000 2
1114000 2
1115000 2
1116000 2
1117000 2
1118000 2
1119000 2
1120000 2
1121000 2
1122000 2
1123000 2
1124000 2
1125000 2
1126000 2
1127000 2
1128000 2
1129000 2
1130000 2
1131000 2
1132000 2
1133000 2
1134000 2
1135000 2
1136000 2
1137000 2
1138000 2
1139000 2
1140000 2
1141000 2
1142000 2
1143000 2
1144000 2
1145000 2
1146000 2
1147000 2
1148000 2
1149000 2
1150000 2
1151000 2
1152000 2
1153000 2
1154000 2
1155000 2
1156000 2
1157000 2
1158000 2
1159000 2
1160000 2
1161000 2
1162000 2
1163000 2
1164000 2
1165000 2
1166000 2
1167000 2
1168000 2
1169000 2
1170000 2
1171000 2
1172000 2
1173000 2
1174000 2
1175000 2
1176000 2
1177000 2
1178000 2
1179000 2
1180000 2
1181000 2
1182000 2
1183000 2
1184000 2
1185000 2
1186000 2
1187000 2
1188000 2
1189000 2
1190000 2
1191000 2
1192000 2
1193000 2
1194000 2
1195000 2
1196000 2
1197000 2
1198000 2
1199000 2
1200000 2
1201000 2
1202000 2
1203000 2
1204000 2
1205000 2
1206000 2
1207000 2
1208000 2
1209000 2
1210000 2
1211000 2
1212000 2
1213000 2
1214000 2
1215000 2
1216000 2
1217000 2
1218000 2
1219000 2
1220000 2
1221000 2
1222000 2
1223000 2
1224000 2
1225000 2
1226000 2
1227000 2
1228000 2
1229000 2
1230000 2
1231000 2
1232000 2
1233000 2
1234000 2
1235000 2
1236000 2
1237000 2
1238000 2
1239000 2
1240000 2
1241000 2
1242000 2
1243000 2
1244000 2
1245000 2
1246000 2
1247000 2
1248000 2
1249000 2
1250000 2
1251000 2
1252000 2
1253000 2
1254000 2
1255000 2
1256000 2
1257000 2
1258000 2
1259000 2
1260000 2
1261000 2
1262000 2
1263000 2
1264000 2
1265000 2
1266000 2
1267000 2
1268000 2
1269000 2
1270000 2
1271000 2
1272000 2
1273000 2
1274000 2
1275000 2
1276000 2
1277000 2
1278000 2
1279000 2
1280000 2
1281000 2
1282000 2
1283000 2
1284000 2
1285000 2
1286000 2
1287000 2
1288000 2
1289000 2
1290000 2
1291000 2
1292000 2
1293000 2
1294000 2
1295000 2
1296000 2
1297000 2
1298000 2
1299000 2
1300000 2
1301000 2
1302000 2
1303000 2
1304000 2
1305000 2
1306000 2
1307000 2
1308000 2
1309000 2
1310000 2
1311000 2
1312000 2
1313000 2
1314000 2
1315000 2
1316000 2
1317000 2
1318000 2
1319000 2
1320000 2
1321000 2
1322000 2
1323000 2
1324000 2
1325000 2
1326000 2
1327000 2
1328000 2
1329000 2
1330000 2
1331000 2
1332000 2
1333000 2
1334000 2
1335000 2
1336000 2
1337000 2
1338000 2
1339000 2
1340000 2
1341000 2
1342000 2
1343000 2
1344000 2
1345000 2
1346000 2
1347000 2
1348000 2
1349000 2
1350000 2
1351000 2
1352000 2
1353000 2
1354000 2
1355000 2
1356000 2
1357000 2
1358000 2
1359000 2
1360000 2
1361000 2
1362000 2
1363000 2
1364000 2
1365000 2
1366000 2
1367000 2
1368000 2
1369000 2
1370000 2
1371000 2
1372000 2
1373000 2
1374000 2
1375000 2
1376000 2
1377000 2
1378000 2
1379000 2
1380000 2
1381000 2
1382000 2
1383000 2
1384000 2
1385000 2
1386000 2
1387000 2
1388000 2
1389000 2
1390000 2
1391000 2
1392000 2
1393000 2
1394000 2
1395000 2
1396000 2
1397000 2
1398000 2
1399000 2
1400000 2
1401000 2
1402000 2
1403000 2
1404000 2
1405000 2
1406000 2
1407000 2
1408000 2
1409000 2
1410000 2
1411000 2
1412000 2
1413000 2
1414000 2
1415000 2
1416000 2
1417000 2
1418000 2
1419000 2
1420000 2
1421000 2
1422000 2
1423000 2
1424000 2
1425000 2
1426000 2
1427000 2
1428000 2
1429000 2
1430000 2
1431000 2
1432000 2
1433000 2
1434000 2
1435000 2
1436000 2
1437000 2
1438000 2
1439000 2
1440000 2
1441000 2
1442000 2
1443000 2
1444000 2
1445000 2
1446000 2
1447000 2
1448000 2
1449000 2
1450000 2
1451000 2
1452000 2
1453000 2
1454000 2
1455000 2
1456000 2
1457000 2
1458000 2
1459000 2
1460000 2
1461000 2
1462000 2
1463000 2
1464000 2
1465000 2
1466000 2
1467000 2
1468000 2
1469000 2
1470000 2
1471000 2
1472000 2
1473000 2
1474000 2
1475000 2
1476000 2
1477000 2
1478000 2
1479000 2
1480000 2
1481000 2
1482000 2
1483000 2
1484000 2
1485000 2
1486000 2
1487000 2
1488000 2
1489000 2
1490000 2
1491000 2
1492000 2
1493000 2
1494000 2
1495000 2
1496000 2
1497000 2
1498000 2
1499000 2
1500000 2
1501000 2
1502000 2
1503000 2
1504000 2
1505000 2
1506000 2
1507000 2
1508000 2
1509000 2
1510000 2
1511000 2
1512000 2
1513000 2
1514000 2
1515000 2
1516000 2
1517000 2
1518000 2
1519000 2
1520000 2
1521000 2
1522000 2
1523000 2
1524000 2
1525000 2
1526000 2
1527000 2
1528000 2
1529000 2
1530000 2
1531000 2
1532000 2
1533000 2
1534000 2
1535000 2
1536000 2
1537000 2
1538000 2
1539000 2
1540000 2
1541000 2
1542000 2
1543000 2
1544000 2
1545000 2
1546000 2
1547000 2
1548000 2
1549000 2
1550000 2
1551000 2
1552000 2
1553000 2
1554000 2
1555000 2
1556000 2
1557000 2
1558000 2
1559000 2
1560000 2
1561000 2
1562000 2
1563000 2
1564000 2
1565000 2
1566000 2
1567000 2
1568000 2
1569000 2
1570000 2
1571000 2
1572000 2
1573000 2
1574000 2
1575000 2
1576000 2
1577000 2
1578000 2
1579000 2
1580000 2
1581000 2
1582000 2
1583000 2
1584000 2
1585000 2
1586000 2
1587000 2
1588000 2
1589000 2
1590000 2
1591000 2
1592000 2
1593000 2
1594000 2
1595000 2
1596000 2
1597000 2
1598000 2
1599000 2
1600000 2
1601000 2
1602000 2
1603000 2
1604000 2
1605000 2
1606000 2
1607000 2
1608000 2
1609000 2
1610000 2
1611000 2
1612000 2
1613000 2
1614000 2
1615000 2
1616000 2
1617000 2
1618000 2
1619000 2
1620000 2
1621000 2
1622000 2
1623000 2
1624000 2
1625000 2
1626000 2
1627000 2
1628000 2
1629000 2
1630000 2
1631000 2
1632000 2
1633000 2
1634000 2
1635000 2
1636000 2
1637000 2
1638000 2
1639000 2
1640000 2
1641000 2
1642000 2
1643000 2
1644000 2
1645000 2
1646000 2
1647000 2
1648000 2
1649000 2
1650000 2
1651000 2
1652000 2
1653000 2
1654000 2
1655000 2
1656000 2
1657000 2
1658000 2
1659000 2
1660000 2
1661000 2
1662000 2
1663000 2
1664000 2
1665000 2
1666000 2
1667000 2
1668000 2
1669000 2
1670000 2
1671000 2
1672000 2
1673000 2
1674000 2
1675000 2
1676000 2
1677000 2
1678000 2
1679000 2
1680000 2
1681000 2
1682000 2
1683000 2
1684000 2
1685000 2
1686000 2
1687000 2
1688000 2
1689000 2
1690000 2
1691000 2
1692000 2
1693000 2
1694000 2
1695000 2
1696000 2
1697000 2
1698000 2
1699000 2
1700000 2
1701000 2
1702000 2
1703000 2
1704000 2
1705000 2
1706000 2
1707000 2
1708000 2
1709000 2
1710000 2
1711000 2
1712000 2
1713000 2
1714000 2
1715000 2
1716000 2
1717000 2
1718000 2
1719000 2
1720000 2
1721000 2
1722000 2
1723000 2
1724000 2
1725000 2
1726000 2
1727000 2
1728000 2
1729000 2
1730000 2
1731000 2
1732000 2
1733000 2
1734000 2
1735000 2
1736000 2
1737000 2
1738000 2
1739000 2
1740000 2
1741000 2
1742000 2
1743000 2
1744000 2
1745000 2
1746000 2
1747000 2
1748000 2
1749000 2
1750000 2
1751000 2
1752000 3
1753000 3
1754000 3
1755000 3
1756000 3
1757000 3
1758000 3
1759000 3
1760000 3
1761000 3
1762000 3
1763000 3
1764000 3
1765000 3
1766000 3
1767000 3
1768000 3
1769000 3
1770000 3
1771000 3
1772000 3
1773000 3
1774000 3
1775000 3
1776000 3
1777000 3
1778000 3
1779000 3
1780000 3
1781000 3
1782000 3
1783000 3
1784000 3
1785000 3
1786000 3
1787000 3
1788000 3
1789000 3
1790000 3
1791000 3
1792000 3
1793000 3
1794000 3
1795000 3
1796000 3
1797000 3
1798000 3
1799000 3
1800000 3
1801000 3
1802000 3
1803000 3
1804000 3
1805000 3
1806000 3
1807000 3
1808000 3
1809000 3
1810000 3
1811000 3
1812000 3
1813000 3
1814000 3
1815000 3
1816000 3
1817000 3
1818000 3
1819000 3
1820000 3
1821000 3
1822000 3
1823000 3
1824000 3
1825000 3
1826000 3
1827000 3
1828000 3
1829000 3
1830000 3
1831000 3
1832000 3
1833000 3
1834000 3
1835000 3
1836000 3
1837000 3
1838000 3
1839000 3
1840000 3
1841000 3
1842000 3
1843000 3
1844000 3
1845000 3
1846000 3
1847000 3
1848000 3
1849000 3
1850000 3
1851000 3
1852000 3
1853000 3
1854000 3
1855000 3
1856000 3
1857000 3
1858000 3
1859000 3
1860000 3
1861000 3
1862000 3
1863000 3
1864000 3
1865000 3
1866000 3
1867000 3
1868000 3
1869000 3
1870000 3
1871000 3
1872000 3
1873000 3
1874000 3
1875000 3
1876000 3
1877000 3
1878000 3
1879000 3
1880000 3
1881000 3
1882000 3
1883000 3
1884000 3
1885000 3
1886000 3
1887000 3
1888000 3
1889000 3
1890000 3
1891000 3
1892000 3
1893000 3
1894000 3
1895000 3
1896000 3
1897000 3
1898000 3
1899000 3
1900000 3
1901000 3
1902000 3
1903000 3
1904000 3
1905000 3
1906000 3
1907000 3
1908000 3
1909000 3
1910000 3
1911000 3
1912000 3
1913000 3
1914000 3
1915000 3
1916000 3
1917000 3
1918000 3
1919000 3
1920000 3
1921000 3
1922000 3
1923000 3
1924000 3
1925000 3
1926000 3
1927000 3
1928000 3
1929000 3
1930000 3
1931000 3
1932000 3
1933000 3
1934000 3
1935000 3
1936000 3
1937000 3
1938000 3
1939000 3
1940000 3
1941000 3
1942000 3
1943000 3
1944000 3
1945000 3
1946000 3
1947000 3
1948000 3
1949000 3
1950000 3
1951000 3
1952000 3
1953000 3
1954000 3
1955000 3
1956000 3
1957000 3
1958000 3
1959000 3
1960000 3
1961000 3
1962000 3
1963000 3
1964000 3
1965000 3
1966000 3
1967000 3
1968000 4
1969000 4
1970000 4
1971000 4
1972000 4
1973000 4
1974000 4
1975000 4
1976000 4
1977000 4
1978000 4
1979000 4
1980000 4
1981000 4
1982000 4
1983000 4
1984000 4
1985000 4
1986000 4
1987000 4
1988000 4
1989000 4
1990000 4
1991000 4
1992000 4
1993000 4
1994000 4
1995000 4
1996000 4
1997000 4
1998000 4
1999000 4
2000000 4
2001000 4
2002000 4
2003000 4
2004000 4
2005000 4
2006000 4
2007000 4
2008000 4
2009000 4
2010000 4
2011000 4
2012000 4
2013000 4
2014000 4
2015000 4
2016000 4
2017000 4
2018000 4
2019000 4
2020000 4
2021000 4
2022000 4
2023000 4
2024000 4
2025000 4
2026000 4
2027000 4
2028000 4
2029000 4
2030000 4
2031000 4
2032000 4
2033000 4
2034000 4
2035000 4
2036000 4
2037000 4
2038000 4
2039000 4
2040000 4
2041000 4
2042000 4
2043000 4
2044000 4
2045000 4
2046000 4
2047000 4
2048000 4
2049000 4
2050000 4
2051000 4
2052000 4
2053000 4
2054000 4
2055000 4
2056000 4
2057000 4
2058000 4
2059000 4
2060000 4
2061000 4
2062000 4
2063000 4
2064000 4
2065000 4
2066000 4
2067000 4
2068000 4
2069000 4
2070000 4
2071000 4
2072000 4
2073000 4
2074000 4
2075000 4
2076000 4
2077000 4
2078000 4
2079000 4
2080000 4
2081000 4
2082000 4
2083000 4
2084000 4
2085000 4
2086000 4
2087000 4
2088000 4
2089000 4
2090000 4
2091000 4
2092000 4
2093000 4
2094000 4
2095000 4
2096000 4
2097000 4
2098000 4
2099000 4
2100000 4
2101000 4
2102000 4
2103000 4
2104000 4
2105000 4
2106000 4
2107000 4
2108000 4
2109000 4
2110000 4
2111000 4
2112000 4
2113000 4
2114000 4
2115000 4
2116000 4
2117000 4
2118000 4
2119000 4
2120000 4
2121000 4
2122000 4
2123000 4
2124000 4
2125000 4
2126000 4
2127000 4
2128000 4
2129000 4
2130000 4
2131000 4
2132000 4
2133000 4
2134000 4
2135000 4
2136000 4
2137000 4
2138000 4
2139000 4
2140000 4
2141000 4
2142000 4
2143000 4
2144000 4
2145000 4
2146000 4
2147000 4
2148000 4
2149000 4
2150000 4
2151000 4
2152000 4
2153000 4
2154000 4
2155000 4
2156000 4
2157000 4
2158000 4
2159000 4
2160000 4
2161000 4
2162000 4
2163000 4
2164000 4
2165000 4
2166000 4
2167000 4
2168000 4
2169000 4
2170000 4
2171000 4
2172000 4
2173000 4
2174000 4
2175000 4
2176000 4
2177000 4
2178000 4
2179000 4
2180000 4
2181000 4
2182000 4
2183000 4
2184000 4
2185000 4
2186000 4
2187000 4
2188000 4
2189000 4
2190000 4
2191000 4
2192000 4
2193000 4
2194000 4
2195000 4
2196000 4
2197000 4
2198000 4
2199000 4
2200000 4
2201000 4
2202000 4
2203000 4
2204000 4
2205000 4
2206000 4
2207000 4
2208000 4
2209000 4
2210000 4
2211000 4
2212000 4
2213000 4
2214000 4
2215000 4
2216000 4
2217000 4
2218000 4
2219000 4
2220000 4
2221000 4
2222000 4
2223000 4
2224000 4
2225000 4
2226000 4
2227000 4
2228000 4
2229000 4
2230000 4
2231000 4
2232000 4
2233000 4
2234000 4
2235000 4
2236000 4
2237000 4
2238000 4
2239000 4
2240000 4
2241000 4
2242000 4
2243000 4
2244000 4
2245000 4
2246000 4
2247000 4
2248000 4
2249000 4
2250000 4
2251000 4
2252000 4
2253000 4
2254000 4
2255000 4
2256000 4
2257000 4
2258000 4
2259000 4
2260000 4
2261000 4
2262000 4
2263000 4
2264000 4
2265000 4
2266000 4
2267000 4
2268000 4
2269000 4
2270000 4
2271000 4
2272000 4
2273000 4
2274000 4
2275000 4
2276000 4
2277000 4
2278000 4
2279000 4
2280000 4
2281000 4
2282000 4
2283000 4
2284000 4
2285000 4
2286000 4
2287000 4
2288000 4
2289000 4
2290000 4
2291000 4
2292000 4
2293000 4
2294000 4
2295000 4
2296000 4
2297000 4
2298000 4
2299000 4
2300000 4
2301000 4
2302000 4
2303000 4
2304000 4
2305000 4
2306000 4
2307000 4
2308000 4
2309000 4
2310000 4
2311000 4
2312000 4
2313000 4
2314000 4
2315000 4
2316000 4
2317000 4
2318000 4
2319000 4
2320000 4
2321000 4
2322000 4
2323000 4
2324000 4
2325000 4
2326000 4
2327000 4
2328000 4
2329000 4
2330000 4
2331000 4
2332000 4
2333000 4
2334000 4
2335000 4
2336000 4
2337000 4
2338000 4
2339000 4
2340000 4
2341000 4
2342000 4
2343000 4
2344000 4
2345000 4
2346000 4
2347000 4
2348000 4
2349000 4
2350000 4
2351000 4
2352000 4
2353000 4
2354000 4
2355000 4
2356000 4
2357000 4
2358000 4
2359000 4
2360000 4
2361000 4
2362000 4
2363000 4
2364000 4
2365000 4
2366000 4
2367000 4
2368000 4
2369000 4
2370000 4
2371000 4
2372000 4
2373000 4
2374000 4
2375000 4
2376000 4
2377000 4
2378000 4
2379000 4
2380000 4
2381000 4
2382000 4
2383000 4
2384000 4
2385000 4
2386000 4
2387000 4
2388000 4
2389000 4
2390000 4
2391000 4
2392000 4
2393000 4
2394000 4
2395000 4
2396000 4
2397000 4
2398000 4
2399000 4
2400000 4
2401000 4
2402000 4
2403000 4
2404000 4
2405000 4
2406000 4
2407000 4
2408000 4
2409000 4
2410000 4
2411000 4
2412000 4
2413000 4
2414000 4
2415000 4
2416000 4
2417000 4
2418000 4
2419000 4
2420000 4
2421000 4
2422000 4
2423000 4
2424000 4
2425000 4
2426000 4
2427000 4
2428000 4
2429000 4
2430000 4
2431000 4
2432000 4
2433000 4
2434000 4
2435000 4
2436000 4
2437000 4
2438000 4
2439000 4
2440000 4
2441000 4
2442000 4
2443000 4
2444000 4
2445000 4
2446000 4
2447000 4
2448000 4
2449000 4
2450000 4
2451000 4
2452000 4
2453000 4
2454000 4
2455000 4
2456000 4
2457000 4
2458000 4
2459000 4
2460000 4
2461000 4
2462000 4
2463000 4
2464000 4
2465000 4
2466000 4
2467000 4
2468000 4
2469000 4
2470000 4
2471000 4
2472000 4
2473000 4
2474000 4
2475000 4
2476000 4
2477000 4
2478000 4
2479000 4
2480000 4
2481000 4
2482000 4
2483000 4
2484000 4
2485000 4
2486000 4
2487000 4
2488000 4
2489000 4
2490000 4
2491000 4
2492000 4
2493000 4
2494000 4
2495000 4
2496000 4
2497000 4
2498000 4
2499000 4
2500000 4
2501000 4
2502000 4
2503000 4
2504000 4
2505000 4
2506000 4
2507000 4
2508000 4
2509000 4
2510000 4
2511000 4
2512000 4
2513000 4
2514000 4
2515000 4
2516000 4
2517000 4
2518000 4
2519000 4
2520000 4
2521000 4
2522000 4
2523000 4
2524000 4
2525000 4
2526000 4
2527000 4
2528000 4
2529000 4
2530000 4
2531000 4
2532000 4
2533000 4
2534000 4
2535000 4
2536000 4
2537000 4
2538000 4
2539000 4
2540000 4
2541000 4
2542000 4
2543000 4
2544000 4
2545000 4
2546000 4
2547000 4
2548000 4
2549000 4
2550000 4
2551000 4
2552000 4
2553000 4
2554000 4
2555000 4
2556000 4
2557000 4
2558000 4
2559000 4
2560000 4
2561000 4
2562000 4
2563000 4
2564000 4
2565000 4
2566000 4
2567000 4
2568000 4
2569000 4
2570000 4
2571000 4
2572000 4
2573000 4
2574000 4
2575000 4
2576000 4
2577000 4
2578000 4
2579000 4
2580000 4
2581000 4
2582000 4
2583000 4
2584000 4
2585000 4
2586000 4
2587000 4
2588000 4
2589000 4
2590000 4
2591000 4
2592000 4
2593000 4
2594000 4
2595000 4
2596000 4
2597000 4
2598000 4
2599000 4
2600000 4
2601000 4
2602000 4
2603000 4
2604000 4
2605000 4
2606000 4
2607000 4
2608000 4
2609000 4
2610000 4
2611000 4
2612000 4
2613000 4
2614000 4
2615000 4
2616000 4
2617000 4
2618000 4
2619000 4
2620000 4
2621000 4
2622000 4
2623000 4
2624000 4
2625000 4
2626000 4
2627000 4
2628000 4
2629000 4
2630000 4
2631000 4
2632000 4
2633000 4
2634000 4
2635000 4
2636000 4
2637000 4
2638000 4
2639000 4
2640000 4
2641000 4
2642000 4
2643000 4
2644000 4
2645000 4
2646000 4
2647000 4
2648000 4
2649000 4
2650000 4
2651000 4
2652000 4
2653000 4
2654000 4
2655000 4
2656000 4
2657000 4
2658000 4
2659000 4
2660000 4
2661000 4
2662000 4
2663000 4
2664000 4
2665000 4
2666000 4
2667000 4
2668000 4
2669000 4
2670000 4
2671000 4
2672000 4
2673000 4
2674000 4
2675000 4
2676000 4
2677000 4
2678000 4
2679000 4
2680000 4
2681000 4
2682000 4
2683000 4
2684000 4
2685000 4
2686000 4
2687000 4
2688000 4
2689000 4
2690000 4
2691000 4
2692000 4
2693000 4
2694000 4
2695000 4
2696000 4
2697000 4
2698000 4
2699000 4
2700000 4
2701000 4
2702000 4
2703000 4
2704000 4
2705000 4
2706000 4
2707000 4
2708000 4
2709000 4
2710000 4
2711000 4
2712000 4
2713000 4
2714000 4
2715000 4
2716000 4
2717000 4
2718000 4
2719000 4
2720000 4
2721000 4
2722000 4
2723000 4
2724000 4
2725000 4
2726000 4
2727000 4
2728000 4
2729000 4
2730000 4
2731000 4
2732000 4
2733000 4
2734000 4
2735000 4
2736000 4
2737000 4
2738000 4
2739000 4
2740000 4
2741000 4
2742000 4
2743000 4
2744000 4
2745000 4
2746000 4
2747000 4
2748000 4
2749000 4
2750000 4
2751000 4
2752000 4
2753000 4
2754000 4
2755000 4
2756000 4
2757000 4
2758000 4
2759000 4
2760000 4
2761000 4
2762000 4
2763000 4
2764000 4
2765000 4
2766000 4
2767000 4
2768000 4
2769000 4
2770000 4
2771000 4
2772000 4
2773000 4
2774000 4
2775000 4
2776000 4
2777000 4
2778000 4
2779000 4
2780000 4
2781000 4
2782000 4
2783000 4
2784000 4
2785000 4
2786000 4
2787000 4
2788000 4
2789000 4
2790000 4
2791000 4
2792000 4
2793000 4
2794000 4
2795000 4
2796000 4
2797000 4
2798000 4
2799000 4
2800000 4
2801000 4
2802000 4
2803000 4
2804000 4
2805000 4
2806000 4
2807000 4
2808000 4
2809000 4
2810000 4
2811000 4
2812000 4
2813000 4
2814000 4
2815000 4
2816000 4
2817000 4
2818000 4
2819000 4
2820000 4
2821000 4
2822000 4
2823000 4
2824000 4
2825000 4
2826000 4
2827000 4
2828000 4
2829000 4
2830000 4
2831000 4
2832000 4
2833000 4
2834000 4
2835000 4
2836000 4
2837000 4
2838000 4
2839000 4
2840000 4
2841000 4
2842000 4
2843000 4
2844000 4
2845000 4
2846000 4
2847000 4
2848000 4
2849000 4
2850000 4
2851000 4
2852000 4
2853000 4
2854000 4
2855000 4
2856000 4
2857000 4
2858000 4
2859000 4
2860000 4
2861000 4
2862000 4
2863000 4
2864000 4
2865000 4
2866000 4
2867000 4
2868000 4
2869000 4
2870000 4
2871000 4
2872000 4
2873000 4
2874000 4
2875000 4
2876000 4
2877000 4
2878000 4
2879000 4
2880000 4
2881000 4
2882000 4
2883000 4
2884000 4
2885000 4
2886000 4
2887000 4
2888000 4
2889000 4
2890000 4
2891000 4
2892000 4
2893000 4
2894000 4
2895000 4
2896000 4
2897000 4
2898000 4
2899000 4
2900000 4
2901000 4
2902000 4
2903000 4
2904000 4
2905000 4
2906000 4
2907000 4
2908000 4
2909000 4
2910000 4
2911000 4
2912000 4
2913000 4
2914000 4
2915000 4
2916000 4
2917000 4
2918000 4
2919000 4
2920000 4
2921000 4
2922000 4
2923000 4
2924000 4
2925000 4
2926000 4
2927000 4
2928000 4
2929000 4
2930000 4
2931000 4
2932000 4
2933000 4
2934000 4
2935000 4
2936000 4
2937000 4
2938000 4
2939000 4
2940000 4
2941000 4
2942000 4
2943000 4
2944000 4
2945000 4
2946000 4
2947000 4
2948000 4
2949000 4
2950000 4
2951000 4
2952000 4
2953000 4
2954000 4
2955000 4
2956000 4
2957000 4
2958000 4
2959000 4
2960000 4
2961000 4
2962000 4
2963000 4
2964000 4
2965000 4
2966000 4
2967000 4
2968000 4
2969000 4
2970000 4
2971000 4
2972000 4
2973000 4
2974000 4
2975000 4
2976000 4
2977000 4
2978000 4
2979000 4
2980000 4
2981000 4
2982000 4
2983000 4
2984000 4
2985000 4
2986000 4
2987000 4
2988000 4
2989000 4
2990000 4
2991000 4
2992000 4
2993000 4
2994000 4
2995000 4
2996000 4
2997000 4
2998000 4
2999000 4
3000000 4
3001000 4
3002000 4
3003000 4
3004000 4
3005000 4
3006000 4
3007000 4
3008000 4
3009000 4
3010000 4
3011000 4
3012000 4
3013000 4
3014000 4
3015000 4
3016000 4
3017000 4
3018000 4
3019000 4
3020000 4
3021000 4
3022000 4
3023000 4
3024000 4
3025000 4
3026000 4
3027000 4
3028000 4
3029000 4
3030000 4
3031000 4
3032000 4
3033000 4
3034000 4
3035000 4
3036000 4
3037000 4
3038000 4
3039000 4
3040000 4
3041000 4
3042000 4
3043000 4
3044000 4
3045000 4
3046000 4
3047000 4
3048000 4
3049000 4
3050000 4
3051000 4
3052000 4
3053000 4
3054000 4
3055000 4
3056000 4
3057000 4
3058000 4
3059000 4
3060000 4
3061000 4
3062000 4
3063000 4
3064000 4
3065000 4
3066000 4
3067000 4
3068000 4
3069000 4
3070000 4
3071000 4
3072000 4
3073000 4
3074000 4
3075000 4
3076000 4
3077000 4
3078000 4
3079000 4
3080000 4
3081000 4
3082000 4
3083000 4
3084000 4
3085000 4
3086000 4
3087000 4
3088000 4
3089000 4
3090000 4
3091000 4
3092000 4
3093000 4
3094000 4
3095000 4
3096000 4
3097000 4
3098000 4
3099000 4
3100000 4
3101000 4
3102000 4
3103000 4
3104000 4
3105000 4
3106000 4
3107000 4
3108000 4
3109000 4
3110000 4
3111000 4
3112000 4
3113000 4
3114000 4
3115000 4
3116000 4
3117000 4
3118000 4
3119000 4
3120000 4
3121000 4
3122000 4
3123000 4
3124000 4
3125000 4
3126000 4
3127000 4
3128000 4
3129000 4
3130000 4
3131000 4
3132000 4
3133000 4
3134000 4
3135000 4
3136000 4
3137000 4
3138000 4
3139000 4
3140000 4
3141000 4
3142000 4
3143000 4
3144000 4
3145000 4
3146000 4
3147000 4
3148000 4
3149000 4
3150000 4
3151000 4
3152000 4
3153000 4
3154000 4
3155000 4
3156000 4
3157000 4
3158000 4
3159000 4
3160000 4
3161000 4
3162000 4
3163000 4
3164000 4
3165000 4
3166000 4
3167000 4
3168000 4
3169000 4
3170000 4
3171000 4
3172000 4
3173000 4
3174000 4
3175000 4
3176000 4
3177000 4
3178000 4
3179000 4
3180000 4
3181000 4
3182000 4
3183000 4
3184000 4
3185000 4
3186000 4
3187000 4
3188000 4
3189000 4
3190000 4
3191000 4
3192000 4
3193000 4
3194000 4
3195000 4
3196000 4
3197000 4
3198000 4
3199000 4
3200000 4
3201000 4
3202000 4
3203000 4
3204000 4
3205000 4
3206000 4
3207000 4
3208000 4
3209000 4
3210000 4
3211000 4
3212000 4
3213000 4
3214000 4
3215000 4
3216000 4
3217000 4
3218000 4
3219000 4
3220000 4
3221000 4
3222000 4
3223000 4
3224000 4
3225000 4
3226000 4
3227000 4
3228000 4
3229000 4
3230000 4
3231000 4
3232000 4
3233000 4
3234000 4
3235000 4
3236000 4
3237000 4
3238000 4
3239000 4
3240000 4
3241000 4
3242000 4
3243000 4
3244000 4
3245000 4
3246000 4
3247000 4
3248000 4
3249000 4
3250000 4
3251000 4
3252000 4
3253000 4
3254000 4
3255000 4
3256000 4
3257000 4
3258000 4
3259000 4
3260000 4
3261000 4
3262000 4
3263000 4
3264000 4
3265000 4
3266000 4
3267000 4
3268000 4
3269000 4
3270000 4
3271000 4
3272000 4
3273000 4
3274000 4
3275000 4
3276000 4
3277000 4
3278000 4
3279000 4
3280000 4
3281000 4
3282000 4
3283000 4
3284000 4
3285000 4
3286000 4
3287000 4
3288000 4
3289000 4
3290000 4
3291000 4
3292000 4
3293000 4
3294000 4
3295000 4
3296000 4
3297000 4
3298000 4
3299000 4
3300000 4
3301000 4
3302000 4
3303000 4
3304000 4
3305000 4
3306000 4
3307000 4
3308000 4
3309000 4
3310000 4
3311000 4
3312000 4
3313000 4
3314000 4
3315000 4
3316000 4
3317000 4
3318000 4
3319000 4
3320000 4
3321000 4
3322000 4
3323000 4
3324000 4
3325000 4
3326000 4
3327000 4
3328000 4
3329000 4
3330000 4
3331000 4
3332000 4
3333000 4
3334000 4
3335000 4
3336000 4
3337000 4
3338000 4
3339000 4
3340000 4
3341000 4
3342000 4
3343000 4
3344000 4
3345000 4
3346000 4
3347000 4
3348000 4
3349000 4
3350000 4
3351000 4
3352000 4
3353000 4
3354000 4
3355000 4
3356000 4
3357000 4
3358000 4
3359000 4
3360000 4
3361000 4
3362000 4
3363000 4
3364000 4
3365000 4
3366000 4
3367000 4
3368000 4
3369000 4
3370000 4
3371000 4
3372000 4
3373000 4
3374000 4
3375000 4
3376000 4
3377000 4
3378000 4
3379000 4
3380000 4
3381000 4
3382000 4
3383000 4
3384000 4
3385000 4
3386000 4
3387000 4
3388000 4
3389000 4
3390000 4
3391000 4
3392000 4
3393000 4
3394000 4
3395000 4
3396000 4
3397000 4
3398000 4
3399000 4
3400000 4
3401000 4
3402000 4
3403000 4
3404000 4
3405000 4
3406000 4
3407000 4
3408000 4
3409000 4
3410000 4
3411000 4
3412000 4
3413000 4
3414000 4
3415000 4
3416000 4
3417000 4
3418000 4
3419000 4
3420000 4
3421000 4
3422000 4
3423000 4
3424000 4
3425000 4
3426000 4
3427000 4
3428000 4
3429000 4
3430000 4
3431000 4
3432000 4
3433000 4
3434000 4
3435000 4
3436000 4
3437000 4
3438000 4
3439000 4
3440000 4
3441000 4
3442000 4
3443000 4
3444000 4
3445000 4
3446000 4
3447000 4
3448000 4
3449000 4
3450000 4
3451000 4
3452000 4
3453000 4
3454000 4
3455000 4
3456000 4
3457000 4
3458000 4
3459000 4
3460000 4
3461000 4
3462000 4
3463000 4
3464000 4
3465000 4
3466000 4
3467000 4
3468000 4
3469000 4
3470000 4
3471000 4
3472000 4
3473000 4
3474000 4
3475000 4
3476000 4
3477000 4
3478000 4
3479000 4
3480000 4
3481000 4
3482000 4
3483000 4
3484000 4
3485000 4
3486000 4
3487000 4
3488000 4
3489000 4
3490000 4
3491000 4
3492000 4
3493000 4
3494000 4
3495000 4
3496000 4
3497000 4
3498000 4
3499000 4
3500000 4
3501000 4
3502000 4
3503000 4
3504000 4
3505000 4
3506000 4
3507000 4
3508000 4
3509000 4
3510000 4
3511000 4
3512000 4
3513000 4
3514000 4
3515000 4
3516000 4
3517000 4
3518000 4
3519000 4
3520000 4
3521000 4
3522000 4
3523000 4
3524000 4
3525000 4
3526000 4
3527000 4
3528000 4
3529000 4
3530000 4
3531000 4
3532000 4
3533000 4
3534000 4
3535000 4
3536000 4
3537000 4
3538000 4
3539000 4
3540000 4
3541000 4
3542000 4
3543000 4
3544000 4
3545000 4
3546000 4
3547000 4
3548000 4
3549000 4
3550000 4
3551000 4
3552000 4
3553000 4
3554000 4
3555000 4
3556000 4
3557000 4
3558000 4
3559000 4
3560000 4
3561000 4
3562000 4
3563000 4
3564000 4
3565000 4
3566000 4
3567000 4
3568000 4
3569000 4
3570000 4
3571000 4
3572000 4
3573000 4
3574000 4
3575000 4
3576000 4
3577000 4
3578000 4
3579000 4
3580000 4
3581000 4
3582000 4
3583000 4
3584000 4
3585000 4
3586000 4
3587000 4
3588000 4
3589000 4
3590000 4
3591000 4
3592000 4
3593000 4
3594000 4
3595000 4
3596000 4
3597000 4
3598000 4
3599000 4
3600000 4
3601000 4
3602000 4
3603000 4
3604000 4
3605000 4
3606000 4
3607000 4
3608000 4
3609000 4
3610000 4
3611000 4
3612000 4
3613000 4
3614000 4
3615000 4
3616000 4
3617000 4
3618000 4
3619000 4
3620000 4
3621000 4
3622000 4
3623000 4
3624000 4
3625000 4
3626000 4
3627000 4
3628000 4
3629000 4
3630000 4
3631000 4
3632000 4
3633000 4
3634000 4
3635000 4
3636000 4
3637000 4
3638000 4
3639000 4
3640000 4
3641000 4
3642000 4
3643000 4
3644000 4
3645000 4
3646000 4
3647000 4
3648000 4
3649000 4
3650000 4
3651000 4
3652000 4
3653000 4
3654000 4
3655000 4
3656000 4
3657000 4
3658000 4
3659000 4
3660000 4
3661000 4
3662000 4
3663000 4
3664000 4
3665000 4
3666000 4
3667000 4
3668000 4
3669000 4
3670000 4
3671000 4
3672000 4
3673000 4
3674000 4
3675000 4
3676000 4
3677000 4
3678000 4
3679000 4
3680000 4
3681000 4
3682000 4
3683000 4
3684000 4
3685000 4
3686000 4
3687000 4
3688000 4
3689000 4
3690000 4
3691000 4
3692000 4
3693000 4
3694000 4
3695000 4
3696000 4
3697000 4
3698000 4
3699000 4
3700000 4
3701000 4
3702000 4
3703000 4
3704000 4
3705000 4
3706000 4
3707000 4
3708000 4
3709000 4
3710000 4
3711000 4
3712000 4
3713000 4
3714000 4
3715000 4
3716000 4
3717000 4
3718000 4
3719000 4
3720000 4
3721000 4
3722000 4
3723000 4
3724000 4
3725000 4
3726000 4
3727000 4
3728000 4
3729000 4
3730000 4
3731000 4
3732000 4
3733000 4
3734000 4
3735000 4
3736000 4
3737000 4
3738000 4
3739000 4
3740000 4
3741000 4
3742000 4
3743000 4
3744000 4
3745000 4
3746000 4
3747000 4
3748000 4
3749000 4
3750000 4
3751000 4
3752000 4
3753000 4
3754000 4
3755000 4
3756000 4
3757000 4
3758000 4
3759000 4
3760000 4
3761000 4
3762000 4
3763000 4
3764000 4
3765000 4
3766000 4
3767000 4
3768000 4
3769000 4
3770000 4
3771000 4
3772000 4
3773000 4
3774000 4
3775000 4
3776000 4
3777000 4
3778000 4
3779000 4
3780000 4
3781000 4
3782000 4
3783000 4
3784000 4
3785000 4
3786000 4
3787000 4
3788000 4
3789000 4
3790000 4
3791000 4
3792000 4
3793000 4
3794000 4
3795000 4
3796000 4
3797000 4
3798000 4
3799000 4
3800000 4
3801000 4
3802000 4
3803000 4
3804000 4
3805000 4
3806000 4
3807000 4
3808000 4
3809000 4
3810000 4
3811000 4
3812000 4
3813000 4
3814000 4
3815000 4
3816000 4
3817000 4
3818000 4
3819000 4
3820000 4
3821000 4
3822000 4
3823000 4
3824000 4
3825000 4
3826000 4
3827000 4
3828000 4
3829000 4
3830000 4
3831000 4
3832000 4
3833000 4
3834000 4
3835000 4
3836000 4
3837000 4
3838000 4
3839000 4
3840000 4
3841000 4
3842000 4
3843000 4
3844000 4
3845000 4
3846000 4
3847000 4
3848000 4
3849000 4
3850000 4
3851000 4
3852000 4
3853000 4
3854000 4
3855000 4
3856000 4
3857000 4
3858000 4
3859000 4
3860000 4
3861000 4
3862000 4
3863000 4
3864000 4
3865000 4
3866000 4
3867000 4
3868000 4
3869000 4
3870000 4
3871000 4
3872000 4
3873000 4
3874000 4
3875000 4
3876000 4
3877000 4
3878000 4
3879000 4
3880000 4
3881000 4
3882000 4
3883000 4
3884000 4
3885000 4
3886000 4
3887000 4
3888000 4
3889000 4
3890000 4
3891000 4
3892000 4
3893000 4
3894000 4
3895000 4
3896000 4
3897000 4
3898000 4
3899000 4
3900000 4
3901000 4
3902000 4
3903000 4
3904000 4
3905000 4
3906000 4
3907000 4
3908000 4
3909000 4
3910000 4
3911000 4
3912000 4
3913000 4
3914000 4
3915000 4
3916000 4
3917000 4
3918000 4
3919000 4
3920000 4
3921000 4
3922000 4
3923000 4
3924000 4
3925000 4
3926000 4
3927000 4
3928000 4
3929000 4
3930000 4
3931000 4
3932000 4
3933000 4
3934000 4
3935000 4
3936000 4
3937000 4
3938000 4
3939000 4
3940000 4
3941000 4
3942000 4
3943000 4
3944000 4
3945000 4
3946000 4
3947000 4
3948000 4
3949000 4
3950000 4
3951000 4
3952000 4
3953000 4
3954000 4
3955000 4
3956000 4
3957000 4
3958000 4
3959000 4
3960000 4
3961000 4
3962000 4
3963000 4
3964000 4
3965000 4
3966000 4
3967000 4
3968000 4
3969000 4
3970000 4
3971000 4
3972000 4
3973000 4
3974000 4
3975000 4
3976000 4
3977000 4
3978000 4
3979000 4
3980000 4
3981000 4
3982000 4
3983000 4
3984000 4
3985000 4
3986000 4
3987000 4
3988000 4
3989000 4
3990000 4
3991000 4
3992000 4
3993000 4
3994000 4
3995000 4
3996000 4
3997000 4
3998000 4
3999000 4
4000000 4
4001000 4
4002000 4
4003000 4
4004000 4
4005000 4
4006000 4
4007000 4
4008000 4
4009000 4
4010000 4
4011000 4
4012000 4
4013000 4
4014000 4
4015000 4
4016000 4
4017000 4
4018000 4
4019000 4
4020000 4
4021000 4
4022000 4
4023000 4
4024000 4
4025000 4
4026000 4
4027000 4
4028000 4
4029000 4
4030000 4
4031000 4
4032000 4
4033000 4
4034000 4
4035000 4
4036000 4
4037000 4
4038000 4
4039000 4
4040000 4
4041000 4
4042000 4
4043000 4
4044000 4
4045000 4
4046000 4
4047000 4
4048000 4
4049000 4
4050000 4
4051000 4
4052000 4
4053000 4
4054000 4
4055000 4
4056000 4
4057000 4
4058000 4
4059000 4
4060000 4
4061000 4
4062000 4
4063000 4
4064000 4
4065000 4
4066000 4
4067000 4
4068000 4
4069000 4
4070000 4
4071000 4
4072000 4
4073000 4
4074000 4
4075000 4
4076000 4
4077000 4
4078000 4
4079000 4
4080000 4
4081000 4
4082000 4
4083000 4
4084000 4
4085000 4
4086000 4
4087000 4
4088000 4
4089000 4
4090000 4
4091000 4
4092000 4
4093000 4
4094000 4
4095000 4
4096000 4
4097000 4
4098000 4
4099000 4
4100000 4
4101000 4
4102000 4
4103000 4
4104000 4
4105000 4
4106000 4
4107000 4
4108000 4
4109000 4
4110000 4
4111000 4
4112000 4
4113000 4
4114000 4
4115000 4
4116000 4
4117000 4
4118000 4
4119000 4
4120000 4
4121000 4
4122000 4
4123000 4
4124000 4
4125000 4
4126000 4
4127000 4
4128000 4
4129000 4
4130000 4
4131000 4
4132000 4
4133000 4
4134000 4
4135000 4
4136000 4
4137000 4
4138000 4
4139000 4
4140000 4
4141000 4
4142000 4
4143000 4
4144000 4
4145000 4
4146000 4
4147000 4
4148000 4
4149000 4
4150000 4
4151000 4
4152000 4
4153000 4
4154000 4
4155000 4
4156000 4
4157000 4
4158000 4
4159000 4
4160000 4
4161000 4
4162000 4
4163000 4
4164000 4
4165000 4
4166000 4
4167000 4
4168000 4
4169000 4
4170000 4
4171000 4
4172000 4
4173000 4
4174000 4
4175000 4
4176000 4
4177000 4
4178000 4
4179000 4
4180000 4
4181000 4
4182000 4
4183000 4
4184000 4
4185000 4
4186000 4
4187000 4
4188000 4
4189000 4
4190000 4
4191000 4
4192000 4
4193000 4
4194000 4
4195000 4
4196000 4
4197000 4
4198000 4
4199000 4
4200000 4
4201000 4
4202000 4
4203000 4
4204000 4
4205000 4
4206000 4
4207000 4
4208000 4
4209000 4
4210000 4
4211000 4
4212000 4
4213000 4
4214000 4
4215000 4
4216000 4
4217000 4
4218000 4
4219000 4
4220000 4
4221000 4
4222000 4
4223000 4
4224000 4
4225000 4
4226000 4
4227000 4
4228000 4
4229000 4
4230000 4
4231000 4
4232000 4
4233000 4
4234000 4
4235000 4
4236000 4
4237000 4
4238000 4
4239000 4
4240000 4
4241000 4
4242000 4
4243000 4
4244000 4
4245000 4
4246000 4
4247000 4
4248000 4
4249000 4
4250000 4
4251000 4
4252000 4
4253000 4
4254000 4
4255000 4
4256000 4
4257000 4
4258000 4
4259000 4
4260000 4
4261000 4
4262000 4
4263000 4
4264000 4
4265000 4
4266000 4
4267000 4
4268000 4
4269000 4
4270000 4
4271000 4
4272000 4
4273000 4
4274000 4
4275000 4
4276000 4
4277000 4
4278000 4
4279000 4
4280000 4
4281000 4
4282000 4
4283000 4
4284000 4
4285000 4
4286000 4
4287000 4
4288000 4
4289000 4
4290000 4
4291000 4
4292000 4
4293000 4
4294000 4
4295000 4
4296000 4
4297000 4
4298000 4
4299000 4
4300000 4
4301000 4
4302000 4
4303000 4
4304000 4
4305000 4
4306000 4
4307000 4
4308000 4
4309000 4
4310000 4
4311000 4
4312000 4
4313000 4
4314000 4
4315000 4
4316000 4
4317000 4
4318000 4
4319000 4
4320000 4
4321000 4
4322000 4
4323000 4
4324000 4
4325000 4
4326000 4
4327000 4
4328000 4
4329000 4
4330000 4
4331000 4
4332000 4
4333000 4
4334000 4
4335000 4
4336000 4
4337000 4
4338000 4
4339000 4
4340000 4
4341000 4
4342000 4
4343000 4
4344000 4
4345000 4
4346000 4
4347000 4
4348000 4
4349000 4
4350000 4
4351000 4
4352000 4
4353000 4
4354000 4
4355000 4
4356000 4
4357000 4
4358000 4
4359000 4
4360000 4
4361000 4
4362000 4
4363000 4
4364000 4
4365000 4
4366000 4
4367000 4
4368000 4
4369000 4
4370000 4
4371000 4
4372000 4
4373000 4
4374000 4
4375000 4
4376000 4
4377000 4
4378000 4
4379000 4
4380000 4
4381000 4
4382000 4
4383000 4
4384000 4
4385000 4
4386000 4
4387000 4
4388000 4
4389000 4
4390000 4
4391000 4
4392000 4
4393000 4
4394000 4
4395000 4
4396000 4
4397000 4
4398000 5
4399000 5
4400000 5
4401000 5
4402000 5
4403000 5
4404000 5
4405000 5
4406000 5
4407000 5
4408000 5
4409000 5
4410000 5
4411000 5
4412000 5
4413000 5
4414000 5
4415000 5
4416000 5
4417000 5
4418000 5
4419000 5
4420000 5
4421000 5
4422000 5
4423000 5
4424000 5
4425000 5
4426000 5
4427000 5
4428000 5
4429000 5
4430000 5
4431000 5
4432000 5
4433000 5
4434000 5
4435000 5
4436000 5
4437000 5
4438000 5
4439000 5
4440000 5
4441000 5
4442000 5
4443000 5
4444000 5
4445000 5
4446000 5
4447000 5
4448000 5
4449000 5
4450000 5
4451000 5
4452000 5
4453000 5
4454000 5
4455000 5
4456000 5
4457000 5
4458000 5
4459000 5
4460000 5
4461000 5
4462000 5
4463000 5
4464000 5
4465000 5
4466000 5
4467000 5
4468000 5
4469000 5
4470000 5
4471000 5
4472000 5
4473000 5
4474000 5
4475000 5
4476000 5
4477000 5
4478000 5
4479000 5
4480000 5
4481000 5
4482000 5
4483000 5
4484000 5
4485000 5
4486000 5
4487000 5
4488000 5
4489000 5
4490000 5
4491000 5
4492000 5
4493000 5
4494000 5
4495000 5
4496000 5
4497000 5
4498000 5
4499000 5
4500000 5
4501000 5
4502000 5
4503000 5
4504000 5
4505000 5
4506000 5
4507000 5
4508000 5
4509000 5
4510000 5
4511000 5
4512000 5
4513000 5
4514000 5
4515000 5
4516000 5
4517000 5
4518000 5
4519000 5
4520000 5
4521000 5
4522000 5
4523000 5
4524000 5
4525000 5
4526000 5
4527000 5
4528000 5
4529000 5
4530000 5
4531000 5
4532000 5
4533000 5
4534000 5
4535000 5
4536000 5
4537000 5
4538000 5
4539000 5
4540000 5
4541000 5
4542000 5
4543000 5
4544000 5
4545000 5
4546000 5
4547000 5
4548000 5
4549000 5
4550000 5
4551000 5
4552000 5
4553000 5
4554000 5
4555000 5
4556000 5
4557000 5
4558000 5
4559000 5
4560000 5
4561000 5
4562000 5
4563000 5
4564000 5
4565000 5
4566000 5
4567000 5
4568000 5
4569000 5
4570000 5
4571000 5
4572000 5
4573000 5
4574000 5
4575000 5
4576000 5
4577000 5
4578000 5
4579000 5
4580000 5
4581000 5
4582000 5
4583000 5
4584000 5
4585000 5
4586000 5
4587000 5
4588000 5
4589000 5
4590000 5
4591000 5
4592000 5
4593000 5
4594000 5
4595000 5
4596000 5
4597000 5
4598000 5
4599000 5
4600000 5
4601000 5
4602000 5
4603000 5
4604000 5
4605000 5
4606000 5
4607000 5
4608000 5
4609000 5
4610000 5
4611000 5
4612000 5
4613000 5
4614000 5
4615000 5
4616000 5
4617000 5
4618000 5
4619000 5
4620000 5
4621000 5
4622000 5
4623000 5
4624000 5
4625000 5
4626000 5
4627000 5
4628000 5
4629000 5
4630000 5
4631000 5
4632000 5
4633000 5
4634000 5
4635000 5
4636000 5
4637000 5
4638000 5
4639000 5
4640000 5
4641000 5
4642000 5
4643000 5
4644000 5
4645000 5
4646000 5
4647000 5
4648000 5
4649000 5
4650000 5
4651000 5
4652000 5
4653000 5
4654000 5
4655000 5
4656000 5
4657000 5
4658000 5
4659000 5
4660000 5
4661000 5
4662000 5
4663000 5
4664000 5
4665000 5
4666000 5
4667000 5
4668000 5
4669000 5
4670000 5
4671000 5
4672000 5
4673000 5
4674000 5
4675000 5
4676000 5
4677000 5
4678000 5
4679000 5
4680000 5
4681000 5
4682000 5
4683000 5
4684000 5
4685000 5
4686000 5
4687000 5
4688000 5
4689000 5
4690000 5
4691000 5
4692000 5
4693000 5
4694000 5
4695000 5
4696000 5
4697000 5
4698000 5
4699000 5
4700000 5
4701000 5
4702000 5
4703000 5
4704000 5
4705000 5
4706000 5
4707000 5
4708000 5
4709000 5
4710000 5
4711000 5
4712000 5
4713000 5
4714000 5
4715000 5
4716000 5
4717000 5
4718000 5
4719000 5
4720000 5
4721000 5
4722000 5
4723000 5
4724000 5
4725000 5
4726000 5
4727000 5
4728000 5
4729000 5
4730000 5
4731000 5
4732000 5
4733000 5
4734000 5
4735000 5
4736000 5
4737000 5
4738000 5
4739000 5
4740000 5
4741000 5
4742000 5
4743000 5
4744000 5
4745000 5
4746000 5
4747000 5
4748000 5
4749000 5
4750000 5
4751000 5
4752000 5
4753000 5
4754000 5
4755000 5
4756000 5
4757000 5
4758000 5
4759000 5
4760000 5
4761000 5
4762000 5
4763000 5
4764000 5
4765000 5
4766000 5
4767000 5
4768000 5
4769000 5
4770000 5
4771000 5
4772000 5
4773000 5
4774000 5
4775000 5
4776000 5
4777000 5
4778000 5
4779000 5
4780000 5
4781000 5
4782000 5
4783000 5
4784000 5
4785000 5
4786000 5
4787000 5
4788000 5
4789000 5
4790000 5
4791000 5
4792000 5
4793000 5
4794000 5
4795000 5
4796000 5
4797000 5
4798000 5
4799000 5
4800000 5
4801000 5
4802000 5
4803000 5
4804000 5
4805000 5
4806000 5
4807000 5
4808000 5
4809000 5
4810000 5
4811000 5
4812000 5
4813000 5
4814000 5
4815000 5
4816000 5
4817000 5
4818000 5
4819000 5
4820000 5
4821000 5
4822000 5
4823000 5
4824000 5
4825000 5
4826000 5
4827000 5
4828000 5
4829000 5
4830000 5
4831000 5
4832000 5
4833000 5
4834000 5
4835000 5
4836000 5
4837000 5
4838000 5
4839000 5
4840000 5
4841000 5
4842000 5
4843000 5
4844000 5
4845000 5
4846000 5
4847000 5
4848000 5
4849000 5
4850000 5
4851000 5
4852000 5
4853000 5
4854000 5
4855000 5
4856000 5
4857000 5
4858000 5
4859000 5
4860000 5
4861000 5
4862000 5
4863000 5
4864000 5
4865000 5
4866000 5
4867000 5
4868000 5
4869000 5
4870000 5
4871000 5
4872000 5
4873000 5
4874000 5
4875000 5
4876000 5
4877000 5
4878000 5
4879000 5
4880000 5
4881000 5
4882000 5
4883000 5
4884000 5
4885000 5
4886000 5
4887000 5
4888000 5
4889000 5
4890000 5
4891000 5
4892000 5
4893000 5
4894000 5
4895000 5
4896000 5
4897000 5
4898000 5
4899000 5
4900000 5
4901000 5
4902000 5
4903000 5
4904000 5
4905000 5
4906000 5
4907000 5
4908000 5
4909000 5
4910000 5
4911000 5
4912000 5
4913000 5
4914000 5
4915000 5
4916000 5
4917000 5
4918000 5
4919000 5
4920000 5
4921000 5
4922000 5
4923000 5
4924000 5
4925000 5
4926000 5
4927000 5
4928000 5
4929000 5
4930000 5
4931000 5
4932000 5
4933000 5
4934000 5
4935000 5
4936000 5
4937000 5
4938000 5
4939000 5
4940000 5
4941000 5
4942000 5
4943000 5
4944000 5
4945000 5
4946000 5
4947000 5
4948000 5
4949000 5
4950000 5
4951000 5
4952000 5
4953000 5
4954000 5
4955000 5
4956000 5
4957000 5
4958000 5
4959000 5
4960000 5
4961000 5
4962000 5
4963000 5
4964000 5
4965000 5
4966000 5
4967000 5
4968000 5
4969000 5
4970000 5
4971000 5
4972000 5
4973000 5
4974000 5
4975000 5
4976000 5
4977000 5
4978000 5
4979000 5
4980000 5
4981000 5
4982000 5
4983000 5
4984000 5
4985000 5
4986000 5
4987000 5
4988000 5
4989000 5
4990000 5
4991000 5
4992000 5
4993000 5
4994000 5
4995000 5
4996000 5
4997000 5
4998000 5
4999000 5
5000000 5
