0 0
1000 0
2000 0
3000 0
4000 0
5000 0
6000 0
7000 0
8000 0
9000 0
10000 0
11000 0
12000 0
13000 0
14000 0
15000 0
16000 0
17000 0
18000 0
19000 0
20000 0
21000 0
22000 0
23000 0
24000 0
25000 0
26000 0
27000 0
28000 0
29000 0
30000 0
31000 0
32000 0
33000 0
34000 0
35000 0
36000 0
37000 0
38000 0
39000 0
40000 0
41000 0
42000 0
43000 0
44000 0
45000 0
46000 0
47000 0
48000 0
49000 0
50000 0
51000 0
52000 0
53000 0
54000 0
55000 0
56000 0
57000 0
58000 0
59000 0
60000 0
61000 0
62000 0
63000 0
64000 0
65000 0
66000 0
67000 0
68000 0
69000 0
70000 0
71000 0
72000 0
73000 0
74000 0
75000 0
76000 0
77000 0
78000 0
79000 0
80000 0
81000 0
82000 0
83000 0
84000 0
85000 0
86000 0
87000 0
88000 0
89000 0
90000 0
91000 0
92000 0
93000 0
94000 0
95000 0
96000 0
97000 0
98000 0
99000 0
100000 0
101000 0
102000 0
103000 0
104000 0
105000 0
106000 0
107000 0
108000 0
109000 0
110000 0
111000 0
112000 0
113000 0
114000 0
115000 0
116000 0
117000 0
118000 0
119000 0
120000 0
121000 0
122000 0
123000 0
124000 0
125000 0
126000 0
127000 0
128000 0
129000 0
130000 0
131000 0
132000 0
133000 0
134000 0
135000 0
136000 0
137000 0
138000 0
139000 0
140000 0
141000 0
142000 0
143000 0
144000 0
145000 0
146000 0
147000 0
148000 0
149000 0
150000 0
151000 0
152000 0
153000 0
154000 0
155000 0
156000 0
157000 0
158000 0
159000 0
160000 0
161000 0
162000 0
163000 0
164000 0
165000 0
166000 0
167000 0
168000 0
169000 0
170000 0
171000 0
172000 0
173000 0
174000 0
175000 0
176000 0
177000 0
178000 0
179000 0
180000 0
181000 0
182000 0
183000 0
184000 0
185000 0
186000 0
187000 0
188000 0
189000 0
190000 0
191000 0
192000 0
193000 0
194000 0
195000 0
196000 0
197000 0
198000 0
199000 0
200000 0
201000 0
202000 0
203000 0
204000 0
205000 0
206000 0
207000 0
208000 0
209000 0
210000 0
211000 0
212000 0
213000 0
214000 0
215000 0
216000 0
217000 0
218000 0
219000 0
220000 0
221000 0
222000 0
223000 0
224000 0
225000 0
226000 0
227000 0
228000 0
229000 0
230000 0
231000 0
232000 0
233000 0
234000 0
235000 0
236000 0
237000 0
238000 0
239000 0
240000 0
241000 0
242000 0
243000 0
244000 0
245000 0
246000 0
247000 0
248000 0
249000 0
250000 0
251000 0
252000 0
253000 0
254000 0
255000 0
256000 0
257000 0
258000 0
259000 0
260000 0
261000 0
262000 0
263000 0
264000 0
265000 0
266000 0
267000 0
268000 0
269000 0
270000 0
271000 0
272000 0
273000 0
274000 0
275000 0
276000 0
277000 0
278000 0
279000 0
280000 0
281000 0
282000 0
283000 0
284000 0
285000 0
286000 0
287000 0
288000 0
289000 0
290000 0
291000 0
292000 0
293000 0
294000 0
295000 0
296000 0
297000 0
298000 0
299000 0
300000 0
301000 0
302000 0
303000 0
304000 0
305000 0
306000 0
307000 0
308000 0
309000 0
310000 0
311000 0
312000 0
313000 0
314000 0
315000 0
316000 0
317000 0
318000 0
319000 0
320000 0
321000 0
322000 0
323000 0
324000 0
325000 0
326000 0
327000 0
328000 0
329000 0
330000 0
331000 0
332000 0
333000 0
334000 0
335000 0
336000 0
337000 0
338000 0
339000 0
340000 0
341000 0
342000 0
343000 0
344000 0
345000 0
346000 0
347000 0
348000 0
349000 0
350000 0
351000 0
352000 0
353000 0
354000 0
355000 0
356000 0
357000 0
358000 0
359000 0
360000 0
361000 0
362000 0
363000 0
364000 0
365000 0
366000 0
367000 0
368000 0
369000 0
370000 0
371000 0
372000 0
373000 0
374000 0
375000 0
376000 0
377000 0
378000 0
379000 0
380000 0
381000 0
382000 0
383000 0
384000 0
385000 0
386000 0
387000 0
388000 0
389000 0
390000 0
391000 0
392000 0
393000 0
394000 0
395000 0
396000 0
397000 0
398000 0
399000 0
400000 0
401000 0
402000 0
403000 0
404000 0
405000 0
406000 0
407000 0
408000 0
409000 0
410000 0
411000 0
412000 0
413000 0
414000 0
415000 0
416000 0
417000 0
418000 0
419000 0
420000 0
421000 0
422000 0
423000 0
424000 0
425000 0
426000 0
427000 0
428000 0
429000 0
430000 0
431000 0
432000 0
433000 0
434000 0
435000 0
436000 0
437000 0
438000 0
439000 0
440000 0
441000 0
442000 0
443000 0
444000 0
445000 0
446000 0
447000 0
448000 0
449000 0
450000 0
451000 0
452000 0
453000 0
454000 0
455000 0
456000 0
457000 0
458000 0
459000 0
460000 0
461000 0
462000 0
463000 0
464000 0
465000 0
466000 0
467000 0
468000 0
469000 0
470000 0
471000 0
472000 0
473000 0
474000 0
475000 0
476000 0
477000 0
478000 0
479000 0
480000 0
481000 0
482000 0
483000 0
484000 0
485000 0
486000 0
487000 0
488000 0
489000 0
490000 0
491000 0
492000 0
493000 0
494000 0
495000 0
496000 0
497000 0
498000 0
499000 0
500000 0
501000 0
502000 0
503000 0
504000 0
505000 0
506000 0
507000 0
508000 0
509000 0
510000 0
511000 0
512000 0
513000 0
514000 0
515000 0
516000 0
517000 0
518000 0
519000 0
520000 0
521000 0
522000 0
523000 0
524000 0
525000 0
526000 0
527000 0
528000 0
529000 0
530000 0
531000 0
532000 0
533000 0
534000 0
535000 0
536000 0
537000 0
538000 0
539000 0
540000 0
541000 0
542000 0
543000 0
544000 0
545000 0
546000 0
547000 0
548000 0
549000 0
550000 0
551000 0
552000 0
553000 0
554000 0
555000 0
556000 0
557000 0
558000 0
559000 0
560000 0
561000 0
562000 0
563000 0
564000 0
565000 0
566000 0
567000 0
568000 0
569000 0
570000 0
571000 0
572000 0
573000 0
574000 0
575000 0
576000 0
577000 0
578000 0
579000 0
580000 0
581000 0
582000 0
583000 0
584000 0
585000 0
586000 0
587000 0
588000 0
589000 0
590000 0
591000 0
592000 0
593000 0
594000 0
595000 0
596000 0
597000 0
598000 0
599000 0
600000 0
601000 0
602000 0
603000 0
604000 0
605000 0
606000 0
607000 0
608000 0
609000 0
610000 0
611000 0
612000 0
613000 0
614000 0
615000 0
616000 0
617000 0
618000 0
619000 0
620000 0
621000 0
622000 0
623000 0
624000 0
625000 0
626000 0
627000 0
628000 0
629000 0
630000 0
631000 0
632000 0
633000 0
634000 0
635000 0
636000 0
637000 0
638000 0
639000 0
640000 0
641000 0
642000 0
643000 0
644000 0
645000 0
646000 0
647000 0
648000 0
649000 0
650000 0
651000 0
652000 0
653000 0
654000 0
655000 0
656000 0
657000 0
658000 0
659000 0
660000 0
661000 0
662000 0
663000 0
664000 0
665000 0
666000 0
667000 0
668000 0
669000 0
670000 0
671000 0
672000 0
673000 0
674000 0
675000 0
676000 0
677000 0
678000 0
679000 0
680000 0
681000 0
682000 0
683000 0
684000 0
685000 0
686000 0
687000 0
688000 0
689000 0
690000 0
691000 0
692000 0
693000 0
694000 0
695000 0
696000 0
697000 0
698000 0
699000 0
700000 0
701000 0
702000 0
703000 0
704000 0
705000 0
706000 0
707000 0
708000 0
709000 0
710000 0
711000 0
712000 0
713000 0
714000 0
715000 0
716000 0
717000 0
718000 0
719000 0
720000 0
721000 0
722000 0
723000 0
724000 0
725000 0
726000 0
727000 0
728000 0
729000 0
730000 0
731000 0
732000 0
733000 0
734000 0
735000 0
736000 0
737000 0
738000 0
739000 0
740000 0
741000 0
742000 0
743000 0
744000 0
745000 0
746000 0
747000 0
748000 0
749000 0
750000 0
751000 0
752000 0
753000 0
754000 0
755000 0
756000 0
757000 0
758000 0
759000 0
760000 0
761000 0
762000 0
763000 0
764000 0
765000 0
766000 0
767000 0
768000 0
769000 0
770000 0
771000 0
772000 0
773000 0
774000 0
775000 0
776000 0
777000 0
778000 0
779000 0
780000 0
781000 0
782000 0
783000 0
784000 0
785000 0
786000 0
787000 0
788000 0
789000 0
790000 0
791000 0
792000 0
793000 0
794000 0
795000 0
796000 0
797000 0
798000 0
799000 0
800000 0
801000 0
802000 0
803000 0
804000 0
805000 0
806000 0
807000 0
808000 0
809000 0
810000 0
811000 0
812000 0
813000 0
814000 0
815000 0
816000 0
817000 0
818000 0
819000 0
820000 0
821000 0
822000 0
823000 0
824000 0
825000 0
826000 0
827000 0
828000 0
829000 0
830000 0
831000 0
832000 0
833000 0
834000 0
835000 0
836000 0
837000 0
838000 0
839000 0
840000 0
841000 0
842000 0
843000 0
844000 0
845000 0
846000 0
847000 0
848000 0
849000 0
850000 0
851000 0
852000 0
853000 0
854000 0
855000 0
856000 0
857000 0
858000 0
859000 0
860000 0
861000 0
862000 0
863000 0
864000 0
865000 0
866000 0
867000 0
868000 0
869000 0
870000 0
871000 0
872000 0
873000 0
874000 0
875000 0
876000 0
877000 0
878000 0
879000 0
880000 0
881000 0
882000 0
883000 0
884000 0
885000 0
886000 0
887000 0
888000 0
889000 0
890000 0
891000 0
892000 0
893000 0
894000 0
895000 0
896000 0
897000 0
898000 0
899000 0
900000 0
901000 0
902000 0
903000 0
904000 0
905000 0
906000 0
907000 0
908000 0
909000 0
910000 0
911000 0
912000 0
913000 0
914000 0
915000 0
916000 0
917000 0
918000 0
919000 0
920000 0
921000 0
922000 0
923000 0
924000 0
925000 0
926000 0
927000 0
928000 0
929000 0
930000 0
931000 0
932000 0
933000 0
934000 0
935000 0
936000 0
937000 0
938000 0
939000 0
940000 0
941000 0
942000 0
943000 0
944000 0
945000 0
946000 0
947000 0
948000 0
949000 0
950000 0
951000 0
952000 0
953000 0
954000 0
955000 0
956000 0
957000 0
958000 0
959000 0
960000 0
961000 0
962000 0
963000 0
964000 0
965000 0
966000 0
967000 0
968000 0
969000 0
970000 0
971000 0
972000 0
973000 0
974000 0
975000 0
976000 0
977000 0
978000 0
979000 0
980000 0
981000 0
982000 0
983000 0
984000 0
985000 0
986000 0
987000 0
988000 0
989000 0
990000 0
991000 0
992000 0
993000 0
994000 0
995000 0
996000 0
997000 0
998000 0
999000 0
1000000 0
1001000 0
1002000 0
1003000 0
1004000 0
1005000 0
1006000 0
1007000 0
1008000 0
1009000 0
1010000 0
1011000 0
1012000 0
1013000 0
1014000 0
1015000 0
1016000 0
1017000 0
1018000 0
1019000 0
1020000 0
1021000 0
1022000 0
1023000 0
1024000 0
1025000 0
1026000 0
1027000 0
1028000 0
1029000 0
1030000 0
1031000 0
1032000 0
1033000 0
1034000 0
1035000 0
1036000 0
1037000 0
1038000 0
1039000 0
1040000 0
1041000 0
1042000 0
1043000 0
1044000 0
1045000 0
1046000 0
1047000 0
1048000 0
1049000 0
1050000 0
1051000 0
1052000 0
1053000 0
1054000 0
1055000 0
1056000 0
1057000 0
1058000 0
1059000 0
1060000 0
1061000 0
1062000 0
1063000 0
1064000 0
1065000 0
1066000 0
1067000 0
1068000 0
1069000 0
1070000 0
1071000 0
1072000 0
1073000 0
1074000 0
1075000 0
1076000 0
1077000 0
1078000 0
1079000 0
1080000 0
1081000 0
1082000 0
1083000 0
1084000 0
1085000 0
1086000 0
1087000 0
1088000 0
1089000 0
1090000 0
1091000 0
1092000 0
1093000 0
1094000 0
1095000 0
1096000 0
1097000 0
1098000 0
1099000 0
1100000 0
1101000 0
1102000 0
1103000 0
1104000 0
1105000 0
1106000 0
1107000 0
1108000 0
1109000 0
1110000 0
1111000 0
1112000 0
1113000 0
1114000 0
1115000 0
1116000 0
1117000 0
1118000 0
1119000 0
1120000 0
1121000 0
1122000 0
1123000 0
1124000 0
1125000 0
1126000 0
1127000 0
1128000 0
1129000 0
1130000 0
1131000 0
1132000 0
1133000 0
1134000 0
1135000 0
1136000 0
1137000 0
1138000 0
1139000 0
1140000 0
1141000 0
1142000 0
1143000 0
1144000 0
1145000 0
1146000 0
1147000 0
1148000 0
1149000 0
1150000 0
1151000 0
1152000 0
1153000 0
1154000 0
1155000 0
1156000 0
1157000 0
1158000 0
1159000 0
1160000 0
1161000 0
1162000 0
1163000 0
1164000 0
1165000 0
1166000 0
1167000 0
1168000 0
1169000 0
1170000 0
1171000 0
1172000 0
1173000 0
1174000 0
1175000 0
1176000 0
1177000 0
1178000 0
1179000 0
1180000 0
1181000 0
1182000 0
1183000 0
1184000 0
1185000 0
1186000 0
1187000 0
1188000 0
1189000 0
1190000 0
1191000 0
1192000 0
1193000 0
1194000 0
1195000 0
1196000 0
1197000 0
1198000 0
1199000 0
1200000 0
1201000 0
1202000 0
1203000 0
1204000 0
1205000 0
1206000 0
1207000 0
1208000 0
1209000 0
1210000 0
1211000 0
1212000 0
1213000 0
1214000 0
1215000 0
1216000 0
1217000 0
1218000 0
1219000 0
1220000 0
1221000 0
1222000 0
1223000 0
1224000 0
1225000 0
1226000 0
1227000 0
1228000 0
1229000 0
1230000 0
1231000 0
1232000 0
1233000 0
1234000 0
1235000 0
1236000 0
1237000 0
1238000 0
1239000 0
1240000 0
1241000 0
1242000 0
1243000 0
1244000 0
1245000 0
1246000 0
1247000 0
1248000 0
1249000 0
1250000 0
1251000 0
1252000 0
1253000 0
1254000 0
1255000 0
1256000 0
1257000 0
1258000 0
1259000 0
1260000 0
1261000 0
1262000 0
1263000 0
1264000 0
1265000 0
1266000 0
1267000 0
1268000 0
1269000 0
1270000 0
1271000 0
1272000 0
1273000 0
1274000 0
1275000 0
1276000 0
1277000 0
1278000 0
1279000 0
1280000 0
1281000 0
1282000 0
1283000 0
1284000 0
1285000 0
1286000 0
1287000 0
1288000 0
1289000 0
1290000 0
1291000 0
1292000 0
1293000 0
1294000 0
1295000 0
1296000 0
1297000 0
1298000 0
1299000 0
1300000 0
1301000 0
1302000 0
1303000 0
1304000 0
1305000 0
1306000 0
1307000 0
1308000 0
1309000 0
1310000 0
1311000 0
1312000 0
1313000 0
1314000 0
1315000 0
1316000 0
1317000 0
1318000 0
1319000 0
1320000 0
1321000 0
1322000 0
1323000 0
1324000 0
1325000 0
1326000 0
1327000 0
1328000 0
1329000 0
1330000 0
1331000 0
1332000 0
1333000 0
1334000 0
1335000 0
1336000 0
1337000 0
1338000 0
1339000 0
1340000 0
1341000 0
1342000 0
1343000 0
1344000 0
1345000 0
1346000 0
1347000 0
1348000 0
1349000 0
1350000 0
1351000 0
1352000 0
1353000 0
1354000 0
1355000 0
1356000 0
1357000 0
1358000 0
1359000 0
1360000 0
1361000 0
1362000 0
1363000 0
1364000 0
1365000 0
1366000 0
1367000 0
1368000 0
1369000 0
1370000 0
1371000 0
1372000 0
1373000 0
1374000 0
1375000 0
1376000 0
1377000 0
1378000 0
1379000 0
1380000 0
1381000 0
1382000 0
1383000 0
1384000 0
1385000 0
1386000 0
1387000 0
1388000 0
1389000 0
1390000 0
1391000 0
1392000 0
1393000 0
1394000 0
1395000 0
1396000 0
1397000 0
1398000 0
1399000 0
1400000 0
1401000 0
1402000 0
1403000 0
1404000 0
1405000 0
1406000 0
1407000 0
1408000 0
1409000 0
1410000 0
1411000 0
1412000 0
1413000 0
1414000 0
1415000 0
1416000 0
1417000 0
1418000 0
1419000 0
1420000 0
1421000 0
1422000 0
1423000 0
1424000 0
1425000 0
1426000 0
1427000 0
1428000 0
1429000 0
1430000 0
1431000 0
1432000 0
1433000 0
1434000 0
1435000 0
1436000 0
1437000 0
1438000 0
1439000 0
1440000 0
1441000 0
1442000 0
1443000 0
1444000 0
1445000 0
1446000 0
1447000 0
1448000 0
1449000 0
1450000 0
1451000 0
1452000 0
1453000 0
1454000 0
1455000 0
1456000 0
1457000 0
1458000 0
1459000 0
1460000 0
1461000 0
1462000 0
1463000 0
1464000 0
1465000 0
1466000 0
1467000 0
1468000 0
1469000 0
1470000 0
1471000 0
1472000 0
1473000 0
1474000 0
1475000 0
1476000 0
1477000 0
1478000 0
1479000 0
1480000 0
1481000 0
1482000 0
1483000 0
1484000 0
1485000 0
1486000 0
1487000 0
1488000 0
1489000 0
1490000 0
1491000 0
1492000 0
1493000 0
1494000 0
1495000 0
1496000 0
1497000 0
1498000 0
1499000 0
1500000 0
1501000 0
1502000 0
1503000 0
1504000 0
1505000 0
1506000 0
1507000 0
1508000 0
1509000 0
1510000 0
1511000 0
1512000 0
1513000 0
1514000 0
1515000 0
1516000 0
1517000 0
1518000 1
1519000 1
1520000 1
1521000 1
1522000 1
1523000 1
1524000 1
1525000 1
1526000 1
1527000 1
1528000 1
1529000 1
1530000 1
1531000 1
1532000 1
1533000 1
1534000 1
1535000 1
1536000 1
1537000 1
1538000 1
1539000 1
1540000 1
1541000 1
1542000 2
1543000 2
1544000 2
1545000 2
1546000 2
1547000 2
1548000 2
1549000 2
1550000 2
1551000 2
1552000 2
1553000 2
1554000 2
1555000 2
1556000 2
1557000 2
1558000 2
1559000 2
1560000 2
1561000 2
1562000 2
1563000 2
1564000 2
1565000 2
1566000 2
1567000 2
1568000 2
1569000 2
1570000 2
1571000 2
1572000 2
1573000 2
1574000 2
1575000 2
1576000 2
1577000 2
1578000 2
1579000 2
1580000 2
1581000 2
1582000 2
1583000 2
1584000 2
1585000 2
1586000 2
1587000 2
1588000 2
1589000 2
1590000 2
1591000 2
1592000 2
1593000 2
1594000 2
1595000 2
1596000 2
1597000 2
1598000 2
1599000 2
1600000 2
1601000 2
1602000 2
1603000 2
1604000 2
1605000 2
1606000 2
1607000 2
1608000 2
1609000 2
1610000 2
1611000 2
1612000 2
1613000 2
1614000 2
1615000 2
1616000 2
1617000 2
1618000 2
1619000 2
1620000 2
1621000 2
1622000 2
1623000 2
1624000 2
1625000 2
1626000 2
1627000 2
1628000 2
1629000 2
1630000 2
1631000 2
1632000 2
1633000 2
1634000 2
1635000 2
1636000 2
1637000 2
1638000 2
1639000 2
1640000 2
1641000 2
1642000 2
1643000 2
1644000 2
1645000 2
1646000 2
1647000 2
1648000 2
1649000 2
1650000 2
1651000 2
1652000 2
1653000 2
1654000 2
1655000 2
1656000 2
1657000 2
1658000 2
1659000 2
1660000 2
1661000 2
1662000 2
1663000 2
1664000 2
1665000 2
1666000 2
1667000 2
1668000 2
1669000 2
1670000 2
1671000 2
1672000 2
1673000 2
1674000 2
1675000 2
1676000 2
1677000 2
1678000 2
1679000 2
1680000 2
1681000 2
1682000 2
1683000 2
1684000 2
1685000 2
1686000 2
1687000 2
1688000 2
1689000 2
1690000 2
1691000 2
1692000 2
1693000 2
1694000 2
1695000 2
1696000 2
1697000 2
1698000 2
1699000 2
1700000 2
1701000 2
1702000 2
1703000 2
1704000 2
1705000 2
1706000 2
1707000 2
1708000 2
1709000 2
1710000 2
1711000 2
1712000 2
1713000 2
1714000 2
1715000 2
1716000 2
1717000 2
1718000 2
1719000 2
1720000 2
1721000 2
1722000 2
1723000 2
1724000 2
1725000 2
1726000 2
1727000 2
1728000 2
1729000 2
1730000 2
1731000 2
1732000 2
1733000 2
1734000 2
1735000 2
1736000 2
1737000 2
1738000 2
1739000 2
1740000 2
1741000 2
1742000 2
1743000 2
1744000 2
1745000 2
1746000 2
1747000 2
1748000 2
1749000 2
1750000 2
1751000 2
1752000 2
1753000 2
1754000 2
1755000 2
1756000 2
1757000 2
1758000 2
1759000 2
1760000 2
1761000 2
1762000 2
1763000 2
1764000 2
1765000 2
1766000 2
1767000 2
1768000 2
1769000 2
1770000 2
1771000 2
1772000 2
1773000 2
1774000 2
1775000 2
1776000 2
1777000 2
1778000 2
1779000 2
1780000 2
1781000 2
1782000 2
1783000 2
1784000 2
1785000 2
1786000 2
1787000 2
1788000 2
1789000 2
1790000 2
1791000 2
1792000 2
1793000 2
1794000 2
1795000 2
1796000 2
1797000 2
1798000 2
1799000 2
1800000 2
1801000 2
1802000 2
1803000 2
1804000 2
1805000 2
1806000 2
1807000 2
1808000 2
1809000 2
1810000 2
1811000 2
1812000 2
1813000 2
1814000 2
1815000 2
1816000 2
1817000 2
1818000 2
1819000 2
1820000 2
1821000 2
1822000 2
1823000 2
1824000 2
1825000 2
1826000 2
1827000 2
1828000 2
1829000 2
1830000 2
1831000 2
1832000 2
1833000 2
1834000 2
1835000 2
1836000 2
1837000 2
1838000 2
1839000 2
1840000 2
1841000 2
1842000 2
1843000 2
1844000 2
1845000 2
1846000 2
1847000 2
1848000 2
1849000 2
1850000 2
1851000 2
1852000 2
1853000 2
1854000 2
1855000 2
1856000 2
1857000 2
1858000 2
1859000 2
1860000 2
1861000 2
1862000 2
1863000 2
1864000 2
1865000 2
1866000 2
1867000 2
1868000 2
1869000 2
1870000 2
1871000 2
1872000 2
1873000 2
1874000 2
1875000 2
1876000 2
1877000 2
1878000 2
1879000 2
1880000 2
1881000 2
1882000 2
1883000 2
1884000 2
1885000 2
1886000 2
1887000 2
1888000 2
1889000 2
1890000 2
1891000 2
1892000 2
1893000 2
1894000 2
1895000 2
1896000 2
1897000 2
1898000 2
1899000 2
1900000 2
1901000 2
1902000 2
1903000 2
1904000 2
1905000 2
1906000 2
1907000 2
1908000 2
1909000 2
1910000 2
1911000 2
1912000 2
1913000 2
1914000 2
1915000 2
1916000 2
1917000 2
1918000 2
1919000 2
1920000 2
1921000 2
1922000 2
1923000 2
1924000 2
1925000 2
1926000 2
1927000 2
1928000 2
1929000 2
1930000 2
1931000 2
1932000 2
1933000 2
1934000 2
1935000 2
1936000 2
1937000 2
1938000 2
1939000 2
1940000 2
1941000 2
1942000 2
1943000 2
1944000 2
1945000 2
1946000 2
1947000 2
1948000 2
1949000 2
1950000 2
1951000 2
1952000 2
1953000 2
1954000 2
1955000 2
1956000 2
1957000 2
1958000 2
1959000 2
1960000 2
1961000 2
1962000 2
1963000 2
1964000 2
1965000 2
1966000 2
1967000 2
1968000 2
1969000 2
1970000 2
1971000 2
1972000 2
1973000 2
1974000 2
1975000 2
1976000 2
1977000 2
1978000 2
1979000 2
1980000 2
1981000 2
1982000 2
1983000 2
1984000 2
1985000 2
1986000 2
1987000 2
1988000 2
1989000 2
1990000 2
1991000 2
1992000 2
1993000 2
1994000 2
1995000 2
1996000 2
1997000 2
1998000 2
1999000 2
2000000 2
2001000 2
2002000 2
2003000 2
2004000 2
2005000 2
2006000 2
2007000 2
2008000 2
2009000 2
2010000 2
2011000 2
2012000 2
2013000 2
2014000 2
2015000 2
2016000 2
2017000 2
2018000 2
2019000 2
2020000 2
2021000 2
2022000 2
2023000 2
2024000 2
2025000 2
2026000 2
2027000 2
2028000 2
2029000 2
2030000 2
2031000 2
2032000 2
2033000 2
2034000 2
2035000 2
2036000 2
2037000 2
2038000 2
2039000 2
2040000 2
2041000 2
2042000 2
2043000 2
2044000 2
2045000 2
2046000 2
2047000 2
2048000 2
2049000 2
2050000 2
2051000 2
2052000 2
2053000 2
2054000 2
2055000 2
2056000 2
2057000 2
2058000 2
2059000 2
2060000 2
2061000 2
2062000 2
2063000 2
2064000 2
2065000 2
2066000 2
2067000 2
2068000 2
2069000 2
2070000 2
2071000 2
2072000 2
2073000 2
2074000 2
2075000 2
2076000 2
2077000 2
2078000 2
2079000 2
2080000 2
2081000 2
2082000 2
2083000 2
2084000 2
2085000 2
2086000 2
2087000 2
2088000 2
2089000 2
2090000 2
2091000 2
2092000 2
2093000 2
2094000 2
2095000 2
2096000 2
2097000 2
2098000 2
2099000 2
2100000 2
2101000 2
2102000 2
2103000 2
2104000 2
2105000 2
2106000 2
2107000 2
2108000 2
2109000 2
2110000 2
2111000 2
2112000 2
2113000 2
2114000 2
2115000 2
2116000 2
2117000 2
2118000 2
2119000 2
2120000 2
2121000 2
2122000 2
2123000 2
2124000 2
2125000 2
2126000 2
2127000 2
2128000 2
2129000 2
2130000 2
2131000 2
2132000 2
2133000 2
2134000 2
2135000 2
2136000 2
2137000 2
2138000 2
2139000 2
2140000 2
2141000 2
2142000 2
2143000 2
2144000 2
2145000 2
2146000 2
2147000 2
2148000 2
2149000 2
2150000 2
2151000 2
2152000 2
2153000 2
2154000 2
2155000 2
2156000 2
2157000 2
2158000 2
2159000 2
2160000 2
2161000 2
2162000 2
2163000 2
2164000 2
2165000 2
2166000 2
2167000 2
2168000 2
2169000 2
2170000 2
2171000 2
2172000 2
2173000 2
2174000 2
2175000 2
2176000 2
2177000 2
2178000 2
2179000 2
2180000 2
2181000 2
2182000 2
2183000 2
2184000 2
2185000 2
2186000 2
2187000 2
2188000 2
2189000 2
2190000 2
2191000 2
2192000 2
2193000 2
2194000 2
2195000 2
2196000 2
2197000 2
2198000 2
2199000 2
2200000 2
2201000 2
2202000 2
2203000 2
2204000 2
2205000 2
2206000 2
2207000 2
2208000 2
2209000 2
2210000 2
2211000 2
2212000 2
2213000 2
2214000 2
2215000 2
2216000 2
2217000 2
2218000 2
2219000 2
2220000 2
2221000 2
2222000 2
2223000 2
2224000 2
2225000 2
2226000 2
2227000 2
2228000 2
2229000 2
2230000 2
2231000 2
2232000 2
2233000 2
2234000 2
2235000 2
2236000 2
2237000 2
2238000 2
2239000 2
2240000 2
2241000 2
2242000 2
2243000 2
2244000 2
2245000 2
2246000 2
2247000 2
2248000 2
2249000 2
2250000 2
2251000 2
2252000 2
2253000 2
2254000 2
2255000 2
2256000 2
2257000 2
2258000 2
2259000 2
2260000 2
2261000 2
2262000 2
2263000 2
2264000 2
2265000 2
2266000 2
2267000 2
2268000 2
2269000 2
2270000 2
2271000 2
2272000 2
2273000 2
2274000 2
2275000 2
2276000 2
2277000 2
2278000 2
2279000 2
2280000 2
2281000 2
2282000 2
2283000 2
2284000 2
2285000 2
2286000 2
2287000 2
2288000 2
2289000 2
2290000 2
2291000 2
2292000 2
2293000 2
2294000 2
2295000 2
2296000 2
2297000 2
2298000 2
2299000 2
2300000 2
2301000 2
2302000 2
2303000 2
2304000 2
2305000 2
2306000 2
2307000 2
2308000 2
2309000 2
2310000 2
2311000 2
2312000 2
2313000 2
2314000 2
2315000 2
2316000 2
2317000 2
2318000 2
2319000 2
2320000 2
2321000 2
2322000 2
2323000 2
2324000 2
2325000 2
2326000 2
2327000 2
2328000 2
2329000 2
2330000 2
2331000 2
2332000 2
2333000 2
2334000 2
2335000 2
2336000 2
2337000 2
2338000 2
2339000 2
2340000 2
2341000 2
2342000 2
2343000 2
2344000 2
2345000 2
2346000 2
2347000 2
2348000 2
2349000 2
2350000 2
2351000 2
2352000 2
2353000 2
2354000 2
2355000 2
2356000 2
2357000 2
2358000 2
2359000 2
2360000 2
2361000 2
2362000 2
2363000 2
2364000 2
2365000 2
2366000 2
2367000 2
2368000 2
2369000 2
2370000 2
2371000 2
2372000 2
2373000 2
2374000 2
2375000 2
2376000 2
2377000 2
2378000 2
2379000 2
2380000 2
2381000 2
2382000 2
2383000 2
2384000 2
2385000 2
2386000 2
2387000 2
2388000 2
2389000 2
2390000 2
2391000 2
2392000 2
2393000 2
2394000 2
2395000 2
2396000 2
2397000 2
2398000 2
2399000 2
2400000 2
2401000 2
2402000 2
2403000 2
2404000 2
2405000 2
2406000 2
2407000 2
2408000 2
2409000 2
2410000 2
2411000 2
2412000 2
2413000 2
2414000 2
2415000 2
2416000 2
2417000 2
2418000 2
2419000 2
2420000 2
2421000 2
2422000 2
2423000 2
2424000 2
2425000 2
2426000 2
2427000 2
2428000 2
2429000 2
2430000 2
2431000 2
2432000 2
2433000 2
2434000 2
2435000 2
2436000 2
2437000 2
2438000 2
2439000 2
2440000 2
2441000 2
2442000 2
2443000 2
2444000 2
2445000 2
2446000 2
2447000 2
2448000 2
2449000 2
2450000 2
2451000 2
2452000 2
2453000 2
2454000 2
2455000 2
2456000 2
2457000 2
2458000 2
2459000 2
2460000 2
2461000 2
2462000 2
2463000 2
2464000 2
2465000 2
2466000 2
2467000 2
2468000 2
2469000 2
2470000 2
2471000 2
2472000 2
2473000 2
2474000 2
2475000 2
2476000 2
2477000 2
2478000 2
2479000 2
2480000 2
2481000 2
2482000 2
2483000 2
2484000 2
2485000 2
2486000 2
2487000 2
2488000 2
2489000 2
2490000 2
2491000 2
2492000 2
2493000 2
2494000 2
2495000 2
2496000 2
2497000 2
2498000 2
2499000 2
2500000 2
2501000 2
2502000 2
2503000 2
2504000 2
2505000 2
2506000 2
2507000 2
2508000 2
2509000 2
2510000 2
2511000 2
2512000 2
2513000 2
2514000 2
2515000 2
2516000 2
2517000 2
2518000 2
2519000 2
2520000 2
2521000 2
2522000 2
2523000 2
2524000 2
2525000 2
2526000 2
2527000 2
2528000 2
2529000 2
2530000 2
2531000 2
2532000 2
2533000 2
2534000 2
2535000 2
2536000 2
2537000 2
2538000 2
2539000 2
2540000 2
2541000 2
2542000 2
2543000 2
2544000 2
2545000 2
2546000 2
2547000 2
2548000 2
2549000 2
2550000 2
2551000 2
2552000 2
2553000 2
2554000 2
2555000 2
2556000 2
2557000 2
2558000 2
2559000 2
2560000 2
2561000 2
2562000 2
2563000 2
2564000 2
2565000 2
2566000 2
2567000 2
2568000 2
2569000 2
2570000 2
2571000 2
2572000 2
2573000 2
2574000 2
2575000 2
2576000 2
2577000 2
2578000 2
2579000 2
2580000 2
2581000 2
2582000 2
2583000 2
2584000 2
2585000 2
2586000 2
2587000 2
2588000 2
2589000 2
2590000 2
2591000 2
2592000 2
2593000 2
2594000 2
2595000 2
2596000 2
2597000 2
2598000 2
2599000 2
2600000 2
2601000 2
2602000 2
2603000 2
2604000 2
2605000 2
2606000 2
2607000 2
2608000 2
2609000 2
2610000 2
2611000 2
2612000 2
2613000 2
2614000 2
2615000 2
2616000 2
2617000 2
2618000 2
2619000 2
2620000 2
2621000 2
2622000 2
2623000 2
2624000 2
2625000 2
2626000 2
2627000 2
2628000 2
2629000 2
2630000 2
2631000 2
2632000 2
2633000 2
2634000 2
2635000 2
2636000 2
2637000 2
2638000 2
2639000 2
2640000 2
2641000 2
2642000 2
2643000 2
2644000 2
2645000 2
2646000 2
2647000 2
2648000 2
2649000 2
2650000 2
2651000 2
2652000 2
2653000 2
2654000 2
2655000 2
2656000 2
2657000 2
2658000 2
2659000 2
2660000 2
2661000 2
2662000 2
2663000 2
2664000 2
2665000 2
2666000 2
2667000 2
2668000 2
2669000 2
2670000 2
2671000 2
2672000 2
2673000 2
2674000 2
2675000 2
2676000 2
2677000 2
2678000 2
2679000 2
2680000 2
2681000 2
2682000 2
2683000 2
2684000 2
2685000 2
2686000 2
2687000 2
2688000 2
2689000 2
2690000 2
2691000 2
2692000 2
2693000 2
2694000 2
2695000 2
2696000 2
2697000 2
2698000 2
2699000 2
2700000 2
2701000 2
2702000 2
2703000 2
2704000 2
2705000 2
2706000 2
2707000 2
2708000 2
2709000 2
2710000 2
2711000 2
2712000 2
2713000 2
2714000 2
2715000 2
2716000 2
2717000 2
2718000 2
2719000 2
2720000 2
2721000 2
2722000 2
2723000 2
2724000 2
2725000 2
2726000 2
2727000 2
2728000 2
2729000 2
2730000 2
2731000 2
2732000 2
2733000 2
2734000 2
2735000 2
2736000 2
2737000 2
2738000 2
2739000 2
2740000 2
2741000 2
2742000 2
2743000 2
2744000 2
2745000 2
2746000 2
2747000 2
2748000 2
2749000 2
2750000 2
2751000 2
2752000 2
2753000 2
2754000 2
2755000 2
2756000 2
2757000 2
2758000 2
2759000 2
2760000 2
2761000 2
2762000 2
2763000 2
2764000 2
2765000 2
2766000 2
2767000 2
2768000 2
2769000 2
2770000 2
2771000 2
2772000 2
2773000 2
2774000 2
2775000 2
2776000 2
2777000 2
2778000 2
2779000 2
2780000 2
2781000 2
2782000 2
2783000 2
2784000 2
2785000 2
2786000 2
2787000 2
2788000 2
2789000 2
2790000 2
2791000 2
2792000 2
2793000 2
2794000 2
2795000 2
2796000 2
2797000 2
2798000 2
2799000 2
2800000 2
2801000 2
2802000 2
2803000 2
2804000 2
2805000 2
2806000 2
2807000 2
2808000 2
2809000 2
2810000 2
2811000 2
2812000 2
2813000 2
2814000 2
2815000 2
2816000 2
2817000 2
2818000 2
2819000 2
2820000 2
2821000 2
2822000 2
2823000 2
2824000 2
2825000 2
2826000 2
2827000 2
2828000 2
2829000 2
2830000 2
2831000 2
2832000 2
2833000 2
2834000 2
2835000 2
2836000 2
2837000 2
2838000 2
2839000 2
2840000 2
2841000 2
2842000 2
2843000 2
2844000 2
2845000 2
2846000 2
2847000 2
2848000 2
2849000 2
2850000 2
2851000 2
2852000 2
2853000 2
2854000 2
2855000 2
2856000 2
2857000 2
2858000 2
2859000 2
2860000 2
2861000 2
2862000 2
2863000 2
2864000 2
2865000 2
2866000 2
2867000 2
2868000 2
2869000 2
2870000 2
2871000 2
2872000 2
2873000 2
2874000 2
2875000 2
2876000 2
2877000 2
2878000 2
2879000 2
2880000 2
2881000 2
2882000 2
2883000 2
2884000 2
2885000 2
2886000 2
2887000 2
2888000 2
2889000 2
2890000 2
2891000 2
2892000 2
2893000 2
2894000 2
2895000 2
2896000 2
2897000 2
2898000 2
2899000 2
2900000 2
2901000 2
2902000 2
2903000 2
2904000 2
2905000 2
2906000 2
2907000 2
2908000 2
2909000 2
2910000 2
2911000 2
2912000 2
2913000 2
2914000 2
2915000 2
2916000 2
2917000 2
2918000 2
2919000 2
2920000 2
2921000 2
2922000 2
2923000 2
2924000 2
2925000 2
2926000 2
2927000 3
2928000 3
2929000 3
2930000 3
2931000 3
2932000 3
2933000 3
2934000 3
2935000 3
2936000 3
2937000 3
2938000 3
2939000 3
2940000 3
2941000 3
2942000 3
2943000 3
2944000 3
2945000 3
2946000 3
2947000 3
2948000 3
2949000 3
2950000 3
2951000 3
2952000 3
2953000 3
2954000 3
2955000 3
2956000 3
2957000 3
2958000 3
2959000 3
2960000 3
2961000 3
2962000 3
2963000 3
2964000 3
2965000 3
2966000 3
2967000 3
2968000 3
2969000 3
2970000 3
2971000 3
2972000 3
2973000 3
2974000 3
2975000 3
2976000 3
2977000 3
2978000 3
2979000 3
2980000 3
2981000 3
2982000 3
2983000 3
2984000 3
2985000 3
2986000 3
2987000 3
2988000 3
2989000 3
2990000 3
2991000 3
2992000 3
2993000 3
2994000 3
2995000 3
2996000 3
2997000 3
2998000 3
2999000 3
3000000 3
3001000 3
3002000 3
3003000 3
3004000 3
3005000 3
3006000 3
3007000 3
3008000 3
3009000 3
3010000 3
3011000 3
3012000 3
3013000 3
3014000 3
3015000 3
3016000 3
3017000 3
3018000 3
3019000 3
3020000 3
3021000 3
3022000 3
3023000 3
3024000 3
3025000 3
3026000 3
3027000 3
3028000 3
3029000 3
3030000 3
3031000 3
3032000 3
3033000 3
3034000 3
3035000 3
3036000 3
3037000 3
3038000 3
3039000 3
3040000 3
3041000 3
3042000 3
3043000 3
3044000 3
3045000 3
3046000 3
3047000 3
3048000 3
3049000 3
3050000 3
3051000 3
3052000 3
3053000 3
3054000 3
3055000 3
3056000 3
3057000 3
3058000 3
3059000 3
3060000 3
3061000 3
3062000 3
3063000 3
3064000 3
3065000 3
3066000 3
3067000 3
3068000 3
3069000 3
3070000 3
3071000 3
3072000 3
3073000 3
3074000 3
3075000 3
3076000 3
3077000 3
3078000 3
3079000 3
3080000 3
3081000 3
3082000 3
3083000 3
3084000 3
3085000 3
3086000 3
3087000 3
3088000 3
3089000 3
3090000 3
3091000 3
3092000 3
3093000 3
3094000 3
3095000 3
3096000 3
3097000 3
3098000 3
3099000 3
3100000 3
3101000 3
3102000 3
3103000 3
3104000 3
3105000 3
3106000 4
3107000 4
3108000 4
3109000 4
3110000 4
3111000 4
3112000 4
3113000 4
3114000 4
3115000 4
3116000 4
3117000 4
3118000 4
3119000 4
3120000 4
3121000 4
3122000 4
3123000 4
3124000 4
3125000 4
3126000 4
3127000 4
3128000 5
3129000 5
3130000 5
3131000 5
3132000 5
3133000 5
3134000 5
3135000 5
3136000 5
3137000 5
3138000 5
3139000 5
3140000 5
3141000 5
3142000 5
3143000 5
3144000 5
3145000 5
3146000 5
3147000 5
3148000 5
3149000 5
3150000 5
3151000 5
3152000 5
3153000 5
3154000 5
3155000 5
3156000 5
3157000 6
3158000 6
3159000 6
3160000 6
3161000 6
3162000 6
3163000 6
3164000 6
3165000 6
3166000 6
3167000 6
3168000 6
3169000 6
3170000 6
3171000 6
3172000 6
3173000 6
3174000 6
3175000 6
3176000 6
3177000 6
3178000 6
3179000 6
3180000 6
3181000 6
3182000 6
3183000 6
3184000 6
3185000 6
3186000 6
3187000 6
3188000 6
3189000 6
3190000 6
3191000 6
3192000 6
3193000 6
3194000 6
3195000 6
3196000 6
3197000 6
3198000 6
3199000 6
3200000 6
3201000 6
3202000 6
3203000 6
3204000 6
3205000 6
3206000 6
3207000 6
3208000 6
3209000 6
3210000 6
3211000 6
3212000 6
3213000 6
3214000 6
3215000 6
3216000 6
3217000 6
3218000 6
3219000 6
3220000 6
3221000 6
3222000 6
3223000 6
3224000 6
3225000 6
3226000 6
3227000 6
3228000 6
3229000 6
3230000 6
3231000 6
3232000 6
3233000 6
3234000 6
3235000 6
3236000 6
3237000 6
3238000 6
3239000 6
3240000 6
3241000 6
3242000 6
3243000 6
3244000 6
3245000 6
3246000 6
3247000 6
3248000 6
3249000 6
3250000 6
3251000 6
3252000 6
3253000 6
3254000 6
3255000 6
3256000 6
3257000 6
3258000 6
3259000 6
3260000 6
3261000 6
3262000 6
3263000 6
3264000 6
3265000 6
3266000 6
3267000 6
3268000 6
3269000 6
3270000 6
3271000 6
3272000 6
3273000 6
3274000 6
3275000 6
3276000 6
3277000 6
3278000 6
3279000 6
3280000 6
3281000 6
3282000 6
3283000 6
3284000 6
3285000 6
3286000 6
3287000 6
3288000 6
3289000 6
3290000 6
3291000 6
3292000 6
3293000 6
3294000 6
3295000 6
3296000 6
3297000 6
3298000 6
3299000 6
3300000 6
3301000 6
3302000 6
3303000 6
3304000 6
3305000 6
3306000 6
3307000 6
3308000 6
3309000 6
3310000 6
3311000 6
3312000 6
3313000 6
3314000 6
3315000 6
3316000 6
3317000 6
3318000 6
3319000 6
3320000 6
3321000 6
3322000 6
3323000 6
3324000 6
3325000 6
3326000 6
3327000 6
3328000 6
3329000 6
3330000 6
3331000 6
3332000 6
3333000 6
3334000 6
3335000 6
3336000 6
3337000 6
3338000 6
3339000 6
3340000 6
3341000 6
3342000 6
3343000 6
3344000 6
3345000 6
3346000 6
3347000 6
3348000 6
3349000 6
3350000 6
3351000 6
3352000 6
3353000 6
3354000 6
3355000 6
3356000 6
3357000 6
3358000 6
3359000 6
3360000 6
3361000 6
3362000 6
3363000 6
3364000 6
3365000 6
3366000 6
3367000 6
3368000 6
3369000 6
3370000 6
3371000 6
3372000 6
3373000 6
3374000 6
3375000 6
3376000 6
3377000 6
3378000 6
3379000 6
3380000 6
3381000 6
3382000 6
3383000 6
3384000 6
3385000 6
3386000 6
3387000 6
3388000 6
3389000 6
3390000 6
3391000 6
3392000 6
3393000 6
3394000 6
3395000 6
3396000 6
3397000 6
3398000 6
3399000 6
3400000 6
3401000 6
3402000 6
3403000 6
3404000 6
3405000 6
3406000 6
3407000 6
3408000 6
3409000 6
3410000 6
3411000 6
3412000 6
3413000 6
3414000 6
3415000 6
3416000 6
3417000 6
3418000 6
3419000 6
3420000 6
3421000 6
3422000 6
3423000 6
3424000 6
3425000 6
3426000 6
3427000 6
3428000 6
3429000 6
3430000 6
3431000 6
3432000 6
3433000 6
3434000 6
3435000 6
3436000 6
3437000 6
3438000 6
3439000 6
3440000 6
3441000 6
3442000 6
3443000 6
3444000 6
3445000 6
3446000 6
3447000 6
3448000 6
3449000 6
3450000 6
3451000 6
3452000 6
3453000 6
3454000 6
3455000 6
3456000 6
3457000 6
3458000 6
3459000 6
3460000 6
3461000 6
3462000 6
3463000 6
3464000 6
3465000 6
3466000 6
3467000 6
3468000 6
3469000 6
3470000 6
3471000 6
3472000 6
3473000 6
3474000 6
3475000 6
3476000 6
3477000 6
3478000 6
3479000 6
3480000 6
3481000 6
3482000 6
3483000 6
3484000 6
3485000 6
3486000 6
3487000 6
3488000 6
3489000 6
3490000 6
3491000 6
3492000 6
3493000 6
3494000 6
3495000 6
3496000 6
3497000 6
3498000 6
3499000 6
3500000 6
3501000 6
3502000 6
3503000 6
3504000 6
3505000 6
3506000 6
3507000 6
3508000 6
3509000 6
3510000 6
3511000 6
3512000 6
3513000 6
3514000 6
3515000 6
3516000 6
3517000 6
3518000 6
3519000 6
3520000 6
3521000 6
3522000 6
3523000 6
3524000 6
3525000 6
3526000 6
3527000 6
3528000 6
3529000 6
3530000 6
3531000 6
3532000 6
3533000 6
3534000 6
3535000 6
3536000 6
3537000 6
3538000 6
3539000 6
3540000 6
3541000 6
3542000 6
3543000 6
3544000 6
3545000 6
3546000 6
3547000 6
3548000 6
3549000 6
3550000 6
3551000 6
3552000 6
3553000 6
3554000 6
3555000 6
3556000 6
3557000 6
3558000 6
3559000 6
3560000 6
3561000 6
3562000 6
3563000 6
3564000 6
3565000 6
3566000 6
3567000 6
3568000 6
3569000 6
3570000 6
3571000 6
3572000 6
3573000 6
3574000 6
3575000 6
3576000 6
3577000 6
3578000 6
3579000 6
3580000 6
3581000 6
3582000 6
3583000 6
3584000 6
3585000 6
3586000 6
3587000 6
3588000 6
3589000 6
3590000 6
3591000 6
3592000 6
3593000 6
3594000 6
3595000 6
3596000 6
3597000 6
3598000 6
3599000 6
3600000 6
3601000 6
3602000 6
3603000 6
3604000 6
3605000 6
3606000 6
3607000 6
3608000 6
3609000 6
3610000 6
3611000 6
3612000 6
3613000 6
3614000 6
3615000 6
3616000 6
3617000 6
3618000 6
3619000 6
3620000 6
3621000 6
3622000 6
3623000 6
3624000 6
3625000 6
3626000 6
3627000 6
3628000 6
3629000 6
3630000 6
3631000 6
3632000 6
3633000 6
3634000 6
3635000 6
3636000 6
3637000 6
3638000 6
3639000 6
3640000 6
3641000 6
3642000 6
3643000 6
3644000 6
3645000 6
3646000 6
3647000 6
3648000 6
3649000 6
3650000 6
3651000 6
3652000 6
3653000 6
3654000 6
3655000 6
3656000 6
3657000 6
3658000 6
3659000 6
3660000 6
3661000 6
3662000 6
3663000 6
3664000 6
3665000 6
3666000 6
3667000 6
3668000 6
3669000 6
3670000 6
3671000 6
3672000 6
3673000 6
3674000 6
3675000 6
3676000 6
3677000 6
3678000 6
3679000 6
3680000 6
3681000 6
3682000 6
3683000 6
3684000 6
3685000 6
3686000 6
3687000 6
3688000 6
3689000 6
3690000 6
3691000 6
3692000 6
3693000 6
3694000 6
3695000 6
3696000 6
3697000 6
3698000 6
3699000 6
3700000 6
3701000 6
3702000 6
3703000 6
3704000 6
3705000 6
3706000 6
3707000 6
3708000 6
3709000 6
3710000 6
3711000 6
3712000 6
3713000 6
3714000 6
3715000 6
3716000 6
3717000 6
3718000 6
3719000 6
3720000 6
3721000 6
3722000 6
3723000 6
3724000 6
3725000 6
3726000 6
3727000 6
3728000 6
3729000 6
3730000 6
3731000 6
3732000 6
3733000 6
3734000 6
3735000 6
3736000 6
3737000 6
3738000 6
3739000 6
3740000 6
3741000 6
3742000 6
3743000 6
3744000 6
3745000 6
3746000 6
3747000 6
3748000 6
3749000 6
3750000 6
3751000 6
3752000 6
3753000 6
3754000 6
3755000 6
3756000 6
3757000 6
3758000 6
3759000 6
3760000 6
3761000 6
3762000 6
3763000 6
3764000 6
3765000 6
3766000 6
3767000 6
3768000 6
3769000 6
3770000 6
3771000 6
3772000 6
3773000 6
3774000 6
3775000 6
3776000 6
3777000 6
3778000 6
3779000 6
3780000 6
3781000 6
3782000 6
3783000 6
3784000 6
3785000 6
3786000 6
3787000 6
3788000 6
3789000 6
3790000 6
3791000 6
3792000 6
3793000 6
3794000 6
3795000 6
3796000 6
3797000 6
3798000 6
3799000 6
3800000 6
3801000 6
3802000 6
3803000 6
3804000 6
3805000 6
3806000 6
3807000 6
3808000 6
3809000 6
3810000 6
3811000 6
3812000 6
3813000 6
3814000 6
3815000 6
3816000 6
3817000 6
3818000 6
3819000 6
3820000 6
3821000 6
3822000 6
3823000 6
3824000 6
3825000 6
3826000 6
3827000 6
3828000 6
3829000 6
3830000 6
3831000 6
3832000 6
3833000 6
3834000 6
3835000 6
3836000 6
3837000 6
3838000 6
3839000 6
3840000 6
3841000 6
3842000 6
3843000 6
3844000 6
3845000 6
3846000 6
3847000 6
3848000 6
3849000 6
3850000 6
3851000 6
3852000 6
3853000 6
3854000 6
3855000 6
3856000 6
3857000 6
3858000 6
3859000 6
3860000 6
3861000 6
3862000 6
3863000 6
3864000 6
3865000 6
3866000 6
3867000 6
3868000 6
3869000 6
3870000 6
3871000 6
3872000 6
3873000 6
3874000 6
3875000 6
3876000 6
3877000 6
3878000 6
3879000 6
3880000 6
3881000 6
3882000 6
3883000 6
3884000 6
3885000 6
3886000 6
3887000 6
3888000 6
3889000 6
3890000 6
3891000 6
3892000 6
3893000 6
3894000 6
3895000 6
3896000 6
3897000 6
3898000 6
3899000 6
3900000 6
3901000 6
3902000 6
3903000 6
3904000 6
3905000 6
3906000 6
3907000 6
3908000 6
3909000 6
3910000 6
3911000 6
3912000 6
3913000 6
3914000 6
3915000 6
3916000 6
3917000 6
3918000 6
3919000 6
3920000 6
3921000 6
3922000 6
3923000 6
3924000 6
3925000 6
3926000 6
3927000 6
3928000 6
3929000 6
3930000 6
3931000 6
3932000 6
3933000 6
3934000 6
3935000 6
3936000 6
3937000 6
3938000 6
3939000 6
3940000 6
3941000 6
3942000 6
3943000 6
3944000 6
3945000 6
3946000 6
3947000 6
3948000 6
3949000 6
3950000 6
3951000 6
3952000 6
3953000 6
3954000 6
3955000 6
3956000 6
3957000 6
3958000 6
3959000 6
3960000 6
3961000 6
3962000 6
3963000 6
3964000 6
3965000 6
3966000 6
3967000 6
3968000 6
3969000 6
3970000 6
3971000 6
3972000 6
3973000 6
3974000 6
3975000 6
3976000 6
3977000 6
3978000 6
3979000 6
3980000 6
3981000 6
3982000 6
3983000 6
3984000 6
3985000 6
3986000 6
3987000 6
3988000 6
3989000 6
3990000 6
3991000 6
3992000 6
3993000 6
3994000 6
3995000 6
3996000 6
3997000 6
3998000 6
3999000 6
4000000 6
4001000 6
4002000 6
4003000 6
4004000 6
4005000 6
4006000 6
4007000 6
4008000 6
4009000 6
4010000 6
4011000 6
4012000 6
4013000 6
4014000 6
4015000 6
4016000 6
4017000 6
4018000 6
4019000 6
4020000 6
4021000 6
4022000 6
4023000 6
4024000 6
4025000 6
4026000 6
4027000 6
4028000 6
4029000 6
4030000 6
4031000 6
4032000 6
4033000 6
4034000 6
4035000 6
4036000 6
4037000 6
4038000 6
4039000 6
4040000 6
4041000 6
4042000 6
4043000 6
4044000 6
4045000 6
4046000 6
4047000 6
4048000 6
4049000 6
4050000 6
4051000 6
4052000 6
4053000 6
4054000 6
4055000 6
4056000 6
4057000 6
4058000 6
4059000 6
4060000 6
4061000 6
4062000 6
4063000 6
4064000 6
4065000 6
4066000 6
4067000 6
4068000 6
4069000 6
4070000 6
4071000 6
4072000 6
4073000 6
4074000 6
4075000 6
4076000 6
4077000 6
4078000 6
4079000 6
4080000 6
4081000 6
4082000 6
4083000 6
4084000 6
4085000 6
4086000 6
4087000 6
4088000 6
4089000 6
4090000 6
4091000 6
4092000 6
4093000 6
4094000 6
4095000 6
4096000 6
4097000 6
4098000 6
4099000 6
4100000 6
4101000 6
4102000 6
4103000 6
4104000 6
4105000 6
4106000 6
4107000 6
4108000 6
4109000 6
4110000 6
4111000 6
4112000 6
4113000 6
4114000 6
4115000 6
4116000 6
4117000 6
4118000 6
4119000 6
4120000 6
4121000 6
4122000 6
4123000 6
4124000 6
4125000 6
4126000 6
4127000 6
4128000 6
4129000 6
4130000 6
4131000 6
4132000 6
4133000 6
4134000 6
4135000 6
4136000 6
4137000 6
4138000 6
4139000 6
4140000 6
4141000 6
4142000 6
4143000 6
4144000 6
4145000 6
4146000 6
4147000 6
4148000 6
4149000 6
4150000 6
4151000 6
4152000 6
4153000 6
4154000 6
4155000 6
4156000 6
4157000 6
4158000 6
4159000 6
4160000 6
4161000 6
4162000 6
4163000 6
4164000 6
4165000 6
4166000 6
4167000 6
4168000 6
4169000 6
4170000 6
4171000 6
4172000 6
4173000 6
4174000 6
4175000 6
4176000 6
4177000 6
4178000 6
4179000 6
4180000 6
4181000 6
4182000 6
4183000 6
4184000 6
4185000 6
4186000 6
4187000 6
4188000 6
4189000 6
4190000 6
4191000 6
4192000 6
4193000 6
4194000 6
4195000 6
4196000 6
4197000 6
4198000 6
4199000 6
4200000 6
4201000 6
4202000 6
4203000 6
4204000 6
4205000 6
4206000 6
4207000 6
4208000 6
4209000 6
4210000 6
4211000 6
4212000 6
4213000 6
4214000 6
4215000 6
4216000 6
4217000 6
4218000 6
4219000 6
4220000 6
4221000 6
4222000 6
4223000 6
4224000 6
4225000 6
4226000 6
4227000 6
4228000 6
4229000 6
4230000 6
4231000 6
4232000 6
4233000 6
4234000 6
4235000 6
4236000 6
4237000 6
4238000 6
4239000 6
4240000 6
4241000 6
4242000 6
4243000 6
4244000 6
4245000 6
4246000 6
4247000 6
4248000 6
4249000 6
4250000 6
4251000 6
4252000 6
4253000 6
4254000 7
4255000 7
4256000 7
4257000 7
4258000 7
4259000 7
4260000 7
4261000 7
4262000 7
4263000 7
4264000 7
4265000 7
4266000 7
4267000 7
4268000 7
4269000 7
4270000 7
4271000 7
4272000 7
4273000 7
4274000 7
4275000 7
4276000 7
4277000 7
4278000 7
4279000 7
4280000 7
4281000 7
4282000 7
4283000 7
4284000 7
4285000 7
4286000 7
4287000 7
4288000 7
4289000 7
4290000 7
4291000 7
4292000 7
4293000 7
4294000 7
4295000 7
4296000 7
4297000 7
4298000 7
4299000 7
4300000 7
4301000 7
4302000 7
4303000 7
4304000 7
4305000 7
4306000 7
4307000 7
4308000 7
4309000 7
4310000 7
4311000 7
4312000 7
4313000 7
4314000 7
4315000 7
4316000 7
4317000 7
4318000 7
4319000 7
4320000 7
4321000 7
4322000 7
4323000 7
4324000 7
4325000 7
4326000 7
4327000 7
4328000 7
4329000 7
4330000 7
4331000 7
4332000 7
4333000 7
4334000 7
4335000 7
4336000 7
4337000 7
4338000 7
4339000 7
4340000 7
4341000 7
4342000 7
4343000 7
4344000 7
4345000 7
4346000 7
4347000 7
4348000 7
4349000 7
4350000 7
4351000 7
4352000 7
4353000 7
4354000 7
4355000 7
4356000 7
4357000 7
4358000 7
4359000 7
4360000 7
4361000 7
4362000 7
4363000 7
4364000 7
4365000 7
4366000 7
4367000 7
4368000 7
4369000 7
4370000 7
4371000 7
4372000 7
4373000 7
4374000 7
4375000 7
4376000 7
4377000 7
4378000 7
4379000 7
4380000 7
4381000 7
4382000 7
4383000 7
4384000 7
4385000 7
4386000 7
4387000 7
4388000 7
4389000 7
4390000 7
4391000 7
4392000 7
4393000 7
4394000 7
4395000 7
4396000 7
4397000 7
4398000 7
4399000 7
4400000 7
4401000 7
4402000 7
4403000 7
4404000 7
4405000 7
4406000 7
4407000 7
4408000 7
4409000 7
4410000 7
4411000 7
4412000 7
4413000 7
4414000 7
4415000 7
4416000 7
4417000 7
4418000 7
4419000 7
4420000 7
4421000 7
4422000 7
4423000 7
4424000 7
4425000 7
4426000 7
4427000 7
4428000 7
4429000 7
4430000 7
4431000 7
4432000 7
4433000 7
4434000 7
4435000 7
4436000 7
4437000 7
4438000 7
4439000 7
4440000 7
4441000 7
4442000 7
4443000 7
4444000 7
4445000 7
4446000 7
4447000 7
4448000 7
4449000 7
4450000 7
4451000 7
4452000 7
4453000 7
4454000 7
4455000 7
4456000 7
4457000 7
4458000 7
4459000 7
4460000 7
4461000 7
4462000 7
4463000 7
4464000 7
4465000 7
4466000 7
4467000 7
4468000 7
4469000 7
4470000 7
4471000 7
4472000 7
4473000 7
4474000 7
4475000 7
4476000 7
4477000 7
4478000 7
4479000 7
4480000 7
4481000 7
4482000 7
4483000 7
4484000 7
4485000 7
4486000 7
4487000 7
4488000 7
4489000 7
4490000 7
4491000 7
4492000 7
4493000 7
4494000 7
4495000 7
4496000 7
4497000 7
4498000 7
4499000 7
4500000 7
4501000 7
4502000 7
4503000 7
4504000 7
4505000 7
4506000 7
4507000 7
4508000 7
4509000 7
4510000 7
4511000 7
4512000 7
4513000 7
4514000 7
4515000 7
4516000 7
4517000 7
4518000 7
4519000 7
4520000 7
4521000 7
4522000 7
4523000 7
4524000 7
4525000 7
4526000 7
4527000 7
4528000 7
4529000 7
4530000 7
4531000 7
4532000 7
4533000 7
4534000 7
4535000 7
4536000 7
4537000 7
4538000 7
4539000 7
4540000 7
4541000 7
4542000 7
4543000 7
4544000 7
4545000 7
4546000 7
4547000 7
4548000 7
4549000 7
4550000 7
4551000 7
4552000 7
4553000 7
4554000 7
4555000 7
4556000 7
4557000 7
4558000 7
4559000 7
4560000 7
4561000 7
4562000 7
4563000 7
4564000 7
4565000 7
4566000 7
4567000 7
4568000 7
4569000 7
4570000 7
4571000 7
4572000 7
4573000 7
4574000 7
4575000 7
4576000 7
4577000 7
4578000 7
4579000 7
4580000 7
4581000 7
4582000 7
4583000 7
4584000 7
4585000 7
4586000 7
4587000 7
4588000 7
4589000 7
4590000 7
4591000 7
4592000 7
4593000 7
4594000 7
4595000 7
4596000 7
4597000 7
4598000 7
4599000 7
4600000 7
4601000 7
4602000 7
4603000 7
4604000 7
4605000 7
4606000 7
4607000 7
4608000 7
4609000 7
4610000 7
4611000 7
4612000 7
4613000 7
4614000 7
4615000 7
4616000 7
4617000 7
4618000 7
4619000 7
4620000 7
4621000 7
4622000 7
4623000 7
4624000 7
4625000 7
4626000 7
4627000 7
4628000 7
4629000 7
4630000 7
4631000 7
4632000 7
4633000 7
4634000 7
4635000 7
4636000 7
4637000 7
4638000 7
4639000 7
4640000 7
4641000 7
4642000 7
4643000 7
4644000 7
4645000 7
4646000 7
4647000 7
4648000 7
4649000 7
4650000 7
4651000 7
4652000 7
4653000 7
4654000 7
4655000 7
4656000 7
4657000 7
4658000 7
4659000 7
4660000 7
4661000 7
4662000 7
4663000 7
4664000 7
4665000 7
4666000 7
4667000 7
4668000 7
4669000 7
4670000 7
4671000 7
4672000 7
4673000 7
4674000 7
4675000 7
4676000 7
4677000 7
4678000 7
4679000 7
4680000 7
4681000 7
4682000 7
4683000 7
4684000 7
4685000 7
4686000 7
4687000 7
4688000 7
4689000 7
4690000 7
4691000 7
4692000 7
4693000 7
4694000 7
4695000 7
4696000 7
4697000 7
4698000 7
4699000 7
4700000 7
4701000 7
4702000 7
4703000 7
4704000 7
4705000 7
4706000 7
4707000 7
4708000 7
4709000 7
4710000 7
4711000 7
4712000 7
4713000 7
4714000 7
4715000 7
4716000 7
4717000 7
4718000 7
4719000 7
4720000 7
4721000 7
4722000 7
4723000 7
4724000 7
4725000 7
4726000 7
4727000 7
4728000 7
4729000 7
4730000 7
4731000 7
4732000 7
4733000 7
4734000 7
4735000 7
4736000 7
4737000 7
4738000 7
4739000 7
4740000 7
4741000 7
4742000 7
4743000 7
4744000 7
4745000 7
4746000 7
4747000 7
4748000 7
4749000 7
4750000 7
4751000 7
4752000 7
4753000 7
4754000 7
4755000 7
4756000 7
4757000 7
4758000 7
4759000 7
4760000 7
4761000 7
4762000 7
4763000 7
4764000 7
4765000 7
4766000 7
4767000 7
4768000 7
4769000 7
4770000 7
4771000 7
4772000 7
4773000 7
4774000 7
4775000 7
4776000 7
4777000 7
4778000 7
4779000 7
4780000 7
4781000 7
4782000 7
4783000 7
4784000 7
4785000 7
4786000 7
4787000 7
4788000 7
4789000 7
4790000 7
4791000 7
4792000 7
4793000 7
4794000 7
4795000 7
4796000 7
4797000 7
4798000 7
4799000 7
4800000 7
4801000 7
4802000 7
4803000 7
4804000 7
4805000 7
4806000 7
4807000 7
4808000 7
4809000 7
4810000 7
4811000 7
4812000 7
4813000 7
4814000 7
4815000 7
4816000 7
4817000 7
4818000 7
4819000 7
4820000 7
4821000 7
4822000 7
4823000 7
4824000 7
4825000 7
4826000 7
4827000 7
4828000 7
4829000 7
4830000 7
4831000 7
4832000 7
4833000 7
4834000 7
4835000 7
4836000 7
4837000 7
4838000 7
4839000 7
4840000 7
4841000 7
4842000 7
4843000 7
4844000 7
4845000 7
4846000 7
4847000 7
4848000 7
4849000 7
4850000 7
4851000 7
4852000 7
4853000 7
4854000 7
4855000 7
4856000 7
4857000 7
4858000 7
4859000 7
4860000 7
4861000 7
4862000 7
4863000 7
4864000 7
4865000 7
4866000 7
4867000 7
4868000 7
4869000 7
4870000 7
4871000 7
4872000 7
4873000 7
4874000 7
4875000 7
4876000 7
4877000 7
4878000 7
4879000 7
4880000 7
4881000 7
4882000 7
4883000 7
4884000 7
4885000 7
4886000 7
4887000 7
4888000 7
4889000 7
4890000 7
4891000 7
4892000 7
4893000 7
4894000 7
4895000 7
4896000 7
4897000 7
4898000 7
4899000 7
4900000 7
4901000 7
4902000 7
4903000 7
4904000 7
4905000 7
4906000 7
4907000 7
4908000 7
4909000 7
4910000 7
4911000 7
4912000 7
4913000 7
4914000 7
4915000 7
4916000 7
4917000 7
4918000 7
4919000 7
4920000 7
4921000 7
4922000 7
4923000 7
4924000 7
4925000 7
4926000 7
4927000 7
4928000 7
4929000 7
4930000 7
4931000 7
4932000 7
4933000 7
4934000 7
4935000 7
4936000 7
4937000 7
4938000 7
4939000 7
4940000 7
4941000 7
4942000 7
4943000 7
4944000 7
4945000 7
4946000 7
4947000 7
4948000 7
4949000 7
4950000 7
4951000 7
4952000 7
4953000 7
4954000 7
4955000 7
4956000 7
4957000 7
4958000 7
4959000 7
4960000 7
4961000 7
4962000 7
4963000 7
4964000 7
4965000 7
4966000 7
4967000 7
4968000 7
4969000 7
4970000 7
4971000 7
4972000 7
4973000 7
4974000 7
4975000 7
4976000 7
4977000 7
4978000 7
4979000 7
4980000 7
4981000 7
4982000 7
4983000 7
4984000 7
4985000 7
4986000 7
4987000 7
4988000 7
4989000 7
4990000 7
4991000 7
4992000 7
4993000 7
4994000 7
4995000 7
4996000 7
4997000 7
4998000 7
4999000 7
5000000 7
