0 0
1000 0
2000 0
3000 0
4000 0
5000 0
6000 0
7000 0
8000 0
9000 0
10000 0
11000 0
12000 0
13000 0
14000 0
15000 0
16000 0
17000 0
18000 0
19000 0
20000 0
21000 0
22000 0
23000 0
24000 0
25000 0
26000 0
27000 0
28000 0
29000 0
30000 0
31000 0
32000 0
33000 0
34000 0
35000 0
36000 0
37000 0
38000 0
39000 0
40000 0
41000 0
42000 0
43000 0
44000 0
45000 0
46000 0
47000 0
48000 0
49000 0
50000 0
51000 0
52000 0
53000 0
54000 0
55000 0
56000 0
57000 0
58000 0
59000 0
60000 0
61000 0
62000 0
63000 0
64000 0
65000 0
66000 0
67000 0
68000 0
69000 0
70000 0
71000 0
72000 0
73000 0
74000 0
75000 0
76000 0
77000 0
78000 0
79000 0
80000 1
81000 1
82000 1
83000 1
84000 1
85000 1
86000 1
87000 1
88000 1
89000 1
90000 1
91000 1
92000 1
93000 1
94000 1
95000 1
96000 1
97000 1
98000 1
99000 1
100000 1
101000 1
102000 1
103000 1
104000 1
105000 1
106000 1
107000 1
108000 1
109000 1
110000 1
111000 1
112000 1
113000 1
114000 1
115000 1
116000 1
117000 1
118000 1
119000 1
120000 1
121000 1
122000 1
123000 1
124000 1
125000 1
126000 1
127000 1
128000 1
129000 1
130000 1
131000 1
132000 1
133000 1
134000 1
135000 1
136000 1
137000 1
138000 1
139000 1
140000 1
141000 1
142000 1
143000 1
144000 1
145000 1
146000 1
147000 1
148000 1
149000 1
150000 1
151000 1
152000 1
153000 1
154000 1
155000 1
156000 1
157000 1
158000 1
159000 1
160000 1
161000 1
162000 1
163000 1
164000 2
165000 2
166000 2
167000 2
168000 2
169000 2
170000 2
171000 2
172000 2
173000 2
174000 2
175000 2
176000 2
177000 2
178000 2
179000 2
180000 2
181000 2
182000 2
183000 2
184000 2
185000 2
186000 2
187000 2
188000 2
189000 2
190000 2
191000 2
192000 2
193000 2
194000 2
195000 2
196000 2
197000 3
198000 3
199000 3
200000 3
201000 3
202000 3
203000 3
204000 3
205000 3
206000 3
207000 3
208000 3
209000 3
210000 3
211000 3
212000 3
213000 3
214000 3
215000 3
216000 3
217000 3
218000 3
219000 3
220000 3
221000 3
222000 3
223000 3
224000 3
225000 3
226000 3
227000 3
228000 3
229000 3
230000 3
231000 4
232000 4
233000 4
234000 4
235000 4
236000 4
237000 4
238000 4
239000 4
240000 4
241000 4
242000 4
243000 4
244000 4
245000 4
246000 4
247000 4
248000 4
249000 4
250000 4
251000 4
252000 4
253000 4
254000 4
255000 4
256000 4
257000 4
258000 4
259000 4
260000 5
261000 5
262000 5
263000 5
264000 5
265000 5
266000 5
267000 5
268000 5
269000 5
270000 5
271000 5
272000 5
273000 5
274000 5
275000 5
276000 5
277000 5
278000 5
279000 5
280000 5
281000 5
282000 5
283000 5
284000 5
285000 5
286000 5
287000 5
288000 5
289000 5
290000 5
291000 5
292000 5
293000 5
294000 5
295000 5
296000 5
297000 5
298000 5
299000 5
300000 6
301000 6
302000 6
303000 6
304000 6
305000 6
306000 6
307000 6
308000 6
309000 6
310000 6
311000 6
312000 6
313000 6
314000 6
315000 6
316000 6
317000 6
318000 6
319000 6
320000 6
321000 6
322000 6
323000 6
324000 6
325000 6
326000 6
327000 6
328000 6
329000 6
330000 6
331000 6
332000 6
333000 6
334000 6
335000 6
336000 6
337000 6
338000 6
339000 6
340000 6
341000 7
342000 7
343000 7
344000 7
345000 7
346000 7
347000 7
348000 7
349000 7
350000 7
351000 7
352000 7
353000 7
354000 7
355000 7
356000 7
357000 7
358000 7
359000 7
360000 7
361000 7
362000 7
363000 7
364000 7
365000 7
366000 7
367000 7
368000 7
369000 7
370000 7
371000 7
372000 7
373000 7
374000 7
375000 7
376000 7
377000 7
378000 7
379000 7
380000 7
381000 7
382000 7
383000 7
384000 7
385000 8
386000 8
387000 8
388000 8
389000 8
390000 8
391000 8
392000 8
393000 8
394000 8
395000 8
396000 8
397000 8
398000 8
399000 8
400000 8
401000 8
402000 8
403000 8
404000 8
405000 8
406000 8
407000 8
408000 9
409000 9
410000 9
411000 9
412000 9
413000 9
414000 9
415000 9
416000 9
417000 9
418000 9
419000 9
420000 9
421000 9
422000 9
423000 9
424000 9
425000 9
426000 9
427000 9
428000 9
429000 9
430000 9
431000 9
432000 9
433000 9
434000 9
435000 9
436000 9
437000 9
438000 9
439000 9
440000 9
441000 9
442000 9
443000 9
444000 9
445000 9
446000 9
447000 9
448000 9
449000 9
450000 9
451000 9
452000 9
453000 9
454000 9
455000 9
456000 9
457000 9
458000 9
459000 9
460000 9
461000 9
462000 9
463000 9
464000 9
465000 9
466000 9
467000 9
468000 9
469000 9
470000 9
471000 9
472000 9
473000 9
474000 9
475000 9
476000 9
477000 9
478000 9
479000 9
480000 9
481000 9
482000 9
483000 9
484000 9
485000 9
486000 9
487000 9
488000 9
489000 9
490000 9
491000 9
492000 9
493000 9
494000 9
495000 9
496000 9
497000 9
498000 9
499000 9
500000 9
501000 9
502000 9
503000 9
504000 9
505000 9
506000 9
507000 9
508000 9
509000 9
510000 9
511000 9
512000 9
513000 9
514000 9
515000 9
516000 9
517000 9
518000 9
519000 9
520000 9
521000 9
522000 9
523000 9
524000 9
525000 9
526000 9
527000 9
528000 9
529000 9
530000 9
531000 9
532000 9
533000 9
534000 9
535000 9
536000 9
537000 9
538000 9
539000 9
540000 9
541000 9
542000 9
543000 9
544000 9
545000 9
546000 9
547000 9
548000 9
549000 9
550000 9
551000 9
552000 9
553000 9
554000 9
555000 9
556000 9
557000 9
558000 9
559000 9
560000 9
561000 9
562000 9
563000 9
564000 9
565000 9
566000 9
567000 9
568000 9
569000 9
570000 9
571000 9
572000 9
573000 9
574000 9
575000 9
576000 9
577000 9
578000 9
579000 9
580000 9
581000 9
582000 9
583000 9
584000 9
585000 10
586000 10
587000 10
588000 10
589000 10
590000 10
591000 10
592000 10
593000 10
594000 10
595000 10
596000 10
597000 10
598000 10
599000 10
600000 10
601000 10
602000 10
603000 10
604000 10
605000 10
606000 10
607000 10
608000 10
609000 11
610000 11
611000 11
612000 11
613000 11
614000 11
615000 11
616000 11
617000 11
618000 11
619000 11
620000 11
621000 11
622000 11
623000 11
624000 11
625000 11
626000 11
627000 11
628000 11
629000 11
630000 11
631000 11
632000 11
633000 11
634000 12
635000 12
636000 12
637000 12
638000 12
639000 12
640000 12
641000 12
642000 12
643000 12
644000 12
645000 12
646000 12
647000 12
648000 12
649000 12
650000 12
651000 12
652000 12
653000 12
654000 12
655000 12
656000 12
657000 12
658000 13
659000 13
660000 13
661000 13
662000 13
663000 13
664000 13
665000 13
666000 13
667000 13
668000 13
669000 13
670000 13
671000 13
672000 13
673000 13
674000 13
675000 13
676000 13
677000 13
678000 13
679000 14
680000 14
681000 14
682000 14
683000 14
684000 14
685000 14
686000 14
687000 14
688000 14
689000 14
690000 14
691000 14
692000 14
693000 14
694000 14
695000 14
696000 14
697000 15
698000 15
699000 15
700000 15
701000 15
702000 15
703000 15
704000 15
705000 15
706000 15
707000 15
708000 15
709000 15
710000 15
711000 15
712000 15
713000 15
714000 15
715000 15
716000 15
717000 15
718000 15
719000 15
720000 15
721000 16
722000 16
723000 16
724000 16
725000 16
726000 16
727000 16
728000 16
729000 16
730000 16
731000 16
732000 16
733000 16
734000 16
735000 16
736000 16
737000 16
738000 16
739000 16
740000 16
741000 16
742000 17
743000 17
744000 17
745000 17
746000 17
747000 17
748000 17
749000 17
750000 17
751000 17
752000 17
753000 17
754000 17
755000 17
756000 17
757000 17
758000 17
759000 17
760000 17
761000 17
762000 17
763000 17
764000 17
765000 18
766000 18
767000 18
768000 18
769000 18
770000 18
771000 18
772000 18
773000 18
774000 18
775000 18
776000 18
777000 18
778000 18
779000 18
780000 18
781000 18
782000 19
783000 19
784000 19
785000 19
786000 19
787000 19
788000 19
789000 19
790000 19
791000 19
792000 19
793000 19
794000 19
795000 19
796000 19
797000 19
798000 19
799000 19
800000 19
801000 19
802000 20
803000 20
804000 20
805000 20
806000 20
807000 20
808000 20
809000 20
810000 20
811000 20
812000 20
813000 20
814000 20
815000 20
816000 20
817000 20
818000 20
819000 20
820000 21
821000 21
822000 21
823000 21
824000 21
825000 21
826000 21
827000 21
828000 21
829000 21
830000 21
831000 21
832000 21
833000 21
834000 21
835000 21
836000 21
837000 21
838000 21
839000 21
840000 22
841000 22
842000 22
843000 22
844000 22
845000 22
846000 22
847000 22
848000 22
849000 22
850000 22
851000 22
852000 22
853000 22
854000 22
855000 22
856000 22
857000 22
858000 23
859000 23
860000 23
861000 23
862000 23
863000 23
864000 23
865000 23
866000 23
867000 23
868000 23
869000 23
870000 23
871000 23
872000 23
873000 23
874000 23
875000 23
876000 23
877000 23
878000 23
879000 23
880000 24
881000 24
882000 24
883000 24
884000 24
885000 24
886000 24
887000 24
888000 24
889000 24
890000 24
891000 24
892000 24
893000 24
894000 24
895000 24
896000 24
897000 24
898000 24
899000 25
900000 25
901000 25
902000 25
903000 25
904000 25
905000 25
906000 25
907000 25
908000 25
909000 25
910000 25
911000 25
912000 25
913000 25
914000 25
915000 25
916000 25
917000 26
918000 26
919000 26
920000 26
921000 26
922000 26
923000 26
924000 26
925000 26
926000 26
927000 26
928000 26
929000 26
930000 26
931000 26
932000 26
933000 27
934000 27
935000 27
936000 27
937000 27
938000 27
939000 27
940000 27
941000 27
942000 27
943000 27
944000 27
945000 27
946000 27
947000 27
948000 27
949000 27
950000 27
951000 27
952000 27
953000 28
954000 28
955000 28
956000 28
957000 28
958000 28
959000 28
960000 28
961000 28
962000 28
963000 28
964000 28
965000 28
966000 28
967000 28
968000 28
969000 28
970000 28
971000 29
972000 29
973000 29
974000 29
975000 29
976000 29
977000 29
978000 29
979000 29
980000 29
981000 29
982000 29
983000 29
984000 29
985000 29
986000 29
987000 29
988000 29
989000 29
990000 29
991000 29
992000 29
993000 29
994000 29
995000 29
996000 30
997000 30
998000 30
999000 30
1000000 30
1001000 30
1002000 30
1003000 30
1004000 30
1005000 30
1006000 30
1007000 30
1008000 30
1009000 30
1010000 30
1011000 30
1012000 30
1013000 30
1014000 30
1015000 30
1016000 30
1017000 30
1018000 30
1019000 30
1020000 30
1021000 30
1022000 30
1023000 30
1024000 31
1025000 31
1026000 31
1027000 31
1028000 31
1029000 31
1030000 31
1031000 31
1032000 31
1033000 31
1034000 31
1035000 31
1036000 31
1037000 31
1038000 31
1039000 31
1040000 31
1041000 31
1042000 31
1043000 31
1044000 31
1045000 32
1046000 32
1047000 32
1048000 32
1049000 32
1050000 32
1051000 32
1052000 32
1053000 32
1054000 32
1055000 32
1056000 32
1057000 32
1058000 32
1059000 32
1060000 32
1061000 32
1062000 32
1063000 32
1064000 32
1065000 32
1066000 32
1067000 32
1068000 32
1069000 33
1070000 33
1071000 33
1072000 33
1073000 33
1074000 33
1075000 33
1076000 33
1077000 33
1078000 33
1079000 33
1080000 33
1081000 33
1082000 33
1083000 33
1084000 33
1085000 33
1086000 33
1087000 34
1088000 34
1089000 34
1090000 34
1091000 34
1092000 34
1093000 34
1094000 34
1095000 34
1096000 34
1097000 34
1098000 34
1099000 34
1100000 34
1101000 34
1102000 34
1103000 34
1104000 34
1105000 34
1106000 34
1107000 34
1108000 35
1109000 35
1110000 35
1111000 35
1112000 35
1113000 35
1114000 35
1115000 35
1116000 35
1117000 35
1118000 35
1119000 35
1120000 35
1121000 35
1122000 35
1123000 35
1124000 35
1125000 35
1126000 35
1127000 35
1128000 35
1129000 35
1130000 36
1131000 36
1132000 36
1133000 36
1134000 36
1135000 36
1136000 36
1137000 36
1138000 36
1139000 36
1140000 36
1141000 36
1142000 36
1143000 36
1144000 36
1145000 36
1146000 36
1147000 36
1148000 36
1149000 36
1150000 36
1151000 37
1152000 37
1153000 37
1154000 37
1155000 37
1156000 37
1157000 37
1158000 37
1159000 37
1160000 37
1161000 37
1162000 37
1163000 37
1164000 37
1165000 37
1166000 37
1167000 37
1168000 37
1169000 37
1170000 37
1171000 37
1172000 38
1173000 38
1174000 38
1175000 38
1176000 38
1177000 38
1178000 38
1179000 38
1180000 38
1181000 38
1182000 38
1183000 38
1184000 38
1185000 38
1186000 38
1187000 38
1188000 38
1189000 38
1190000 38
1191000 38
1192000 38
1193000 38
1194000 38
1195000 38
1196000 38
1197000 38
1198000 38
1199000 38
1200000 39
1201000 39
1202000 39
1203000 39
1204000 39
1205000 39
1206000 39
1207000 39
1208000 39
1209000 39
1210000 39
1211000 39
1212000 39
1213000 39
1214000 39
1215000 39
1216000 39
1217000 39
1218000 39
1219000 39
1220000 39
1221000 39
1222000 39
1223000 39
1224000 39
1225000 39
1226000 39
1227000 39
1228000 39
1229000 39
1230000 39
1231000 39
1232000 40
1233000 40
1234000 40
1235000 40
1236000 40
1237000 40
1238000 40
1239000 40
1240000 40
1241000 40
1242000 40
1243000 40
1244000 40
1245000 40
1246000 40
1247000 40
1248000 40
1249000 40
1250000 40
1251000 40
1252000 40
1253000 40
1254000 40
1255000 40
1256000 40
1257000 40
1258000 40
1259000 40
1260000 40
1261000 40
1262000 40
1263000 40
1264000 40
1265000 40
1266000 40
1267000 40
1268000 40
1269000 40
1270000 40
1271000 40
1272000 40
1273000 40
1274000 40
1275000 40
1276000 40
1277000 40
1278000 40
1279000 40
1280000 40
1281000 40
1282000 40
1283000 40
1284000 40
1285000 40
1286000 40
1287000 40
1288000 40
1289000 40
1290000 40
1291000 40
1292000 40
1293000 40
1294000 40
1295000 40
1296000 40
1297000 40
1298000 40
1299000 40
1300000 40
1301000 40
1302000 40
1303000 40
1304000 40
1305000 40
1306000 40
1307000 40
1308000 40
1309000 40
1310000 40
1311000 40
1312000 40
1313000 40
1314000 40
1315000 40
1316000 40
1317000 40
1318000 40
1319000 40
1320000 40
1321000 40
1322000 40
1323000 40
1324000 40
1325000 40
1326000 40
1327000 40
1328000 40
1329000 40
1330000 40
1331000 40
1332000 40
1333000 40
1334000 40
1335000 40
1336000 40
1337000 40
1338000 40
1339000 40
1340000 40
1341000 40
1342000 40
1343000 40
1344000 40
1345000 40
1346000 40
1347000 40
1348000 40
1349000 40
1350000 40
1351000 40
1352000 40
1353000 40
1354000 40
1355000 40
1356000 40
1357000 40
1358000 40
1359000 40
1360000 40
1361000 40
1362000 40
1363000 40
1364000 40
1365000 40
1366000 40
1367000 40
1368000 40
1369000 40
1370000 40
1371000 40
1372000 40
1373000 40
1374000 40
1375000 40
1376000 40
1377000 40
1378000 40
1379000 40
1380000 40
1381000 40
1382000 40
1383000 40
1384000 40
1385000 40
1386000 40
1387000 40
1388000 40
1389000 40
1390000 40
1391000 40
1392000 40
1393000 40
1394000 40
1395000 40
1396000 40
1397000 40
1398000 40
1399000 40
1400000 40
1401000 40
1402000 40
1403000 40
1404000 40
1405000 40
1406000 40
1407000 40
1408000 40
1409000 40
1410000 41
1411000 41
1412000 41
1413000 41
1414000 41
1415000 41
1416000 41
1417000 41
1418000 41
1419000 41
1420000 41
1421000 41
1422000 41
1423000 41
1424000 41
1425000 41
1426000 41
1427000 41
1428000 41
1429000 41
1430000 41
1431000 41
1432000 41
1433000 41
1434000 41
1435000 41
1436000 41
1437000 41
1438000 41
1439000 41
1440000 41
1441000 41
1442000 41
1443000 42
1444000 42
1445000 42
1446000 42
1447000 42
1448000 42
1449000 42
1450000 42
1451000 42
1452000 42
1453000 42
1454000 42
1455000 42
1456000 42
1457000 42
1458000 42
1459000 42
1460000 42
1461000 42
1462000 42
1463000 42
1464000 42
1465000 42
1466000 42
1467000 42
1468000 42
1469000 42
1470000 42
1471000 42
1472000 43
1473000 43
1474000 43
1475000 43
1476000 43
1477000 43
1478000 43
1479000 43
1480000 43
1481000 43
1482000 43
1483000 43
1484000 43
1485000 43
1486000 43
1487000 43
1488000 43
1489000 43
1490000 43
1491000 43
1492000 43
1493000 43
1494000 43
1495000 43
1496000 43
1497000 43
1498000 43
1499000 43
1500000 43
1501000 43
1502000 43
1503000 43
1504000 43
1505000 43
1506000 43
1507000 43
1508000 43
1509000 43
1510000 43
1511000 43
1512000 43
1513000 43
1514000 43
1515000 43
1516000 43
1517000 43
1518000 43
1519000 43
1520000 43
1521000 43
1522000 43
1523000 43
1524000 43
1525000 43
1526000 43
1527000 43
1528000 43
1529000 43
1530000 43
1531000 43
1532000 43
1533000 43
1534000 43
1535000 43
1536000 43
1537000 43
1538000 43
1539000 43
1540000 43
1541000 43
1542000 43
1543000 43
1544000 43
1545000 43
1546000 43
1547000 43
1548000 43
1549000 43
1550000 43
1551000 43
1552000 43
1553000 43
1554000 43
1555000 43
1556000 43
1557000 43
1558000 43
1559000 43
1560000 43
1561000 43
1562000 43
1563000 43
1564000 43
1565000 43
1566000 43
1567000 43
1568000 43
1569000 43
1570000 43
1571000 43
1572000 43
1573000 43
1574000 43
1575000 43
1576000 43
1577000 43
1578000 43
1579000 43
1580000 43
1581000 43
1582000 43
1583000 43
1584000 43
1585000 43
1586000 43
1587000 43
1588000 43
1589000 43
1590000 43
1591000 43
1592000 43
1593000 43
1594000 43
1595000 43
1596000 43
1597000 43
1598000 43
1599000 43
1600000 43
1601000 43
1602000 43
1603000 43
1604000 43
1605000 43
1606000 43
1607000 43
1608000 43
1609000 43
1610000 43
1611000 43
1612000 43
1613000 43
1614000 43
1615000 43
1616000 43
1617000 43
1618000 43
1619000 43
1620000 43
1621000 43
1622000 43
1623000 43
1624000 43
1625000 43
1626000 43
1627000 43
1628000 43
1629000 43
1630000 43
1631000 43
1632000 43
1633000 43
1634000 43
1635000 43
1636000 43
1637000 43
1638000 43
1639000 43
1640000 43
1641000 43
1642000 43
1643000 43
1644000 43
1645000 43
1646000 43
1647000 43
1648000 43
1649000 43
1650000 43
1651000 43
1652000 43
1653000 43
1654000 43
1655000 43
1656000 43
1657000 43
1658000 43
1659000 43
1660000 43
1661000 43
1662000 43
1663000 43
1664000 43
1665000 43
1666000 43
1667000 43
1668000 43
1669000 43
1670000 43
1671000 43
1672000 43
1673000 43
1674000 43
1675000 43
1676000 43
1677000 43
1678000 43
1679000 43
1680000 43
1681000 43
1682000 44
1683000 44
1684000 44
1685000 44
1686000 44
1687000 44
1688000 44
1689000 44
1690000 44
1691000 44
1692000 44
1693000 44
1694000 44
1695000 44
1696000 44
1697000 44
1698000 44
1699000 44
1700000 44
1701000 44
1702000 44
1703000 44
1704000 44
1705000 44
1706000 44
1707000 44
1708000 44
1709000 44
1710000 44
1711000 44
1712000 44
1713000 44
1714000 44
1715000 44
1716000 44
1717000 44
1718000 44
1719000 44
1720000 44
1721000 44
1722000 44
1723000 44
1724000 44
1725000 44
1726000 44
1727000 44
1728000 44
1729000 44
1730000 44
1731000 44
1732000 44
1733000 44
1734000 44
1735000 44
1736000 44
1737000 44
1738000 44
1739000 44
1740000 44
1741000 44
1742000 44
1743000 44
1744000 45
1745000 45
1746000 45
1747000 45
1748000 45
1749000 45
1750000 45
1751000 45
1752000 45
1753000 45
1754000 45
1755000 45
1756000 45
1757000 45
1758000 45
1759000 45
1760000 45
1761000 45
1762000 45
1763000 45
1764000 45
1765000 45
1766000 45
1767000 45
1768000 45
1769000 45
1770000 45
1771000 45
1772000 45
1773000 45
1774000 45
1775000 45
1776000 45
1777000 45
1778000 45
1779000 45
1780000 45
1781000 45
1782000 45
1783000 45
1784000 45
1785000 45
1786000 45
1787000 45
1788000 45
1789000 45
1790000 45
1791000 45
1792000 45
1793000 45
1794000 45
1795000 45
1796000 45
1797000 45
1798000 46
1799000 46
1800000 46
1801000 46
1802000 46
1803000 46
1804000 46
1805000 46
1806000 46
1807000 46
1808000 46
1809000 46
1810000 46
1811000 46
1812000 46
1813000 46
1814000 46
1815000 46
1816000 46
1817000 46
1818000 46
1819000 46
1820000 46
1821000 46
1822000 46
1823000 46
1824000 46
1825000 46
1826000 46
1827000 46
1828000 46
1829000 46
1830000 46
1831000 46
1832000 46
1833000 46
1834000 46
1835000 46
1836000 46
1837000 46
1838000 46
1839000 46
1840000 46
1841000 46
1842000 46
1843000 46
1844000 46
1845000 46
1846000 46
1847000 46
1848000 46
1849000 46
1850000 46
1851000 46
1852000 46
1853000 46
1854000 46
1855000 46
1856000 46
1857000 46
1858000 46
1859000 46
1860000 46
1861000 46
1862000 46
1863000 46
1864000 46
1865000 46
1866000 46
1867000 46
1868000 46
1869000 46
1870000 46
1871000 46
1872000 46
1873000 46
1874000 46
1875000 46
1876000 46
1877000 46
1878000 46
1879000 46
1880000 46
1881000 46
1882000 46
1883000 46
1884000 46
1885000 46
1886000 46
1887000 46
1888000 46
1889000 46
1890000 46
1891000 46
1892000 46
1893000 46
1894000 46
1895000 46
1896000 46
1897000 46
1898000 46
1899000 46
1900000 46
1901000 46
1902000 46
1903000 46
1904000 46
1905000 46
1906000 46
1907000 46
1908000 46
1909000 46
1910000 46
1911000 46
1912000 46
1913000 46
1914000 46
1915000 46
1916000 46
1917000 46
1918000 46
1919000 46
1920000 46
1921000 46
1922000 46
1923000 46
1924000 46
1925000 46
1926000 46
1927000 46
1928000 46
1929000 46
1930000 46
1931000 46
1932000 46
1933000 46
1934000 46
1935000 46
1936000 46
1937000 46
1938000 46
1939000 46
1940000 46
1941000 46
1942000 46
1943000 46
1944000 46
1945000 46
1946000 46
1947000 46
1948000 46
1949000 46
1950000 46
1951000 46
1952000 46
1953000 46
1954000 46
1955000 46
1956000 46
1957000 46
1958000 46
1959000 46
1960000 46
1961000 46
1962000 46
1963000 46
1964000 46
1965000 46
1966000 46
1967000 46
1968000 46
1969000 46
1970000 46
1971000 46
1972000 46
1973000 46
1974000 46
1975000 46
1976000 46
1977000 46
1978000 46
1979000 46
1980000 46
1981000 46
1982000 46
1983000 46
1984000 46
1985000 46
1986000 46
1987000 46
1988000 46
1989000 46
1990000 46
1991000 46
1992000 46
1993000 46
1994000 46
1995000 46
1996000 46
1997000 46
1998000 46
1999000 46
2000000 46
2001000 47
2002000 47
2003000 47
2004000 47
2005000 47
2006000 47
2007000 47
2008000 47
2009000 47
2010000 47
2011000 47
2012000 47
2013000 47
2014000 47
2015000 47
2016000 47
2017000 47
2018000 47
2019000 47
2020000 47
2021000 47
2022000 47
2023000 47
2024000 47
2025000 47
2026000 47
2027000 47
2028000 47
2029000 47
2030000 47
2031000 47
2032000 47
2033000 47
2034000 47
2035000 47
2036000 47
2037000 47
2038000 47
2039000 47
2040000 47
2041000 47
2042000 47
2043000 47
2044000 47
2045000 47
2046000 47
2047000 47
2048000 47
2049000 47
2050000 47
2051000 47
2052000 47
2053000 47
2054000 47
2055000 47
2056000 47
2057000 47
2058000 47
2059000 48
2060000 48
2061000 48
2062000 48
2063000 48
2064000 48
2065000 48
2066000 48
2067000 48
2068000 48
2069000 48
2070000 48
2071000 48
2072000 48
2073000 48
2074000 48
2075000 48
2076000 48
2077000 48
2078000 48
2079000 48
2080000 48
2081000 48
2082000 48
2083000 48
2084000 48
2085000 48
2086000 48
2087000 48
2088000 48
2089000 48
2090000 48
2091000 48
2092000 48
2093000 48
2094000 48
2095000 48
2096000 48
2097000 48
2098000 48
2099000 48
2100000 48
2101000 48
2102000 48
2103000 48
2104000 48
2105000 48
2106000 48
2107000 48
2108000 48
2109000 48
2110000 48
2111000 48
2112000 48
2113000 48
2114000 48
2115000 48
2116000 48
2117000 48
2118000 48
2119000 48
2120000 48
2121000 48
2122000 48
2123000 48
2124000 48
2125000 48
2126000 48
2127000 48
2128000 48
2129000 48
2130000 48
2131000 48
2132000 48
2133000 48
2134000 48
2135000 48
2136000 48
2137000 48
2138000 48
2139000 48
2140000 48
2141000 48
2142000 48
2143000 48
2144000 48
2145000 48
2146000 48
2147000 48
2148000 48
2149000 48
2150000 48
2151000 48
2152000 48
2153000 48
2154000 48
2155000 48
2156000 48
2157000 48
2158000 48
2159000 48
2160000 48
2161000 48
2162000 48
2163000 48
2164000 48
2165000 48
2166000 48
2167000 48
2168000 48
2169000 48
2170000 48
2171000 48
2172000 48
2173000 48
2174000 48
2175000 48
2176000 48
2177000 48
2178000 48
2179000 48
2180000 48
2181000 48
2182000 48
2183000 48
2184000 48
2185000 48
2186000 48
2187000 48
2188000 48
2189000 48
2190000 48
2191000 48
2192000 48
2193000 48
2194000 48
2195000 48
2196000 48
2197000 48
2198000 48
2199000 48
2200000 48
2201000 48
2202000 48
2203000 48
2204000 48
2205000 48
2206000 48
2207000 48
2208000 48
2209000 48
2210000 48
2211000 48
2212000 48
2213000 48
2214000 48
2215000 48
2216000 48
2217000 48
2218000 48
2219000 48
2220000 48
2221000 48
2222000 48
2223000 48
2224000 48
2225000 48
2226000 48
2227000 48
2228000 48
2229000 48
2230000 48
2231000 48
2232000 48
2233000 48
2234000 48
2235000 48
2236000 48
2237000 48
2238000 48
2239000 48
2240000 48
2241000 48
2242000 48
2243000 48
2244000 48
2245000 48
2246000 48
2247000 48
2248000 48
2249000 48
2250000 48
2251000 48
2252000 48
2253000 48
2254000 48
2255000 48
2256000 48
2257000 48
2258000 48
2259000 48
2260000 48
2261000 48
2262000 48
2263000 48
2264000 48
2265000 48
2266000 48
2267000 48
2268000 48
2269000 48
2270000 48
2271000 48
2272000 48
2273000 48
2274000 48
2275000 48
2276000 48
2277000 48
2278000 48
2279000 48
2280000 48
2281000 48
2282000 48
2283000 48
2284000 48
2285000 48
2286000 48
2287000 48
2288000 48
2289000 48
2290000 48
2291000 48
2292000 48
2293000 48
2294000 48
2295000 48
2296000 48
2297000 48
2298000 48
2299000 48
2300000 48
2301000 48
2302000 48
2303000 48
2304000 48
2305000 48
2306000 48
2307000 48
2308000 48
2309000 48
2310000 48
2311000 48
2312000 48
2313000 48
2314000 48
2315000 48
2316000 48
2317000 48
2318000 48
2319000 48
2320000 48
2321000 48
2322000 48
2323000 48
2324000 48
2325000 48
2326000 48
2327000 48
2328000 48
2329000 48
2330000 48
2331000 48
2332000 48
2333000 48
2334000 48
2335000 48
2336000 48
2337000 48
2338000 48
2339000 48
2340000 48
2341000 48
2342000 48
2343000 48
2344000 48
2345000 48
2346000 48
2347000 48
2348000 48
2349000 48
2350000 48
2351000 48
2352000 48
2353000 48
2354000 48
2355000 49
2356000 49
2357000 49
2358000 49
2359000 49
2360000 49
2361000 49
2362000 49
2363000 49
2364000 49
2365000 49
2366000 49
2367000 49
2368000 49
2369000 49
2370000 49
2371000 49
2372000 49
2373000 49
2374000 49
2375000 49
2376000 49
2377000 49
2378000 49
2379000 49
2380000 49
2381000 49
2382000 49
2383000 49
2384000 49
2385000 49
2386000 49
2387000 49
2388000 49
2389000 49
2390000 49
2391000 49
2392000 49
2393000 49
2394000 49
2395000 49
2396000 49
2397000 49
2398000 50
2399000 50
2400000 50
2401000 50
2402000 50
2403000 50
2404000 50
2405000 50
2406000 50
2407000 50
2408000 50
2409000 50
2410000 50
2411000 50
2412000 50
2413000 50
2414000 50
2415000 50
2416000 50
2417000 50
2418000 50
2419000 50
2420000 50
2421000 50
2422000 50
2423000 50
2424000 50
2425000 50
2426000 50
2427000 50
2428000 50
2429000 50
2430000 50
2431000 50
2432000 50
2433000 50
2434000 50
2435000 51
2436000 51
2437000 51
2438000 51
2439000 51
2440000 51
2441000 51
2442000 51
2443000 51
2444000 51
2445000 51
2446000 51
2447000 51
2448000 51
2449000 51
2450000 51
2451000 51
2452000 51
2453000 51
2454000 51
2455000 51
2456000 51
2457000 51
2458000 51
2459000 51
2460000 51
2461000 51
2462000 51
2463000 51
2464000 51
2465000 51
2466000 51
2467000 51
2468000 51
2469000 51
2470000 51
2471000 51
2472000 51
2473000 51
2474000 51
2475000 51
2476000 51
2477000 51
2478000 51
2479000 51
2480000 51
2481000 51
2482000 51
2483000 51
2484000 51
2485000 51
2486000 51
2487000 51
2488000 51
2489000 51
2490000 51
2491000 51
2492000 51
2493000 51
2494000 51
2495000 51
2496000 51
2497000 51
2498000 51
2499000 51
2500000 51
2501000 51
2502000 51
2503000 51
2504000 51
2505000 51
2506000 51
2507000 51
2508000 51
2509000 51
2510000 51
2511000 51
2512000 51
2513000 51
2514000 51
2515000 51
2516000 51
2517000 51
2518000 51
2519000 51
2520000 51
2521000 51
2522000 51
2523000 51
2524000 51
2525000 51
2526000 52
2527000 52
2528000 52
2529000 52
2530000 52
2531000 52
2532000 52
2533000 52
2534000 52
2535000 52
2536000 52
2537000 52
2538000 52
2539000 52
2540000 52
2541000 52
2542000 52
2543000 52
2544000 52
2545000 52
2546000 52
2547000 52
2548000 52
2549000 52
2550000 52
2551000 52
2552000 52
2553000 52
2554000 52
2555000 52
2556000 52
2557000 52
2558000 52
2559000 52
2560000 52
2561000 52
2562000 52
2563000 53
2564000 53
2565000 53
2566000 53
2567000 53
2568000 53
2569000 53
2570000 53
2571000 53
2572000 53
2573000 53
2574000 53
2575000 53
2576000 53
2577000 53
2578000 53
2579000 53
2580000 53
2581000 53
2582000 53
2583000 53
2584000 53
2585000 53
2586000 53
2587000 53
2588000 53
2589000 53
2590000 53
2591000 53
2592000 53
2593000 53
2594000 53
2595000 54
2596000 54
2597000 54
2598000 54
2599000 54
2600000 54
2601000 54
2602000 54
2603000 54
2604000 54
2605000 54
2606000 54
2607000 54
2608000 54
2609000 54
2610000 54
2611000 54
2612000 54
2613000 54
2614000 54
2615000 54
2616000 54
2617000 54
2618000 54
2619000 54
2620000 54
2621000 54
2622000 54
2623000 54
2624000 55
2625000 55
2626000 55
2627000 55
2628000 55
2629000 55
2630000 55
2631000 55
2632000 55
2633000 55
2634000 55
2635000 55
2636000 55
2637000 55
2638000 55
2639000 55
2640000 55
2641000 55
2642000 55
2643000 55
2644000 55
2645000 55
2646000 55
2647000 55
2648000 56
2649000 56
2650000 56
2651000 56
2652000 56
2653000 56
2654000 56
2655000 56
2656000 56
2657000 56
2658000 56
2659000 56
2660000 56
2661000 56
2662000 56
2663000 56
2664000 56
2665000 56
2666000 56
2667000 56
2668000 56
2669000 56
2670000 56
2671000 57
2672000 57
2673000 57
2674000 57
2675000 57
2676000 57
2677000 57
2678000 57
2679000 57
2680000 57
2681000 57
2682000 57
2683000 57
2684000 57
2685000 57
2686000 57
2687000 57
2688000 57
2689000 57
2690000 57
2691000 57
2692000 57
2693000 57
2694000 57
2695000 57
2696000 57
2697000 58
2698000 58
2699000 58
2700000 58
2701000 58
2702000 58
2703000 58
2704000 58
2705000 58
2706000 58
2707000 58
2708000 58
2709000 58
2710000 58
2711000 58
2712000 58
2713000 58
2714000 58
2715000 58
2716000 58
2717000 58
2718000 58
2719000 58
2720000 59
2721000 59
2722000 59
2723000 59
2724000 59
2725000 59
2726000 59
2727000 59
2728000 59
2729000 59
2730000 59
2731000 59
2732000 59
2733000 59
2734000 59
2735000 59
2736000 59
2737000 59
2738000 59
2739000 59
2740000 59
2741000 59
2742000 59
2743000 59
2744000 59
2745000 59
2746000 60
2747000 60
2748000 60
2749000 60
2750000 60
2751000 60
2752000 60
2753000 60
2754000 60
2755000 60
2756000 60
2757000 60
2758000 60
2759000 60
2760000 60
2761000 60
2762000 60
2763000 60
2764000 60
2765000 60
2766000 60
2767000 60
2768000 60
2769000 60
2770000 61
2771000 61
2772000 61
2773000 61
2774000 61
2775000 61
2776000 61
2777000 61
2778000 61
2779000 61
2780000 61
2781000 61
2782000 61
2783000 61
2784000 61
2785000 61
2786000 61
2787000 61
2788000 61
2789000 62
2790000 62
2791000 62
2792000 62
2793000 62
2794000 62
2795000 62
2796000 62
2797000 62
2798000 62
2799000 62
2800000 62
2801000 62
2802000 62
2803000 62
2804000 62
2805000 62
2806000 62
2807000 62
2808000 62
2809000 62
2810000 62
2811000 62
2812000 63
2813000 63
2814000 63
2815000 63
2816000 63
2817000 63
2818000 63
2819000 63
2820000 63
2821000 63
2822000 63
2823000 63
2824000 63
2825000 63
2826000 63
2827000 63
2828000 63
2829000 63
2830000 63
2831000 63
2832000 63
2833000 63
2834000 63
2835000 63
2836000 64
2837000 64
2838000 64
2839000 64
2840000 64
2841000 64
2842000 64
2843000 64
2844000 64
2845000 64
2846000 64
2847000 64
2848000 64
2849000 64
2850000 64
2851000 64
2852000 64
2853000 64
2854000 64
2855000 64
2856000 64
2857000 64
2858000 64
2859000 64
2860000 64
2861000 64
2862000 64
2863000 64
2864000 64
2865000 64
2866000 64
2867000 64
2868000 64
2869000 64
2870000 64
2871000 64
2872000 64
2873000 64
2874000 64
2875000 64
2876000 64
2877000 64
2878000 64
2879000 64
2880000 64
2881000 65
2882000 65
2883000 65
2884000 65
2885000 65
2886000 65
2887000 65
2888000 65
2889000 65
2890000 65
2891000 65
2892000 65
2893000 65
2894000 65
2895000 65
2896000 65
2897000 65
2898000 65
2899000 65
2900000 65
2901000 65
2902000 65
2903000 65
2904000 65
2905000 65
2906000 65
2907000 65
2908000 65
2909000 65
2910000 65
2911000 65
2912000 65
2913000 65
2914000 65
2915000 65
2916000 65
2917000 65
2918000 65
2919000 65
2920000 65
2921000 65
2922000 65
2923000 65
2924000 65
2925000 65
2926000 65
2927000 65
2928000 65
2929000 65
2930000 65
2931000 65
2932000 66
2933000 66
2934000 66
2935000 66
2936000 66
2937000 66
2938000 66
2939000 66
2940000 66
2941000 66
2942000 66
2943000 66
2944000 66
2945000 66
2946000 66
2947000 66
2948000 66
2949000 66
2950000 66
2951000 66
2952000 66
2953000 66
2954000 66
2955000 67
2956000 67
2957000 67
2958000 67
2959000 67
2960000 67
2961000 67
2962000 67
2963000 67
2964000 67
2965000 67
2966000 67
2967000 67
2968000 67
2969000 67
2970000 67
2971000 67
2972000 67
2973000 67
2974000 67
2975000 67
2976000 68
2977000 68
2978000 68
2979000 68
2980000 68
2981000 68
2982000 68
2983000 68
2984000 68
2985000 68
2986000 68
2987000 68
2988000 68
2989000 68
2990000 68
2991000 68
2992000 68
2993000 68
2994000 68
2995000 68
2996000 68
2997000 68
2998000 69
2999000 69
3000000 69
3001000 69
3002000 69
3003000 69
3004000 69
3005000 69
3006000 69
3007000 69
3008000 69
3009000 69
3010000 69
3011000 69
3012000 69
3013000 69
3014000 69
3015000 69
3016000 69
3017000 69
3018000 69
3019000 69
3020000 69
3021000 70
3022000 70
3023000 70
3024000 70
3025000 70
3026000 70
3027000 70
3028000 70
3029000 70
3030000 70
3031000 70
3032000 70
3033000 70
3034000 70
3035000 70
3036000 70
3037000 70
3038000 70
3039000 70
3040000 70
3041000 70
3042000 70
3043000 70
3044000 70
3045000 70
3046000 70
3047000 70
3048000 70
3049000 71
3050000 71
3051000 71
3052000 71
3053000 71
3054000 71
3055000 71
3056000 71
3057000 71
3058000 71
3059000 71
3060000 71
3061000 71
3062000 71
3063000 71
3064000 71
3065000 71
3066000 71
3067000 71
3068000 71
3069000 71
3070000 71
3071000 71
3072000 71
3073000 71
3074000 71
3075000 71
3076000 71
3077000 72
3078000 72
3079000 72
3080000 72
3081000 72
3082000 72
3083000 72
3084000 72
3085000 72
3086000 72
3087000 72
3088000 72
3089000 72
3090000 72
3091000 72
3092000 72
3093000 72
3094000 72
3095000 72
3096000 72
3097000 73
3098000 73
3099000 73
3100000 73
3101000 73
3102000 73
3103000 73
3104000 73
3105000 73
3106000 73
3107000 73
3108000 73
3109000 73
3110000 73
3111000 73
3112000 73
3113000 73
3114000 73
3115000 73
3116000 73
3117000 73
3118000 73
3119000 74
3120000 74
3121000 74
3122000 74
3123000 74
3124000 74
3125000 74
3126000 74
3127000 74
3128000 74
3129000 74
3130000 74
3131000 74
3132000 74
3133000 74
3134000 74
3135000 74
3136000 74
3137000 74
3138000 74
3139000 74
3140000 74
3141000 74
3142000 75
3143000 75
3144000 75
3145000 75
3146000 75
3147000 75
3148000 75
3149000 75
3150000 75
3151000 75
3152000 75
3153000 75
3154000 75
3155000 75
3156000 75
3157000 75
3158000 75
3159000 75
3160000 75
3161000 75
3162000 75
3163000 75
3164000 75
3165000 75
3166000 75
3167000 75
3168000 76
3169000 76
3170000 76
3171000 76
3172000 76
3173000 76
3174000 76
3175000 76
3176000 76
3177000 76
3178000 76
3179000 76
3180000 76
3181000 76
3182000 76
3183000 76
3184000 76
3185000 76
3186000 76
3187000 76
3188000 76
3189000 76
3190000 76
3191000 76
3192000 76
3193000 76
3194000 77
3195000 77
3196000 77
3197000 77
3198000 77
3199000 77
3200000 77
3201000 77
3202000 77
3203000 77
3204000 77
3205000 77
3206000 77
3207000 77
3208000 77
3209000 77
3210000 77
3211000 77
3212000 77
3213000 77
3214000 77
3215000 78
3216000 78
3217000 78
3218000 78
3219000 78
3220000 78
3221000 78
3222000 78
3223000 78
3224000 78
3225000 78
3226000 78
3227000 78
3228000 78
3229000 78
3230000 78
3231000 78
3232000 78
3233000 78
3234000 78
3235000 78
3236000 78
3237000 78
3238000 78
3239000 79
3240000 79
3241000 79
3242000 79
3243000 79
3244000 79
3245000 79
3246000 79
3247000 79
3248000 79
3249000 79
3250000 79
3251000 79
3252000 79
3253000 79
3254000 79
3255000 79
3256000 79
3257000 79
3258000 79
3259000 79
3260000 79
3261000 79
3262000 79
3263000 79
3264000 80
3265000 80
3266000 80
3267000 80
3268000 80
3269000 80
3270000 80
3271000 80
3272000 80
3273000 80
3274000 80
3275000 80
3276000 80
3277000 80
3278000 80
3279000 80
3280000 80
3281000 80
3282000 80
3283000 80
3284000 80
3285000 80
3286000 80
3287000 81
3288000 81
3289000 81
3290000 81
3291000 81
3292000 81
3293000 81
3294000 81
3295000 81
3296000 81
3297000 81
3298000 81
3299000 81
3300000 81
3301000 81
3302000 81
3303000 81
3304000 81
3305000 81
3306000 81
3307000 81
3308000 81
3309000 81
3310000 82
3311000 82
3312000 82
3313000 82
3314000 82
3315000 82
3316000 82
3317000 82
3318000 82
3319000 82
3320000 82
3321000 82
3322000 82
3323000 82
3324000 82
3325000 82
3326000 82
3327000 82
3328000 82
3329000 82
3330000 82
3331000 82
3332000 82
3333000 82
3334000 82
3335000 82
3336000 83
3337000 83
3338000 83
3339000 83
3340000 83
3341000 83
3342000 83
3343000 83
3344000 83
3345000 83
3346000 83
3347000 83
3348000 83
3349000 83
3350000 83
3351000 83
3352000 83
3353000 83
3354000 83
3355000 83
3356000 83
3357000 84
3358000 84
3359000 84
3360000 84
3361000 84
3362000 84
3363000 84
3364000 84
3365000 84
3366000 84
3367000 84
3368000 84
3369000 84
3370000 84
3371000 84
3372000 84
3373000 84
3374000 84
3375000 84
3376000 84
3377000 84
3378000 84
3379000 85
3380000 85
3381000 85
3382000 85
3383000 85
3384000 85
3385000 85
3386000 85
3387000 85
3388000 85
3389000 85
3390000 85
3391000 85
3392000 85
3393000 85
3394000 85
3395000 85
3396000 85
3397000 85
3398000 85
3399000 85
3400000 85
3401000 85
3402000 85
3403000 85
3404000 86
3405000 86
3406000 86
3407000 86
3408000 86
3409000 86
3410000 86
3411000 86
3412000 86
3413000 86
3414000 86
3415000 86
3416000 86
3417000 86
3418000 86
3419000 86
3420000 86
3421000 86
3422000 86
3423000 86
3424000 86
3425000 86
3426000 87
3427000 87
3428000 87
3429000 87
3430000 87
3431000 87
3432000 87
3433000 87
3434000 87
3435000 87
3436000 87
3437000 87
3438000 87
3439000 87
3440000 87
3441000 87
3442000 87
3443000 87
3444000 87
3445000 87
3446000 87
3447000 88
3448000 88
3449000 88
3450000 88
3451000 88
3452000 88
3453000 88
3454000 88
3455000 88
3456000 88
3457000 88
3458000 88
3459000 88
3460000 88
3461000 88
3462000 88
3463000 88
3464000 88
3465000 88
3466000 88
3467000 88
3468000 88
3469000 88
3470000 89
3471000 89
3472000 89
3473000 89
3474000 89
3475000 89
3476000 89
3477000 89
3478000 89
3479000 89
3480000 89
3481000 89
3482000 89
3483000 89
3484000 89
3485000 89
3486000 89
3487000 89
3488000 90
3489000 90
3490000 90
3491000 90
3492000 90
3493000 90
3494000 90
3495000 90
3496000 90
3497000 90
3498000 90
3499000 90
3500000 90
3501000 90
3502000 90
3503000 90
3504000 90
3505000 90
3506000 90
3507000 90
3508000 90
3509000 90
3510000 90
3511000 90
3512000 91
3513000 91
3514000 91
3515000 91
3516000 91
3517000 91
3518000 91
3519000 91
3520000 91
3521000 91
3522000 91
3523000 91
3524000 91
3525000 91
3526000 91
3527000 91
3528000 91
3529000 91
3530000 91
3531000 91
3532000 91
3533000 91
3534000 92
3535000 92
3536000 92
3537000 92
3538000 92
3539000 92
3540000 92
3541000 92
3542000 92
3543000 92
3544000 92
3545000 92
3546000 92
3547000 92
3548000 92
3549000 92
3550000 92
3551000 92
3552000 92
3553000 92
3554000 92
3555000 92
3556000 93
3557000 93
3558000 93
3559000 93
3560000 93
3561000 93
3562000 93
3563000 93
3564000 93
3565000 93
3566000 93
3567000 93
3568000 93
3569000 93
3570000 93
3571000 93
3572000 93
3573000 93
3574000 93
3575000 93
3576000 93
3577000 93
3578000 93
3579000 93
3580000 94
3581000 94
3582000 94
3583000 94
3584000 94
3585000 94
3586000 94
3587000 94
3588000 94
3589000 94
3590000 94
3591000 94
3592000 94
3593000 94
3594000 94
3595000 94
3596000 94
3597000 94
3598000 94
3599000 94
3600000 94
3601000 94
3602000 94
3603000 94
3604000 94
3605000 95
3606000 95
3607000 95
3608000 95
3609000 95
3610000 95
3611000 95
3612000 95
3613000 95
3614000 95
3615000 95
3616000 95
3617000 95
3618000 95
3619000 95
3620000 95
3621000 95
3622000 95
3623000 95
3624000 95
3625000 95
3626000 95
3627000 95
3628000 95
3629000 96
3630000 96
3631000 96
3632000 96
3633000 96
3634000 96
3635000 96
3636000 96
3637000 96
3638000 96
3639000 96
3640000 96
3641000 96
3642000 96
3643000 96
3644000 96
3645000 96
3646000 96
3647000 96
3648000 96
3649000 96
3650000 96
3651000 97
3652000 97
3653000 97
3654000 97
3655000 97
3656000 97
3657000 97
3658000 97
3659000 97
3660000 97
3661000 97
3662000 97
3663000 97
3664000 97
3665000 97
3666000 97
3667000 97
3668000 97
3669000 97
3670000 97
3671000 97
3672000 97
3673000 97
3674000 98
3675000 98
3676000 98
3677000 98
3678000 98
3679000 98
3680000 98
3681000 98
3682000 98
3683000 98
3684000 98
3685000 98
3686000 98
3687000 98
3688000 98
3689000 98
3690000 98
3691000 98
3692000 98
3693000 98
3694000 99
3695000 99
3696000 99
3697000 99
3698000 99
3699000 99
3700000 99
3701000 99
3702000 99
3703000 99
3704000 99
3705000 99
3706000 99
3707000 99
3708000 99
3709000 99
3710000 99
3711000 99
3712000 99
3713000 99
3714000 100
3715000 100
3716000 100
3717000 100
3718000 100
3719000 100
3720000 100
3721000 100
3722000 100
3723000 100
3724000 100
3725000 100
3726000 100
3727000 100
3728000 100
3729000 100
3730000 100
3731000 100
3732000 100
3733000 100
3734000 100
3735000 100
3736000 101
3737000 101
3738000 101
3739000 101
3740000 101
3741000 101
3742000 101
3743000 101
3744000 101
3745000 101
3746000 101
3747000 101
3748000 101
3749000 101
3750000 101
3751000 101
3752000 101
3753000 101
3754000 101
3755000 101
3756000 101
3757000 101
3758000 101
3759000 101
3760000 101
3761000 101
3762000 102
3763000 102
3764000 102
3765000 102
3766000 102
3767000 102
3768000 102
3769000 102
3770000 102
3771000 102
3772000 102
3773000 102
3774000 102
3775000 102
3776000 102
3777000 102
3778000 102
3779000 102
3780000 102
3781000 102
3782000 102
3783000 102
3784000 102
3785000 102
3786000 102
3787000 102
3788000 103
3789000 103
3790000 103
3791000 103
3792000 103
3793000 103
3794000 103
3795000 103
3796000 103
3797000 103
3798000 103
3799000 103
3800000 103
3801000 103
3802000 103
3803000 103
3804000 103
3805000 103
3806000 103
3807000 103
3808000 103
3809000 103
3810000 103
3811000 104
3812000 104
3813000 104
3814000 104
3815000 104
3816000 104
3817000 104
3818000 104
3819000 104
3820000 104
3821000 104
3822000 104
3823000 104
3824000 104
3825000 104
3826000 104
3827000 104
3828000 104
3829000 104
3830000 104
3831000 104
3832000 104
3833000 104
3834000 104
3835000 105
3836000 105
3837000 105
3838000 105
3839000 105
3840000 105
3841000 105
3842000 105
3843000 105
3844000 105
3845000 105
3846000 105
3847000 105
3848000 105
3849000 105
3850000 105
3851000 105
3852000 105
3853000 105
3854000 105
3855000 105
3856000 105
3857000 105
3858000 105
3859000 106
3860000 106
3861000 106
3862000 106
3863000 106
3864000 106
3865000 106
3866000 106
3867000 106
3868000 106
3869000 106
3870000 106
3871000 106
3872000 106
3873000 106
3874000 106
3875000 106
3876000 106
3877000 106
3878000 106
3879000 106
3880000 107
3881000 107
3882000 107
3883000 107
3884000 107
3885000 107
3886000 107
3887000 107
3888000 107
3889000 107
3890000 107
3891000 107
3892000 107
3893000 107
3894000 107
3895000 107
3896000 107
3897000 107
3898000 107
3899000 107
3900000 107
3901000 107
3902000 107
3903000 107
3904000 108
3905000 108
3906000 108
3907000 108
3908000 108
3909000 108
3910000 108
3911000 108
3912000 108
3913000 108
3914000 108
3915000 108
3916000 108
3917000 108
3918000 108
3919000 108
3920000 108
3921000 108
3922000 108
3923000 108
3924000 108
3925000 108
3926000 108
3927000 108
3928000 108
3929000 109
3930000 109
3931000 109
3932000 109
3933000 109
3934000 109
3935000 109
3936000 109
3937000 109
3938000 109
3939000 109
3940000 109
3941000 109
3942000 109
3943000 109
3944000 109
3945000 109
3946000 109
3947000 109
3948000 109
3949000 109
3950000 109
3951000 109
3952000 110
3953000 110
3954000 110
3955000 110
3956000 110
3957000 110
3958000 110
3959000 110
3960000 110
3961000 110
3962000 110
3963000 110
3964000 110
3965000 110
3966000 110
3967000 110
3968000 110
3969000 110
3970000 110
3971000 110
3972000 110
3973000 110
3974000 110
3975000 111
3976000 111
3977000 111
3978000 111
3979000 111
3980000 111
3981000 111
3982000 111
3983000 111
3984000 111
3985000 111
3986000 111
3987000 111
3988000 111
3989000 111
3990000 111
3991000 111
3992000 111
3993000 111
3994000 111
3995000 111
3996000 111
3997000 111
3998000 112
3999000 112
4000000 112
4001000 112
4002000 112
4003000 112
4004000 112
4005000 112
4006000 112
4007000 112
4008000 112
4009000 112
4010000 112
4011000 112
4012000 112
4013000 112
4014000 112
4015000 112
4016000 112
4017000 112
4018000 112
4019000 112
4020000 112
4021000 112
4022000 112
4023000 112
4024000 112
4025000 113
4026000 113
4027000 113
4028000 113
4029000 113
4030000 113
4031000 113
4032000 113
4033000 113
4034000 113
4035000 113
4036000 113
4037000 113
4038000 113
4039000 113
4040000 113
4041000 113
4042000 113
4043000 113
4044000 113
4045000 114
4046000 114
4047000 114
4048000 114
4049000 114
4050000 114
4051000 114
4052000 114
4053000 114
4054000 114
4055000 114
4056000 114
4057000 114
4058000 114
4059000 114
4060000 114
4061000 114
4062000 114
4063000 114
4064000 114
4065000 114
4066000 115
4067000 115
4068000 115
4069000 115
4070000 115
4071000 115
4072000 115
4073000 115
4074000 115
4075000 115
4076000 115
4077000 115
4078000 115
4079000 115
4080000 115
4081000 115
4082000 115
4083000 115
4084000 116
4085000 116
4086000 116
4087000 116
4088000 116
4089000 116
4090000 116
4091000 116
4092000 116
4093000 116
4094000 116
4095000 116
4096000 116
4097000 116
4098000 116
4099000 116
4100000 116
4101000 116
4102000 117
4103000 117
4104000 117
4105000 117
4106000 117
4107000 117
4108000 117
4109000 117
4110000 117
4111000 117
4112000 117
4113000 117
4114000 117
4115000 117
4116000 117
4117000 117
4118000 117
4119000 117
4120000 117
4121000 117
4122000 117
4123000 117
4124000 118
4125000 118
4126000 118
4127000 118
4128000 118
4129000 118
4130000 118
4131000 118
4132000 118
4133000 118
4134000 118
4135000 118
4136000 118
4137000 118
4138000 118
4139000 118
4140000 118
4141000 118
4142000 118
4143000 118
4144000 118
4145000 118
4146000 119
4147000 119
4148000 119
4149000 119
4150000 119
4151000 119
4152000 119
4153000 119
4154000 119
4155000 119
4156000 119
4157000 119
4158000 119
4159000 119
4160000 119
4161000 119
4162000 119
4163000 119
4164000 119
4165000 119
4166000 120
4167000 120
4168000 120
4169000 120
4170000 120
4171000 120
4172000 120
4173000 120
4174000 120
4175000 120
4176000 120
4177000 120
4178000 120
4179000 120
4180000 120
4181000 120
4182000 120
4183000 120
4184000 120
4185000 120
4186000 120
4187000 120
4188000 121
4189000 121
4190000 121
4191000 121
4192000 121
4193000 121
4194000 121
4195000 121
4196000 121
4197000 121
4198000 121
4199000 121
4200000 121
4201000 121
4202000 121
4203000 121
4204000 121
4205000 121
4206000 121
4207000 121
4208000 122
4209000 122
4210000 122
4211000 122
4212000 122
4213000 122
4214000 122
4215000 122
4216000 122
4217000 122
4218000 122
4219000 122
4220000 122
4221000 122
4222000 122
4223000 122
4224000 122
4225000 122
4226000 123
4227000 123
4228000 123
4229000 123
4230000 123
4231000 123
4232000 123
4233000 123
4234000 123
4235000 123
4236000 123
4237000 123
4238000 123
4239000 123
4240000 123
4241000 123
4242000 123
4243000 123
4244000 123
4245000 123
4246000 123
4247000 124
4248000 124
4249000 124
4250000 124
4251000 124
4252000 124
4253000 124
4254000 124
4255000 124
4256000 124
4257000 124
4258000 124
4259000 124
4260000 124
4261000 124
4262000 124
4263000 124
4264000 124
4265000 124
4266000 125
4267000 125
4268000 125
4269000 125
4270000 125
4271000 125
4272000 125
4273000 125
4274000 125
4275000 125
4276000 125
4277000 125
4278000 125
4279000 125
4280000 125
4281000 126
4282000 126
4283000 126
4284000 126
4285000 126
4286000 126
4287000 126
4288000 126
4289000 126
4290000 126
4291000 126
4292000 126
4293000 126
4294000 126
4295000 126
4296000 126
4297000 126
4298000 126
4299000 126
4300000 126
4301000 127
4302000 127
4303000 127
4304000 127
4305000 127
4306000 127
4307000 127
4308000 127
4309000 127
4310000 127
4311000 127
4312000 127
4313000 127
4314000 127
4315000 127
4316000 127
4317000 127
4318000 127
4319000 127
4320000 127
4321000 127
4322000 128
4323000 128
4324000 128
4325000 128
4326000 128
4327000 128
4328000 128
4329000 128
4330000 128
4331000 128
4332000 128
4333000 128
4334000 128
4335000 128
4336000 128
4337000 128
4338000 128
4339000 128
4340000 128
4341000 128
4342000 128
4343000 128
4344000 129
4345000 129
4346000 129
4347000 129
4348000 129
4349000 129
4350000 129
4351000 129
4352000 129
4353000 129
4354000 129
4355000 129
4356000 129
4357000 129
4358000 129
4359000 129
4360000 129
4361000 129
4362000 130
4363000 130
4364000 130
4365000 130
4366000 130
4367000 130
4368000 130
4369000 130
4370000 130
4371000 130
4372000 130
4373000 130
4374000 130
4375000 130
4376000 130
4377000 130
4378000 131
4379000 131
4380000 131
4381000 131
4382000 131
4383000 131
4384000 131
4385000 131
4386000 131
4387000 131
4388000 131
4389000 131
4390000 131
4391000 131
4392000 131
4393000 131
4394000 131
4395000 131
4396000 131
4397000 131
4398000 131
4399000 131
4400000 131
4401000 131
4402000 131
4403000 131
4404000 132
4405000 132
4406000 132
4407000 132
4408000 132
4409000 132
4410000 132
4411000 132
4412000 132
4413000 132
4414000 132
4415000 132
4416000 132
4417000 132
4418000 132
4419000 132
4420000 132
4421000 132
4422000 133
4423000 133
4424000 133
4425000 133
4426000 133
4427000 133
4428000 133
4429000 133
4430000 133
4431000 133
4432000 133
4433000 133
4434000 133
4435000 133
4436000 133
4437000 133
4438000 133
4439000 133
4440000 134
4441000 134
4442000 134
4443000 134
4444000 134
4445000 134
4446000 134
4447000 134
4448000 134
4449000 134
4450000 134
4451000 134
4452000 134
4453000 134
4454000 134
4455000 134
4456000 134
4457000 134
4458000 134
4459000 134
4460000 135
4461000 135
4462000 135
4463000 135
4464000 135
4465000 135
4466000 135
4467000 135
4468000 135
4469000 135
4470000 135
4471000 135
4472000 135
4473000 135
4474000 135
4475000 135
4476000 135
4477000 135
4478000 135
4479000 135
4480000 135
4481000 136
4482000 136
4483000 136
4484000 136
4485000 136
4486000 136
4487000 136
4488000 136
4489000 136
4490000 136
4491000 136
4492000 136
4493000 136
4494000 136
4495000 136
4496000 136
4497000 136
4498000 136
4499000 136
4500000 137
4501000 137
4502000 137
4503000 137
4504000 137
4505000 137
4506000 137
4507000 137
4508000 137
4509000 137
4510000 137
4511000 137
4512000 137
4513000 137
4514000 137
4515000 137
4516000 137
4517000 137
4518000 137
4519000 138
4520000 138
4521000 138
4522000 138
4523000 138
4524000 138
4525000 138
4526000 138
4527000 138
4528000 138
4529000 138
4530000 138
4531000 138
4532000 138
4533000 138
4534000 138
4535000 138
4536000 138
4537000 138
4538000 139
4539000 139
4540000 139
4541000 139
4542000 139
4543000 139
4544000 139
4545000 139
4546000 139
4547000 139
4548000 139
4549000 139
4550000 139
4551000 139
4552000 139
4553000 139
4554000 139
4555000 140
4556000 140
4557000 140
4558000 140
4559000 140
4560000 140
4561000 140
4562000 140
4563000 140
4564000 140
4565000 140
4566000 140
4567000 140
4568000 140
4569000 140
4570000 140
4571000 140
4572000 140
4573000 140
4574000 141
4575000 141
4576000 141
4577000 141
4578000 141
4579000 141
4580000 141
4581000 141
4582000 141
4583000 141
4584000 141
4585000 141
4586000 141
4587000 141
4588000 141
4589000 141
4590000 141
4591000 141
4592000 141
4593000 141
4594000 142
4595000 142
4596000 142
4597000 142
4598000 142
4599000 142
4600000 142
4601000 142
4602000 142
4603000 142
4604000 142
4605000 142
4606000 142
4607000 142
4608000 142
4609000 142
4610000 142
4611000 142
4612000 142
4613000 142
4614000 143
4615000 143
4616000 143
4617000 143
4618000 143
4619000 143
4620000 143
4621000 143
4622000 143
4623000 143
4624000 143
4625000 143
4626000 143
4627000 143
4628000 143
4629000 143
4630000 143
4631000 143
4632000 143
4633000 143
4634000 143
4635000 143
4636000 144
4637000 144
4638000 144
4639000 144
4640000 144
4641000 144
4642000 144
4643000 144
4644000 144
4645000 144
4646000 144
4647000 144
4648000 144
4649000 144
4650000 144
4651000 144
4652000 144
4653000 144
4654000 145
4655000 145
4656000 145
4657000 145
4658000 145
4659000 145
4660000 145
4661000 145
4662000 145
4663000 145
4664000 145
4665000 145
4666000 145
4667000 145
4668000 145
4669000 145
4670000 145
4671000 145
4672000 145
4673000 145
4674000 145
4675000 145
4676000 145
4677000 145
4678000 146
4679000 146
4680000 146
4681000 146
4682000 146
4683000 146
4684000 146
4685000 146
4686000 146
4687000 146
4688000 146
4689000 146
4690000 146
4691000 146
4692000 146
4693000 146
4694000 146
4695000 146
4696000 146
4697000 147
4698000 147
4699000 147
4700000 147
4701000 147
4702000 147
4703000 147
4704000 147
4705000 147
4706000 147
4707000 147
4708000 147
4709000 147
4710000 147
4711000 147
4712000 147
4713000 147
4714000 147
4715000 147
4716000 147
4717000 148
4718000 148
4719000 148
4720000 148
4721000 148
4722000 148
4723000 148
4724000 148
4725000 148
4726000 148
4727000 148
4728000 148
4729000 148
4730000 148
4731000 148
4732000 148
4733000 148
4734000 148
4735000 148
4736000 148
4737000 148
4738000 148
4739000 148
4740000 149
4741000 149
4742000 149
4743000 149
4744000 149
4745000 149
4746000 149
4747000 149
4748000 149
4749000 149
4750000 149
4751000 149
4752000 149
4753000 149
4754000 149
4755000 149
4756000 149
4757000 149
4758000 150
4759000 150
4760000 150
4761000 150
4762000 150
4763000 150
4764000 150
4765000 150
4766000 150
4767000 150
4768000 150
4769000 150
4770000 150
4771000 150
4772000 150
4773000 150
4774000 150
4775000 150
4776000 150
4777000 150
4778000 151
4779000 151
4780000 151
4781000 151
4782000 151
4783000 151
4784000 151
4785000 151
4786000 151
4787000 151
4788000 151
4789000 151
4790000 151
4791000 151
4792000 151
4793000 151
4794000 151
4795000 151
4796000 152
4797000 152
4798000 152
4799000 152
4800000 152
4801000 152
4802000 152
4803000 152
4804000 152
4805000 152
4806000 152
4807000 152
4808000 152
4809000 152
4810000 152
4811000 152
4812000 152
4813000 152
4814000 152
4815000 153
4816000 153
4817000 153
4818000 153
4819000 153
4820000 153
4821000 153
4822000 153
4823000 153
4824000 153
4825000 153
4826000 153
4827000 153
4828000 153
4829000 153
4830000 153
4831000 153
4832000 153
4833000 153
4834000 153
4835000 153
4836000 154
4837000 154
4838000 154
4839000 154
4840000 154
4841000 154
4842000 154
4843000 154
4844000 154
4845000 154
4846000 154
4847000 154
4848000 154
4849000 154
4850000 154
4851000 154
4852000 154
4853000 154
4854000 154
4855000 154
4856000 154
4857000 154
4858000 155
4859000 155
4860000 155
4861000 155
4862000 155
4863000 155
4864000 155
4865000 155
4866000 155
4867000 155
4868000 155
4869000 155
4870000 155
4871000 155
4872000 155
4873000 155
4874000 155
4875000 155
4876000 155
4877000 155
4878000 155
4879000 156
4880000 156
4881000 156
4882000 156
4883000 156
4884000 156
4885000 156
4886000 156
4887000 156
4888000 156
4889000 156
4890000 156
4891000 156
4892000 156
4893000 156
4894000 156
4895000 156
4896000 156
4897000 156
4898000 157
4899000 157
4900000 157
4901000 157
4902000 157
4903000 157
4904000 157
4905000 157
4906000 157
4907000 157
4908000 157
4909000 157
4910000 157
4911000 157
4912000 157
4913000 157
4914000 157
4915000 157
4916000 157
4917000 157
4918000 158
4919000 158
4920000 158
4921000 158
4922000 158
4923000 158
4924000 158
4925000 158
4926000 158
4927000 158
4928000 158
4929000 158
4930000 158
4931000 158
4932000 158
4933000 158
4934000 158
4935000 158
4936000 159
4937000 159
4938000 159
4939000 159
4940000 159
4941000 159
4942000 159
4943000 159
4944000 159
4945000 159
4946000 159
4947000 159
4948000 159
4949000 159
4950000 159
4951000 159
4952000 159
4953000 159
4954000 160
4955000 160
4956000 160
4957000 160
4958000 160
4959000 160
4960000 160
4961000 160
4962000 160
4963000 160
4964000 160
4965000 160
4966000 160
4967000 160
4968000 160
4969000 160
4970000 160
4971000 160
4972000 161
4973000 161
4974000 161
4975000 161
4976000 161
4977000 161
4978000 161
4979000 161
4980000 161
4981000 161
4982000 161
4983000 161
4984000 161
4985000 161
4986000 161
4987000 161
4988000 161
4989000 161
4990000 161
4991000 161
4992000 162
4993000 162
4994000 162
4995000 162
4996000 162
4997000 162
4998000 162
4999000 162
5000000 162
