0 0
1000 0
2000 0
3000 0
4000 0
5000 0
6000 0
7000 0
8000 0
9000 0
10000 0
11000 0
12000 0
13000 0
14000 0
15000 0
16000 0
17000 0
18000 0
19000 0
20000 0
21000 0
22000 0
23000 0
24000 0
25000 0
26000 0
27000 0
28000 0
29000 0
30000 0
31000 0
32000 0
33000 0
34000 0
35000 0
36000 0
37000 0
38000 0
39000 0
40000 0
41000 0
42000 0
43000 0
44000 0
45000 0
46000 0
47000 0
48000 0
49000 0
50000 0
51000 0
52000 0
53000 0
54000 0
55000 0
56000 0
57000 0
58000 1
59000 1
60000 1
61000 1
62000 1
63000 1
64000 1
65000 1
66000 1
67000 1
68000 1
69000 1
70000 1
71000 1
72000 1
73000 1
74000 1
75000 1
76000 1
77000 1
78000 1
79000 1
80000 1
81000 1
82000 1
83000 1
84000 1
85000 1
86000 1
87000 1
88000 1
89000 1
90000 1
91000 1
92000 1
93000 1
94000 1
95000 1
96000 1
97000 1
98000 1
99000 1
100000 1
101000 1
102000 1
103000 1
104000 1
105000 1
106000 1
107000 1
108000 1
109000 1
110000 1
111000 2
112000 2
113000 2
114000 2
115000 2
116000 2
117000 2
118000 2
119000 2
120000 2
121000 2
122000 2
123000 2
124000 2
125000 2
126000 2
127000 2
128000 2
129000 2
130000 2
131000 2
132000 2
133000 2
134000 2
135000 2
136000 2
137000 2
138000 2
139000 2
140000 2
141000 2
142000 2
143000 2
144000 2
145000 2
146000 2
147000 2
148000 2
149000 2
150000 2
151000 2
152000 2
153000 2
154000 2
155000 2
156000 2
157000 2
158000 2
159000 2
160000 2
161000 2
162000 2
163000 2
164000 2
165000 2
166000 2
167000 2
168000 2
169000 2
170000 2
171000 2
172000 2
173000 2
174000 2
175000 2
176000 2
177000 2
178000 3
179000 3
180000 3
181000 3
182000 3
183000 3
184000 3
185000 3
186000 3
187000 3
188000 3
189000 3
190000 3
191000 3
192000 3
193000 3
194000 3
195000 3
196000 3
197000 3
198000 3
199000 3
200000 3
201000 3
202000 3
203000 3
204000 3
205000 3
206000 3
207000 3
208000 3
209000 3
210000 3
211000 3
212000 3
213000 3
214000 3
215000 3
216000 3
217000 3
218000 3
219000 3
220000 3
221000 3
222000 3
223000 3
224000 3
225000 3
226000 3
227000 3
228000 3
229000 3
230000 3
231000 3
232000 3
233000 3
234000 3
235000 3
236000 3
237000 3
238000 3
239000 3
240000 3
241000 3
242000 3
243000 3
244000 3
245000 3
246000 3
247000 3
248000 4
249000 4
250000 4
251000 4
252000 4
253000 4
254000 4
255000 4
256000 4
257000 4
258000 4
259000 4
260000 4
261000 4
262000 4
263000 4
264000 4
265000 4
266000 4
267000 4
268000 4
269000 4
270000 4
271000 4
272000 4
273000 4
274000 4
275000 4
276000 4
277000 4
278000 4
279000 4
280000 4
281000 4
282000 4
283000 4
284000 4
285000 4
286000 5
287000 5
288000 5
289000 5
290000 5
291000 5
292000 5
293000 5
294000 5
295000 5
296000 5
297000 5
298000 5
299000 5
300000 5
301000 5
302000 5
303000 5
304000 5
305000 5
306000 5
307000 5
308000 5
309000 5
310000 5
311000 5
312000 5
313000 5
314000 5
315000 5
316000 6
317000 6
318000 6
319000 6
320000 6
321000 6
322000 6
323000 6
324000 6
325000 6
326000 6
327000 6
328000 6
329000 6
330000 6
331000 6
332000 6
333000 6
334000 6
335000 6
336000 6
337000 6
338000 6
339000 6
340000 6
341000 6
342000 6
343000 6
344000 7
345000 7
346000 7
347000 7
348000 7
349000 7
350000 7
351000 7
352000 7
353000 7
354000 7
355000 7
356000 7
357000 7
358000 7
359000 7
360000 7
361000 7
362000 8
363000 8
364000 8
365000 8
366000 8
367000 8
368000 8
369000 8
370000 8
371000 8
372000 8
373000 8
374000 8
375000 8
376000 8
377000 8
378000 8
379000 8
380000 8
381000 8
382000 9
383000 9
384000 9
385000 9
386000 9
387000 9
388000 9
389000 9
390000 9
391000 9
392000 9
393000 9
394000 9
395000 9
396000 9
397000 9
398000 9
399000 9
400000 10
401000 10
402000 10
403000 10
404000 10
405000 10
406000 10
407000 10
408000 10
409000 10
410000 10
411000 10
412000 10
413000 10
414000 10
415000 10
416000 10
417000 10
418000 10
419000 11
420000 11
421000 11
422000 11
423000 11
424000 11
425000 11
426000 11
427000 11
428000 11
429000 11
430000 11
431000 11
432000 11
433000 11
434000 11
435000 11
436000 11
437000 11
438000 11
439000 11
440000 12
441000 12
442000 12
443000 12
444000 12
445000 12
446000 12
447000 12
448000 12
449000 12
450000 12
451000 12
452000 12
453000 12
454000 12
455000 12
456000 12
457000 12
458000 12
459000 12
460000 12
461000 12
462000 12
463000 12
464000 12
465000 12
466000 12
467000 12
468000 13
469000 13
470000 13
471000 13
472000 13
473000 13
474000 13
475000 13
476000 13
477000 13
478000 13
479000 13
480000 13
481000 13
482000 13
483000 13
484000 13
485000 13
486000 13
487000 13
488000 13
489000 13
490000 13
491000 13
492000 13
493000 13
494000 13
495000 13
496000 13
497000 13
498000 13
499000 13
500000 13
501000 13
502000 13
503000 13
504000 13
505000 13
506000 13
507000 13
508000 13
509000 13
510000 14
511000 14
512000 14
513000 14
514000 14
515000 14
516000 14
517000 14
518000 14
519000 14
520000 14
521000 14
522000 14
523000 14
524000 14
525000 14
526000 14
527000 14
528000 14
529000 14
530000 14
531000 14
532000 14
533000 14
534000 14
535000 14
536000 14
537000 15
538000 15
539000 15
540000 15
541000 15
542000 15
543000 15
544000 15
545000 15
546000 15
547000 15
548000 15
549000 15
550000 15
551000 15
552000 15
553000 15
554000 15
555000 15
556000 15
557000 15
558000 15
559000 15
560000 15
561000 15
562000 15
563000 15
564000 15
565000 16
566000 16
567000 16
568000 16
569000 16
570000 16
571000 16
572000 16
573000 16
574000 16
575000 16
576000 16
577000 16
578000 16
579000 16
580000 16
581000 16
582000 16
583000 16
584000 16
585000 16
586000 16
587000 16
588000 16
589000 16
590000 17
591000 17
592000 17
593000 17
594000 17
595000 17
596000 17
597000 17
598000 17
599000 17
600000 17
601000 17
602000 17
603000 17
604000 17
605000 17
606000 17
607000 17
608000 17
609000 17
610000 17
611000 17
612000 17
613000 17
614000 17
615000 17
616000 17
617000 17
618000 17
619000 18
620000 18
621000 18
622000 18
623000 18
624000 18
625000 18
626000 18
627000 18
628000 18
629000 18
630000 18
631000 18
632000 18
633000 18
634000 18
635000 18
636000 18
637000 18
638000 18
639000 18
640000 18
641000 19
642000 19
643000 19
644000 19
645000 19
646000 19
647000 19
648000 19
649000 19
650000 19
651000 19
652000 19
653000 19
654000 19
655000 19
656000 19
657000 19
658000 19
659000 19
660000 19
661000 19
662000 19
663000 19
664000 20
665000 20
666000 20
667000 20
668000 20
669000 20
670000 20
671000 20
672000 20
673000 20
674000 20
675000 20
676000 20
677000 20
678000 20
679000 20
680000 20
681000 20
682000 20
683000 20
684000 20
685000 20
686000 20
687000 20
688000 20
689000 20
690000 21
691000 21
692000 21
693000 21
694000 21
695000 21
696000 21
697000 21
698000 21
699000 21
700000 21
701000 21
702000 21
703000 21
704000 21
705000 21
706000 21
707000 21
708000 21
709000 21
710000 21
711000 22
712000 22
713000 22
714000 22
715000 22
716000 22
717000 22
718000 22
719000 22
720000 22
721000 22
722000 22
723000 22
724000 22
725000 22
726000 22
727000 22
728000 22
729000 22
730000 22
731000 22
732000 22
733000 22
734000 22
735000 23
736000 23
737000 23
738000 23
739000 23
740000 23
741000 23
742000 23
743000 23
744000 23
745000 23
746000 23
747000 23
748000 23
749000 23
750000 23
751000 23
752000 23
753000 23
754000 23
755000 23
756000 23
757000 23
758000 23
759000 23
760000 23
761000 23
762000 23
763000 23
764000 23
765000 23
766000 23
767000 23
768000 23
769000 23
770000 23
771000 23
772000 23
773000 23
774000 23
775000 23
776000 23
777000 24
778000 24
779000 24
780000 24
781000 24
782000 24
783000 24
784000 24
785000 24
786000 24
787000 24
788000 24
789000 24
790000 24
791000 24
792000 24
793000 24
794000 24
795000 24
796000 24
797000 24
798000 24
799000 24
800000 24
801000 24
802000 24
803000 24
804000 24
805000 24
806000 24
807000 24
808000 24
809000 24
810000 25
811000 25
812000 25
813000 25
814000 25
815000 25
816000 25
817000 25
818000 25
819000 25
820000 25
821000 25
822000 25
823000 25
824000 25
825000 25
826000 25
827000 25
828000 25
829000 25
830000 25
831000 25
832000 25
833000 25
834000 25
835000 25
836000 25
837000 25
838000 25
839000 25
840000 25
841000 25
842000 25
843000 25
844000 25
845000 25
846000 25
847000 25
848000 25
849000 25
850000 25
851000 25
852000 25
853000 25
854000 25
855000 25
856000 25
857000 25
858000 25
859000 25
860000 25
861000 25
862000 25
863000 25
864000 25
865000 25
866000 25
867000 25
868000 25
869000 25
870000 25
871000 25
872000 25
873000 25
874000 25
875000 25
876000 26
877000 26
878000 26
879000 26
880000 26
881000 26
882000 26
883000 26
884000 26
885000 26
886000 26
887000 26
888000 26
889000 26
890000 26
891000 26
892000 26
893000 26
894000 26
895000 26
896000 26
897000 26
898000 26
899000 26
900000 26
901000 26
902000 26
903000 26
904000 26
905000 26
906000 26
907000 26
908000 26
909000 26
910000 26
911000 26
912000 26
913000 26
914000 26
915000 26
916000 26
917000 26
918000 26
919000 26
920000 27
921000 27
922000 27
923000 27
924000 27
925000 27
926000 27
927000 27
928000 27
929000 27
930000 27
931000 27
932000 27
933000 27
934000 27
935000 27
936000 27
937000 27
938000 27
939000 27
940000 27
941000 27
942000 27
943000 27
944000 27
945000 27
946000 27
947000 27
948000 27
949000 27
950000 27
951000 27
952000 27
953000 27
954000 28
955000 28
956000 28
957000 28
958000 28
959000 28
960000 28
961000 28
962000 28
963000 28
964000 28
965000 28
966000 28
967000 28
968000 28
969000 28
970000 28
971000 28
972000 28
973000 28
974000 28
975000 28
976000 28
977000 28
978000 28
979000 28
980000 28
981000 28
982000 28
983000 28
984000 28
985000 28
986000 28
987000 28
988000 28
989000 28
990000 28
991000 28
992000 28
993000 28
994000 28
995000 28
996000 28
997000 28
998000 28
999000 28
1000000 28
1001000 28
1002000 28
1003000 28
1004000 28
1005000 28
1006000 28
1007000 28
1008000 28
1009000 28
1010000 28
1011000 28
1012000 28
1013000 28
1014000 28
1015000 28
1016000 28
1017000 28
1018000 28
1019000 28
1020000 28
1021000 28
1022000 28
1023000 28
1024000 28
1025000 28
1026000 28
1027000 28
1028000 28
1029000 28
1030000 28
1031000 28
1032000 28
1033000 28
1034000 28
1035000 28
1036000 28
1037000 28
1038000 28
1039000 28
1040000 28
1041000 28
1042000 28
1043000 28
1044000 28
1045000 28
1046000 28
1047000 28
1048000 28
1049000 28
1050000 28
1051000 28
1052000 28
1053000 28
1054000 28
1055000 28
1056000 28
1057000 28
1058000 28
1059000 28
1060000 28
1061000 28
1062000 28
1063000 28
1064000 28
1065000 28
1066000 28
1067000 28
1068000 28
1069000 28
1070000 28
1071000 28
1072000 28
1073000 28
1074000 28
1075000 28
1076000 28
1077000 28
1078000 28
1079000 28
1080000 28
1081000 28
1082000 28
1083000 28
1084000 28
1085000 28
1086000 28
1087000 28
1088000 28
1089000 28
1090000 28
1091000 28
1092000 28
1093000 28
1094000 28
1095000 28
1096000 28
1097000 28
1098000 28
1099000 28
1100000 28
1101000 28
1102000 28
1103000 28
1104000 28
1105000 28
1106000 28
1107000 28
1108000 28
1109000 28
1110000 28
1111000 28
1112000 28
1113000 28
1114000 28
1115000 28
1116000 28
1117000 28
1118000 28
1119000 28
1120000 28
1121000 28
1122000 28
1123000 28
1124000 28
1125000 28
1126000 28
1127000 28
1128000 28
1129000 28
1130000 28
1131000 28
1132000 28
1133000 28
1134000 28
1135000 28
1136000 28
1137000 28
1138000 28
1139000 28
1140000 28
1141000 28
1142000 28
1143000 28
1144000 28
1145000 28
1146000 28
1147000 28
1148000 28
1149000 28
1150000 28
1151000 28
1152000 28
1153000 28
1154000 28
1155000 28
1156000 28
1157000 28
1158000 28
1159000 28
1160000 28
1161000 28
1162000 28
1163000 28
1164000 28
1165000 28
1166000 28
1167000 28
1168000 28
1169000 28
1170000 28
1171000 28
1172000 28
1173000 28
1174000 28
1175000 28
1176000 28
1177000 28
1178000 28
1179000 28
1180000 28
1181000 28
1182000 28
1183000 28
1184000 28
1185000 28
1186000 28
1187000 29
1188000 29
1189000 29
1190000 29
1191000 29
1192000 29
1193000 29
1194000 29
1195000 29
1196000 29
1197000 29
1198000 29
1199000 29
1200000 29
1201000 29
1202000 29
1203000 29
1204000 29
1205000 29
1206000 29
1207000 29
1208000 29
1209000 29
1210000 29
1211000 29
1212000 29
1213000 29
1214000 29
1215000 29
1216000 29
1217000 29
1218000 29
1219000 29
1220000 30
1221000 30
1222000 30
1223000 30
1224000 30
1225000 30
1226000 30
1227000 30
1228000 30
1229000 30
1230000 30
1231000 30
1232000 30
1233000 30
1234000 30
1235000 30
1236000 30
1237000 30
1238000 30
1239000 30
1240000 30
1241000 30
1242000 30
1243000 30
1244000 30
1245000 30
1246000 30
1247000 30
1248000 30
1249000 30
1250000 30
1251000 30
1252000 30
1253000 30
1254000 31
1255000 31
1256000 31
1257000 31
1258000 31
1259000 31
1260000 31
1261000 31
1262000 31
1263000 31
1264000 31
1265000 31
1266000 31
1267000 31
1268000 31
1269000 31
1270000 31
1271000 31
1272000 31
1273000 31
1274000 31
1275000 31
1276000 31
1277000 31
1278000 31
1279000 31
1280000 31
1281000 31
1282000 31
1283000 31
1284000 31
1285000 31
1286000 31
1287000 31
1288000 31
1289000 31
1290000 31
1291000 31
1292000 31
1293000 31
1294000 31
1295000 31
1296000 31
1297000 31
1298000 31
1299000 31
1300000 31
1301000 31
1302000 31
1303000 31
1304000 31
1305000 31
1306000 31
1307000 31
1308000 31
1309000 31
1310000 31
1311000 31
1312000 31
1313000 31
1314000 31
1315000 31
1316000 31
1317000 31
1318000 31
1319000 31
1320000 31
1321000 31
1322000 31
1323000 31
1324000 31
1325000 31
1326000 31
1327000 31
1328000 31
1329000 31
1330000 31
1331000 31
1332000 31
1333000 31
1334000 31
1335000 31
1336000 31
1337000 31
1338000 31
1339000 31
1340000 31
1341000 31
1342000 31
1343000 31
1344000 31
1345000 31
1346000 31
1347000 31
1348000 31
1349000 31
1350000 31
1351000 31
1352000 31
1353000 31
1354000 31
1355000 31
1356000 31
1357000 31
1358000 31
1359000 31
1360000 31
1361000 31
1362000 31
1363000 31
1364000 31
1365000 31
1366000 31
1367000 31
1368000 31
1369000 31
1370000 31
1371000 31
1372000 31
1373000 31
1374000 31
1375000 31
1376000 31
1377000 31
1378000 31
1379000 31
1380000 31
1381000 31
1382000 31
1383000 31
1384000 31
1385000 31
1386000 31
1387000 31
1388000 31
1389000 31
1390000 31
1391000 31
1392000 31
1393000 31
1394000 31
1395000 31
1396000 31
1397000 31
1398000 31
1399000 31
1400000 31
1401000 31
1402000 31
1403000 31
1404000 31
1405000 31
1406000 31
1407000 31
1408000 31
1409000 31
1410000 31
1411000 31
1412000 31
1413000 31
1414000 31
1415000 31
1416000 31
1417000 31
1418000 31
1419000 31
1420000 31
1421000 31
1422000 31
1423000 31
1424000 31
1425000 31
1426000 31
1427000 31
1428000 31
1429000 31
1430000 31
1431000 31
1432000 31
1433000 31
1434000 31
1435000 31
1436000 31
1437000 31
1438000 31
1439000 31
1440000 31
1441000 31
1442000 31
1443000 31
1444000 31
1445000 31
1446000 31
1447000 31
1448000 31
1449000 31
1450000 31
1451000 31
1452000 31
1453000 31
1454000 31
1455000 31
1456000 31
1457000 31
1458000 32
1459000 32
1460000 32
1461000 32
1462000 32
1463000 32
1464000 32
1465000 32
1466000 32
1467000 32
1468000 32
1469000 32
1470000 32
1471000 32
1472000 32
1473000 32
1474000 32
1475000 32
1476000 32
1477000 32
1478000 32
1479000 32
1480000 32
1481000 32
1482000 32
1483000 32
1484000 32
1485000 32
1486000 32
1487000 32
1488000 32
1489000 32
1490000 32
1491000 32
1492000 32
1493000 32
1494000 32
1495000 32
1496000 32
1497000 32
1498000 32
1499000 32
1500000 32
1501000 32
1502000 32
1503000 32
1504000 32
1505000 32
1506000 32
1507000 32
1508000 32
1509000 33
1510000 33
1511000 33
1512000 33
1513000 33
1514000 33
1515000 33
1516000 33
1517000 33
1518000 33
1519000 33
1520000 33
1521000 33
1522000 33
1523000 33
1524000 33
1525000 33
1526000 33
1527000 33
1528000 33
1529000 33
1530000 33
1531000 33
1532000 33
1533000 33
1534000 33
1535000 34
1536000 34
1537000 34
1538000 34
1539000 34
1540000 34
1541000 34
1542000 34
1543000 34
1544000 34
1545000 34
1546000 34
1547000 34
1548000 34
1549000 34
1550000 34
1551000 34
1552000 34
1553000 34
1554000 34
1555000 34
1556000 34
1557000 34
1558000 34
1559000 34
1560000 34
1561000 34
1562000 34
1563000 34
1564000 34
1565000 34
1566000 34
1567000 34
1568000 34
1569000 34
1570000 35
1571000 35
1572000 35
1573000 35
1574000 35
1575000 35
1576000 35
1577000 35
1578000 35
1579000 35
1580000 35
1581000 35
1582000 35
1583000 35
1584000 35
1585000 35
1586000 35
1587000 35
1588000 35
1589000 35
1590000 35
1591000 35
1592000 35
1593000 35
1594000 35
1595000 35
1596000 35
1597000 35
1598000 35
1599000 35
1600000 35
1601000 35
1602000 35
1603000 35
1604000 35
1605000 35
1606000 35
1607000 35
1608000 35
1609000 35
1610000 35
1611000 35
1612000 35
1613000 35
1614000 35
1615000 35
1616000 35
1617000 35
1618000 35
1619000 35
1620000 35
1621000 35
1622000 35
1623000 35
1624000 35
1625000 35
1626000 35
1627000 35
1628000 35
1629000 35
1630000 35
1631000 35
1632000 35
1633000 35
1634000 35
1635000 35
1636000 35
1637000 35
1638000 35
1639000 35
1640000 35
1641000 35
1642000 35
1643000 35
1644000 35
1645000 35
1646000 35
1647000 35
1648000 35
1649000 35
1650000 35
1651000 35
1652000 35
1653000 35
1654000 35
1655000 35
1656000 35
1657000 35
1658000 35
1659000 35
1660000 35
1661000 35
1662000 35
1663000 35
1664000 35
1665000 35
1666000 35
1667000 35
1668000 35
1669000 35
1670000 35
1671000 35
1672000 35
1673000 35
1674000 35
1675000 35
1676000 35
1677000 35
1678000 35
1679000 35
1680000 35
1681000 35
1682000 35
1683000 35
1684000 35
1685000 35
1686000 35
1687000 35
1688000 35
1689000 35
1690000 35
1691000 35
1692000 35
1693000 35
1694000 35
1695000 35
1696000 35
1697000 35
1698000 35
1699000 35
1700000 35
1701000 35
1702000 35
1703000 35
1704000 35
1705000 35
1706000 35
1707000 35
1708000 35
1709000 35
1710000 35
1711000 35
1712000 35
1713000 35
1714000 35
1715000 35
1716000 35
1717000 35
1718000 35
1719000 35
1720000 35
1721000 35
1722000 35
1723000 35
1724000 35
1725000 35
1726000 35
1727000 35
1728000 35
1729000 35
1730000 35
1731000 35
1732000 35
1733000 35
1734000 35
1735000 35
1736000 35
1737000 35
1738000 35
1739000 35
1740000 35
1741000 35
1742000 35
1743000 35
1744000 35
1745000 35
1746000 35
1747000 35
1748000 35
1749000 35
1750000 35
1751000 35
1752000 35
1753000 35
1754000 35
1755000 35
1756000 35
1757000 35
1758000 35
1759000 35
1760000 35
1761000 35
1762000 35
1763000 35
1764000 35
1765000 35
1766000 35
1767000 35
1768000 35
1769000 35
1770000 35
1771000 35
1772000 35
1773000 35
1774000 35
1775000 35
1776000 35
1777000 35
1778000 35
1779000 35
1780000 35
1781000 35
1782000 35
1783000 35
1784000 35
1785000 35
1786000 35
1787000 35
1788000 35
1789000 35
1790000 35
1791000 35
1792000 35
1793000 35
1794000 35
1795000 35
1796000 35
1797000 35
1798000 35
1799000 35
1800000 35
1801000 35
1802000 35
1803000 35
1804000 35
1805000 35
1806000 35
1807000 35
1808000 35
1809000 35
1810000 35
1811000 35
1812000 35
1813000 35
1814000 35
1815000 36
1816000 36
1817000 36
1818000 36
1819000 36
1820000 36
1821000 36
1822000 36
1823000 36
1824000 36
1825000 36
1826000 36
1827000 36
1828000 36
1829000 36
1830000 36
1831000 36
1832000 36
1833000 36
1834000 36
1835000 36
1836000 36
1837000 36
1838000 36
1839000 36
1840000 36
1841000 36
1842000 36
1843000 36
1844000 36
1845000 36
1846000 36
1847000 36
1848000 36
1849000 36
1850000 36
1851000 36
1852000 36
1853000 36
1854000 36
1855000 36
1856000 36
1857000 36
1858000 36
1859000 36
1860000 36
1861000 36
1862000 36
1863000 36
1864000 36
1865000 36
1866000 36
1867000 36
1868000 36
1869000 36
1870000 36
1871000 36
1872000 36
1873000 36
1874000 36
1875000 36
1876000 36
1877000 36
1878000 36
1879000 36
1880000 36
1881000 36
1882000 36
1883000 36
1884000 36
1885000 36
1886000 36
1887000 36
1888000 36
1889000 36
1890000 36
1891000 36
1892000 36
1893000 36
1894000 36
1895000 36
1896000 36
1897000 36
1898000 36
1899000 36
1900000 36
1901000 36
1902000 36
1903000 36
1904000 36
1905000 36
1906000 36
1907000 36
1908000 36
1909000 36
1910000 36
1911000 36
1912000 36
1913000 36
1914000 36
1915000 36
1916000 36
1917000 36
1918000 36
1919000 36
1920000 36
1921000 36
1922000 36
1923000 36
1924000 36
1925000 36
1926000 36
1927000 36
1928000 36
1929000 36
1930000 36
1931000 36
1932000 36
1933000 36
1934000 36
1935000 36
1936000 36
1937000 36
1938000 36
1939000 36
1940000 36
1941000 36
1942000 36
1943000 36
1944000 36
1945000 36
1946000 36
1947000 36
1948000 36
1949000 36
1950000 36
1951000 36
1952000 36
1953000 36
1954000 36
1955000 36
1956000 36
1957000 36
1958000 36
1959000 36
1960000 36
1961000 36
1962000 36
1963000 36
1964000 36
1965000 36
1966000 36
1967000 36
1968000 36
1969000 36
1970000 36
1971000 36
1972000 36
1973000 36
1974000 36
1975000 36
1976000 36
1977000 36
1978000 36
1979000 36
1980000 36
1981000 36
1982000 36
1983000 36
1984000 36
1985000 36
1986000 36
1987000 36
1988000 36
1989000 36
1990000 36
1991000 36
1992000 36
1993000 36
1994000 36
1995000 36
1996000 36
1997000 36
1998000 36
1999000 36
2000000 36
2001000 36
2002000 36
2003000 36
2004000 36
2005000 36
2006000 36
2007000 36
2008000 36
2009000 36
2010000 36
2011000 36
2012000 36
2013000 36
2014000 36
2015000 36
2016000 36
2017000 36
2018000 36
2019000 36
2020000 36
2021000 36
2022000 36
2023000 36
2024000 36
2025000 36
2026000 36
2027000 36
2028000 36
2029000 36
2030000 36
2031000 36
2032000 36
2033000 36
2034000 36
2035000 36
2036000 36
2037000 36
2038000 36
2039000 36
2040000 36
2041000 36
2042000 36
2043000 36
2044000 36
2045000 36
2046000 36
2047000 36
2048000 36
2049000 36
2050000 36
2051000 36
2052000 36
2053000 36
2054000 36
2055000 36
2056000 37
2057000 37
2058000 37
2059000 37
2060000 37
2061000 37
2062000 37
2063000 37
2064000 37
2065000 37
2066000 37
2067000 37
2068000 37
2069000 37
2070000 37
2071000 37
2072000 37
2073000 37
2074000 37
2075000 37
2076000 37
2077000 37
2078000 37
2079000 37
2080000 37
2081000 37
2082000 37
2083000 37
2084000 37
2085000 37
2086000 37
2087000 37
2088000 37
2089000 37
2090000 37
2091000 37
2092000 37
2093000 37
2094000 37
2095000 37
2096000 37
2097000 37
2098000 37
2099000 37
2100000 37
2101000 37
2102000 37
2103000 37
2104000 37
2105000 37
2106000 37
2107000 37
2108000 37
2109000 37
2110000 37
2111000 37
2112000 37
2113000 37
2114000 37
2115000 37
2116000 37
2117000 37
2118000 37
2119000 37
2120000 37
2121000 37
2122000 37
2123000 37
2124000 37
2125000 37
2126000 37
2127000 37
2128000 37
2129000 37
2130000 37
2131000 37
2132000 37
2133000 37
2134000 37
2135000 37
2136000 37
2137000 37
2138000 37
2139000 37
2140000 37
2141000 37
2142000 37
2143000 37
2144000 37
2145000 37
2146000 37
2147000 37
2148000 37
2149000 37
2150000 37
2151000 37
2152000 37
2153000 37
2154000 37
2155000 37
2156000 37
2157000 37
2158000 37
2159000 37
2160000 37
2161000 37
2162000 37
2163000 37
2164000 37
2165000 37
2166000 37
2167000 37
2168000 37
2169000 37
2170000 37
2171000 37
2172000 37
2173000 37
2174000 37
2175000 37
2176000 37
2177000 37
2178000 37
2179000 37
2180000 37
2181000 37
2182000 37
2183000 37
2184000 37
2185000 37
2186000 37
2187000 37
2188000 37
2189000 37
2190000 37
2191000 37
2192000 37
2193000 37
2194000 37
2195000 37
2196000 37
2197000 37
2198000 37
2199000 37
2200000 37
2201000 37
2202000 37
2203000 37
2204000 37
2205000 37
2206000 37
2207000 37
2208000 37
2209000 37
2210000 37
2211000 37
2212000 37
2213000 37
2214000 37
2215000 37
2216000 37
2217000 37
2218000 37
2219000 37
2220000 37
2221000 37
2222000 37
2223000 37
2224000 37
2225000 37
2226000 37
2227000 37
2228000 37
2229000 37
2230000 37
2231000 37
2232000 37
2233000 37
2234000 37
2235000 37
2236000 37
2237000 37
2238000 37
2239000 37
2240000 37
2241000 37
2242000 37
2243000 37
2244000 37
2245000 37
2246000 37
2247000 37
2248000 37
2249000 37
2250000 37
2251000 37
2252000 37
2253000 37
2254000 37
2255000 37
2256000 37
2257000 37
2258000 37
2259000 37
2260000 37
2261000 37
2262000 37
2263000 37
2264000 37
2265000 37
2266000 37
2267000 37
2268000 37
2269000 37
2270000 37
2271000 37
2272000 37
2273000 37
2274000 37
2275000 37
2276000 37
2277000 37
2278000 37
2279000 37
2280000 37
2281000 37
2282000 37
2283000 37
2284000 37
2285000 37
2286000 37
2287000 37
2288000 37
2289000 37
2290000 37
2291000 37
2292000 37
2293000 37
2294000 37
2295000 37
2296000 37
2297000 37
2298000 37
2299000 37
2300000 37
2301000 37
2302000 37
2303000 37
2304000 37
2305000 37
2306000 37
2307000 37
2308000 37
2309000 37
2310000 37
2311000 37
2312000 37
2313000 37
2314000 37
2315000 37
2316000 37
2317000 37
2318000 37
2319000 37
2320000 37
2321000 37
2322000 37
2323000 37
2324000 37
2325000 37
2326000 37
2327000 37
2328000 37
2329000 37
2330000 37
2331000 37
2332000 37
2333000 37
2334000 37
2335000 37
2336000 37
2337000 37
2338000 37
2339000 37
2340000 37
2341000 37
2342000 37
2343000 37
2344000 37
2345000 37
2346000 37
2347000 37
2348000 37
2349000 37
2350000 37
2351000 37
2352000 37
2353000 37
2354000 37
2355000 37
2356000 37
2357000 37
2358000 37
2359000 37
2360000 37
2361000 37
2362000 37
2363000 37
2364000 37
2365000 37
2366000 37
2367000 37
2368000 37
2369000 37
2370000 37
2371000 37
2372000 37
2373000 37
2374000 37
2375000 37
2376000 37
2377000 37
2378000 37
2379000 37
2380000 37
2381000 37
2382000 37
2383000 37
2384000 37
2385000 37
2386000 37
2387000 37
2388000 37
2389000 37
2390000 37
2391000 37
2392000 37
2393000 37
2394000 37
2395000 37
2396000 37
2397000 37
2398000 37
2399000 37
2400000 37
2401000 37
2402000 37
2403000 37
2404000 37
2405000 37
2406000 37
2407000 37
2408000 37
2409000 37
2410000 37
2411000 37
2412000 37
2413000 37
2414000 37
2415000 37
2416000 37
2417000 37
2418000 37
2419000 37
2420000 37
2421000 37
2422000 37
2423000 37
2424000 37
2425000 37
2426000 37
2427000 37
2428000 37
2429000 37
2430000 37
2431000 37
2432000 37
2433000 37
2434000 37
2435000 37
2436000 37
2437000 37
2438000 37
2439000 37
2440000 37
2441000 37
2442000 37
2443000 37
2444000 37
2445000 37
2446000 37
2447000 37
2448000 37
2449000 37
2450000 37
2451000 37
2452000 37
2453000 37
2454000 37
2455000 37
2456000 37
2457000 37
2458000 37
2459000 37
2460000 37
2461000 37
2462000 37
2463000 37
2464000 37
2465000 37
2466000 37
2467000 37
2468000 37
2469000 37
2470000 37
2471000 37
2472000 37
2473000 37
2474000 37
2475000 37
2476000 37
2477000 37
2478000 37
2479000 37
2480000 37
2481000 37
2482000 37
2483000 37
2484000 37
2485000 37
2486000 37
2487000 37
2488000 37
2489000 37
2490000 37
2491000 37
2492000 37
2493000 37
2494000 37
2495000 37
2496000 37
2497000 37
2498000 37
2499000 37
2500000 37
2501000 37
2502000 37
2503000 37
2504000 37
2505000 37
2506000 37
2507000 37
2508000 37
2509000 37
2510000 37
2511000 37
2512000 37
2513000 37
2514000 37
2515000 37
2516000 37
2517000 37
2518000 37
2519000 37
2520000 37
2521000 37
2522000 37
2523000 37
2524000 37
2525000 37
2526000 37
2527000 37
2528000 37
2529000 37
2530000 37
2531000 37
2532000 37
2533000 37
2534000 37
2535000 37
2536000 37
2537000 37
2538000 37
2539000 37
2540000 37
2541000 37
2542000 37
2543000 37
2544000 37
2545000 37
2546000 37
2547000 37
2548000 37
2549000 37
2550000 37
2551000 37
2552000 37
2553000 37
2554000 37
2555000 37
2556000 37
2557000 37
2558000 37
2559000 37
2560000 37
2561000 37
2562000 37
2563000 37
2564000 37
2565000 37
2566000 37
2567000 37
2568000 37
2569000 37
2570000 37
2571000 37
2572000 37
2573000 37
2574000 37
2575000 37
2576000 37
2577000 37
2578000 37
2579000 37
2580000 37
2581000 38
2582000 38
2583000 38
2584000 38
2585000 38
2586000 38
2587000 38
2588000 38
2589000 38
2590000 38
2591000 38
2592000 38
2593000 38
2594000 38
2595000 38
2596000 38
2597000 38
2598000 38
2599000 38
2600000 38
2601000 38
2602000 38
2603000 38
2604000 38
2605000 38
2606000 38
2607000 38
2608000 38
2609000 38
2610000 38
2611000 38
2612000 38
2613000 38
2614000 38
2615000 38
2616000 38
2617000 38
2618000 38
2619000 38
2620000 38
2621000 38
2622000 38
2623000 38
2624000 38
2625000 39
2626000 39
2627000 39
2628000 39
2629000 39
2630000 39
2631000 39
2632000 39
2633000 39
2634000 39
2635000 39
2636000 39
2637000 39
2638000 39
2639000 39
2640000 39
2641000 39
2642000 39
2643000 39
2644000 39
2645000 39
2646000 39
2647000 39
2648000 39
2649000 39
2650000 39
2651000 39
2652000 39
2653000 39
2654000 39
2655000 39
2656000 39
2657000 39
2658000 39
2659000 39
2660000 39
2661000 39
2662000 39
2663000 39
2664000 39
2665000 39
2666000 39
2667000 39
2668000 39
2669000 39
2670000 39
2671000 39
2672000 39
2673000 39
2674000 39
2675000 39
2676000 39
2677000 39
2678000 39
2679000 39
2680000 39
2681000 39
2682000 39
2683000 39
2684000 39
2685000 39
2686000 39
2687000 39
2688000 39
2689000 39
2690000 39
2691000 39
2692000 39
2693000 39
2694000 39
2695000 40
2696000 40
2697000 40
2698000 40
2699000 40
2700000 40
2701000 40
2702000 40
2703000 40
2704000 40
2705000 40
2706000 40
2707000 40
2708000 40
2709000 40
2710000 40
2711000 40
2712000 40
2713000 40
2714000 40
2715000 40
2716000 40
2717000 40
2718000 40
2719000 40
2720000 40
2721000 40
2722000 40
2723000 40
2724000 40
2725000 41
2726000 41
2727000 41
2728000 41
2729000 41
2730000 41
2731000 41
2732000 41
2733000 41
2734000 41
2735000 41
2736000 41
2737000 41
2738000 41
2739000 41
2740000 41
2741000 41
2742000 41
2743000 41
2744000 41
2745000 41
2746000 41
2747000 41
2748000 41
2749000 41
2750000 42
2751000 42
2752000 42
2753000 42
2754000 42
2755000 42
2756000 42
2757000 42
2758000 42
2759000 42
2760000 42
2761000 42
2762000 42
2763000 42
2764000 42
2765000 42
2766000 42
2767000 42
2768000 42
2769000 42
2770000 42
2771000 42
2772000 43
2773000 43
2774000 43
2775000 43
2776000 43
2777000 43
2778000 43
2779000 43
2780000 43
2781000 43
2782000 43
2783000 43
2784000 43
2785000 43
2786000 43
2787000 43
2788000 43
2789000 43
2790000 43
2791000 43
2792000 43
2793000 43
2794000 43
2795000 44
2796000 44
2797000 44
2798000 44
2799000 44
2800000 44
2801000 44
2802000 44
2803000 44
2804000 44
2805000 44
2806000 44
2807000 44
2808000 44
2809000 44
2810000 44
2811000 44
2812000 44
2813000 44
2814000 44
2815000 44
2816000 44
2817000 44
2818000 44
2819000 44
2820000 44
2821000 44
2822000 44
2823000 44
2824000 44
2825000 44
2826000 44
2827000 45
2828000 45
2829000 45
2830000 45
2831000 45
2832000 45
2833000 45
2834000 45
2835000 45
2836000 45
2837000 45
2838000 45
2839000 45
2840000 45
2841000 45
2842000 45
2843000 45
2844000 45
2845000 45
2846000 45
2847000 45
2848000 45
2849000 45
2850000 45
2851000 45
2852000 45
2853000 45
2854000 45
2855000 45
2856000 45
2857000 45
2858000 45
2859000 45
2860000 45
2861000 45
2862000 45
2863000 45
2864000 45
2865000 45
2866000 45
2867000 46
2868000 46
2869000 46
2870000 46
2871000 46
2872000 46
2873000 46
2874000 46
2875000 46
2876000 46
2877000 46
2878000 46
2879000 46
2880000 46
2881000 46
2882000 46
2883000 46
2884000 46
2885000 46
2886000 46
2887000 46
2888000 46
2889000 46
2890000 46
2891000 46
2892000 46
2893000 46
2894000 46
2895000 46
2896000 46
2897000 46
2898000 46
2899000 46
2900000 47
2901000 47
2902000 47
2903000 47
2904000 47
2905000 47
2906000 47
2907000 47
2908000 47
2909000 47
2910000 47
2911000 47
2912000 47
2913000 47
2914000 47
2915000 47
2916000 47
2917000 47
2918000 47
2919000 47
2920000 47
2921000 47
2922000 47
2923000 47
2924000 47
2925000 47
2926000 47
2927000 47
2928000 47
2929000 47
2930000 48
2931000 48
2932000 48
2933000 48
2934000 48
2935000 48
2936000 48
2937000 48
2938000 48
2939000 48
2940000 48
2941000 48
2942000 48
2943000 48
2944000 48
2945000 48
2946000 48
2947000 48
2948000 48
2949000 48
2950000 48
2951000 48
2952000 48
2953000 48
2954000 49
2955000 49
2956000 49
2957000 49
2958000 49
2959000 49
2960000 49
2961000 49
2962000 49
2963000 49
2964000 49
2965000 49
2966000 49
2967000 49
2968000 49
2969000 49
2970000 49
2971000 49
2972000 49
2973000 49
2974000 49
2975000 49
2976000 49
2977000 49
2978000 49
2979000 49
2980000 49
2981000 49
2982000 49
2983000 49
2984000 50
2985000 50
2986000 50
2987000 50
2988000 50
2989000 50
2990000 50
2991000 50
2992000 50
2993000 50
2994000 50
2995000 50
2996000 50
2997000 50
2998000 50
2999000 50
3000000 50
3001000 50
3002000 50
3003000 50
3004000 50
3005000 50
3006000 50
3007000 50
3008000 50
3009000 51
3010000 51
3011000 51
3012000 51
3013000 51
3014000 51
3015000 51
3016000 51
3017000 51
3018000 51
3019000 51
3020000 51
3021000 51
3022000 51
3023000 51
3024000 51
3025000 51
3026000 51
3027000 51
3028000 51
3029000 51
3030000 51
3031000 51
3032000 51
3033000 51
3034000 51
3035000 51
3036000 51
3037000 52
3038000 52
3039000 52
3040000 52
3041000 52
3042000 52
3043000 52
3044000 52
3045000 52
3046000 52
3047000 52
3048000 52
3049000 52
3050000 52
3051000 52
3052000 52
3053000 52
3054000 52
3055000 52
3056000 52
3057000 52
3058000 52
3059000 52
3060000 52
3061000 52
3062000 52
3063000 53
3064000 53
3065000 53
3066000 53
3067000 53
3068000 53
3069000 53
3070000 53
3071000 53
3072000 53
3073000 53
3074000 53
3075000 53
3076000 53
3077000 53
3078000 53
3079000 53
3080000 53
3081000 53
3082000 53
3083000 53
3084000 53
3085000 53
3086000 53
3087000 53
3088000 53
3089000 53
3090000 53
3091000 53
3092000 53
3093000 53
3094000 53
3095000 53
3096000 53
3097000 53
3098000 53
3099000 54
3100000 54
3101000 54
3102000 54
3103000 54
3104000 54
3105000 54
3106000 54
3107000 54
3108000 54
3109000 54
3110000 54
3111000 54
3112000 54
3113000 54
3114000 54
3115000 54
3116000 54
3117000 54
3118000 54
3119000 54
3120000 54
3121000 54
3122000 54
3123000 54
3124000 54
3125000 54
3126000 54
3127000 54
3128000 54
3129000 54
3130000 54
3131000 54
3132000 54
3133000 54
3134000 54
3135000 54
3136000 54
3137000 54
3138000 54
3139000 54
3140000 54
3141000 54
3142000 54
3143000 54
3144000 54
3145000 54
3146000 54
3147000 54
3148000 54
3149000 54
3150000 54
3151000 54
3152000 54
3153000 54
3154000 54
3155000 54
3156000 54
3157000 54
3158000 55
3159000 55
3160000 55
3161000 55
3162000 55
3163000 55
3164000 55
3165000 55
3166000 55
3167000 55
3168000 55
3169000 55
3170000 55
3171000 55
3172000 55
3173000 55
3174000 55
3175000 55
3176000 55
3177000 55
3178000 55
3179000 55
3180000 55
3181000 55
3182000 55
3183000 55
3184000 55
3185000 55
3186000 55
3187000 55
3188000 55
3189000 55
3190000 55
3191000 55
3192000 55
3193000 56
3194000 56
3195000 56
3196000 56
3197000 56
3198000 56
3199000 56
3200000 56
3201000 56
3202000 56
3203000 56
3204000 56
3205000 56
3206000 56
3207000 56
3208000 56
3209000 56
3210000 56
3211000 56
3212000 56
3213000 56
3214000 56
3215000 56
3216000 56
3217000 56
3218000 56
3219000 56
3220000 56
3221000 56
3222000 56
3223000 56
3224000 57
3225000 57
3226000 57
3227000 57
3228000 57
3229000 57
3230000 57
3231000 57
3232000 57
3233000 57
3234000 57
3235000 57
3236000 57
3237000 57
3238000 57
3239000 57
3240000 57
3241000 57
3242000 57
3243000 57
3244000 57
3245000 57
3246000 57
3247000 57
3248000 58
3249000 58
3250000 58
3251000 58
3252000 58
3253000 58
3254000 58
3255000 58
3256000 58
3257000 58
3258000 58
3259000 58
3260000 58
3261000 58
3262000 58
3263000 58
3264000 58
3265000 58
3266000 58
3267000 58
3268000 58
3269000 58
3270000 58
3271000 58
3272000 58
3273000 58
3274000 58
3275000 59
3276000 59
3277000 59
3278000 59
3279000 59
3280000 59
3281000 59
3282000 59
3283000 59
3284000 59
3285000 59
3286000 59
3287000 59
3288000 59
3289000 59
3290000 59
3291000 59
3292000 59
3293000 59
3294000 59
3295000 59
3296000 59
3297000 59
3298000 59
3299000 59
3300000 59
3301000 59
3302000 59
3303000 59
3304000 59
3305000 59
3306000 59
3307000 59
3308000 59
3309000 59
3310000 59
3311000 59
3312000 59
3313000 59
3314000 60
3315000 60
3316000 60
3317000 60
3318000 60
3319000 60
3320000 60
3321000 60
3322000 60
3323000 60
3324000 60
3325000 60
3326000 60
3327000 60
3328000 60
3329000 60
3330000 60
3331000 60
3332000 60
3333000 60
3334000 60
3335000 60
3336000 60
3337000 60
3338000 60
3339000 60
3340000 60
3341000 60
3342000 60
3343000 60
3344000 60
3345000 60
3346000 60
3347000 60
3348000 61
3349000 61
3350000 61
3351000 61
3352000 61
3353000 61
3354000 61
3355000 61
3356000 61
3357000 61
3358000 61
3359000 61
3360000 61
3361000 61
3362000 61
3363000 61
3364000 61
3365000 61
3366000 61
3367000 61
3368000 61
3369000 61
3370000 61
3371000 61
3372000 61
3373000 61
3374000 61
3375000 61
3376000 61
3377000 61
3378000 61
3379000 61
3380000 61
3381000 61
3382000 61
3383000 61
3384000 61
3385000 61
3386000 61
3387000 61
3388000 61
3389000 61
3390000 61
3391000 62
3392000 62
3393000 62
3394000 62
3395000 62
3396000 62
3397000 62
3398000 62
3399000 62
3400000 62
3401000 62
3402000 62
3403000 62
3404000 62
3405000 62
3406000 62
3407000 62
3408000 62
3409000 62
3410000 62
3411000 62
3412000 62
3413000 62
3414000 62
3415000 62
3416000 62
3417000 62
3418000 62
3419000 62
3420000 62
3421000 62
3422000 62
3423000 62
3424000 62
3425000 62
3426000 62
3427000 63
3428000 63
3429000 63
3430000 63
3431000 63
3432000 63
3433000 63
3434000 63
3435000 63
3436000 63
3437000 63
3438000 63
3439000 63
3440000 63
3441000 63
3442000 63
3443000 63
3444000 63
3445000 63
3446000 63
3447000 63
3448000 63
3449000 63
3450000 63
3451000 63
3452000 63
3453000 63
3454000 63
3455000 63
3456000 64
3457000 64
3458000 64
3459000 64
3460000 64
3461000 64
3462000 64
3463000 64
3464000 64
3465000 64
3466000 64
3467000 64
3468000 64
3469000 64
3470000 64
3471000 64
3472000 64
3473000 64
3474000 64
3475000 64
3476000 64
3477000 64
3478000 64
3479000 64
3480000 64
3481000 64
3482000 64
3483000 64
3484000 64
3485000 64
3486000 64
3487000 64
3488000 65
3489000 65
3490000 65
3491000 65
3492000 65
3493000 65
3494000 65
3495000 65
3496000 65
3497000 65
3498000 65
3499000 65
3500000 65
3501000 65
3502000 65
3503000 65
3504000 65
3505000 65
3506000 65
3507000 65
3508000 65
3509000 65
3510000 65
3511000 65
3512000 65
3513000 65
3514000 65
3515000 65
3516000 66
3517000 66
3518000 66
3519000 66
3520000 66
3521000 66
3522000 66
3523000 66
3524000 66
3525000 66
3526000 66
3527000 66
3528000 66
3529000 66
3530000 66
3531000 66
3532000 66
3533000 66
3534000 66
3535000 66
3536000 66
3537000 66
3538000 66
3539000 66
3540000 66
3541000 66
3542000 66
3543000 66
3544000 66
3545000 66
3546000 66
3547000 66
3548000 66
3549000 66
3550000 66
3551000 66
3552000 66
3553000 66
3554000 66
3555000 66
3556000 66
3557000 67
3558000 67
3559000 67
3560000 67
3561000 67
3562000 67
3563000 67
3564000 67
3565000 67
3566000 67
3567000 67
3568000 67
3569000 67
3570000 67
3571000 67
3572000 67
3573000 67
3574000 67
3575000 67
3576000 67
3577000 67
3578000 67
3579000 67
3580000 67
3581000 67
3582000 67
3583000 67
3584000 67
3585000 67
3586000 67
3587000 67
3588000 67
3589000 67
3590000 67
3591000 67
3592000 67
3593000 67
3594000 67
3595000 67
3596000 67
3597000 67
3598000 67
3599000 67
3600000 67
3601000 67
3602000 67
3603000 67
3604000 67
3605000 67
3606000 67
3607000 67
3608000 67
3609000 67
3610000 67
3611000 67
3612000 67
3613000 67
3614000 68
3615000 68
3616000 68
3617000 68
3618000 68
3619000 68
3620000 68
3621000 68
3622000 68
3623000 68
3624000 68
3625000 68
3626000 68
3627000 68
3628000 68
3629000 68
3630000 68
3631000 68
3632000 68
3633000 68
3634000 68
3635000 68
3636000 68
3637000 68
3638000 68
3639000 68
3640000 68
3641000 68
3642000 68
3643000 68
3644000 68
3645000 68
3646000 68
3647000 68
3648000 68
3649000 68
3650000 68
3651000 68
3652000 68
3653000 68
3654000 68
3655000 68
3656000 68
3657000 68
3658000 68
3659000 68
3660000 68
3661000 68
3662000 68
3663000 68
3664000 68
3665000 68
3666000 68
3667000 68
3668000 68
3669000 68
3670000 68
3671000 68
3672000 68
3673000 68
3674000 68
3675000 68
3676000 68
3677000 68
3678000 68
3679000 68
3680000 68
3681000 68
3682000 68
3683000 68
3684000 68
3685000 68
3686000 68
3687000 68
3688000 68
3689000 68
3690000 68
3691000 68
3692000 68
3693000 68
3694000 68
3695000 68
3696000 68
3697000 68
3698000 68
3699000 68
3700000 68
3701000 68
3702000 68
3703000 68
3704000 68
3705000 68
3706000 68
3707000 68
3708000 68
3709000 68
3710000 68
3711000 68
3712000 68
3713000 68
3714000 68
3715000 68
3716000 68
3717000 68
3718000 68
3719000 68
3720000 68
3721000 68
3722000 68
3723000 68
3724000 68
3725000 68
3726000 68
3727000 68
3728000 68
3729000 68
3730000 68
3731000 68
3732000 68
3733000 68
3734000 68
3735000 68
3736000 68
3737000 68
3738000 68
3739000 68
3740000 68
3741000 68
3742000 68
3743000 68
3744000 68
3745000 68
3746000 68
3747000 68
3748000 68
3749000 68
3750000 68
3751000 68
3752000 68
3753000 68
3754000 68
3755000 68
3756000 68
3757000 68
3758000 68
3759000 68
3760000 68
3761000 68
3762000 68
3763000 68
3764000 68
3765000 68
3766000 68
3767000 68
3768000 68
3769000 68
3770000 68
3771000 68
3772000 68
3773000 68
3774000 68
3775000 68
3776000 68
3777000 68
3778000 68
3779000 68
3780000 68
3781000 68
3782000 68
3783000 68
3784000 68
3785000 68
3786000 68
3787000 68
3788000 68
3789000 68
3790000 68
3791000 68
3792000 68
3793000 68
3794000 68
3795000 68
3796000 68
3797000 68
3798000 68
3799000 68
3800000 68
3801000 68
3802000 68
3803000 68
3804000 68
3805000 68
3806000 68
3807000 68
3808000 68
3809000 68
3810000 68
3811000 68
3812000 68
3813000 68
3814000 68
3815000 68
3816000 68
3817000 68
3818000 68
3819000 69
3820000 69
3821000 69
3822000 69
3823000 69
3824000 69
3825000 69
3826000 69
3827000 69
3828000 69
3829000 69
3830000 69
3831000 69
3832000 69
3833000 69
3834000 69
3835000 69
3836000 69
3837000 69
3838000 69
3839000 69
3840000 69
3841000 69
3842000 69
3843000 69
3844000 69
3845000 69
3846000 69
3847000 69
3848000 69
3849000 69
3850000 69
3851000 69
3852000 69
3853000 69
3854000 69
3855000 69
3856000 69
3857000 69
3858000 69
3859000 69
3860000 69
3861000 69
3862000 69
3863000 69
3864000 69
3865000 69
3866000 69
3867000 69
3868000 69
3869000 69
3870000 69
3871000 69
3872000 69
3873000 69
3874000 69
3875000 69
3876000 69
3877000 69
3878000 69
3879000 69
3880000 69
3881000 69
3882000 69
3883000 69
3884000 69
3885000 69
3886000 69
3887000 69
3888000 69
3889000 69
3890000 69
3891000 69
3892000 69
3893000 69
3894000 69
3895000 69
3896000 69
3897000 69
3898000 69
3899000 69
3900000 69
3901000 69
3902000 69
3903000 69
3904000 69
3905000 69
3906000 69
3907000 69
3908000 69
3909000 69
3910000 69
3911000 69
3912000 69
3913000 69
3914000 69
3915000 69
3916000 69
3917000 69
3918000 69
3919000 69
3920000 69
3921000 69
3922000 69
3923000 69
3924000 69
3925000 69
3926000 69
3927000 69
3928000 69
3929000 69
3930000 69
3931000 69
3932000 69
3933000 69
3934000 69
3935000 69
3936000 69
3937000 69
3938000 69
3939000 69
3940000 69
3941000 69
3942000 69
3943000 69
3944000 69
3945000 69
3946000 69
3947000 69
3948000 69
3949000 69
3950000 69
3951000 69
3952000 69
3953000 69
3954000 69
3955000 69
3956000 69
3957000 69
3958000 69
3959000 69
3960000 69
3961000 69
3962000 69
3963000 69
3964000 69
3965000 69
3966000 69
3967000 69
3968000 69
3969000 69
3970000 69
3971000 69
3972000 69
3973000 69
3974000 69
3975000 69
3976000 69
3977000 69
3978000 69
3979000 69
3980000 69
3981000 69
3982000 69
3983000 69
3984000 69
3985000 69
3986000 69
3987000 69
3988000 69
3989000 69
3990000 69
3991000 69
3992000 70
3993000 70
3994000 70
3995000 70
3996000 70
3997000 70
3998000 70
3999000 70
4000000 70
4001000 70
4002000 70
4003000 70
4004000 70
4005000 70
4006000 70
4007000 70
4008000 70
4009000 70
4010000 70
4011000 70
4012000 70
4013000 70
4014000 70
4015000 70
4016000 70
4017000 70
4018000 70
4019000 70
4020000 70
4021000 70
4022000 70
4023000 70
4024000 70
4025000 70
4026000 70
4027000 70
4028000 70
4029000 70
4030000 70
4031000 70
4032000 70
4033000 70
4034000 70
4035000 70
4036000 70
4037000 70
4038000 70
4039000 70
4040000 70
4041000 70
4042000 70
4043000 70
4044000 70
4045000 71
4046000 71
4047000 71
4048000 71
4049000 71
4050000 71
4051000 71
4052000 71
4053000 71
4054000 71
4055000 71
4056000 71
4057000 71
4058000 71
4059000 71
4060000 71
4061000 71
4062000 71
4063000 71
4064000 71
4065000 72
4066000 72
4067000 72
4068000 72
4069000 72
4070000 72
4071000 72
4072000 72
4073000 72
4074000 72
4075000 72
4076000 72
4077000 72
4078000 72
4079000 72
4080000 72
4081000 72
4082000 72
4083000 72
4084000 72
4085000 72
4086000 72
4087000 72
4088000 73
4089000 73
4090000 73
4091000 73
4092000 73
4093000 73
4094000 73
4095000 73
4096000 73
4097000 73
4098000 73
4099000 73
4100000 73
4101000 73
4102000 73
4103000 73
4104000 73
4105000 73
4106000 73
4107000 74
4108000 74
4109000 74
4110000 74
4111000 74
4112000 74
4113000 74
4114000 74
4115000 74
4116000 74
4117000 74
4118000 74
4119000 74
4120000 74
4121000 74
4122000 74
4123000 74
4124000 74
4125000 74
4126000 74
4127000 74
4128000 74
4129000 74
4130000 74
4131000 74
4132000 74
4133000 74
4134000 74
4135000 75
4136000 75
4137000 75
4138000 75
4139000 75
4140000 75
4141000 75
4142000 75
4143000 75
4144000 75
4145000 75
4146000 75
4147000 75
4148000 75
4149000 75
4150000 75
4151000 75
4152000 75
4153000 75
4154000 75
4155000 75
4156000 75
4157000 75
4158000 75
4159000 75
4160000 75
4161000 75
4162000 75
4163000 76
4164000 76
4165000 76
4166000 76
4167000 76
4168000 76
4169000 76
4170000 76
4171000 76
4172000 76
4173000 76
4174000 76
4175000 76
4176000 76
4177000 76
4178000 76
4179000 76
4180000 76
4181000 76
4182000 76
4183000 76
4184000 76
4185000 76
4186000 76
4187000 76
4188000 76
4189000 76
4190000 76
4191000 76
4192000 76
4193000 76
4194000 76
4195000 76
4196000 76
4197000 76
4198000 76
4199000 76
4200000 76
4201000 76
4202000 76
4203000 76
4204000 76
4205000 76
4206000 76
4207000 76
4208000 76
4209000 76
4210000 76
4211000 76
4212000 76
4213000 76
4214000 76
4215000 76
4216000 76
4217000 76
4218000 76
4219000 76
4220000 76
4221000 76
4222000 76
4223000 76
4224000 76
4225000 76
4226000 76
4227000 76
4228000 76
4229000 76
4230000 76
4231000 76
4232000 76
4233000 76
4234000 76
4235000 76
4236000 76
4237000 76
4238000 76
4239000 76
4240000 76
4241000 76
4242000 76
4243000 76
4244000 76
4245000 76
4246000 76
4247000 76
4248000 76
4249000 76
4250000 76
4251000 76
4252000 76
4253000 76
4254000 76
4255000 76
4256000 76
4257000 76
4258000 76
4259000 76
4260000 76
4261000 76
4262000 76
4263000 76
4264000 76
4265000 76
4266000 76
4267000 76
4268000 76
4269000 76
4270000 76
4271000 76
4272000 76
4273000 76
4274000 76
4275000 76
4276000 76
4277000 76
4278000 76
4279000 76
4280000 76
4281000 76
4282000 76
4283000 76
4284000 76
4285000 76
4286000 76
4287000 76
4288000 76
4289000 76
4290000 76
4291000 76
4292000 76
4293000 76
4294000 76
4295000 76
4296000 76
4297000 76
4298000 76
4299000 76
4300000 76
4301000 76
4302000 76
4303000 76
4304000 76
4305000 76
4306000 76
4307000 76
4308000 76
4309000 76
4310000 76
4311000 76
4312000 76
4313000 76
4314000 76
4315000 76
4316000 76
4317000 76
4318000 76
4319000 76
4320000 76
4321000 76
4322000 76
4323000 76
4324000 76
4325000 76
4326000 76
4327000 76
4328000 76
4329000 76
4330000 76
4331000 76
4332000 76
4333000 77
4334000 77
4335000 77
4336000 77
4337000 77
4338000 77
4339000 77
4340000 77
4341000 77
4342000 77
4343000 77
4344000 77
4345000 77
4346000 77
4347000 77
4348000 77
4349000 77
4350000 77
4351000 77
4352000 77
4353000 77
4354000 77
4355000 78
4356000 78
4357000 78
4358000 78
4359000 78
4360000 78
4361000 78
4362000 78
4363000 78
4364000 78
4365000 78
4366000 78
4367000 78
4368000 78
4369000 78
4370000 78
4371000 78
4372000 78
4373000 78
4374000 78
4375000 78
4376000 78
4377000 78
4378000 78
4379000 78
4380000 78
4381000 78
4382000 78
4383000 79
4384000 79
4385000 79
4386000 79
4387000 79
4388000 79
4389000 79
4390000 79
4391000 79
4392000 79
4393000 79
4394000 79
4395000 79
4396000 79
4397000 79
4398000 79
4399000 79
4400000 79
4401000 79
4402000 79
4403000 79
4404000 79
4405000 80
4406000 80
4407000 80
4408000 80
4409000 80
4410000 80
4411000 80
4412000 80
4413000 80
4414000 80
4415000 80
4416000 80
4417000 80
4418000 80
4419000 80
4420000 80
4421000 80
4422000 80
4423000 80
4424000 80
4425000 80
4426000 80
4427000 80
4428000 80
4429000 81
4430000 81
4431000 81
4432000 81
4433000 81
4434000 81
4435000 81
4436000 81
4437000 81
4438000 81
4439000 81
4440000 81
4441000 81
4442000 81
4443000 81
4444000 81
4445000 81
4446000 81
4447000 81
4448000 81
4449000 82
4450000 82
4451000 82
4452000 82
4453000 82
4454000 82
4455000 82
4456000 82
4457000 82
4458000 82
4459000 82
4460000 82
4461000 82
4462000 82
4463000 82
4464000 82
4465000 82
4466000 82
4467000 82
4468000 82
4469000 82
4470000 82
4471000 82
4472000 82
4473000 82
4474000 82
4475000 82
4476000 82
4477000 82
4478000 82
4479000 83
4480000 83
4481000 83
4482000 83
4483000 83
4484000 83
4485000 83
4486000 83
4487000 83
4488000 83
4489000 83
4490000 83
4491000 83
4492000 83
4493000 83
4494000 83
4495000 83
4496000 83
4497000 83
4498000 83
4499000 83
4500000 83
4501000 83
4502000 83
4503000 83
4504000 83
4505000 83
4506000 84
4507000 84
4508000 84
4509000 84
4510000 84
4511000 84
4512000 84
4513000 84
4514000 84
4515000 84
4516000 84
4517000 84
4518000 84
4519000 84
4520000 84
4521000 84
4522000 84
4523000 84
4524000 84
4525000 84
4526000 84
4527000 84
4528000 84
4529000 85
4530000 85
4531000 85
4532000 85
4533000 85
4534000 85
4535000 85
4536000 85
4537000 85
4538000 85
4539000 85
4540000 85
4541000 85
4542000 85
4543000 85
4544000 85
4545000 85
4546000 85
4547000 85
4548000 85
4549000 85
4550000 85
4551000 85
4552000 86
4553000 86
4554000 86
4555000 86
4556000 86
4557000 86
4558000 86
4559000 86
4560000 86
4561000 86
4562000 86
4563000 86
4564000 86
4565000 86
4566000 86
4567000 86
4568000 86
4569000 87
4570000 87
4571000 87
4572000 87
4573000 87
4574000 87
4575000 87
4576000 87
4577000 87
4578000 87
4579000 87
4580000 87
4581000 87
4582000 87
4583000 87
4584000 87
4585000 87
4586000 87
4587000 87
4588000 87
4589000 87
4590000 87
4591000 87
4592000 87
4593000 87
4594000 87
4595000 87
4596000 87
4597000 87
4598000 87
4599000 87
4600000 87
4601000 87
4602000 88
4603000 88
4604000 88
4605000 88
4606000 88
4607000 88
4608000 88
4609000 88
4610000 88
4611000 88
4612000 88
4613000 88
4614000 88
4615000 88
4616000 88
4617000 88
4618000 88
4619000 88
4620000 88
4621000 88
4622000 88
4623000 88
4624000 88
4625000 88
4626000 88
4627000 88
4628000 88
4629000 88
4630000 88
4631000 88
4632000 88
4633000 89
4634000 89
4635000 89
4636000 89
4637000 89
4638000 89
4639000 89
4640000 89
4641000 89
4642000 89
4643000 89
4644000 89
4645000 89
4646000 89
4647000 89
4648000 89
4649000 89
4650000 89
4651000 90
4652000 90
4653000 90
4654000 90
4655000 90
4656000 90
4657000 90
4658000 90
4659000 90
4660000 90
4661000 90
4662000 90
4663000 90
4664000 90
4665000 90
4666000 90
4667000 90
4668000 90
4669000 90
4670000 90
4671000 90
4672000 90
4673000 90
4674000 90
4675000 90
4676000 90
4677000 90
4678000 90
4679000 90
4680000 90
4681000 90
4682000 90
4683000 90
4684000 90
4685000 90
4686000 90
4687000 90
4688000 90
4689000 90
4690000 90
4691000 90
4692000 90
4693000 90
4694000 90
4695000 90
4696000 90
4697000 90
4698000 90
4699000 90
4700000 90
4701000 90
4702000 90
4703000 90
4704000 90
4705000 90
4706000 90
4707000 90
4708000 90
4709000 90
4710000 90
4711000 90
4712000 90
4713000 90
4714000 90
4715000 90
4716000 90
4717000 90
4718000 90
4719000 90
4720000 90
4721000 90
4722000 90
4723000 90
4724000 90
4725000 90
4726000 90
4727000 90
4728000 90
4729000 90
4730000 90
4731000 90
4732000 90
4733000 90
4734000 90
4735000 90
4736000 90
4737000 90
4738000 90
4739000 90
4740000 90
4741000 90
4742000 90
4743000 90
4744000 90
4745000 90
4746000 90
4747000 90
4748000 90
4749000 90
4750000 90
4751000 90
4752000 90
4753000 90
4754000 90
4755000 90
4756000 90
4757000 90
4758000 90
4759000 90
4760000 90
4761000 90
4762000 90
4763000 90
4764000 90
4765000 90
4766000 90
4767000 90
4768000 91
4769000 91
4770000 91
4771000 91
4772000 91
4773000 91
4774000 91
4775000 91
4776000 91
4777000 91
4778000 91
4779000 91
4780000 91
4781000 91
4782000 91
4783000 91
4784000 91
4785000 91
4786000 91
4787000 91
4788000 92
4789000 92
4790000 92
4791000 92
4792000 92
4793000 92
4794000 92
4795000 92
4796000 92
4797000 92
4798000 92
4799000 92
4800000 92
4801000 92
4802000 92
4803000 92
4804000 92
4805000 92
4806000 92
4807000 92
4808000 92
4809000 92
4810000 92
4811000 92
4812000 93
4813000 93
4814000 93
4815000 93
4816000 93
4817000 93
4818000 93
4819000 93
4820000 93
4821000 93
4822000 93
4823000 93
4824000 93
4825000 93
4826000 93
4827000 93
4828000 93
4829000 93
4830000 93
4831000 93
4832000 93
4833000 93
4834000 93
4835000 93
4836000 93
4837000 93
4838000 93
4839000 93
4840000 93
4841000 93
4842000 93
4843000 94
4844000 94
4845000 94
4846000 94
4847000 94
4848000 94
4849000 94
4850000 94
4851000 94
4852000 94
4853000 94
4854000 94
4855000 94
4856000 94
4857000 94
4858000 94
4859000 94
4860000 94
4861000 94
4862000 94
4863000 94
4864000 94
4865000 94
4866000 94
4867000 94
4868000 94
4869000 94
4870000 94
4871000 94
4872000 94
4873000 94
4874000 94
4875000 94
4876000 94
4877000 94
4878000 94
4879000 94
4880000 94
4881000 94
4882000 94
4883000 94
4884000 94
4885000 94
4886000 94
4887000 94
4888000 94
4889000 94
4890000 94
4891000 94
4892000 94
4893000 94
4894000 94
4895000 94
4896000 94
4897000 94
4898000 94
4899000 94
4900000 94
4901000 94
4902000 94
4903000 94
4904000 94
4905000 94
4906000 94
4907000 94
4908000 94
4909000 94
4910000 94
4911000 94
4912000 94
4913000 94
4914000 94
4915000 94
4916000 94
4917000 94
4918000 94
4919000 94
4920000 94
4921000 94
4922000 94
4923000 94
4924000 94
4925000 94
4926000 94
4927000 94
4928000 94
4929000 94
4930000 94
4931000 94
4932000 94
4933000 94
4934000 94
4935000 94
4936000 94
4937000 94
4938000 94
4939000 94
4940000 94
4941000 94
4942000 94
4943000 94
4944000 94
4945000 94
4946000 94
4947000 94
4948000 94
4949000 94
4950000 94
4951000 94
4952000 94
4953000 94
4954000 94
4955000 94
4956000 94
4957000 94
4958000 94
4959000 94
4960000 94
4961000 94
4962000 94
4963000 94
4964000 94
4965000 94
4966000 94
4967000 94
4968000 94
4969000 94
4970000 94
4971000 94
4972000 94
4973000 94
4974000 94
4975000 94
4976000 94
4977000 94
4978000 94
4979000 94
4980000 94
4981000 94
4982000 94
4983000 94
4984000 94
4985000 94
4986000 94
4987000 94
4988000 94
4989000 94
4990000 94
4991000 94
4992000 94
4993000 94
4994000 94
4995000 94
4996000 94
4997000 94
4998000 94
4999000 94
5000000 94
