0 0
1000 0
2000 0
3000 0
4000 0
5000 0
6000 0
7000 0
8000 0
9000 0
10000 0
11000 0
12000 0
13000 0
14000 0
15000 0
16000 0
17000 0
18000 0
19000 0
20000 0
21000 0
22000 0
23000 0
24000 0
25000 0
26000 0
27000 0
28000 0
29000 0
30000 0
31000 0
32000 0
33000 0
34000 0
35000 0
36000 0
37000 0
38000 0
39000 0
40000 0
41000 0
42000 0
43000 0
44000 0
45000 0
46000 0
47000 0
48000 0
49000 0
50000 0
51000 0
52000 0
53000 0
54000 0
55000 0
56000 0
57000 0
58000 0
59000 0
60000 1
61000 1
62000 1
63000 1
64000 1
65000 1
66000 1
67000 1
68000 1
69000 1
70000 1
71000 1
72000 1
73000 1
74000 1
75000 1
76000 1
77000 1
78000 1
79000 1
80000 1
81000 1
82000 1
83000 1
84000 1
85000 1
86000 1
87000 1
88000 1
89000 1
90000 1
91000 1
92000 1
93000 1
94000 1
95000 1
96000 1
97000 1
98000 1
99000 1
100000 1
101000 1
102000 1
103000 1
104000 1
105000 1
106000 1
107000 1
108000 1
109000 1
110000 1
111000 1
112000 1
113000 1
114000 1
115000 1
116000 1
117000 1
118000 1
119000 1
120000 1
121000 1
122000 1
123000 1
124000 1
125000 1
126000 1
127000 1
128000 1
129000 1
130000 1
131000 1
132000 1
133000 1
134000 1
135000 1
136000 1
137000 1
138000 1
139000 1
140000 1
141000 1
142000 1
143000 1
144000 1
145000 1
146000 1
147000 1
148000 1
149000 1
150000 1
151000 1
152000 1
153000 1
154000 1
155000 1
156000 1
157000 1
158000 1
159000 1
160000 1
161000 1
162000 1
163000 1
164000 1
165000 1
166000 1
167000 1
168000 1
169000 1
170000 1
171000 1
172000 1
173000 1
174000 1
175000 1
176000 1
177000 1
178000 1
179000 1
180000 1
181000 1
182000 1
183000 1
184000 1
185000 1
186000 1
187000 1
188000 1
189000 2
190000 2
191000 2
192000 2
193000 2
194000 2
195000 2
196000 2
197000 2
198000 2
199000 2
200000 2
201000 2
202000 2
203000 2
204000 2
205000 2
206000 2
207000 2
208000 2
209000 2
210000 2
211000 2
212000 2
213000 2
214000 2
215000 2
216000 2
217000 2
218000 2
219000 2
220000 2
221000 2
222000 2
223000 2
224000 2
225000 2
226000 2
227000 2
228000 2
229000 2
230000 2
231000 2
232000 2
233000 2
234000 2
235000 2
236000 2
237000 2
238000 2
239000 2
240000 2
241000 2
242000 2
243000 2
244000 2
245000 2
246000 2
247000 2
248000 2
249000 2
250000 2
251000 2
252000 2
253000 2
254000 2
255000 2
256000 2
257000 2
258000 2
259000 2
260000 2
261000 2
262000 2
263000 2
264000 2
265000 2
266000 2
267000 2
268000 2
269000 2
270000 2
271000 2
272000 2
273000 2
274000 2
275000 2
276000 2
277000 2
278000 2
279000 2
280000 2
281000 2
282000 2
283000 2
284000 2
285000 2
286000 2
287000 2
288000 2
289000 2
290000 2
291000 2
292000 2
293000 2
294000 2
295000 2
296000 2
297000 2
298000 2
299000 2
300000 2
301000 2
302000 2
303000 2
304000 2
305000 2
306000 3
307000 3
308000 3
309000 3
310000 3
311000 3
312000 3
313000 3
314000 3
315000 3
316000 3
317000 3
318000 3
319000 3
320000 3
321000 3
322000 3
323000 3
324000 3
325000 3
326000 3
327000 3
328000 3
329000 3
330000 3
331000 3
332000 3
333000 3
334000 3
335000 3
336000 3
337000 3
338000 3
339000 3
340000 3
341000 3
342000 3
343000 3
344000 3
345000 3
346000 3
347000 3
348000 3
349000 3
350000 3
351000 3
352000 3
353000 3
354000 3
355000 3
356000 3
357000 3
358000 3
359000 3
360000 3
361000 3
362000 3
363000 3
364000 3
365000 3
366000 3
367000 3
368000 3
369000 3
370000 3
371000 3
372000 3
373000 3
374000 3
375000 3
376000 3
377000 3
378000 3
379000 3
380000 3
381000 3
382000 3
383000 3
384000 3
385000 3
386000 3
387000 3
388000 3
389000 3
390000 3
391000 3
392000 3
393000 3
394000 3
395000 3
396000 3
397000 3
398000 3
399000 3
400000 3
401000 3
402000 3
403000 3
404000 3
405000 3
406000 3
407000 3
408000 3
409000 3
410000 3
411000 3
412000 3
413000 3
414000 3
415000 3
416000 3
417000 3
418000 3
419000 3
420000 3
421000 3
422000 3
423000 3
424000 3
425000 3
426000 3
427000 3
428000 3
429000 3
430000 3
431000 3
432000 3
433000 3
434000 3
435000 3
436000 3
437000 3
438000 3
439000 3
440000 3
441000 3
442000 3
443000 4
444000 4
445000 4
446000 4
447000 4
448000 4
449000 4
450000 4
451000 4
452000 4
453000 4
454000 4
455000 4
456000 4
457000 4
458000 4
459000 4
460000 4
461000 4
462000 4
463000 4
464000 4
465000 4
466000 4
467000 4
468000 4
469000 4
470000 4
471000 4
472000 4
473000 4
474000 4
475000 4
476000 4
477000 4
478000 4
479000 4
480000 4
481000 4
482000 4
483000 4
484000 4
485000 4
486000 4
487000 4
488000 4
489000 4
490000 4
491000 4
492000 4
493000 4
494000 4
495000 4
496000 4
497000 4
498000 4
499000 4
500000 4
501000 4
502000 4
503000 4
504000 4
505000 4
506000 4
507000 4
508000 4
509000 4
510000 4
511000 4
512000 4
513000 5
514000 5
515000 5
516000 5
517000 5
518000 5
519000 5
520000 5
521000 5
522000 5
523000 5
524000 5
525000 5
526000 5
527000 5
528000 5
529000 5
530000 5
531000 5
532000 5
533000 5
534000 5
535000 5
536000 5
537000 5
538000 5
539000 5
540000 5
541000 5
542000 5
543000 5
544000 5
545000 5
546000 5
547000 5
548000 5
549000 5
550000 5
551000 5
552000 5
553000 5
554000 5
555000 5
556000 5
557000 5
558000 5
559000 5
560000 5
561000 5
562000 5
563000 5
564000 5
565000 6
566000 6
567000 6
568000 6
569000 6
570000 6
571000 6
572000 6
573000 6
574000 6
575000 6
576000 6
577000 6
578000 6
579000 6
580000 6
581000 6
582000 6
583000 6
584000 6
585000 6
586000 6
587000 6
588000 6
589000 6
590000 6
591000 6
592000 6
593000 6
594000 6
595000 6
596000 6
597000 6
598000 7
599000 7
600000 7
601000 7
602000 7
603000 7
604000 7
605000 7
606000 7
607000 7
608000 7
609000 7
610000 7
611000 7
612000 7
613000 7
614000 7
615000 7
616000 7
617000 7
618000 7
619000 7
620000 7
621000 7
622000 7
623000 7
624000 7
625000 7
626000 7
627000 7
628000 7
629000 7
630000 7
631000 7
632000 7
633000 7
634000 8
635000 8
636000 8
637000 8
638000 8
639000 8
640000 8
641000 8
642000 8
643000 8
644000 8
645000 8
646000 8
647000 8
648000 8
649000 8
650000 8
651000 8
652000 8
653000 8
654000 8
655000 8
656000 8
657000 8
658000 8
659000 8
660000 8
661000 8
662000 8
663000 8
664000 8
665000 8
666000 8
667000 8
668000 8
669000 8
670000 9
671000 9
672000 9
673000 9
674000 9
675000 9
676000 9
677000 9
678000 9
679000 9
680000 9
681000 9
682000 9
683000 9
684000 9
685000 9
686000 9
687000 9
688000 9
689000 9
690000 9
691000 9
692000 9
693000 9
694000 9
695000 9
696000 9
697000 9
698000 9
699000 9
700000 9
701000 9
702000 9
703000 9
704000 9
705000 9
706000 9
707000 9
708000 9
709000 9
710000 9
711000 9
712000 10
713000 10
714000 10
715000 10
716000 10
717000 10
718000 10
719000 10
720000 10
721000 10
722000 10
723000 10
724000 10
725000 10
726000 10
727000 10
728000 10
729000 10
730000 10
731000 10
732000 10
733000 10
734000 10
735000 10
736000 10
737000 10
738000 10
739000 10
740000 10
741000 10
742000 10
743000 10
744000 10
745000 10
746000 10
747000 10
748000 10
749000 10
750000 10
751000 10
752000 10
753000 10
754000 10
755000 10
756000 10
757000 11
758000 11
759000 11
760000 11
761000 11
762000 11
763000 11
764000 11
765000 11
766000 11
767000 11
768000 11
769000 11
770000 11
771000 11
772000 11
773000 11
774000 11
775000 11
776000 11
777000 11
778000 11
779000 11
780000 11
781000 11
782000 11
783000 11
784000 11
785000 11
786000 11
787000 11
788000 11
789000 11
790000 11
791000 12
792000 12
793000 12
794000 12
795000 12
796000 12
797000 12
798000 12
799000 12
800000 12
801000 12
802000 12
803000 12
804000 12
805000 12
806000 12
807000 12
808000 12
809000 12
810000 12
811000 12
812000 12
813000 12
814000 12
815000 12
816000 12
817000 12
818000 12
819000 12
820000 12
821000 12
822000 12
823000 12
824000 12
825000 12
826000 12
827000 12
828000 12
829000 12
830000 12
831000 12
832000 12
833000 12
834000 12
835000 12
836000 12
837000 12
838000 12
839000 12
840000 12
841000 12
842000 12
843000 12
844000 13
845000 13
846000 13
847000 13
848000 13
849000 13
850000 13
851000 13
852000 13
853000 13
854000 13
855000 13
856000 13
857000 13
858000 13
859000 13
860000 13
861000 13
862000 13
863000 13
864000 13
865000 13
866000 13
867000 13
868000 13
869000 13
870000 13
871000 13
872000 13
873000 13
874000 13
875000 13
876000 13
877000 13
878000 13
879000 13
880000 13
881000 13
882000 13
883000 13
884000 13
885000 13
886000 13
887000 13
888000 13
889000 13
890000 13
891000 13
892000 14
893000 14
894000 14
895000 14
896000 14
897000 14
898000 14
899000 14
900000 14
901000 14
902000 14
903000 14
904000 14
905000 14
906000 14
907000 14
908000 14
909000 14
910000 14
911000 14
912000 14
913000 14
914000 14
915000 14
916000 14
917000 14
918000 14
919000 14
920000 14
921000 14
922000 14
923000 14
924000 14
925000 14
926000 14
927000 14
928000 14
929000 14
930000 14
931000 14
932000 14
933000 14
934000 14
935000 14
936000 14
937000 14
938000 14
939000 14
940000 14
941000 14
942000 14
943000 14
944000 14
945000 14
946000 14
947000 14
948000 14
949000 14
950000 14
951000 14
952000 14
953000 14
954000 14
955000 14
956000 14
957000 14
958000 14
959000 14
960000 14
961000 14
962000 14
963000 14
964000 14
965000 14
966000 14
967000 14
968000 14
969000 14
970000 14
971000 14
972000 14
973000 15
974000 15
975000 15
976000 15
977000 15
978000 15
979000 15
980000 15
981000 15
982000 15
983000 15
984000 15
985000 15
986000 15
987000 15
988000 15
989000 15
990000 15
991000 15
992000 15
993000 15
994000 15
995000 15
996000 15
997000 15
998000 15
999000 15
1000000 15
1001000 15
1002000 15
1003000 15
1004000 15
1005000 15
1006000 15
1007000 15
1008000 15
1009000 15
1010000 15
1011000 15
1012000 15
1013000 15
1014000 15
1015000 15
1016000 15
1017000 15
1018000 15
1019000 15
1020000 15
1021000 15
1022000 15
1023000 15
1024000 15
1025000 15
1026000 15
1027000 15
1028000 15
1029000 15
1030000 15
1031000 15
1032000 15
1033000 15
1034000 15
1035000 15
1036000 15
1037000 15
1038000 15
1039000 15
1040000 15
1041000 15
1042000 15
1043000 15
1044000 15
1045000 15
1046000 15
1047000 15
1048000 15
1049000 15
1050000 15
1051000 15
1052000 15
1053000 15
1054000 15
1055000 15
1056000 15
1057000 15
1058000 15
1059000 15
1060000 15
1061000 15
1062000 15
1063000 15
1064000 15
1065000 15
1066000 15
1067000 15
1068000 15
1069000 15
1070000 15
1071000 15
1072000 15
1073000 15
1074000 15
1075000 15
1076000 15
1077000 15
1078000 15
1079000 15
1080000 15
1081000 15
1082000 15
1083000 15
1084000 15
1085000 15
1086000 15
1087000 15
1088000 15
1089000 15
1090000 15
1091000 15
1092000 15
1093000 15
1094000 15
1095000 15
1096000 15
1097000 15
1098000 15
1099000 15
1100000 15
1101000 15
1102000 15
1103000 15
1104000 15
1105000 15
1106000 15
1107000 15
1108000 15
1109000 15
1110000 15
1111000 15
1112000 15
1113000 15
1114000 15
1115000 15
1116000 15
1117000 15
1118000 15
1119000 15
1120000 15
1121000 15
1122000 15
1123000 15
1124000 15
1125000 15
1126000 15
1127000 15
1128000 15
1129000 15
1130000 15
1131000 15
1132000 15
1133000 15
1134000 15
1135000 15
1136000 15
1137000 15
1138000 15
1139000 15
1140000 15
1141000 15
1142000 15
1143000 15
1144000 15
1145000 16
1146000 16
1147000 16
1148000 16
1149000 16
1150000 16
1151000 16
1152000 16
1153000 16
1154000 16
1155000 16
1156000 16
1157000 16
1158000 16
1159000 16
1160000 16
1161000 16
1162000 16
1163000 16
1164000 16
1165000 16
1166000 16
1167000 16
1168000 16
1169000 16
1170000 16
1171000 16
1172000 16
1173000 16
1174000 16
1175000 16
1176000 16
1177000 16
1178000 16
1179000 16
1180000 16
1181000 16
1182000 16
1183000 16
1184000 16
1185000 16
1186000 16
1187000 16
1188000 16
1189000 16
1190000 16
1191000 16
1192000 16
1193000 16
1194000 16
1195000 16
1196000 16
1197000 16
1198000 16
1199000 16
1200000 16
1201000 16
1202000 16
1203000 16
1204000 16
1205000 16
1206000 16
1207000 16
1208000 16
1209000 16
1210000 16
1211000 16
1212000 16
1213000 16
1214000 16
1215000 16
1216000 16
1217000 16
1218000 16
1219000 16
1220000 16
1221000 16
1222000 16
1223000 16
1224000 16
1225000 16
1226000 16
1227000 16
1228000 16
1229000 16
1230000 16
1231000 16
1232000 17
1233000 17
1234000 17
1235000 17
1236000 17
1237000 17
1238000 17
1239000 17
1240000 17
1241000 17
1242000 17
1243000 17
1244000 17
1245000 17
1246000 17
1247000 17
1248000 17
1249000 17
1250000 17
1251000 17
1252000 17
1253000 17
1254000 17
1255000 17
1256000 17
1257000 17
1258000 17
1259000 18
1260000 18
1261000 18
1262000 18
1263000 18
1264000 18
1265000 18
1266000 18
1267000 18
1268000 18
1269000 18
1270000 18
1271000 18
1272000 18
1273000 18
1274000 18
1275000 18
1276000 18
1277000 18
1278000 18
1279000 18
1280000 18
1281000 18
1282000 18
1283000 18
1284000 19
1285000 19
1286000 19
1287000 19
1288000 19
1289000 19
1290000 19
1291000 19
1292000 19
1293000 19
1294000 19
1295000 19
1296000 19
1297000 19
1298000 19
1299000 19
1300000 19
1301000 19
1302000 19
1303000 19
1304000 19
1305000 19
1306000 19
1307000 19
1308000 19
1309000 19
1310000 19
1311000 19
1312000 19
1313000 19
1314000 19
1315000 19
1316000 19
1317000 19
1318000 19
1319000 19
1320000 19
1321000 19
1322000 19
1323000 19
1324000 19
1325000 19
1326000 19
1327000 19
1328000 19
1329000 19
1330000 19
1331000 19
1332000 19
1333000 19
1334000 19
1335000 19
1336000 19
1337000 20
1338000 20
1339000 20
1340000 20
1341000 20
1342000 20
1343000 20
1344000 20
1345000 20
1346000 20
1347000 20
1348000 20
1349000 20
1350000 20
1351000 20
1352000 20
1353000 20
1354000 20
1355000 20
1356000 20
1357000 20
1358000 20
1359000 20
1360000 20
1361000 21
1362000 21
1363000 21
1364000 21
1365000 21
1366000 21
1367000 21
1368000 21
1369000 21
1370000 21
1371000 21
1372000 21
1373000 21
1374000 21
1375000 21
1376000 21
1377000 21
1378000 21
1379000 21
1380000 21
1381000 21
1382000 21
1383000 21
1384000 21
1385000 21
1386000 22
1387000 22
1388000 22
1389000 22
1390000 22
1391000 22
1392000 22
1393000 22
1394000 22
1395000 22
1396000 22
1397000 22
1398000 22
1399000 22
1400000 22
1401000 22
1402000 22
1403000 22
1404000 22
1405000 22
1406000 22
1407000 22
1408000 22
1409000 22
1410000 22
1411000 22
1412000 22
1413000 23
1414000 23
1415000 23
1416000 23
1417000 23
1418000 23
1419000 23
1420000 23
1421000 23
1422000 23
1423000 23
1424000 23
1425000 23
1426000 23
1427000 23
1428000 23
1429000 23
1430000 23
1431000 23
1432000 23
1433000 23
1434000 23
1435000 23
1436000 23
1437000 23
1438000 23
1439000 23
1440000 23
1441000 23
1442000 23
1443000 23
1444000 23
1445000 23
1446000 23
1447000 23
1448000 23
1449000 23
1450000 23
1451000 24
1452000 24
1453000 24
1454000 24
1455000 24
1456000 24
1457000 24
1458000 24
1459000 24
1460000 24
1461000 24
1462000 24
1463000 24
1464000 24
1465000 24
1466000 24
1467000 24
1468000 24
1469000 24
1470000 24
1471000 24
1472000 24
1473000 24
1474000 24
1475000 24
1476000 24
1477000 24
1478000 24
1479000 24
1480000 24
1481000 24
1482000 24
1483000 25
1484000 25
1485000 25
1486000 25
1487000 25
1488000 25
1489000 25
1490000 25
1491000 25
1492000 25
1493000 25
1494000 25
1495000 25
1496000 25
1497000 25
1498000 25
1499000 25
1500000 25
1501000 25
1502000 25
1503000 25
1504000 25
1505000 25
1506000 25
1507000 25
1508000 25
1509000 25
1510000 25
1511000 25
1512000 25
1513000 25
1514000 25
1515000 26
1516000 26
1517000 26
1518000 26
1519000 26
1520000 26
1521000 26
1522000 26
1523000 26
1524000 26
1525000 26
1526000 26
1527000 26
1528000 26
1529000 26
1530000 26
1531000 26
1532000 26
1533000 26
1534000 26
1535000 26
1536000 26
1537000 26
1538000 26
1539000 26
1540000 26
1541000 26
1542000 26
1543000 26
1544000 26
1545000 26
1546000 26
1547000 26
1548000 26
1549000 26
1550000 27
1551000 27
1552000 27
1553000 27
1554000 27
1555000 27
1556000 27
1557000 27
1558000 27
1559000 27
1560000 27
1561000 27
1562000 27
1563000 27
1564000 27
1565000 27
1566000 27
1567000 27
1568000 28
1569000 28
1570000 28
1571000 28
1572000 28
1573000 28
1574000 28
1575000 28
1576000 28
1577000 28
1578000 28
1579000 28
1580000 28
1581000 28
1582000 28
1583000 28
1584000 28
1585000 28
1586000 28
1587000 28
1588000 28
1589000 28
1590000 28
1591000 28
1592000 29
1593000 29
1594000 29
1595000 29
1596000 29
1597000 29
1598000 29
1599000 29
1600000 29
1601000 29
1602000 29
1603000 29
1604000 29
1605000 29
1606000 29
1607000 29
1608000 29
1609000 29
1610000 29
1611000 29
1612000 29
1613000 29
1614000 29
1615000 29
1616000 29
1617000 29
1618000 29
1619000 29
1620000 30
1621000 30
1622000 30
1623000 30
1624000 30
1625000 30
1626000 30
1627000 30
1628000 30
1629000 30
1630000 30
1631000 30
1632000 30
1633000 30
1634000 30
1635000 30
1636000 30
1637000 30
1638000 30
1639000 30
1640000 30
1641000 30
1642000 30
1643000 31
1644000 31
1645000 31
1646000 31
1647000 31
1648000 31
1649000 31
1650000 31
1651000 31
1652000 31
1653000 31
1654000 31
1655000 31
1656000 31
1657000 31
1658000 31
1659000 31
1660000 31
1661000 31
1662000 31
1663000 31
1664000 31
1665000 31
1666000 31
1667000 31
1668000 31
1669000 31
1670000 32
1671000 32
1672000 32
1673000 32
1674000 32
1675000 32
1676000 32
1677000 32
1678000 32
1679000 32
1680000 32
1681000 32
1682000 32
1683000 32
1684000 32
1685000 32
1686000 32
1687000 32
1688000 32
1689000 32
1690000 32
1691000 32
1692000 32
1693000 32
1694000 32
1695000 33
1696000 33
1697000 33
1698000 33
1699000 33
1700000 33
1701000 33
1702000 33
1703000 33
1704000 33
1705000 33
1706000 33
1707000 33
1708000 33
1709000 33
1710000 33
1711000 33
1712000 33
1713000 33
1714000 33
1715000 33
1716000 33
1717000 33
1718000 33
1719000 33
1720000 33
1721000 33
1722000 33
1723000 33
1724000 33
1725000 33
1726000 33
1727000 33
1728000 33
1729000 33
1730000 34
1731000 34
1732000 34
1733000 34
1734000 34
1735000 34
1736000 34
1737000 34
1738000 34
1739000 34
1740000 34
1741000 34
1742000 34
1743000 34
1744000 34
1745000 34
1746000 34
1747000 34
1748000 34
1749000 34
1750000 34
1751000 34
1752000 34
1753000 34
1754000 34
1755000 34
1756000 34
1757000 35
1758000 35
1759000 35
1760000 35
1761000 35
1762000 35
1763000 35
1764000 35
1765000 35
1766000 35
1767000 35
1768000 35
1769000 35
1770000 35
1771000 35
1772000 35
1773000 35
1774000 35
1775000 35
1776000 35
1777000 35
1778000 35
1779000 35
1780000 35
1781000 35
1782000 35
1783000 35
1784000 35
1785000 35
1786000 35
1787000 35
1788000 35
1789000 35
1790000 35
1791000 35
1792000 35
1793000 35
1794000 35
1795000 36
1796000 36
1797000 36
1798000 36
1799000 36
1800000 36
1801000 36
1802000 36
1803000 36
1804000 36
1805000 36
1806000 36
1807000 36
1808000 36
1809000 36
1810000 36
1811000 36
1812000 36
1813000 36
1814000 36
1815000 36
1816000 36
1817000 36
1818000 36
1819000 36
1820000 36
1821000 37
1822000 37
1823000 37
1824000 37
1825000 37
1826000 37
1827000 37
1828000 37
1829000 37
1830000 37
1831000 37
1832000 37
1833000 37
1834000 37
1835000 37
1836000 37
1837000 37
1838000 37
1839000 37
1840000 37
1841000 37
1842000 37
1843000 37
1844000 37
1845000 38
1846000 38
1847000 38
1848000 38
1849000 38
1850000 38
1851000 38
1852000 38
1853000 38
1854000 38
1855000 38
1856000 38
1857000 38
1858000 38
1859000 38
1860000 38
1861000 38
1862000 38
1863000 38
1864000 38
1865000 38
1866000 38
1867000 38
1868000 38
1869000 38
1870000 39
1871000 39
1872000 39
1873000 39
1874000 39
1875000 39
1876000 39
1877000 39
1878000 39
1879000 39
1880000 39
1881000 39
1882000 39
1883000 39
1884000 39
1885000 39
1886000 39
1887000 39
1888000 39
1889000 39
1890000 39
1891000 39
1892000 39
1893000 39
1894000 39
1895000 39
1896000 39
1897000 39
1898000 39
1899000 40
1900000 40
1901000 40
1902000 40
1903000 40
1904000 40
1905000 40
1906000 40
1907000 40
1908000 40
1909000 40
1910000 40
1911000 40
1912000 40
1913000 40
1914000 40
1915000 40
1916000 40
1917000 40
1918000 40
1919000 40
1920000 40
1921000 40
1922000 41
1923000 41
1924000 41
1925000 41
1926000 41
1927000 41
1928000 41
1929000 41
1930000 41
1931000 41
1932000 41
1933000 41
1934000 41
1935000 41
1936000 41
1937000 41
1938000 41
1939000 41
1940000 41
1941000 41
1942000 41
1943000 41
1944000 42
1945000 42
1946000 42
1947000 42
1948000 42
1949000 42
1950000 42
1951000 42
1952000 42
1953000 42
1954000 42
1955000 42
1956000 42
1957000 42
1958000 42
1959000 42
1960000 42
1961000 42
1962000 42
1963000 42
1964000 42
1965000 42
1966000 42
1967000 42
1968000 42
1969000 42
1970000 42
1971000 42
1972000 42
1973000 43
1974000 43
1975000 43
1976000 43
1977000 43
1978000 43
1979000 43
1980000 43
1981000 43
1982000 43
1983000 43
1984000 43
1985000 43
1986000 43
1987000 43
1988000 43
1989000 43
1990000 43
1991000 43
1992000 43
1993000 44
1994000 44
1995000 44
1996000 44
1997000 44
1998000 44
1999000 44
2000000 44
2001000 44
2002000 44
2003000 44
2004000 44
2005000 44
2006000 44
2007000 44
2008000 44
2009000 44
2010000 44
2011000 44
2012000 44
2013000 44
2014000 44
2015000 44
2016000 44
2017000 44
2018000 45
2019000 45
2020000 45
2021000 45
2022000 45
2023000 45
2024000 45
2025000 45
2026000 45
2027000 45
2028000 45
2029000 45
2030000 45
2031000 45
2032000 45
2033000 45
2034000 45
2035000 45
2036000 45
2037000 45
2038000 45
2039000 45
2040000 45
2041000 46
2042000 46
2043000 46
2044000 46
2045000 46
2046000 46
2047000 46
2048000 46
2049000 46
2050000 46
2051000 46
2052000 46
2053000 46
2054000 46
2055000 46
2056000 46
2057000 46
2058000 46
2059000 46
2060000 46
2061000 46
2062000 46
2063000 47
2064000 47
2065000 47
2066000 47
2067000 47
2068000 47
2069000 47
2070000 47
2071000 47
2072000 47
2073000 47
2074000 47
2075000 47
2076000 47
2077000 47
2078000 47
2079000 47
2080000 47
2081000 47
2082000 47
2083000 47
2084000 48
2085000 48
2086000 48
2087000 48
2088000 48
2089000 48
2090000 48
2091000 48
2092000 48
2093000 48
2094000 48
2095000 48
2096000 48
2097000 48
2098000 48
2099000 48
2100000 48
2101000 48
2102000 48
2103000 49
2104000 49
2105000 49
2106000 49
2107000 49
2108000 49
2109000 49
2110000 49
2111000 49
2112000 49
2113000 49
2114000 49
2115000 49
2116000 49
2117000 49
2118000 49
2119000 49
2120000 49
2121000 49
2122000 49
2123000 49
2124000 49
2125000 49
2126000 49
2127000 50
2128000 50
2129000 50
2130000 50
2131000 50
2132000 50
2133000 50
2134000 50
2135000 50
2136000 50
2137000 50
2138000 50
2139000 50
2140000 50
2141000 50
2142000 50
2143000 50
2144000 50
2145000 51
2146000 51
2147000 51
2148000 51
2149000 51
2150000 51
2151000 51
2152000 51
2153000 51
2154000 51
2155000 51
2156000 51
2157000 51
2158000 51
2159000 51
2160000 51
2161000 51
2162000 51
2163000 51
2164000 51
2165000 51
2166000 51
2167000 52
2168000 52
2169000 52
2170000 52
2171000 52
2172000 52
2173000 52
2174000 52
2175000 52
2176000 52
2177000 52
2178000 52
2179000 52
2180000 52
2181000 52
2182000 52
2183000 52
2184000 52
2185000 52
2186000 52
2187000 52
2188000 52
2189000 52
2190000 53
2191000 53
2192000 53
2193000 53
2194000 53
2195000 53
2196000 53
2197000 53
2198000 53
2199000 53
2200000 53
2201000 53
2202000 53
2203000 53
2204000 53
2205000 53
2206000 53
2207000 53
2208000 53
2209000 53
2210000 53
2211000 53
2212000 53
2213000 53
2214000 53
2215000 53
2216000 53
2217000 53
2218000 53
2219000 53
2220000 54
2221000 54
2222000 54
2223000 54
2224000 54
2225000 54
2226000 54
2227000 54
2228000 54
2229000 54
2230000 54
2231000 54
2232000 54
2233000 54
2234000 54
2235000 54
2236000 54
2237000 54
2238000 54
2239000 54
2240000 54
2241000 55
2242000 55
2243000 55
2244000 55
2245000 55
2246000 55
2247000 55
2248000 55
2249000 55
2250000 55
2251000 55
2252000 55
2253000 55
2254000 55
2255000 55
2256000 55
2257000 55
2258000 55
2259000 55
2260000 55
2261000 55
2262000 55
2263000 55
2264000 55
2265000 56
2266000 56
2267000 56
2268000 56
2269000 56
2270000 56
2271000 56
2272000 56
2273000 56
2274000 56
2275000 56
2276000 56
2277000 56
2278000 56
2279000 56
2280000 56
2281000 56
2282000 56
2283000 56
2284000 56
2285000 56
2286000 56
2287000 56
2288000 57
2289000 57
2290000 57
2291000 57
2292000 57
2293000 57
2294000 57
2295000 57
2296000 57
2297000 57
2298000 57
2299000 57
2300000 57
2301000 57
2302000 57
2303000 57
2304000 57
2305000 57
2306000 57
2307000 57
2308000 57
2309000 57
2310000 58
2311000 58
2312000 58
2313000 58
2314000 58
2315000 58
2316000 58
2317000 58
2318000 58
2319000 58
2320000 58
2321000 58
2322000 58
2323000 58
2324000 58
2325000 58
2326000 58
2327000 58
2328000 58
2329000 58
2330000 58
2331000 58
2332000 59
2333000 59
2334000 59
2335000 59
2336000 59
2337000 59
2338000 59
2339000 59
2340000 59
2341000 59
2342000 59
2343000 59
2344000 59
2345000 59
2346000 59
2347000 59
2348000 59
2349000 59
2350000 59
2351000 59
2352000 59
2353000 60
2354000 60
2355000 60
2356000 60
2357000 60
2358000 60
2359000 60
2360000 60
2361000 60
2362000 60
2363000 60
2364000 60
2365000 60
2366000 60
2367000 60
2368000 60
2369000 60
2370000 60
2371000 60
2372000 60
2373000 60
2374000 61
2375000 61
2376000 61
2377000 61
2378000 61
2379000 61
2380000 61
2381000 61
2382000 61
2383000 61
2384000 61
2385000 61
2386000 61
2387000 61
2388000 61
2389000 61
2390000 61
2391000 61
2392000 61
2393000 61
2394000 61
2395000 61
2396000 62
2397000 62
2398000 62
2399000 62
2400000 62
2401000 62
2402000 62
2403000 62
2404000 62
2405000 62
2406000 62
2407000 62
2408000 62
2409000 62
2410000 62
2411000 62
2412000 62
2413000 62
2414000 62
2415000 62
2416000 62
2417000 63
2418000 63
2419000 63
2420000 63
2421000 63
2422000 63
2423000 63
2424000 63
2425000 63
2426000 63
2427000 63
2428000 63
2429000 63
2430000 63
2431000 63
2432000 63
2433000 63
2434000 63
2435000 63
2436000 63
2437000 64
2438000 64
2439000 64
2440000 64
2441000 64
2442000 64
2443000 64
2444000 64
2445000 64
2446000 64
2447000 64
2448000 64
2449000 64
2450000 64
2451000 64
2452000 64
2453000 64
2454000 64
2455000 64
2456000 64
2457000 64
2458000 65
2459000 65
2460000 65
2461000 65
2462000 65
2463000 65
2464000 65
2465000 65
2466000 65
2467000 65
2468000 65
2469000 65
2470000 65
2471000 65
2472000 65
2473000 65
2474000 65
2475000 65
2476000 65
2477000 65
2478000 65
2479000 65
2480000 65
2481000 66
2482000 66
2483000 66
2484000 66
2485000 66
2486000 66
2487000 66
2488000 66
2489000 66
2490000 66
2491000 66
2492000 66
2493000 66
2494000 66
2495000 66
2496000 66
2497000 66
2498000 66
2499000 66
2500000 67
2501000 67
2502000 67
2503000 67
2504000 67
2505000 67
2506000 67
2507000 67
2508000 67
2509000 67
2510000 67
2511000 67
2512000 67
2513000 67
2514000 67
2515000 67
2516000 67
2517000 68
2518000 68
2519000 68
2520000 68
2521000 68
2522000 68
2523000 68
2524000 68
2525000 68
2526000 68
2527000 68
2528000 68
2529000 68
2530000 68
2531000 68
2532000 68
2533000 69
2534000 69
2535000 69
2536000 69
2537000 69
2538000 69
2539000 69
2540000 69
2541000 69
2542000 69
2543000 69
2544000 69
2545000 69
2546000 69
2547000 69
2548000 69
2549000 69
2550000 69
2551000 69
2552000 69
2553000 69
2554000 69
2555000 69
2556000 69
2557000 69
2558000 70
2559000 70
2560000 70
2561000 70
2562000 70
2563000 70
2564000 70
2565000 70
2566000 70
2567000 70
2568000 70
2569000 70
2570000 70
2571000 70
2572000 70
2573000 70
2574000 70
2575000 70
2576000 70
2577000 70
2578000 70
2579000 70
2580000 70
2581000 70
2582000 71
2583000 71
2584000 71
2585000 71
2586000 71
2587000 71
2588000 71
2589000 71
2590000 71
2591000 71
2592000 71
2593000 71
2594000 71
2595000 71
2596000 71
2597000 71
2598000 71
2599000 71
2600000 71
2601000 71
2602000 71
2603000 71
2604000 72
2605000 72
2606000 72
2607000 72
2608000 72
2609000 72
2610000 72
2611000 72
2612000 72
2613000 72
2614000 72
2615000 72
2616000 72
2617000 72
2618000 72
2619000 72
2620000 72
2621000 72
2622000 72
2623000 72
2624000 72
2625000 72
2626000 73
2627000 73
2628000 73
2629000 73
2630000 73
2631000 73
2632000 73
2633000 73
2634000 73
2635000 73
2636000 73
2637000 73
2638000 73
2639000 73
2640000 73
2641000 73
2642000 73
2643000 73
2644000 73
2645000 74
2646000 74
2647000 74
2648000 74
2649000 74
2650000 74
2651000 74
2652000 74
2653000 74
2654000 74
2655000 74
2656000 74
2657000 74
2658000 74
2659000 74
2660000 74
2661000 74
2662000 74
2663000 74
2664000 74
2665000 74
2666000 74
2667000 75
2668000 75
2669000 75
2670000 75
2671000 75
2672000 75
2673000 75
2674000 75
2675000 75
2676000 75
2677000 75
2678000 75
2679000 75
2680000 75
2681000 75
2682000 75
2683000 75
2684000 75
2685000 75
2686000 75
2687000 75
2688000 75
2689000 75
2690000 75
2691000 75
2692000 75
2693000 76
2694000 76
2695000 76
2696000 76
2697000 76
2698000 76
2699000 76
2700000 76
2701000 76
2702000 76
2703000 76
2704000 76
2705000 76
2706000 76
2707000 76
2708000 76
2709000 76
2710000 76
2711000 76
2712000 76
2713000 76
2714000 76
2715000 76
2716000 76
2717000 76
2718000 76
2719000 76
2720000 76
2721000 77
2722000 77
2723000 77
2724000 77
2725000 77
2726000 77
2727000 77
2728000 77
2729000 77
2730000 77
2731000 77
2732000 77
2733000 77
2734000 77
2735000 77
2736000 77
2737000 77
2738000 77
2739000 77
2740000 77
2741000 77
2742000 77
2743000 77
2744000 77
2745000 77
2746000 77
2747000 77
2748000 77
2749000 77
2750000 77
2751000 78
2752000 78
2753000 78
2754000 78
2755000 78
2756000 78
2757000 78
2758000 78
2759000 78
2760000 78
2761000 78
2762000 78
2763000 78
2764000 78
2765000 78
2766000 78
2767000 78
2768000 79
2769000 79
2770000 79
2771000 79
2772000 79
2773000 79
2774000 79
2775000 79
2776000 79
2777000 79
2778000 79
2779000 79
2780000 79
2781000 79
2782000 79
2783000 79
2784000 79
2785000 79
2786000 79
2787000 79
2788000 80
2789000 80
2790000 80
2791000 80
2792000 80
2793000 80
2794000 80
2795000 80
2796000 80
2797000 80
2798000 80
2799000 80
2800000 80
2801000 80
2802000 80
2803000 80
2804000 80
2805000 80
2806000 80
2807000 80
2808000 80
2809000 80
2810000 80
2811000 81
2812000 81
2813000 81
2814000 81
2815000 81
2816000 81
2817000 81
2818000 81
2819000 81
2820000 81
2821000 81
2822000 81
2823000 81
2824000 81
2825000 81
2826000 81
2827000 81
2828000 81
2829000 81
2830000 81
2831000 81
2832000 81
2833000 81
2834000 81
2835000 82
2836000 82
2837000 82
2838000 82
2839000 82
2840000 82
2841000 82
2842000 82
2843000 82
2844000 82
2845000 82
2846000 82
2847000 82
2848000 82
2849000 82
2850000 82
2851000 82
2852000 82
2853000 83
2854000 83
2855000 83
2856000 83
2857000 83
2858000 83
2859000 83
2860000 83
2861000 83
2862000 83
2863000 83
2864000 83
2865000 83
2866000 83
2867000 83
2868000 83
2869000 83
2870000 83
2871000 83
2872000 83
2873000 83
2874000 83
2875000 84
2876000 84
2877000 84
2878000 84
2879000 84
2880000 84
2881000 84
2882000 84
2883000 84
2884000 84
2885000 84
2886000 84
2887000 84
2888000 84
2889000 84
2890000 84
2891000 84
2892000 84
2893000 84
2894000 84
2895000 84
2896000 84
2897000 84
2898000 85
2899000 85
2900000 85
2901000 85
2902000 85
2903000 85
2904000 85
2905000 85
2906000 85
2907000 85
2908000 85
2909000 85
2910000 85
2911000 85
2912000 85
2913000 85
2914000 85
2915000 85
2916000 85
2917000 85
2918000 85
2919000 85
2920000 85
2921000 85
2922000 86
2923000 86
2924000 86
2925000 86
2926000 86
2927000 86
2928000 86
2929000 86
2930000 86
2931000 86
2932000 86
2933000 86
2934000 86
2935000 86
2936000 86
2937000 86
2938000 86
2939000 86
2940000 86
2941000 86
2942000 86
2943000 86
2944000 86
2945000 86
2946000 86
2947000 87
2948000 87
2949000 87
2950000 87
2951000 87
2952000 87
2953000 87
2954000 87
2955000 87
2956000 87
2957000 87
2958000 87
2959000 87
2960000 87
2961000 87
2962000 87
2963000 87
2964000 87
2965000 88
2966000 88
2967000 88
2968000 88
2969000 88
2970000 88
2971000 88
2972000 88
2973000 88
2974000 88
2975000 88
2976000 88
2977000 88
2978000 88
2979000 88
2980000 88
2981000 88
2982000 88
2983000 88
2984000 88
2985000 88
2986000 88
2987000 89
2988000 89
2989000 89
2990000 89
2991000 89
2992000 89
2993000 89
2994000 89
2995000 89
2996000 89
2997000 89
2998000 89
2999000 89
3000000 89
3001000 89
3002000 89
3003000 89
3004000 89
3005000 89
3006000 90
3007000 90
3008000 90
3009000 90
3010000 90
3011000 90
3012000 90
3013000 90
3014000 90
3015000 90
3016000 90
3017000 90
3018000 90
3019000 90
3020000 90
3021000 90
3022000 90
3023000 90
3024000 90
3025000 90
3026000 90
3027000 90
3028000 90
3029000 90
3030000 90
3031000 91
3032000 91
3033000 91
3034000 91
3035000 91
3036000 91
3037000 91
3038000 91
3039000 91
3040000 91
3041000 91
3042000 91
3043000 91
3044000 91
3045000 91
3046000 91
3047000 91
3048000 91
3049000 91
3050000 91
3051000 91
3052000 91
3053000 92
3054000 92
3055000 92
3056000 92
3057000 92
3058000 92
3059000 92
3060000 92
3061000 92
3062000 92
3063000 92
3064000 92
3065000 92
3066000 92
3067000 92
3068000 92
3069000 92
3070000 92
3071000 92
3072000 92
3073000 92
3074000 92
3075000 92
3076000 92
3077000 92
3078000 92
3079000 93
3080000 93
3081000 93
3082000 93
3083000 93
3084000 93
3085000 93
3086000 93
3087000 93
3088000 93
3089000 93
3090000 93
3091000 93
3092000 93
3093000 93
3094000 93
3095000 93
3096000 93
3097000 93
3098000 93
3099000 93
3100000 93
3101000 93
3102000 94
3103000 94
3104000 94
3105000 94
3106000 94
3107000 94
3108000 94
3109000 94
3110000 94
3111000 94
3112000 94
3113000 94
3114000 94
3115000 94
3116000 94
3117000 94
3118000 94
3119000 94
3120000 94
3121000 94
3122000 94
3123000 94
3124000 94
3125000 94
3126000 94
3127000 94
3128000 94
3129000 94
3130000 94
3131000 94
3132000 95
3133000 95
3134000 95
3135000 95
3136000 95
3137000 95
3138000 95
3139000 95
3140000 95
3141000 95
3142000 95
3143000 95
3144000 95
3145000 95
3146000 95
3147000 95
3148000 95
3149000 95
3150000 95
3151000 96
3152000 96
3153000 96
3154000 96
3155000 96
3156000 96
3157000 96
3158000 96
3159000 96
3160000 96
3161000 96
3162000 96
3163000 96
3164000 96
3165000 96
3166000 96
3167000 96
3168000 96
3169000 96
3170000 96
3171000 96
3172000 96
3173000 96
3174000 96
3175000 97
3176000 97
3177000 97
3178000 97
3179000 97
3180000 97
3181000 97
3182000 97
3183000 97
3184000 97
3185000 97
3186000 97
3187000 97
3188000 97
3189000 97
3190000 97
3191000 97
3192000 97
3193000 97
3194000 97
3195000 97
3196000 98
3197000 98
3198000 98
3199000 98
3200000 98
3201000 98
3202000 98
3203000 98
3204000 98
3205000 98
3206000 98
3207000 98
3208000 98
3209000 98
3210000 98
3211000 98
3212000 98
3213000 98
3214000 98
3215000 98
3216000 98
3217000 98
3218000 99
3219000 99
3220000 99
3221000 99
3222000 99
3223000 99
3224000 99
3225000 99
3226000 99
3227000 99
3228000 99
3229000 99
3230000 99
3231000 99
3232000 99
3233000 99
3234000 99
3235000 99
3236000 99
3237000 99
3238000 99
3239000 99
3240000 99
3241000 99
3242000 99
3243000 99
3244000 99
3245000 99
3246000 99
3247000 99
3248000 100
3249000 100
3250000 100
3251000 100
3252000 100
3253000 100
3254000 100
3255000 100
3256000 100
3257000 100
3258000 100
3259000 100
3260000 100
3261000 100
3262000 100
3263000 100
3264000 100
3265000 100
3266000 100
3267000 100
3268000 100
3269000 100
3270000 101
3271000 101
3272000 101
3273000 101
3274000 101
3275000 101
3276000 101
3277000 101
3278000 101
3279000 101
3280000 101
3281000 101
3282000 101
3283000 101
3284000 101
3285000 101
3286000 101
3287000 101
3288000 101
3289000 101
3290000 102
3291000 102
3292000 102
3293000 102
3294000 102
3295000 102
3296000 102
3297000 102
3298000 102
3299000 102
3300000 102
3301000 102
3302000 102
3303000 102
3304000 102
3305000 102
3306000 102
3307000 102
3308000 102
3309000 102
3310000 102
3311000 102
3312000 102
3313000 102
3314000 102
3315000 103
3316000 103
3317000 103
3318000 103
3319000 103
3320000 103
3321000 103
3322000 103
3323000 103
3324000 103
3325000 103
3326000 103
3327000 103
3328000 103
3329000 103
3330000 103
3331000 103
3332000 103
3333000 103
3334000 103
3335000 104
3336000 104
3337000 104
3338000 104
3339000 104
3340000 104
3341000 104
3342000 104
3343000 104
3344000 104
3345000 104
3346000 104
3347000 104
3348000 104
3349000 104
3350000 104
3351000 104
3352000 104
3353000 104
3354000 104
3355000 104
3356000 104
3357000 104
3358000 104
3359000 104
3360000 105
3361000 105
3362000 105
3363000 105
3364000 105
3365000 105
3366000 105
3367000 105
3368000 105
3369000 105
3370000 105
3371000 105
3372000 105
3373000 105
3374000 105
3375000 105
3376000 105
3377000 105
3378000 105
3379000 105
3380000 105
3381000 105
3382000 106
3383000 106
3384000 106
3385000 106
3386000 106
3387000 106
3388000 106
3389000 106
3390000 106
3391000 106
3392000 106
3393000 106
3394000 106
3395000 106
3396000 106
3397000 106
3398000 106
3399000 106
3400000 106
3401000 106
3402000 106
3403000 106
3404000 106
3405000 106
3406000 106
3407000 106
3408000 106
3409000 107
3410000 107
3411000 107
3412000 107
3413000 107
3414000 107
3415000 107
3416000 107
3417000 107
3418000 107
3419000 107
3420000 107
3421000 107
3422000 107
3423000 107
3424000 107
3425000 107
3426000 107
3427000 107
3428000 107
3429000 107
3430000 107
3431000 107
3432000 107
3433000 107
3434000 107
3435000 107
3436000 108
3437000 108
3438000 108
3439000 108
3440000 108
3441000 108
3442000 108
3443000 108
3444000 108
3445000 108
3446000 108
3447000 108
3448000 108
3449000 108
3450000 108
3451000 108
3452000 108
3453000 108
3454000 108
3455000 108
3456000 108
3457000 108
3458000 109
3459000 109
3460000 109
3461000 109
3462000 109
3463000 109
3464000 109
3465000 109
3466000 109
3467000 109
3468000 109
3469000 109
3470000 109
3471000 109
3472000 109
3473000 109
3474000 109
3475000 109
3476000 109
3477000 109
3478000 109
3479000 109
3480000 109
3481000 110
3482000 110
3483000 110
3484000 110
3485000 110
3486000 110
3487000 110
3488000 110
3489000 110
3490000 110
3491000 110
3492000 110
3493000 110
3494000 110
3495000 110
3496000 110
3497000 110
3498000 110
3499000 110
3500000 110
3501000 110
3502000 110
3503000 110
3504000 110
3505000 110
3506000 111
3507000 111
3508000 111
3509000 111
3510000 111
3511000 111
3512000 111
3513000 111
3514000 111
3515000 111
3516000 111
3517000 111
3518000 111
3519000 111
3520000 111
3521000 111
3522000 111
3523000 111
3524000 111
3525000 112
3526000 112
3527000 112
3528000 112
3529000 112
3530000 112
3531000 112
3532000 112
3533000 112
3534000 112
3535000 112
3536000 112
3537000 112
3538000 112
3539000 112
3540000 112
3541000 112
3542000 112
3543000 112
3544000 112
3545000 112
3546000 113
3547000 113
3548000 113
3549000 113
3550000 113
3551000 113
3552000 113
3553000 113
3554000 113
3555000 113
3556000 113
3557000 113
3558000 113
3559000 113
3560000 113
3561000 113
3562000 113
3563000 113
3564000 113
3565000 113
3566000 113
3567000 113
3568000 114
3569000 114
3570000 114
3571000 114
3572000 114
3573000 114
3574000 114
3575000 114
3576000 114
3577000 114
3578000 114
3579000 114
3580000 114
3581000 114
3582000 114
3583000 114
3584000 114
3585000 114
3586000 114
3587000 114
3588000 114
3589000 114
3590000 114
3591000 114
3592000 114
3593000 114
3594000 114
3595000 114
3596000 114
3597000 114
3598000 115
3599000 115
3600000 115
3601000 115
3602000 115
3603000 115
3604000 115
3605000 115
3606000 115
3607000 115
3608000 115
3609000 115
3610000 115
3611000 115
3612000 115
3613000 115
3614000 115
3615000 115
3616000 115
3617000 115
3618000 115
3619000 116
3620000 116
3621000 116
3622000 116
3623000 116
3624000 116
3625000 116
3626000 116
3627000 116
3628000 116
3629000 116
3630000 116
3631000 116
3632000 116
3633000 116
3634000 116
3635000 116
3636000 116
3637000 116
3638000 116
3639000 116
3640000 117
3641000 117
3642000 117
3643000 117
3644000 117
3645000 117
3646000 117
3647000 117
3648000 117
3649000 117
3650000 117
3651000 117
3652000 117
3653000 117
3654000 117
3655000 117
3656000 117
3657000 117
3658000 117
3659000 117
3660000 117
3661000 117
3662000 117
3663000 118
3664000 118
3665000 118
3666000 118
3667000 118
3668000 118
3669000 118
3670000 118
3671000 118
3672000 118
3673000 118
3674000 118
3675000 118
3676000 118
3677000 118
3678000 118
3679000 118
3680000 118
3681000 118
3682000 118
3683000 118
3684000 118
3685000 118
3686000 118
3687000 118
3688000 118
3689000 118
3690000 118
3691000 118
3692000 119
3693000 119
3694000 119
3695000 119
3696000 119
3697000 119
3698000 119
3699000 119
3700000 119
3701000 119
3702000 119
3703000 119
3704000 119
3705000 119
3706000 119
3707000 119
3708000 119
3709000 119
3710000 119
3711000 119
3712000 119
3713000 119
3714000 119
3715000 119
3716000 119
3717000 119
3718000 119
3719000 119
3720000 119
3721000 120
3722000 120
3723000 120
3724000 120
3725000 120
3726000 120
3727000 120
3728000 120
3729000 120
3730000 120
3731000 120
3732000 120
3733000 120
3734000 120
3735000 120
3736000 120
3737000 120
3738000 120
3739000 120
3740000 120
3741000 120
3742000 120
3743000 120
3744000 120
3745000 120
3746000 120
3747000 120
3748000 120
3749000 120
3750000 121
3751000 121
3752000 121
3753000 121
3754000 121
3755000 121
3756000 121
3757000 121
3758000 121
3759000 121
3760000 121
3761000 121
3762000 121
3763000 121
3764000 121
3765000 121
3766000 121
3767000 121
3768000 121
3769000 121
3770000 121
3771000 121
3772000 121
3773000 121
3774000 121
3775000 122
3776000 122
3777000 122
3778000 122
3779000 122
3780000 122
3781000 122
3782000 122
3783000 122
3784000 122
3785000 122
3786000 122
3787000 122
3788000 122
3789000 122
3790000 122
3791000 122
3792000 122
3793000 122
3794000 122
3795000 122
3796000 122
3797000 122
3798000 122
3799000 122
3800000 122
3801000 122
3802000 122
3803000 122
3804000 122
3805000 122
3806000 122
3807000 123
3808000 123
3809000 123
3810000 123
3811000 123
3812000 123
3813000 123
3814000 123
3815000 123
3816000 123
3817000 123
3818000 123
3819000 123
3820000 123
3821000 123
3822000 123
3823000 123
3824000 123
3825000 123
3826000 123
3827000 123
3828000 123
3829000 123
3830000 123
3831000 124
3832000 124
3833000 124
3834000 124
3835000 124
3836000 124
3837000 124
3838000 124
3839000 124
3840000 124
3841000 124
3842000 124
3843000 124
3844000 124
3845000 124
3846000 124
3847000 124
3848000 124
3849000 124
3850000 124
3851000 124
3852000 124
3853000 124
3854000 124
3855000 124
3856000 124
3857000 124
3858000 124
3859000 124
3860000 124
3861000 124
3862000 124
3863000 124
3864000 124
3865000 124
3866000 124
3867000 124
3868000 124
3869000 124
3870000 124
3871000 124
3872000 125
3873000 125
3874000 125
3875000 125
3876000 125
3877000 125
3878000 125
3879000 125
3880000 125
3881000 125
3882000 125
3883000 125
3884000 125
3885000 125
3886000 125
3887000 125
3888000 125
3889000 125
3890000 125
3891000 125
3892000 125
3893000 125
3894000 125
3895000 125
3896000 125
3897000 125
3898000 125
3899000 126
3900000 126
3901000 126
3902000 126
3903000 126
3904000 126
3905000 126
3906000 126
3907000 126
3908000 126
3909000 126
3910000 126
3911000 126
3912000 126
3913000 126
3914000 126
3915000 126
3916000 126
3917000 126
3918000 126
3919000 126
3920000 126
3921000 126
3922000 126
3923000 127
3924000 127
3925000 127
3926000 127
3927000 127
3928000 127
3929000 127
3930000 127
3931000 127
3932000 127
3933000 127
3934000 127
3935000 127
3936000 127
3937000 127
3938000 127
3939000 127
3940000 127
3941000 127
3942000 127
3943000 127
3944000 127
3945000 128
3946000 128
3947000 128
3948000 128
3949000 128
3950000 128
3951000 128
3952000 128
3953000 128
3954000 128
3955000 128
3956000 128
3957000 128
3958000 128
3959000 128
3960000 128
3961000 128
3962000 128
3963000 128
3964000 128
3965000 128
3966000 128
3967000 128
3968000 128
3969000 128
3970000 128
3971000 128
3972000 129
3973000 129
3974000 129
3975000 129
3976000 129
3977000 129
3978000 129
3979000 129
3980000 129
3981000 129
3982000 129
3983000 129
3984000 129
3985000 129
3986000 129
3987000 129
3988000 129
3989000 129
3990000 129
3991000 129
3992000 130
3993000 130
3994000 130
3995000 130
3996000 130
3997000 130
3998000 130
3999000 130
4000000 130
4001000 130
4002000 130
4003000 130
4004000 130
4005000 130
4006000 130
4007000 130
4008000 130
4009000 130
4010000 130
4011000 130
4012000 130
4013000 130
4014000 130
4015000 130
4016000 130
4017000 131
4018000 131
4019000 131
4020000 131
4021000 131
4022000 131
4023000 131
4024000 131
4025000 131
4026000 131
4027000 131
4028000 131
4029000 131
4030000 131
4031000 131
4032000 131
4033000 131
4034000 131
4035000 131
4036000 131
4037000 131
4038000 131
4039000 131
4040000 132
4041000 132
4042000 132
4043000 132
4044000 132
4045000 132
4046000 132
4047000 132
4048000 132
4049000 132
4050000 132
4051000 132
4052000 132
4053000 132
4054000 132
4055000 132
4056000 132
4057000 132
4058000 132
4059000 132
4060000 132
4061000 132
4062000 132
4063000 132
4064000 132
4065000 132
4066000 133
4067000 133
4068000 133
4069000 133
4070000 133
4071000 133
4072000 133
4073000 133
4074000 133
4075000 133
4076000 133
4077000 133
4078000 133
4079000 133
4080000 133
4081000 133
4082000 133
4083000 133
4084000 133
4085000 134
4086000 134
4087000 134
4088000 134
4089000 134
4090000 134
4091000 134
4092000 134
4093000 134
4094000 134
4095000 134
4096000 134
4097000 134
4098000 134
4099000 134
4100000 134
4101000 134
4102000 134
4103000 134
4104000 135
4105000 135
4106000 135
4107000 135
4108000 135
4109000 135
4110000 135
4111000 135
4112000 135
4113000 135
4114000 135
4115000 135
4116000 135
4117000 135
4118000 135
4119000 135
4120000 135
4121000 135
4122000 135
4123000 135
4124000 135
4125000 136
4126000 136
4127000 136
4128000 136
4129000 136
4130000 136
4131000 136
4132000 136
4133000 136
4134000 136
4135000 136
4136000 136
4137000 136
4138000 136
4139000 136
4140000 136
4141000 136
4142000 136
4143000 136
4144000 136
4145000 136
4146000 136
4147000 136
4148000 136
4149000 136
4150000 136
4151000 137
4152000 137
4153000 137
4154000 137
4155000 137
4156000 137
4157000 137
4158000 137
4159000 137
4160000 137
4161000 137
4162000 137
4163000 137
4164000 137
4165000 137
4166000 137
4167000 137
4168000 137
4169000 137
4170000 137
4171000 137
4172000 137
4173000 137
4174000 137
4175000 137
4176000 137
4177000 138
4178000 138
4179000 138
4180000 138
4181000 138
4182000 138
4183000 138
4184000 138
4185000 138
4186000 138
4187000 138
4188000 138
4189000 138
4190000 138
4191000 138
4192000 138
4193000 138
4194000 138
4195000 139
4196000 139
4197000 139
4198000 139
4199000 139
4200000 139
4201000 139
4202000 139
4203000 139
4204000 139
4205000 139
4206000 139
4207000 139
4208000 139
4209000 139
4210000 139
4211000 139
4212000 139
4213000 139
4214000 139
4215000 139
4216000 139
4217000 139
4218000 139
4219000 139
4220000 139
4221000 140
4222000 140
4223000 140
4224000 140
4225000 140
4226000 140
4227000 140
4228000 140
4229000 140
4230000 140
4231000 140
4232000 140
4233000 140
4234000 140
4235000 140
4236000 140
4237000 140
4238000 140
4239000 140
4240000 140
4241000 141
4242000 141
4243000 141
4244000 141
4245000 141
4246000 141
4247000 141
4248000 141
4249000 141
4250000 141
4251000 141
4252000 141
4253000 141
4254000 141
4255000 141
4256000 141
4257000 141
4258000 141
4259000 141
4260000 141
4261000 142
4262000 142
4263000 142
4264000 142
4265000 142
4266000 142
4267000 142
4268000 142
4269000 142
4270000 142
4271000 142
4272000 142
4273000 142
4274000 142
4275000 142
4276000 142
4277000 142
4278000 142
4279000 142
4280000 142
4281000 142
4282000 143
4283000 143
4284000 143
4285000 143
4286000 143
4287000 143
4288000 143
4289000 143
4290000 143
4291000 143
4292000 143
4293000 143
4294000 143
4295000 143
4296000 143
4297000 143
4298000 143
4299000 143
4300000 143
4301000 143
4302000 143
4303000 143
4304000 143
4305000 143
4306000 143
4307000 143
4308000 144
4309000 144
4310000 144
4311000 144
4312000 144
4313000 144
4314000 144
4315000 144
4316000 144
4317000 144
4318000 144
4319000 144
4320000 144
4321000 144
4322000 144
4323000 144
4324000 144
4325000 144
4326000 144
4327000 144
4328000 145
4329000 145
4330000 145
4331000 145
4332000 145
4333000 145
4334000 145
4335000 145
4336000 145
4337000 145
4338000 145
4339000 145
4340000 145
4341000 145
4342000 145
4343000 145
4344000 145
4345000 145
4346000 145
4347000 145
4348000 145
4349000 145
4350000 145
4351000 145
4352000 146
4353000 146
4354000 146
4355000 146
4356000 146
4357000 146
4358000 146
4359000 146
4360000 146
4361000 146
4362000 146
4363000 146
4364000 146
4365000 146
4366000 146
4367000 146
4368000 146
4369000 146
4370000 146
4371000 146
4372000 146
4373000 146
4374000 146
4375000 146
4376000 146
4377000 146
4378000 146
4379000 146
4380000 146
4381000 146
4382000 146
4383000 147
4384000 147
4385000 147
4386000 147
4387000 147
4388000 147
4389000 147
4390000 147
4391000 147
4392000 147
4393000 147
4394000 147
4395000 147
4396000 147
4397000 147
4398000 147
4399000 147
4400000 147
4401000 147
4402000 148
4403000 148
4404000 148
4405000 148
4406000 148
4407000 148
4408000 148
4409000 148
4410000 148
4411000 148
4412000 148
4413000 148
4414000 148
4415000 148
4416000 148
4417000 148
4418000 148
4419000 148
4420000 148
4421000 148
4422000 148
4423000 148
4424000 148
4425000 149
4426000 149
4427000 149
4428000 149
4429000 149
4430000 149
4431000 149
4432000 149
4433000 149
4434000 149
4435000 149
4436000 149
4437000 149
4438000 149
4439000 149
4440000 149
4441000 149
4442000 149
4443000 149
4444000 149
4445000 149
4446000 150
4447000 150
4448000 150
4449000 150
4450000 150
4451000 150
4452000 150
4453000 150
4454000 150
4455000 150
4456000 150
4457000 150
4458000 150
4459000 150
4460000 150
4461000 150
4462000 150
4463000 150
4464000 150
4465000 150
4466000 150
4467000 151
4468000 151
4469000 151
4470000 151
4471000 151
4472000 151
4473000 151
4474000 151
4475000 151
4476000 151
4477000 151
4478000 151
4479000 151
4480000 151
4481000 151
4482000 151
4483000 151
4484000 151
4485000 151
4486000 151
4487000 151
4488000 151
4489000 151
4490000 151
4491000 151
4492000 151
4493000 152
4494000 152
4495000 152
4496000 152
4497000 152
4498000 152
4499000 152
4500000 152
4501000 152
4502000 152
4503000 152
4504000 152
4505000 152
4506000 152
4507000 152
4508000 152
4509000 152
4510000 152
4511000 152
4512000 152
4513000 153
4514000 153
4515000 153
4516000 153
4517000 153
4518000 153
4519000 153
4520000 153
4521000 153
4522000 153
4523000 153
4524000 153
4525000 153
4526000 153
4527000 153
4528000 153
4529000 153
4530000 153
4531000 153
4532000 153
4533000 153
4534000 153
4535000 153
4536000 153
4537000 154
4538000 154
4539000 154
4540000 154
4541000 154
4542000 154
4543000 154
4544000 154
4545000 154
4546000 154
4547000 154
4548000 154
4549000 154
4550000 154
4551000 154
4552000 154
4553000 154
4554000 154
4555000 155
4556000 155
4557000 155
4558000 155
4559000 155
4560000 155
4561000 155
4562000 155
4563000 155
4564000 155
4565000 155
4566000 155
4567000 155
4568000 155
4569000 155
4570000 155
4571000 155
4572000 155
4573000 155
4574000 155
4575000 155
4576000 155
4577000 155
4578000 155
4579000 155
4580000 155
4581000 156
4582000 156
4583000 156
4584000 156
4585000 156
4586000 156
4587000 156
4588000 156
4589000 156
4590000 156
4591000 156
4592000 156
4593000 156
4594000 156
4595000 156
4596000 156
4597000 156
4598000 156
4599000 156
4600000 157
4601000 157
4602000 157
4603000 157
4604000 157
4605000 157
4606000 157
4607000 157
4608000 157
4609000 157
4610000 157
4611000 157
4612000 157
4613000 157
4614000 157
4615000 157
4616000 157
4617000 157
4618000 158
4619000 158
4620000 158
4621000 158
4622000 158
4623000 158
4624000 158
4625000 158
4626000 158
4627000 158
4628000 158
4629000 158
4630000 158
4631000 158
4632000 158
4633000 158
4634000 158
4635000 158
4636000 158
4637000 158
4638000 158
4639000 158
4640000 158
4641000 158
4642000 158
4643000 158
4644000 158
4645000 158
4646000 158
4647000 158
4648000 158
4649000 158
4650000 158
4651000 158
4652000 158
4653000 158
4654000 158
4655000 158
4656000 158
4657000 158
4658000 158
4659000 158
4660000 159
4661000 159
4662000 159
4663000 159
4664000 159
4665000 159
4666000 159
4667000 159
4668000 159
4669000 159
4670000 159
4671000 159
4672000 159
4673000 159
4674000 159
4675000 159
4676000 159
4677000 159
4678000 159
4679000 159
4680000 159
4681000 159
4682000 159
4683000 159
4684000 159
4685000 159
4686000 159
4687000 159
4688000 159
4689000 159
4690000 159
4691000 160
4692000 160
4693000 160
4694000 160
4695000 160
4696000 160
4697000 160
4698000 160
4699000 160
4700000 160
4701000 160
4702000 160
4703000 160
4704000 160
4705000 160
4706000 160
4707000 160
4708000 160
4709000 160
4710000 160
4711000 160
4712000 160
4713000 160
4714000 160
4715000 160
4716000 160
4717000 160
4718000 160
4719000 160
4720000 160
4721000 161
4722000 161
4723000 161
4724000 161
4725000 161
4726000 161
4727000 161
4728000 161
4729000 161
4730000 161
4731000 161
4732000 161
4733000 161
4734000 161
4735000 161
4736000 161
4737000 161
4738000 161
4739000 161
4740000 161
4741000 161
4742000 161
4743000 161
4744000 161
4745000 161
4746000 161
4747000 162
4748000 162
4749000 162
4750000 162
4751000 162
4752000 162
4753000 162
4754000 162
4755000 162
4756000 162
4757000 162
4758000 162
4759000 162
4760000 162
4761000 162
4762000 162
4763000 162
4764000 162
4765000 162
4766000 162
4767000 162
4768000 162
4769000 162
4770000 162
4771000 162
4772000 162
4773000 163
4774000 163
4775000 163
4776000 163
4777000 163
4778000 163
4779000 163
4780000 163
4781000 163
4782000 163
4783000 163
4784000 163
4785000 163
4786000 163
4787000 163
4788000 163
4789000 163
4790000 163
4791000 163
4792000 163
4793000 163
4794000 163
4795000 164
4796000 164
4797000 164
4798000 164
4799000 164
4800000 164
4801000 164
4802000 164
4803000 164
4804000 164
4805000 164
4806000 164
4807000 164
4808000 164
4809000 164
4810000 164
4811000 164
4812000 164
4813000 164
4814000 164
4815000 164
4816000 164
4817000 164
4818000 164
4819000 164
4820000 164
4821000 164
4822000 165
4823000 165
4824000 165
4825000 165
4826000 165
4827000 165
4828000 165
4829000 165
4830000 165
4831000 165
4832000 165
4833000 165
4834000 165
4835000 165
4836000 165
4837000 165
4838000 165
4839000 165
4840000 165
4841000 165
4842000 165
4843000 165
4844000 165
4845000 165
4846000 165
4847000 165
4848000 165
4849000 165
4850000 165
4851000 165
4852000 165
4853000 165
4854000 165
4855000 165
4856000 165
4857000 165
4858000 165
4859000 166
4860000 166
4861000 166
4862000 166
4863000 166
4864000 166
4865000 166
4866000 166
4867000 166
4868000 166
4869000 166
4870000 166
4871000 166
4872000 166
4873000 166
4874000 166
4875000 166
4876000 166
4877000 166
4878000 166
4879000 166
4880000 166
4881000 166
4882000 166
4883000 166
4884000 166
4885000 167
4886000 167
4887000 167
4888000 167
4889000 167
4890000 167
4891000 167
4892000 167
4893000 167
4894000 167
4895000 167
4896000 167
4897000 167
4898000 167
4899000 167
4900000 167
4901000 167
4902000 167
4903000 167
4904000 167
4905000 167
4906000 167
4907000 167
4908000 167
4909000 167
4910000 167
4911000 167
4912000 168
4913000 168
4914000 168
4915000 168
4916000 168
4917000 168
4918000 168
4919000 168
4920000 168
4921000 168
4922000 168
4923000 168
4924000 168
4925000 168
4926000 168
4927000 168
4928000 168
4929000 168
4930000 168
4931000 168
4932000 168
4933000 169
4934000 169
4935000 169
4936000 169
4937000 169
4938000 169
4939000 169
4940000 169
4941000 169
4942000 169
4943000 169
4944000 169
4945000 169
4946000 169
4947000 169
4948000 169
4949000 169
4950000 169
4951000 169
4952000 169
4953000 169
4954000 169
4955000 169
4956000 169
4957000 169
4958000 169
4959000 169
4960000 170
4961000 170
4962000 170
4963000 170
4964000 170
4965000 170
4966000 170
4967000 170
4968000 170
4969000 170
4970000 170
4971000 170
4972000 170
4973000 170
4974000 170
4975000 170
4976000 170
4977000 170
4978000 170
4979000 170
4980000 170
4981000 170
4982000 170
4983000 170
4984000 171
4985000 171
4986000 171
4987000 171
4988000 171
4989000 171
4990000 171
4991000 171
4992000 171
4993000 171
4994000 171
4995000 171
4996000 171
4997000 171
4998000 171
4999000 171
5000000 171
