0 0
1000 0
2000 0
3000 0
4000 0
5000 0
6000 0
7000 0
8000 0
9000 0
10000 0
11000 0
12000 0
13000 0
14000 0
15000 0
16000 0
17000 0
18000 0
19000 0
20000 0
21000 0
22000 0
23000 0
24000 0
25000 0
26000 0
27000 0
28000 0
29000 0
30000 0
31000 0
32000 0
33000 0
34000 0
35000 0
36000 0
37000 0
38000 0
39000 0
40000 0
41000 0
42000 0
43000 0
44000 0
45000 0
46000 0
47000 0
48000 0
49000 0
50000 0
51000 0
52000 0
53000 0
54000 0
55000 0
56000 0
57000 0
58000 0
59000 0
60000 0
61000 0
62000 0
63000 0
64000 0
65000 0
66000 0
67000 0
68000 0
69000 0
70000 0
71000 0
72000 0
73000 0
74000 0
75000 0
76000 0
77000 0
78000 0
79000 0
80000 0
81000 0
82000 0
83000 0
84000 0
85000 0
86000 0
87000 0
88000 0
89000 0
90000 0
91000 0
92000 0
93000 1
94000 1
95000 1
96000 1
97000 1
98000 1
99000 1
100000 1
101000 1
102000 1
103000 1
104000 1
105000 1
106000 1
107000 1
108000 1
109000 1
110000 1
111000 1
112000 1
113000 1
114000 1
115000 1
116000 1
117000 1
118000 1
119000 1
120000 1
121000 1
122000 1
123000 1
124000 1
125000 1
126000 1
127000 1
128000 1
129000 1
130000 1
131000 1
132000 1
133000 1
134000 1
135000 1
136000 1
137000 1
138000 1
139000 1
140000 1
141000 1
142000 1
143000 1
144000 1
145000 1
146000 1
147000 1
148000 1
149000 1
150000 1
151000 1
152000 1
153000 1
154000 1
155000 1
156000 1
157000 1
158000 1
159000 1
160000 1
161000 1
162000 1
163000 1
164000 1
165000 1
166000 1
167000 1
168000 1
169000 1
170000 1
171000 1
172000 1
173000 1
174000 1
175000 1
176000 1
177000 1
178000 1
179000 1
180000 1
181000 1
182000 1
183000 1
184000 1
185000 1
186000 1
187000 1
188000 1
189000 1
190000 1
191000 1
192000 1
193000 1
194000 1
195000 1
196000 1
197000 1
198000 1
199000 1
200000 1
201000 1
202000 1
203000 1
204000 1
205000 1
206000 1
207000 1
208000 1
209000 1
210000 1
211000 1
212000 1
213000 1
214000 1
215000 1
216000 1
217000 1
218000 1
219000 1
220000 1
221000 2
222000 2
223000 2
224000 2
225000 2
226000 2
227000 2
228000 2
229000 2
230000 2
231000 2
232000 2
233000 2
234000 2
235000 2
236000 2
237000 2
238000 2
239000 2
240000 2
241000 2
242000 2
243000 2
244000 2
245000 2
246000 2
247000 3
248000 3
249000 3
250000 3
251000 3
252000 3
253000 3
254000 3
255000 3
256000 3
257000 3
258000 3
259000 3
260000 3
261000 3
262000 3
263000 3
264000 3
265000 3
266000 3
267000 3
268000 3
269000 3
270000 3
271000 3
272000 3
273000 3
274000 3
275000 3
276000 3
277000 3
278000 3
279000 3
280000 3
281000 3
282000 3
283000 3
284000 3
285000 3
286000 3
287000 3
288000 3
289000 3
290000 3
291000 4
292000 4
293000 4
294000 4
295000 4
296000 4
297000 4
298000 4
299000 4
300000 4
301000 4
302000 4
303000 4
304000 4
305000 4
306000 4
307000 4
308000 4
309000 4
310000 4
311000 4
312000 4
313000 4
314000 4
315000 4
316000 4
317000 4
318000 4
319000 4
320000 4
321000 4
322000 4
323000 4
324000 4
325000 4
326000 4
327000 4
328000 4
329000 4
330000 4
331000 4
332000 4
333000 4
334000 4
335000 4
336000 5
337000 5
338000 5
339000 5
340000 5
341000 5
342000 5
343000 5
344000 5
345000 5
346000 5
347000 5
348000 5
349000 5
350000 5
351000 5
352000 5
353000 5
354000 5
355000 5
356000 5
357000 5
358000 5
359000 5
360000 5
361000 5
362000 5
363000 5
364000 5
365000 5
366000 5
367000 5
368000 5
369000 5
370000 5
371000 5
372000 5
373000 5
374000 5
375000 5
376000 5
377000 5
378000 5
379000 5
380000 5
381000 5
382000 5
383000 5
384000 6
385000 6
386000 6
387000 6
388000 6
389000 6
390000 6
391000 6
392000 6
393000 6
394000 6
395000 6
396000 6
397000 6
398000 6
399000 6
400000 6
401000 6
402000 6
403000 6
404000 6
405000 6
406000 6
407000 6
408000 6
409000 6
410000 6
411000 6
412000 6
413000 6
414000 6
415000 6
416000 6
417000 6
418000 6
419000 6
420000 6
421000 6
422000 6
423000 6
424000 6
425000 7
426000 7
427000 7
428000 7
429000 7
430000 7
431000 7
432000 7
433000 7
434000 7
435000 7
436000 7
437000 7
438000 7
439000 7
440000 7
441000 7
442000 7
443000 7
444000 7
445000 7
446000 7
447000 7
448000 7
449000 7
450000 7
451000 7
452000 7
453000 7
454000 7
455000 8
456000 8
457000 8
458000 8
459000 8
460000 8
461000 8
462000 8
463000 8
464000 8
465000 8
466000 8
467000 8
468000 8
469000 8
470000 8
471000 8
472000 8
473000 8
474000 8
475000 8
476000 9
477000 9
478000 9
479000 9
480000 9
481000 9
482000 9
483000 9
484000 9
485000 9
486000 9
487000 9
488000 9
489000 9
490000 9
491000 9
492000 9
493000 9
494000 9
495000 10
496000 10
497000 10
498000 10
499000 10
500000 10
501000 10
502000 10
503000 10
504000 10
505000 10
506000 10
507000 10
508000 10
509000 10
510000 10
511000 10
512000 10
513000 10
514000 10
515000 10
516000 10
517000 10
518000 10
519000 10
520000 11
521000 11
522000 11
523000 11
524000 11
525000 11
526000 11
527000 11
528000 11
529000 11
530000 11
531000 11
532000 11
533000 11
534000 11
535000 11
536000 11
537000 11
538000 11
539000 11
540000 11
541000 11
542000 11
543000 12
544000 12
545000 12
546000 12
547000 12
548000 12
549000 12
550000 12
551000 12
552000 12
553000 12
554000 12
555000 12
556000 12
557000 12
558000 12
559000 12
560000 12
561000 12
562000 12
563000 12
564000 12
565000 12
566000 12
567000 12
568000 12
569000 12
570000 12
571000 12
572000 13
573000 13
574000 13
575000 13
576000 13
577000 13
578000 13
579000 13
580000 13
581000 13
582000 13
583000 13
584000 13
585000 13
586000 13
587000 13
588000 13
589000 13
590000 13
591000 14
592000 14
593000 14
594000 14
595000 14
596000 14
597000 14
598000 14
599000 14
600000 14
601000 14
602000 14
603000 14
604000 14
605000 14
606000 14
607000 14
608000 14
609000 14
610000 14
611000 14
612000 14
613000 14
614000 14
615000 14
616000 14
617000 14
618000 14
619000 14
620000 14
621000 14
622000 14
623000 14
624000 14
625000 14
626000 14
627000 14
628000 14
629000 14
630000 14
631000 14
632000 14
633000 14
634000 14
635000 14
636000 14
637000 14
638000 14
639000 14
640000 14
641000 14
642000 14
643000 15
644000 15
645000 15
646000 15
647000 15
648000 15
649000 15
650000 15
651000 15
652000 15
653000 15
654000 15
655000 15
656000 15
657000 15
658000 15
659000 15
660000 15
661000 15
662000 16
663000 16
664000 16
665000 16
666000 16
667000 16
668000 16
669000 16
670000 16
671000 16
672000 16
673000 16
674000 16
675000 16
676000 16
677000 16
678000 16
679000 16
680000 16
681000 16
682000 17
683000 17
684000 17
685000 17
686000 17
687000 17
688000 17
689000 17
690000 17
691000 17
692000 17
693000 17
694000 17
695000 17
696000 17
697000 17
698000 17
699000 17
700000 17
701000 17
702000 17
703000 17
704000 18
705000 18
706000 18
707000 18
708000 18
709000 18
710000 18
711000 18
712000 18
713000 18
714000 18
715000 18
716000 18
717000 18
718000 18
719000 18
720000 18
721000 18
722000 18
723000 18
724000 18
725000 18
726000 18
727000 18
728000 19
729000 19
730000 19
731000 19
732000 19
733000 19
734000 19
735000 19
736000 19
737000 19
738000 19
739000 19
740000 19
741000 19
742000 19
743000 19
744000 19
745000 19
746000 19
747000 19
748000 19
749000 19
750000 19
751000 19
752000 19
753000 19
754000 19
755000 19
756000 19
757000 19
758000 20
759000 20
760000 20
761000 20
762000 20
763000 20
764000 20
765000 20
766000 20
767000 20
768000 20
769000 20
770000 20
771000 20
772000 20
773000 20
774000 20
775000 20
776000 20
777000 20
778000 20
779000 20
780000 21
781000 21
782000 21
783000 21
784000 21
785000 21
786000 21
787000 21
788000 21
789000 21
790000 21
791000 21
792000 21
793000 21
794000 21
795000 21
796000 21
797000 21
798000 21
799000 21
800000 21
801000 21
802000 21
803000 21
804000 21
805000 21
806000 21
807000 21
808000 21
809000 21
810000 21
811000 22
812000 22
813000 22
814000 22
815000 22
816000 22
817000 22
818000 22
819000 22
820000 22
821000 22
822000 22
823000 22
824000 22
825000 22
826000 22
827000 22
828000 22
829000 22
830000 22
831000 22
832000 23
833000 23
834000 23
835000 23
836000 23
837000 23
838000 23
839000 23
840000 23
841000 23
842000 23
843000 23
844000 23
845000 23
846000 23
847000 23
848000 23
849000 23
850000 23
851000 23
852000 23
853000 23
854000 23
855000 23
856000 23
857000 23
858000 23
859000 23
860000 23
861000 23
862000 24
863000 24
864000 24
865000 24
866000 24
867000 24
868000 24
869000 24
870000 24
871000 24
872000 24
873000 24
874000 24
875000 24
876000 24
877000 24
878000 24
879000 24
880000 24
881000 24
882000 24
883000 24
884000 24
885000 24
886000 24
887000 24
888000 24
889000 25
890000 25
891000 25
892000 25
893000 25
894000 25
895000 25
896000 25
897000 25
898000 25
899000 25
900000 25
901000 25
902000 25
903000 25
904000 25
905000 25
906000 25
907000 25
908000 25
909000 25
910000 25
911000 25
912000 25
913000 25
914000 25
915000 25
916000 25
917000 25
918000 25
919000 25
920000 25
921000 25
922000 25
923000 25
924000 25
925000 25
926000 25
927000 25
928000 25
929000 25
930000 25
931000 26
932000 26
933000 26
934000 26
935000 26
936000 26
937000 26
938000 26
939000 26
940000 26
941000 26
942000 26
943000 26
944000 26
945000 26
946000 26
947000 26
948000 26
949000 26
950000 26
951000 26
952000 26
953000 26
954000 26
955000 26
956000 26
957000 26
958000 26
959000 27
960000 27
961000 27
962000 27
963000 27
964000 27
965000 27
966000 27
967000 27
968000 27
969000 27
970000 27
971000 27
972000 27
973000 27
974000 27
975000 27
976000 27
977000 27
978000 27
979000 27
980000 27
981000 27
982000 27
983000 27
984000 28
985000 28
986000 28
987000 28
988000 28
989000 28
990000 28
991000 28
992000 28
993000 28
994000 28
995000 28
996000 28
997000 28
998000 28
999000 28
1000000 28
1001000 28
1002000 28
1003000 28
1004000 28
1005000 28
1006000 28
1007000 28
1008000 28
1009000 28
1010000 28
1011000 28
1012000 28
1013000 28
1014000 28
1015000 28
1016000 28
1017000 28
1018000 28
1019000 28
1020000 28
1021000 28
1022000 28
1023000 28
1024000 28
1025000 28
1026000 28
1027000 28
1028000 28
1029000 28
1030000 28
1031000 28
1032000 28
1033000 28
1034000 28
1035000 28
1036000 28
1037000 28
1038000 28
1039000 28
1040000 28
1041000 28
1042000 28
1043000 28
1044000 28
1045000 28
1046000 28
1047000 28
1048000 28
1049000 28
1050000 28
1051000 28
1052000 28
1053000 28
1054000 28
1055000 28
1056000 28
1057000 28
1058000 28
1059000 28
1060000 28
1061000 28
1062000 28
1063000 28
1064000 28
1065000 28
1066000 28
1067000 28
1068000 28
1069000 28
1070000 28
1071000 28
1072000 28
1073000 28
1074000 28
1075000 28
1076000 28
1077000 28
1078000 28
1079000 28
1080000 28
1081000 28
1082000 28
1083000 28
1084000 28
1085000 28
1086000 28
1087000 28
1088000 28
1089000 28
1090000 28
1091000 28
1092000 28
1093000 28
1094000 28
1095000 28
1096000 28
1097000 28
1098000 28
1099000 28
1100000 28
1101000 28
1102000 28
1103000 28
1104000 28
1105000 28
1106000 28
1107000 28
1108000 28
1109000 28
1110000 28
1111000 28
1112000 28
1113000 28
1114000 28
1115000 28
1116000 28
1117000 28
1118000 28
1119000 28
1120000 28
1121000 28
1122000 28
1123000 28
1124000 28
1125000 28
1126000 28
1127000 28
1128000 28
1129000 28
1130000 28
1131000 28
1132000 28
1133000 28
1134000 28
1135000 28
1136000 28
1137000 28
1138000 28
1139000 28
1140000 28
1141000 28
1142000 28
1143000 28
1144000 28
1145000 28
1146000 28
1147000 28
1148000 28
1149000 28
1150000 28
1151000 28
1152000 28
1153000 28
1154000 28
1155000 28
1156000 28
1157000 28
1158000 28
1159000 28
1160000 28
1161000 28
1162000 28
1163000 28
1164000 29
1165000 29
1166000 29
1167000 29
1168000 29
1169000 29
1170000 29
1171000 29
1172000 29
1173000 29
1174000 29
1175000 29
1176000 29
1177000 29
1178000 29
1179000 29
1180000 29
1181000 29
1182000 29
1183000 29
1184000 29
1185000 29
1186000 29
1187000 29
1188000 29
1189000 29
1190000 30
1191000 30
1192000 30
1193000 30
1194000 30
1195000 30
1196000 30
1197000 30
1198000 30
1199000 30
1200000 30
1201000 30
1202000 30
1203000 30
1204000 30
1205000 30
1206000 30
1207000 30
1208000 30
1209000 30
1210000 30
1211000 30
1212000 30
1213000 30
1214000 30
1215000 30
1216000 31
1217000 31
1218000 31
1219000 31
1220000 31
1221000 31
1222000 31
1223000 31
1224000 31
1225000 31
1226000 31
1227000 31
1228000 31
1229000 31
1230000 31
1231000 31
1232000 31
1233000 31
1234000 31
1235000 31
1236000 31
1237000 31
1238000 31
1239000 31
1240000 31
1241000 31
1242000 31
1243000 31
1244000 31
1245000 31
1246000 31
1247000 31
1248000 31
1249000 31
1250000 31
1251000 31
1252000 31
1253000 31
1254000 32
1255000 32
1256000 32
1257000 32
1258000 32
1259000 32
1260000 32
1261000 32
1262000 32
1263000 32
1264000 32
1265000 32
1266000 32
1267000 32
1268000 32
1269000 32
1270000 32
1271000 32
1272000 32
1273000 32
1274000 32
1275000 32
1276000 32
1277000 32
1278000 32
1279000 32
1280000 32
1281000 32
1282000 32
1283000 32
1284000 32
1285000 32
1286000 32
1287000 32
1288000 32
1289000 32
1290000 33
1291000 33
1292000 33
1293000 33
1294000 33
1295000 33
1296000 33
1297000 33
1298000 33
1299000 33
1300000 33
1301000 33
1302000 33
1303000 33
1304000 33
1305000 33
1306000 33
1307000 33
1308000 33
1309000 33
1310000 33
1311000 33
1312000 33
1313000 34
1314000 34
1315000 34
1316000 34
1317000 34
1318000 34
1319000 34
1320000 34
1321000 34
1322000 34
1323000 34
1324000 34
1325000 34
1326000 34
1327000 34
1328000 34
1329000 34
1330000 34
1331000 34
1332000 34
1333000 34
1334000 34
1335000 34
1336000 34
1337000 34
1338000 34
1339000 34
1340000 34
1341000 34
1342000 34
1343000 34
1344000 34
1345000 34
1346000 34
1347000 34
1348000 34
1349000 34
1350000 34
1351000 34
1352000 34
1353000 34
1354000 34
1355000 34
1356000 34
1357000 34
1358000 34
1359000 34
1360000 34
1361000 34
1362000 34
1363000 34
1364000 34
1365000 34
1366000 34
1367000 34
1368000 34
1369000 34
1370000 34
1371000 34
1372000 34
1373000 34
1374000 35
1375000 35
1376000 35
1377000 35
1378000 35
1379000 35
1380000 35
1381000 35
1382000 35
1383000 35
1384000 35
1385000 35
1386000 35
1387000 35
1388000 35
1389000 35
1390000 35
1391000 35
1392000 35
1393000 35
1394000 35
1395000 35
1396000 35
1397000 35
1398000 35
1399000 35
1400000 35
1401000 36
1402000 36
1403000 36
1404000 36
1405000 36
1406000 36
1407000 36
1408000 36
1409000 36
1410000 36
1411000 36
1412000 36
1413000 36
1414000 36
1415000 36
1416000 36
1417000 36
1418000 36
1419000 36
1420000 36
1421000 36
1422000 36
1423000 36
1424000 36
1425000 36
1426000 36
1427000 36
1428000 36
1429000 36
1430000 36
1431000 36
1432000 36
1433000 36
1434000 36
1435000 36
1436000 36
1437000 36
1438000 36
1439000 36
1440000 36
1441000 36
1442000 36
1443000 36
1444000 36
1445000 36
1446000 36
1447000 36
1448000 36
1449000 36
1450000 36
1451000 36
1452000 36
1453000 36
1454000 36
1455000 36
1456000 36
1457000 36
1458000 36
1459000 36
1460000 36
1461000 36
1462000 36
1463000 36
1464000 36
1465000 36
1466000 36
1467000 36
1468000 36
1469000 36
1470000 36
1471000 36
1472000 36
1473000 36
1474000 36
1475000 36
1476000 36
1477000 36
1478000 36
1479000 36
1480000 36
1481000 36
1482000 36
1483000 36
1484000 36
1485000 36
1486000 36
1487000 36
1488000 36
1489000 36
1490000 36
1491000 36
1492000 36
1493000 36
1494000 36
1495000 36
1496000 36
1497000 36
1498000 36
1499000 36
1500000 36
1501000 36
1502000 36
1503000 36
1504000 36
1505000 36
1506000 36
1507000 36
1508000 36
1509000 36
1510000 36
1511000 36
1512000 36
1513000 36
1514000 36
1515000 36
1516000 36
1517000 36
1518000 36
1519000 36
1520000 36
1521000 36
1522000 36
1523000 36
1524000 36
1525000 36
1526000 36
1527000 36
1528000 36
1529000 36
1530000 36
1531000 36
1532000 36
1533000 36
1534000 36
1535000 36
1536000 36
1537000 36
1538000 36
1539000 36
1540000 36
1541000 36
1542000 36
1543000 36
1544000 36
1545000 36
1546000 36
1547000 36
1548000 36
1549000 36
1550000 36
1551000 36
1552000 36
1553000 36
1554000 36
1555000 36
1556000 36
1557000 36
1558000 36
1559000 36
1560000 36
1561000 36
1562000 36
1563000 36
1564000 36
1565000 36
1566000 36
1567000 36
1568000 36
1569000 36
1570000 36
1571000 36
1572000 36
1573000 36
1574000 36
1575000 36
1576000 36
1577000 36
1578000 36
1579000 36
1580000 36
1581000 36
1582000 36
1583000 37
1584000 37
1585000 37
1586000 37
1587000 37
1588000 37
1589000 37
1590000 37
1591000 37
1592000 37
1593000 37
1594000 37
1595000 37
1596000 37
1597000 37
1598000 37
1599000 37
1600000 37
1601000 37
1602000 37
1603000 37
1604000 37
1605000 37
1606000 37
1607000 37
1608000 37
1609000 37
1610000 37
1611000 37
1612000 37
1613000 37
1614000 37
1615000 37
1616000 37
1617000 37
1618000 37
1619000 37
1620000 37
1621000 37
1622000 37
1623000 37
1624000 37
1625000 38
1626000 38
1627000 38
1628000 38
1629000 38
1630000 38
1631000 38
1632000 38
1633000 38
1634000 38
1635000 38
1636000 38
1637000 38
1638000 38
1639000 38
1640000 38
1641000 38
1642000 38
1643000 38
1644000 38
1645000 38
1646000 38
1647000 38
1648000 38
1649000 38
1650000 38
1651000 38
1652000 38
1653000 38
1654000 38
1655000 38
1656000 38
1657000 38
1658000 38
1659000 38
1660000 38
1661000 38
1662000 38
1663000 38
1664000 38
1665000 38
1666000 38
1667000 38
1668000 39
1669000 39
1670000 39
1671000 39
1672000 39
1673000 39
1674000 39
1675000 39
1676000 39
1677000 39
1678000 39
1679000 39
1680000 39
1681000 39
1682000 39
1683000 39
1684000 39
1685000 39
1686000 39
1687000 39
1688000 39
1689000 39
1690000 39
1691000 39
1692000 39
1693000 39
1694000 39
1695000 39
1696000 39
1697000 40
1698000 40
1699000 40
1700000 40
1701000 40
1702000 40
1703000 40
1704000 40
1705000 40
1706000 40
1707000 40
1708000 40
1709000 40
1710000 40
1711000 40
1712000 40
1713000 40
1714000 40
1715000 40
1716000 40
1717000 40
1718000 40
1719000 40
1720000 40
1721000 40
1722000 40
1723000 40
1724000 40
1725000 40
1726000 40
1727000 40
1728000 40
1729000 40
1730000 40
1731000 40
1732000 40
1733000 40
1734000 40
1735000 40
1736000 40
1737000 40
1738000 40
1739000 40
1740000 40
1741000 40
1742000 40
1743000 40
1744000 40
1745000 40
1746000 40
1747000 40
1748000 40
1749000 40
1750000 40
1751000 40
1752000 40
1753000 40
1754000 40
1755000 40
1756000 40
1757000 40
1758000 40
1759000 40
1760000 40
1761000 40
1762000 40
1763000 40
1764000 40
1765000 40
1766000 40
1767000 40
1768000 40
1769000 40
1770000 40
1771000 40
1772000 40
1773000 40
1774000 40
1775000 40
1776000 40
1777000 40
1778000 40
1779000 40
1780000 40
1781000 40
1782000 40
1783000 40
1784000 40
1785000 40
1786000 40
1787000 40
1788000 40
1789000 40
1790000 40
1791000 40
1792000 40
1793000 40
1794000 40
1795000 40
1796000 40
1797000 40
1798000 40
1799000 40
1800000 40
1801000 40
1802000 40
1803000 40
1804000 40
1805000 40
1806000 40
1807000 40
1808000 40
1809000 40
1810000 40
1811000 40
1812000 40
1813000 40
1814000 40
1815000 40
1816000 40
1817000 40
1818000 40
1819000 40
1820000 40
1821000 40
1822000 40
1823000 40
1824000 40
1825000 40
1826000 40
1827000 40
1828000 40
1829000 40
1830000 40
1831000 40
1832000 40
1833000 40
1834000 40
1835000 40
1836000 40
1837000 40
1838000 40
1839000 40
1840000 40
1841000 40
1842000 40
1843000 40
1844000 40
1845000 40
1846000 40
1847000 40
1848000 40
1849000 40
1850000 40
1851000 40
1852000 40
1853000 40
1854000 40
1855000 40
1856000 40
1857000 40
1858000 40
1859000 40
1860000 40
1861000 40
1862000 40
1863000 40
1864000 40
1865000 40
1866000 40
1867000 40
1868000 40
1869000 40
1870000 40
1871000 40
1872000 40
1873000 40
1874000 40
1875000 40
1876000 40
1877000 40
1878000 40
1879000 40
1880000 40
1881000 40
1882000 40
1883000 40
1884000 40
1885000 40
1886000 40
1887000 40
1888000 40
1889000 40
1890000 40
1891000 40
1892000 40
1893000 40
1894000 40
1895000 40
1896000 40
1897000 40
1898000 40
1899000 40
1900000 40
1901000 40
1902000 40
1903000 40
1904000 40
1905000 40
1906000 40
1907000 40
1908000 40
1909000 40
1910000 40
1911000 40
1912000 40
1913000 40
1914000 40
1915000 40
1916000 40
1917000 40
1918000 40
1919000 40
1920000 40
1921000 40
1922000 40
1923000 40
1924000 40
1925000 40
1926000 40
1927000 40
1928000 40
1929000 40
1930000 40
1931000 40
1932000 40
1933000 40
1934000 40
1935000 40
1936000 40
1937000 40
1938000 40
1939000 40
1940000 40
1941000 40
1942000 40
1943000 40
1944000 40
1945000 40
1946000 40
1947000 40
1948000 40
1949000 40
1950000 40
1951000 40
1952000 40
1953000 40
1954000 40
1955000 40
1956000 40
1957000 40
1958000 40
1959000 40
1960000 40
1961000 40
1962000 40
1963000 40
1964000 40
1965000 40
1966000 40
1967000 40
1968000 40
1969000 40
1970000 40
1971000 40
1972000 40
1973000 40
1974000 40
1975000 40
1976000 40
1977000 40
1978000 40
1979000 40
1980000 40
1981000 40
1982000 40
1983000 40
1984000 40
1985000 40
1986000 40
1987000 40
1988000 40
1989000 40
1990000 40
1991000 40
1992000 40
1993000 41
1994000 41
1995000 41
1996000 41
1997000 41
1998000 41
1999000 41
2000000 41
2001000 41
2002000 41
2003000 41
2004000 41
2005000 41
2006000 41
2007000 41
2008000 41
2009000 41
2010000 41
2011000 41
2012000 41
2013000 41
2014000 41
2015000 41
2016000 41
2017000 41
2018000 41
2019000 41
2020000 41
2021000 41
2022000 41
2023000 41
2024000 41
2025000 41
2026000 41
2027000 41
2028000 41
2029000 41
2030000 41
2031000 41
2032000 41
2033000 41
2034000 41
2035000 41
2036000 41
2037000 41
2038000 41
2039000 41
2040000 41
2041000 41
2042000 41
2043000 41
2044000 42
2045000 42
2046000 42
2047000 42
2048000 42
2049000 42
2050000 42
2051000 42
2052000 42
2053000 42
2054000 42
2055000 42
2056000 42
2057000 42
2058000 42
2059000 42
2060000 42
2061000 42
2062000 42
2063000 42
2064000 42
2065000 42
2066000 42
2067000 42
2068000 42
2069000 42
2070000 42
2071000 42
2072000 42
2073000 42
2074000 42
2075000 43
2076000 43
2077000 43
2078000 43
2079000 43
2080000 43
2081000 43
2082000 43
2083000 43
2084000 43
2085000 43
2086000 43
2087000 43
2088000 43
2089000 43
2090000 43
2091000 43
2092000 43
2093000 43
2094000 43
2095000 43
2096000 43
2097000 43
2098000 43
2099000 43
2100000 43
2101000 43
2102000 43
2103000 43
2104000 43
2105000 43
2106000 43
2107000 43
2108000 43
2109000 43
2110000 43
2111000 43
2112000 43
2113000 43
2114000 44
2115000 44
2116000 44
2117000 44
2118000 44
2119000 44
2120000 44
2121000 44
2122000 44
2123000 44
2124000 44
2125000 44
2126000 44
2127000 44
2128000 44
2129000 44
2130000 44
2131000 44
2132000 44
2133000 44
2134000 44
2135000 44
2136000 44
2137000 44
2138000 44
2139000 44
2140000 44
2141000 44
2142000 44
2143000 44
2144000 45
2145000 45
2146000 45
2147000 45
2148000 45
2149000 45
2150000 45
2151000 45
2152000 45
2153000 45
2154000 45
2155000 45
2156000 45
2157000 45
2158000 45
2159000 45
2160000 45
2161000 45
2162000 45
2163000 45
2164000 45
2165000 45
2166000 45
2167000 45
2168000 45
2169000 45
2170000 45
2171000 46
2172000 46
2173000 46
2174000 46
2175000 46
2176000 46
2177000 46
2178000 46
2179000 46
2180000 46
2181000 46
2182000 46
2183000 46
2184000 46
2185000 46
2186000 46
2187000 46
2188000 46
2189000 46
2190000 46
2191000 46
2192000 46
2193000 46
2194000 46
2195000 46
2196000 46
2197000 46
2198000 46
2199000 46
2200000 46
2201000 46
2202000 46
2203000 46
2204000 46
2205000 46
2206000 46
2207000 46
2208000 46
2209000 46
2210000 46
2211000 46
2212000 46
2213000 47
2214000 47
2215000 47
2216000 47
2217000 47
2218000 47
2219000 47
2220000 47
2221000 47
2222000 47
2223000 47
2224000 47
2225000 47
2226000 47
2227000 47
2228000 47
2229000 47
2230000 47
2231000 47
2232000 47
2233000 47
2234000 47
2235000 47
2236000 47
2237000 47
2238000 47
2239000 47
2240000 47
2241000 47
2242000 47
2243000 47
2244000 47
2245000 47
2246000 47
2247000 47
2248000 47
2249000 47
2250000 47
2251000 47
2252000 47
2253000 47
2254000 47
2255000 47
2256000 47
2257000 47
2258000 47
2259000 47
2260000 47
2261000 47
2262000 47
2263000 48
2264000 48
2265000 48
2266000 48
2267000 48
2268000 48
2269000 48
2270000 48
2271000 48
2272000 48
2273000 48
2274000 48
2275000 48
2276000 48
2277000 48
2278000 48
2279000 48
2280000 48
2281000 48
2282000 48
2283000 48
2284000 48
2285000 48
2286000 48
2287000 48
2288000 48
2289000 48
2290000 48
2291000 48
2292000 48
2293000 48
2294000 48
2295000 48
2296000 48
2297000 48
2298000 48
2299000 48
2300000 48
2301000 48
2302000 48
2303000 48
2304000 48
2305000 48
2306000 48
2307000 48
2308000 48
2309000 48
2310000 48
2311000 48
2312000 48
2313000 48
2314000 48
2315000 48
2316000 48
2317000 48
2318000 48
2319000 48
2320000 48
2321000 48
2322000 48
2323000 48
2324000 48
2325000 48
2326000 48
2327000 48
2328000 48
2329000 48
2330000 48
2331000 48
2332000 48
2333000 48
2334000 48
2335000 48
2336000 48
2337000 48
2338000 48
2339000 48
2340000 48
2341000 48
2342000 48
2343000 48
2344000 48
2345000 48
2346000 48
2347000 48
2348000 48
2349000 48
2350000 48
2351000 48
2352000 48
2353000 48
2354000 48
2355000 48
2356000 48
2357000 49
2358000 49
2359000 49
2360000 49
2361000 49
2362000 49
2363000 49
2364000 49
2365000 49
2366000 49
2367000 49
2368000 49
2369000 49
2370000 49
2371000 49
2372000 49
2373000 49
2374000 49
2375000 49
2376000 49
2377000 49
2378000 49
2379000 49
2380000 49
2381000 49
2382000 49
2383000 49
2384000 49
2385000 49
2386000 49
2387000 49
2388000 49
2389000 49
2390000 49
2391000 49
2392000 49
2393000 49
2394000 49
2395000 49
2396000 49
2397000 49
2398000 49
2399000 49
2400000 49
2401000 49
2402000 49
2403000 49
2404000 49
2405000 49
2406000 49
2407000 49
2408000 49
2409000 49
2410000 49
2411000 49
2412000 49
2413000 49
2414000 49
2415000 49
2416000 49
2417000 49
2418000 49
2419000 49
2420000 49
2421000 49
2422000 49
2423000 49
2424000 49
2425000 49
2426000 49
2427000 50
2428000 50
2429000 50
2430000 50
2431000 50
2432000 50
2433000 50
2434000 50
2435000 50
2436000 50
2437000 50
2438000 50
2439000 50
2440000 50
2441000 50
2442000 50
2443000 50
2444000 50
2445000 50
2446000 50
2447000 50
2448000 50
2449000 50
2450000 50
2451000 50
2452000 50
2453000 50
2454000 50
2455000 50
2456000 50
2457000 50
2458000 50
2459000 50
2460000 50
2461000 50
2462000 50
2463000 50
2464000 50
2465000 50
2466000 50
2467000 50
2468000 50
2469000 50
2470000 50
2471000 50
2472000 50
2473000 50
2474000 50
2475000 50
2476000 50
2477000 50
2478000 50
2479000 50
2480000 50
2481000 50
2482000 50
2483000 50
2484000 50
2485000 50
2486000 50
2487000 50
2488000 50
2489000 50
2490000 50
2491000 50
2492000 50
2493000 50
2494000 50
2495000 50
2496000 50
2497000 50
2498000 50
2499000 50
2500000 50
2501000 50
2502000 50
2503000 50
2504000 50
2505000 50
2506000 50
2507000 50
2508000 50
2509000 50
2510000 50
2511000 50
2512000 50
2513000 50
2514000 50
2515000 50
2516000 50
2517000 50
2518000 50
2519000 50
2520000 50
2521000 50
2522000 50
2523000 50
2524000 50
2525000 50
2526000 50
2527000 50
2528000 50
2529000 50
2530000 50
2531000 50
2532000 50
2533000 50
2534000 50
2535000 50
2536000 50
2537000 50
2538000 50
2539000 50
2540000 50
2541000 50
2542000 50
2543000 50
2544000 50
2545000 50
2546000 50
2547000 50
2548000 50
2549000 50
2550000 50
2551000 50
2552000 50
2553000 50
2554000 50
2555000 50
2556000 50
2557000 50
2558000 50
2559000 50
2560000 50
2561000 50
2562000 50
2563000 50
2564000 50
2565000 50
2566000 50
2567000 50
2568000 50
2569000 50
2570000 50
2571000 50
2572000 50
2573000 50
2574000 50
2575000 50
2576000 50
2577000 50
2578000 50
2579000 50
2580000 50
2581000 50
2582000 50
2583000 50
2584000 50
2585000 50
2586000 50
2587000 50
2588000 50
2589000 50
2590000 50
2591000 50
2592000 50
2593000 50
2594000 50
2595000 50
2596000 50
2597000 50
2598000 50
2599000 50
2600000 50
2601000 50
2602000 50
2603000 50
2604000 50
2605000 50
2606000 50
2607000 50
2608000 50
2609000 50
2610000 50
2611000 50
2612000 50
2613000 50
2614000 50
2615000 50
2616000 50
2617000 50
2618000 50
2619000 50
2620000 50
2621000 50
2622000 50
2623000 50
2624000 50
2625000 50
2626000 50
2627000 50
2628000 50
2629000 50
2630000 50
2631000 50
2632000 50
2633000 50
2634000 50
2635000 50
2636000 50
2637000 50
2638000 50
2639000 50
2640000 50
2641000 50
2642000 50
2643000 50
2644000 50
2645000 50
2646000 50
2647000 50
2648000 50
2649000 50
2650000 50
2651000 50
2652000 50
2653000 50
2654000 50
2655000 50
2656000 50
2657000 51
2658000 51
2659000 51
2660000 51
2661000 51
2662000 51
2663000 51
2664000 51
2665000 51
2666000 51
2667000 51
2668000 51
2669000 51
2670000 51
2671000 51
2672000 51
2673000 51
2674000 51
2675000 51
2676000 51
2677000 51
2678000 51
2679000 51
2680000 51
2681000 51
2682000 51
2683000 51
2684000 51
2685000 51
2686000 51
2687000 51
2688000 51
2689000 51
2690000 51
2691000 51
2692000 51
2693000 51
2694000 51
2695000 51
2696000 51
2697000 51
2698000 51
2699000 51
2700000 51
2701000 51
2702000 51
2703000 51
2704000 51
2705000 51
2706000 51
2707000 51
2708000 51
2709000 51
2710000 51
2711000 51
2712000 51
2713000 51
2714000 51
2715000 51
2716000 51
2717000 51
2718000 51
2719000 51
2720000 51
2721000 51
2722000 51
2723000 51
2724000 51
2725000 51
2726000 51
2727000 51
2728000 51
2729000 51
2730000 51
2731000 51
2732000 51
2733000 51
2734000 51
2735000 51
2736000 51
2737000 51
2738000 51
2739000 51
2740000 51
2741000 51
2742000 51
2743000 51
2744000 51
2745000 51
2746000 51
2747000 51
2748000 51
2749000 51
2750000 51
2751000 51
2752000 51
2753000 51
2754000 51
2755000 51
2756000 51
2757000 51
2758000 51
2759000 51
2760000 51
2761000 51
2762000 51
2763000 51
2764000 51
2765000 51
2766000 51
2767000 51
2768000 51
2769000 51
2770000 51
2771000 51
2772000 51
2773000 51
2774000 51
2775000 51
2776000 51
2777000 51
2778000 51
2779000 51
2780000 51
2781000 51
2782000 51
2783000 51
2784000 51
2785000 51
2786000 51
2787000 51
2788000 51
2789000 51
2790000 51
2791000 51
2792000 51
2793000 51
2794000 51
2795000 51
2796000 51
2797000 51
2798000 51
2799000 51
2800000 51
2801000 51
2802000 51
2803000 51
2804000 51
2805000 51
2806000 51
2807000 51
2808000 51
2809000 51
2810000 51
2811000 51
2812000 51
2813000 51
2814000 51
2815000 51
2816000 51
2817000 51
2818000 51
2819000 51
2820000 51
2821000 51
2822000 51
2823000 51
2824000 51
2825000 51
2826000 51
2827000 51
2828000 51
2829000 51
2830000 51
2831000 51
2832000 51
2833000 51
2834000 51
2835000 51
2836000 51
2837000 51
2838000 51
2839000 51
2840000 51
2841000 51
2842000 51
2843000 51
2844000 51
2845000 51
2846000 51
2847000 51
2848000 51
2849000 51
2850000 51
2851000 51
2852000 51
2853000 51
2854000 51
2855000 51
2856000 51
2857000 51
2858000 51
2859000 51
2860000 51
2861000 51
2862000 51
2863000 51
2864000 51
2865000 51
2866000 51
2867000 51
2868000 51
2869000 51
2870000 51
2871000 51
2872000 51
2873000 51
2874000 51
2875000 51
2876000 51
2877000 51
2878000 51
2879000 51
2880000 51
2881000 51
2882000 51
2883000 51
2884000 51
2885000 51
2886000 51
2887000 51
2888000 51
2889000 51
2890000 51
2891000 51
2892000 51
2893000 51
2894000 51
2895000 51
2896000 51
2897000 51
2898000 51
2899000 51
2900000 51
2901000 51
2902000 51
2903000 51
2904000 51
2905000 51
2906000 51
2907000 51
2908000 51
2909000 51
2910000 51
2911000 51
2912000 51
2913000 51
2914000 51
2915000 51
2916000 51
2917000 51
2918000 51
2919000 51
2920000 51
2921000 51
2922000 51
2923000 51
2924000 51
2925000 51
2926000 51
2927000 51
2928000 51
2929000 51
2930000 51
2931000 51
2932000 51
2933000 51
2934000 51
2935000 51
2936000 51
2937000 51
2938000 51
2939000 51
2940000 51
2941000 51
2942000 51
2943000 51
2944000 51
2945000 51
2946000 51
2947000 51
2948000 51
2949000 51
2950000 51
2951000 51
2952000 51
2953000 51
2954000 51
2955000 51
2956000 51
2957000 51
2958000 51
2959000 51
2960000 51
2961000 51
2962000 51
2963000 51
2964000 51
2965000 51
2966000 51
2967000 51
2968000 51
2969000 51
2970000 51
2971000 51
2972000 51
2973000 51
2974000 51
2975000 51
2976000 51
2977000 51
2978000 51
2979000 51
2980000 51
2981000 51
2982000 51
2983000 51
2984000 51
2985000 51
2986000 51
2987000 51
2988000 51
2989000 51
2990000 51
2991000 51
2992000 51
2993000 51
2994000 52
2995000 52
2996000 52
2997000 52
2998000 52
2999000 52
3000000 52
3001000 52
3002000 52
3003000 52
3004000 52
3005000 52
3006000 52
3007000 52
3008000 52
3009000 52
3010000 52
3011000 52
3012000 52
3013000 52
3014000 52
3015000 52
3016000 52
3017000 52
3018000 52
3019000 52
3020000 52
3021000 52
3022000 52
3023000 53
3024000 53
3025000 53
3026000 53
3027000 53
3028000 53
3029000 53
3030000 53
3031000 53
3032000 53
3033000 53
3034000 53
3035000 53
3036000 53
3037000 53
3038000 53
3039000 53
3040000 53
3041000 53
3042000 53
3043000 53
3044000 53
3045000 53
3046000 54
3047000 54
3048000 54
3049000 54
3050000 54
3051000 54
3052000 54
3053000 54
3054000 54
3055000 54
3056000 54
3057000 54
3058000 54
3059000 54
3060000 54
3061000 54
3062000 54
3063000 54
3064000 54
3065000 54
3066000 54
3067000 54
3068000 54
3069000 54
3070000 54
3071000 54
3072000 54
3073000 54
3074000 54
3075000 54
3076000 54
3077000 54
3078000 54
3079000 54
3080000 54
3081000 54
3082000 54
3083000 54
3084000 54
3085000 54
3086000 54
3087000 54
3088000 54
3089000 54
3090000 54
3091000 54
3092000 54
3093000 54
3094000 54
3095000 54
3096000 54
3097000 54
3098000 54
3099000 54
3100000 54
3101000 54
3102000 54
3103000 54
3104000 54
3105000 54
3106000 54
3107000 54
3108000 54
3109000 54
3110000 54
3111000 54
3112000 54
3113000 54
3114000 54
3115000 54
3116000 54
3117000 54
3118000 54
3119000 54
3120000 54
3121000 54
3122000 54
3123000 54
3124000 54
3125000 54
3126000 54
3127000 54
3128000 54
3129000 54
3130000 54
3131000 54
3132000 54
3133000 54
3134000 54
3135000 54
3136000 54
3137000 54
3138000 54
3139000 54
3140000 54
3141000 54
3142000 54
3143000 54
3144000 54
3145000 54
3146000 54
3147000 54
3148000 54
3149000 54
3150000 54
3151000 54
3152000 54
3153000 54
3154000 54
3155000 54
3156000 54
3157000 54
3158000 54
3159000 54
3160000 54
3161000 54
3162000 54
3163000 54
3164000 54
3165000 54
3166000 54
3167000 54
3168000 54
3169000 54
3170000 54
3171000 54
3172000 54
3173000 54
3174000 54
3175000 54
3176000 54
3177000 54
3178000 54
3179000 54
3180000 54
3181000 54
3182000 54
3183000 54
3184000 54
3185000 54
3186000 54
3187000 54
3188000 54
3189000 54
3190000 54
3191000 54
3192000 54
3193000 54
3194000 54
3195000 54
3196000 54
3197000 54
3198000 54
3199000 54
3200000 54
3201000 54
3202000 54
3203000 54
3204000 54
3205000 54
3206000 54
3207000 54
3208000 54
3209000 54
3210000 54
3211000 54
3212000 54
3213000 54
3214000 54
3215000 54
3216000 54
3217000 54
3218000 54
3219000 54
3220000 54
3221000 54
3222000 54
3223000 54
3224000 54
3225000 54
3226000 54
3227000 54
3228000 54
3229000 55
3230000 55
3231000 55
3232000 55
3233000 55
3234000 55
3235000 55
3236000 55
3237000 55
3238000 55
3239000 55
3240000 55
3241000 55
3242000 55
3243000 55
3244000 55
3245000 55
3246000 55
3247000 55
3248000 55
3249000 55
3250000 55
3251000 55
3252000 55
3253000 55
3254000 55
3255000 55
3256000 55
3257000 55
3258000 55
3259000 55
3260000 55
3261000 55
3262000 55
3263000 55
3264000 55
3265000 55
3266000 55
3267000 55
3268000 56
3269000 56
3270000 56
3271000 56
3272000 56
3273000 56
3274000 56
3275000 56
3276000 56
3277000 56
3278000 56
3279000 56
3280000 56
3281000 56
3282000 56
3283000 56
3284000 56
3285000 56
3286000 56
3287000 56
3288000 56
3289000 56
3290000 56
3291000 56
3292000 56
3293000 56
3294000 56
3295000 56
3296000 56
3297000 56
3298000 56
3299000 57
3300000 57
3301000 57
3302000 57
3303000 57
3304000 57
3305000 57
3306000 57
3307000 57
3308000 57
3309000 57
3310000 57
3311000 57
3312000 57
3313000 57
3314000 57
3315000 57
3316000 57
3317000 57
3318000 57
3319000 57
3320000 57
3321000 57
3322000 57
3323000 57
3324000 57
3325000 57
3326000 57
3327000 57
3328000 57
3329000 57
3330000 57
3331000 57
3332000 57
3333000 57
3334000 57
3335000 57
3336000 57
3337000 57
3338000 57
3339000 58
3340000 58
3341000 58
3342000 58
3343000 58
3344000 58
3345000 58
3346000 58
3347000 58
3348000 58
3349000 58
3350000 58
3351000 58
3352000 58
3353000 58
3354000 58
3355000 58
3356000 58
3357000 58
3358000 58
3359000 58
3360000 58
3361000 58
3362000 58
3363000 59
3364000 59
3365000 59
3366000 59
3367000 59
3368000 59
3369000 59
3370000 59
3371000 59
3372000 59
3373000 59
3374000 59
3375000 59
3376000 59
3377000 59
3378000 59
3379000 59
3380000 59
3381000 59
3382000 59
3383000 59
3384000 59
3385000 59
3386000 59
3387000 59
3388000 59
3389000 59
3390000 59
3391000 59
3392000 59
3393000 59
3394000 59
3395000 59
3396000 59
3397000 59
3398000 59
3399000 59
3400000 59
3401000 59
3402000 59
3403000 59
3404000 59
3405000 59
3406000 59
3407000 59
3408000 59
3409000 59
3410000 59
3411000 59
3412000 59
3413000 59
3414000 59
3415000 59
3416000 59
3417000 59
3418000 59
3419000 59
3420000 59
3421000 59
3422000 59
3423000 59
3424000 59
3425000 59
3426000 59
3427000 59
3428000 59
3429000 59
3430000 59
3431000 59
3432000 59
3433000 59
3434000 59
3435000 59
3436000 59
3437000 59
3438000 59
3439000 59
3440000 59
3441000 59
3442000 59
3443000 59
3444000 59
3445000 59
3446000 59
3447000 59
3448000 59
3449000 59
3450000 59
3451000 59
3452000 59
3453000 59
3454000 59
3455000 59
3456000 59
3457000 59
3458000 59
3459000 59
3460000 59
3461000 59
3462000 59
3463000 59
3464000 59
3465000 59
3466000 59
3467000 59
3468000 59
3469000 59
3470000 59
3471000 59
3472000 59
3473000 59
3474000 59
3475000 59
3476000 59
3477000 59
3478000 59
3479000 59
3480000 59
3481000 59
3482000 59
3483000 59
3484000 59
3485000 59
3486000 59
3487000 59
3488000 59
3489000 59
3490000 59
3491000 59
3492000 59
3493000 59
3494000 59
3495000 59
3496000 59
3497000 59
3498000 59
3499000 59
3500000 59
3501000 59
3502000 59
3503000 59
3504000 59
3505000 59
3506000 59
3507000 59
3508000 59
3509000 59
3510000 59
3511000 59
3512000 59
3513000 59
3514000 59
3515000 59
3516000 59
3517000 59
3518000 59
3519000 59
3520000 59
3521000 59
3522000 59
3523000 59
3524000 59
3525000 59
3526000 59
3527000 59
3528000 59
3529000 59
3530000 59
3531000 59
3532000 59
3533000 59
3534000 59
3535000 59
3536000 59
3537000 59
3538000 59
3539000 59
3540000 59
3541000 59
3542000 59
3543000 59
3544000 59
3545000 59
3546000 59
3547000 59
3548000 59
3549000 59
3550000 59
3551000 59
3552000 59
3553000 59
3554000 59
3555000 59
3556000 59
3557000 59
3558000 59
3559000 59
3560000 59
3561000 59
3562000 59
3563000 59
3564000 59
3565000 59
3566000 59
3567000 59
3568000 59
3569000 59
3570000 59
3571000 59
3572000 59
3573000 59
3574000 59
3575000 59
3576000 59
3577000 59
3578000 59
3579000 59
3580000 59
3581000 59
3582000 59
3583000 59
3584000 59
3585000 59
3586000 59
3587000 59
3588000 59
3589000 59
3590000 59
3591000 59
3592000 59
3593000 59
3594000 59
3595000 59
3596000 59
3597000 59
3598000 59
3599000 59
3600000 59
3601000 59
3602000 59
3603000 59
3604000 59
3605000 59
3606000 59
3607000 59
3608000 59
3609000 59
3610000 59
3611000 59
3612000 59
3613000 59
3614000 59
3615000 59
3616000 59
3617000 59
3618000 59
3619000 59
3620000 59
3621000 59
3622000 59
3623000 59
3624000 59
3625000 59
3626000 59
3627000 59
3628000 59
3629000 59
3630000 59
3631000 59
3632000 59
3633000 59
3634000 59
3635000 59
3636000 59
3637000 59
3638000 59
3639000 59
3640000 59
3641000 59
3642000 59
3643000 59
3644000 59
3645000 59
3646000 59
3647000 59
3648000 59
3649000 59
3650000 59
3651000 59
3652000 59
3653000 59
3654000 59
3655000 59
3656000 59
3657000 59
3658000 59
3659000 59
3660000 59
3661000 59
3662000 59
3663000 59
3664000 59
3665000 59
3666000 59
3667000 59
3668000 59
3669000 59
3670000 59
3671000 59
3672000 59
3673000 59
3674000 59
3675000 59
3676000 59
3677000 59
3678000 59
3679000 59
3680000 59
3681000 59
3682000 59
3683000 59
3684000 59
3685000 59
3686000 59
3687000 60
3688000 60
3689000 60
3690000 60
3691000 60
3692000 60
3693000 60
3694000 60
3695000 60
3696000 60
3697000 60
3698000 60
3699000 60
3700000 60
3701000 60
3702000 60
3703000 60
3704000 60
3705000 60
3706000 60
3707000 60
3708000 60
3709000 61
3710000 61
3711000 61
3712000 61
3713000 61
3714000 61
3715000 61
3716000 61
3717000 61
3718000 61
3719000 61
3720000 61
3721000 61
3722000 61
3723000 61
3724000 61
3725000 61
3726000 61
3727000 61
3728000 61
3729000 61
3730000 61
3731000 61
3732000 61
3733000 61
3734000 61
3735000 61
3736000 61
3737000 61
3738000 61
3739000 61
3740000 61
3741000 61
3742000 61
3743000 61
3744000 61
3745000 61
3746000 61
3747000 61
3748000 61
3749000 61
3750000 61
3751000 61
3752000 61
3753000 61
3754000 61
3755000 61
3756000 61
3757000 61
3758000 61
3759000 61
3760000 61
3761000 61
3762000 61
3763000 61
3764000 61
3765000 61
3766000 61
3767000 61
3768000 61
3769000 61
3770000 61
3771000 61
3772000 61
3773000 61
3774000 61
3775000 61
3776000 61
3777000 61
3778000 61
3779000 61
3780000 61
3781000 61
3782000 61
3783000 61
3784000 61
3785000 61
3786000 61
3787000 61
3788000 61
3789000 61
3790000 61
3791000 61
3792000 61
3793000 61
3794000 61
3795000 61
3796000 61
3797000 61
3798000 61
3799000 61
3800000 61
3801000 61
3802000 61
3803000 61
3804000 61
3805000 61
3806000 61
3807000 61
3808000 61
3809000 61
3810000 61
3811000 61
3812000 61
3813000 61
3814000 61
3815000 61
3816000 61
3817000 61
3818000 61
3819000 61
3820000 61
3821000 61
3822000 61
3823000 61
3824000 61
3825000 61
3826000 61
3827000 61
3828000 61
3829000 61
3830000 61
3831000 61
3832000 61
3833000 61
3834000 61
3835000 61
3836000 61
3837000 61
3838000 61
3839000 61
3840000 61
3841000 61
3842000 61
3843000 61
3844000 61
3845000 61
3846000 61
3847000 61
3848000 61
3849000 61
3850000 61
3851000 61
3852000 61
3853000 61
3854000 61
3855000 61
3856000 61
3857000 61
3858000 61
3859000 61
3860000 61
3861000 61
3862000 61
3863000 61
3864000 61
3865000 61
3866000 61
3867000 61
3868000 61
3869000 61
3870000 61
3871000 61
3872000 61
3873000 61
3874000 61
3875000 61
3876000 61
3877000 61
3878000 61
3879000 61
3880000 61
3881000 61
3882000 61
3883000 62
3884000 62
3885000 62
3886000 62
3887000 62
3888000 62
3889000 62
3890000 62
3891000 62
3892000 62
3893000 62
3894000 62
3895000 62
3896000 62
3897000 62
3898000 62
3899000 62
3900000 62
3901000 62
3902000 62
3903000 62
3904000 62
3905000 62
3906000 62
3907000 62
3908000 62
3909000 62
3910000 62
3911000 62
3912000 62
3913000 62
3914000 62
3915000 62
3916000 62
3917000 62
3918000 62
3919000 63
3920000 63
3921000 63
3922000 63
3923000 63
3924000 63
3925000 63
3926000 63
3927000 63
3928000 63
3929000 63
3930000 63
3931000 63
3932000 63
3933000 63
3934000 63
3935000 63
3936000 63
3937000 63
3938000 63
3939000 63
3940000 64
3941000 64
3942000 64
3943000 64
3944000 64
3945000 64
3946000 64
3947000 64
3948000 64
3949000 64
3950000 64
3951000 64
3952000 64
3953000 64
3954000 64
3955000 64
3956000 64
3957000 64
3958000 64
3959000 64
3960000 64
3961000 64
3962000 64
3963000 64
3964000 65
3965000 65
3966000 65
3967000 65
3968000 65
3969000 65
3970000 65
3971000 65
3972000 65
3973000 65
3974000 65
3975000 65
3976000 65
3977000 65
3978000 65
3979000 65
3980000 65
3981000 65
3982000 65
3983000 65
3984000 65
3985000 65
3986000 65
3987000 65
3988000 65
3989000 65
3990000 65
3991000 65
3992000 65
3993000 65
3994000 65
3995000 65
3996000 65
3997000 66
3998000 66
3999000 66
4000000 66
4001000 66
4002000 66
4003000 66
4004000 66
4005000 66
4006000 66
4007000 66
4008000 66
4009000 66
4010000 66
4011000 66
4012000 66
4013000 66
4014000 66
4015000 66
4016000 66
4017000 66
4018000 66
4019000 66
4020000 66
4021000 66
4022000 66
4023000 66
4024000 66
4025000 66
4026000 66
4027000 66
4028000 66
4029000 66
4030000 66
4031000 66
4032000 66
4033000 66
4034000 66
4035000 67
4036000 67
4037000 67
4038000 67
4039000 67
4040000 67
4041000 67
4042000 67
4043000 67
4044000 67
4045000 67
4046000 67
4047000 67
4048000 67
4049000 67
4050000 67
4051000 67
4052000 67
4053000 67
4054000 67
4055000 67
4056000 67
4057000 67
4058000 67
4059000 67
4060000 67
4061000 67
4062000 67
4063000 67
4064000 67
4065000 67
4066000 67
4067000 67
4068000 67
4069000 67
4070000 67
4071000 67
4072000 67
4073000 67
4074000 67
4075000 67
4076000 67
4077000 67
4078000 67
4079000 67
4080000 67
4081000 67
4082000 68
4083000 68
4084000 68
4085000 68
4086000 68
4087000 68
4088000 68
4089000 68
4090000 68
4091000 68
4092000 68
4093000 68
4094000 68
4095000 68
4096000 68
4097000 68
4098000 68
4099000 68
4100000 68
4101000 68
4102000 68
4103000 68
4104000 69
4105000 69
4106000 69
4107000 69
4108000 69
4109000 69
4110000 69
4111000 69
4112000 69
4113000 69
4114000 69
4115000 69
4116000 69
4117000 69
4118000 69
4119000 69
4120000 69
4121000 69
4122000 69
4123000 69
4124000 69
4125000 69
4126000 69
4127000 69
4128000 69
4129000 69
4130000 69
4131000 69
4132000 69
4133000 69
4134000 69
4135000 69
4136000 69
4137000 69
4138000 69
4139000 69
4140000 69
4141000 69
4142000 69
4143000 69
4144000 70
4145000 70
4146000 70
4147000 70
4148000 70
4149000 70
4150000 70
4151000 70
4152000 70
4153000 70
4154000 70
4155000 70
4156000 70
4157000 70
4158000 70
4159000 70
4160000 70
4161000 70
4162000 70
4163000 70
4164000 70
4165000 71
4166000 71
4167000 71
4168000 71
4169000 71
4170000 71
4171000 71
4172000 71
4173000 71
4174000 71
4175000 71
4176000 71
4177000 71
4178000 71
4179000 71
4180000 71
4181000 71
4182000 71
4183000 71
4184000 71
4185000 71
4186000 71
4187000 71
4188000 72
4189000 72
4190000 72
4191000 72
4192000 72
4193000 72
4194000 72
4195000 72
4196000 72
4197000 72
4198000 72
4199000 72
4200000 72
4201000 72
4202000 72
4203000 72
4204000 72
4205000 72
4206000 72
4207000 72
4208000 72
4209000 72
4210000 72
4211000 72
4212000 72
4213000 73
4214000 73
4215000 73
4216000 73
4217000 73
4218000 73
4219000 73
4220000 73
4221000 73
4222000 73
4223000 73
4224000 73
4225000 73
4226000 73
4227000 73
4228000 73
4229000 73
4230000 73
4231000 73
4232000 73
4233000 73
4234000 74
4235000 74
4236000 74
4237000 74
4238000 74
4239000 74
4240000 74
4241000 74
4242000 74
4243000 74
4244000 74
4245000 74
4246000 74
4247000 74
4248000 74
4249000 74
4250000 74
4251000 74
4252000 74
4253000 75
4254000 75
4255000 75
4256000 75
4257000 75
4258000 75
4259000 75
4260000 75
4261000 75
4262000 75
4263000 75
4264000 75
4265000 75
4266000 75
4267000 75
4268000 75
4269000 75
4270000 75
4271000 75
4272000 75
4273000 75
4274000 76
4275000 76
4276000 76
4277000 76
4278000 76
4279000 76
4280000 76
4281000 76
4282000 76
4283000 76
4284000 76
4285000 76
4286000 76
4287000 76
4288000 76
4289000 76
4290000 76
4291000 76
4292000 76
4293000 76
4294000 76
4295000 76
4296000 76
4297000 76
4298000 76
4299000 77
4300000 77
4301000 77
4302000 77
4303000 77
4304000 77
4305000 77
4306000 77
4307000 77
4308000 77
4309000 77
4310000 77
4311000 77
4312000 77
4313000 77
4314000 77
4315000 77
4316000 77
4317000 77
4318000 77
4319000 77
4320000 77
4321000 77
4322000 77
4323000 77
4324000 77
4325000 77
4326000 77
4327000 77
4328000 77
4329000 77
4330000 77
4331000 77
4332000 77
4333000 77
4334000 77
4335000 77
4336000 77
4337000 78
4338000 78
4339000 78
4340000 78
4341000 78
4342000 78
4343000 78
4344000 78
4345000 78
4346000 78
4347000 78
4348000 78
4349000 78
4350000 78
4351000 78
4352000 78
4353000 78
4354000 78
4355000 78
4356000 79
4357000 79
4358000 79
4359000 79
4360000 79
4361000 79
4362000 79
4363000 79
4364000 79
4365000 79
4366000 79
4367000 79
4368000 79
4369000 79
4370000 79
4371000 79
4372000 79
4373000 79
4374000 79
4375000 80
4376000 80
4377000 80
4378000 80
4379000 80
4380000 80
4381000 80
4382000 80
4383000 80
4384000 80
4385000 80
4386000 80
4387000 80
4388000 80
4389000 80
4390000 80
4391000 80
4392000 80
4393000 80
4394000 80
4395000 80
4396000 80
4397000 80
4398000 81
4399000 81
4400000 81
4401000 81
4402000 81
4403000 81
4404000 81
4405000 81
4406000 81
4407000 81
4408000 81
4409000 81
4410000 81
4411000 81
4412000 81
4413000 81
4414000 81
4415000 81
4416000 81
4417000 81
4418000 81
4419000 81
4420000 81
4421000 82
4422000 82
4423000 82
4424000 82
4425000 82
4426000 82
4427000 82
4428000 82
4429000 82
4430000 82
4431000 82
4432000 82
4433000 82
4434000 82
4435000 82
4436000 82
4437000 82
4438000 82
4439000 82
4440000 82
4441000 82
4442000 82
4443000 82
4444000 82
4445000 82
4446000 83
4447000 83
4448000 83
4449000 83
4450000 83
4451000 83
4452000 83
4453000 83
4454000 83
4455000 83
4456000 83
4457000 83
4458000 83
4459000 83
4460000 83
4461000 83
4462000 83
4463000 83
4464000 83
4465000 84
4466000 84
4467000 84
4468000 84
4469000 84
4470000 84
4471000 84
4472000 84
4473000 84
4474000 84
4475000 84
4476000 84
4477000 84
4478000 84
4479000 84
4480000 84
4481000 84
4482000 84
4483000 85
4484000 85
4485000 85
4486000 85
4487000 85
4488000 85
4489000 85
4490000 85
4491000 85
4492000 85
4493000 85
4494000 85
4495000 85
4496000 85
4497000 85
4498000 85
4499000 85
4500000 85
4501000 85
4502000 85
4503000 85
4504000 85
4505000 86
4506000 86
4507000 86
4508000 86
4509000 86
4510000 86
4511000 86
4512000 86
4513000 86
4514000 86
4515000 86
4516000 86
4517000 86
4518000 86
4519000 86
4520000 86
4521000 86
4522000 86
4523000 86
4524000 86
4525000 86
4526000 87
4527000 87
4528000 87
4529000 87
4530000 87
4531000 87
4532000 87
4533000 87
4534000 87
4535000 87
4536000 87
4537000 87
4538000 87
4539000 87
4540000 87
4541000 87
4542000 87
4543000 88
4544000 88
4545000 88
4546000 88
4547000 88
4548000 88
4549000 88
4550000 88
4551000 88
4552000 88
4553000 88
4554000 88
4555000 88
4556000 88
4557000 88
4558000 88
4559000 88
4560000 88
4561000 88
4562000 88
4563000 88
4564000 88
4565000 88
4566000 88
4567000 88
4568000 88
4569000 88
4570000 88
4571000 88
4572000 88
4573000 88
4574000 88
4575000 88
4576000 88
4577000 88
4578000 88
4579000 88
4580000 88
4581000 88
4582000 88
4583000 88
4584000 88
4585000 88
4586000 88
4587000 88
4588000 88
4589000 88
4590000 88
4591000 88
4592000 88
4593000 88
4594000 88
4595000 88
4596000 88
4597000 88
4598000 88
4599000 88
4600000 88
4601000 88
4602000 88
4603000 88
4604000 88
4605000 88
4606000 88
4607000 88
4608000 88
4609000 88
4610000 88
4611000 88
4612000 88
4613000 88
4614000 88
4615000 88
4616000 88
4617000 88
4618000 88
4619000 88
4620000 88
4621000 88
4622000 88
4623000 88
4624000 88
4625000 88
4626000 88
4627000 88
4628000 88
4629000 88
4630000 88
4631000 88
4632000 88
4633000 88
4634000 88
4635000 88
4636000 88
4637000 88
4638000 88
4639000 88
4640000 88
4641000 88
4642000 88
4643000 88
4644000 88
4645000 88
4646000 88
4647000 88
4648000 88
4649000 88
4650000 88
4651000 88
4652000 88
4653000 88
4654000 88
4655000 88
4656000 88
4657000 88
4658000 88
4659000 88
4660000 88
4661000 88
4662000 88
4663000 88
4664000 88
4665000 88
4666000 88
4667000 88
4668000 88
4669000 88
4670000 88
4671000 88
4672000 88
4673000 88
4674000 88
4675000 88
4676000 88
4677000 88
4678000 88
4679000 88
4680000 88
4681000 88
4682000 88
4683000 88
4684000 88
4685000 88
4686000 88
4687000 88
4688000 88
4689000 88
4690000 88
4691000 88
4692000 88
4693000 88
4694000 88
4695000 88
4696000 88
4697000 88
4698000 88
4699000 88
4700000 88
4701000 88
4702000 88
4703000 88
4704000 88
4705000 88
4706000 88
4707000 88
4708000 88
4709000 88
4710000 88
4711000 88
4712000 88
4713000 89
4714000 89
4715000 89
4716000 89
4717000 89
4718000 89
4719000 89
4720000 89
4721000 89
4722000 89
4723000 89
4724000 89
4725000 89
4726000 89
4727000 89
4728000 89
4729000 89
4730000 89
4731000 89
4732000 90
4733000 90
4734000 90
4735000 90
4736000 90
4737000 90
4738000 90
4739000 90
4740000 90
4741000 90
4742000 90
4743000 90
4744000 90
4745000 90
4746000 90
4747000 90
4748000 90
4749000 90
4750000 91
4751000 91
4752000 91
4753000 91
4754000 91
4755000 91
4756000 91
4757000 91
4758000 91
4759000 91
4760000 91
4761000 91
4762000 91
4763000 91
4764000 91
4765000 91
4766000 91
4767000 91
4768000 91
4769000 91
4770000 91
4771000 92
4772000 92
4773000 92
4774000 92
4775000 92
4776000 92
4777000 92
4778000 92
4779000 92
4780000 92
4781000 92
4782000 92
4783000 92
4784000 92
4785000 92
4786000 92
4787000 92
4788000 92
4789000 92
4790000 92
4791000 92
4792000 93
4793000 93
4794000 93
4795000 93
4796000 93
4797000 93
4798000 93
4799000 93
4800000 93
4801000 93
4802000 93
4803000 93
4804000 93
4805000 93
4806000 93
4807000 93
4808000 93
4809000 93
4810000 93
4811000 93
4812000 94
4813000 94
4814000 94
4815000 94
4816000 94
4817000 94
4818000 94
4819000 94
4820000 94
4821000 94
4822000 94
4823000 94
4824000 94
4825000 94
4826000 94
4827000 94
4828000 94
4829000 94
4830000 94
4831000 94
4832000 94
4833000 94
4834000 95
4835000 95
4836000 95
4837000 95
4838000 95
4839000 95
4840000 95
4841000 95
4842000 95
4843000 95
4844000 95
4845000 95
4846000 95
4847000 95
4848000 95
4849000 95
4850000 95
4851000 95
4852000 95
4853000 95
4854000 95
4855000 95
4856000 96
4857000 96
4858000 96
4859000 96
4860000 96
4861000 96
4862000 96
4863000 96
4864000 96
4865000 96
4866000 96
4867000 96
4868000 96
4869000 96
4870000 96
4871000 96
4872000 96
4873000 96
4874000 96
4875000 96
4876000 96
4877000 96
4878000 96
4879000 96
4880000 96
4881000 97
4882000 97
4883000 97
4884000 97
4885000 97
4886000 97
4887000 97
4888000 97
4889000 97
4890000 97
4891000 97
4892000 97
4893000 97
4894000 97
4895000 97
4896000 97
4897000 97
4898000 97
4899000 97
4900000 97
4901000 97
4902000 97
4903000 97
4904000 97
4905000 97
4906000 97
4907000 97
4908000 98
4909000 98
4910000 98
4911000 98
4912000 98
4913000 98
4914000 98
4915000 98
4916000 98
4917000 98
4918000 98
4919000 98
4920000 98
4921000 98
4922000 98
4923000 98
4924000 99
4925000 99
4926000 99
4927000 99
4928000 99
4929000 99
4930000 99
4931000 99
4932000 99
4933000 99
4934000 99
4935000 99
4936000 99
4937000 99
4938000 99
4939000 99
4940000 99
4941000 99
4942000 99
4943000 99
4944000 99
4945000 99
4946000 99
4947000 99
4948000 99
4949000 99
4950000 100
4951000 100
4952000 100
4953000 100
4954000 100
4955000 100
4956000 100
4957000 100
4958000 100
4959000 100
4960000 100
4961000 100
4962000 100
4963000 100
4964000 100
4965000 100
4966000 100
4967000 100
4968000 100
4969000 100
4970000 100
4971000 100
4972000 100
4973000 101
4974000 101
4975000 101
4976000 101
4977000 101
4978000 101
4979000 101
4980000 101
4981000 101
4982000 101
4983000 101
4984000 101
4985000 101
4986000 101
4987000 101
4988000 101
4989000 101
4990000 101
4991000 101
4992000 101
4993000 101
4994000 101
4995000 102
4996000 102
4997000 102
4998000 102
4999000 102
5000000 102
