0 0
1000 0
2000 0
3000 0
4000 0
5000 0
6000 0
7000 0
8000 0
9000 0
10000 0
11000 0
12000 0
13000 0
14000 0
15000 0
16000 0
17000 0
18000 0
19000 0
20000 0
21000 0
22000 0
23000 0
24000 0
25000 0
26000 0
27000 0
28000 0
29000 0
30000 0
31000 0
32000 0
33000 0
34000 0
35000 0
36000 0
37000 0
38000 0
39000 0
40000 0
41000 0
42000 0
43000 0
44000 0
45000 0
46000 0
47000 0
48000 0
49000 0
50000 0
51000 0
52000 0
53000 0
54000 0
55000 0
56000 0
57000 0
58000 0
59000 0
60000 0
61000 0
62000 0
63000 0
64000 0
65000 0
66000 0
67000 0
68000 0
69000 0
70000 0
71000 1
72000 1
73000 1
74000 1
75000 1
76000 1
77000 1
78000 1
79000 1
80000 1
81000 1
82000 1
83000 1
84000 1
85000 1
86000 1
87000 1
88000 1
89000 1
90000 1
91000 1
92000 1
93000 1
94000 1
95000 1
96000 1
97000 1
98000 1
99000 1
100000 1
101000 1
102000 1
103000 1
104000 1
105000 1
106000 1
107000 1
108000 1
109000 1
110000 1
111000 1
112000 1
113000 1
114000 1
115000 1
116000 1
117000 1
118000 1
119000 1
120000 1
121000 1
122000 1
123000 1
124000 1
125000 1
126000 1
127000 1
128000 1
129000 1
130000 1
131000 1
132000 1
133000 1
134000 1
135000 1
136000 1
137000 1
138000 1
139000 1
140000 2
141000 2
142000 2
143000 2
144000 2
145000 2
146000 2
147000 2
148000 2
149000 2
150000 2
151000 2
152000 2
153000 2
154000 2
155000 2
156000 2
157000 2
158000 2
159000 2
160000 2
161000 2
162000 2
163000 2
164000 2
165000 2
166000 2
167000 2
168000 2
169000 2
170000 2
171000 2
172000 2
173000 3
174000 3
175000 3
176000 3
177000 3
178000 3
179000 3
180000 3
181000 3
182000 3
183000 3
184000 3
185000 3
186000 3
187000 3
188000 3
189000 3
190000 3
191000 3
192000 3
193000 3
194000 3
195000 3
196000 3
197000 3
198000 3
199000 3
200000 3
201000 3
202000 3
203000 3
204000 3
205000 3
206000 3
207000 3
208000 3
209000 3
210000 3
211000 3
212000 3
213000 3
214000 3
215000 3
216000 3
217000 3
218000 3
219000 3
220000 3
221000 3
222000 3
223000 3
224000 3
225000 3
226000 3
227000 3
228000 3
229000 3
230000 3
231000 3
232000 3
233000 3
234000 3
235000 3
236000 3
237000 4
238000 4
239000 4
240000 4
241000 4
242000 4
243000 4
244000 4
245000 4
246000 4
247000 4
248000 4
249000 4
250000 4
251000 4
252000 4
253000 4
254000 4
255000 4
256000 4
257000 4
258000 4
259000 4
260000 4
261000 4
262000 4
263000 4
264000 4
265000 4
266000 4
267000 4
268000 4
269000 4
270000 4
271000 4
272000 4
273000 4
274000 4
275000 5
276000 5
277000 5
278000 5
279000 5
280000 5
281000 5
282000 5
283000 5
284000 5
285000 5
286000 5
287000 5
288000 5
289000 5
290000 5
291000 5
292000 5
293000 5
294000 5
295000 5
296000 5
297000 5
298000 5
299000 5
300000 5
301000 5
302000 5
303000 5
304000 5
305000 5
306000 5
307000 5
308000 5
309000 5
310000 5
311000 5
312000 5
313000 5
314000 5
315000 6
316000 6
317000 6
318000 6
319000 6
320000 6
321000 6
322000 6
323000 6
324000 6
325000 6
326000 6
327000 6
328000 6
329000 6
330000 6
331000 6
332000 7
333000 7
334000 7
335000 7
336000 7
337000 7
338000 7
339000 7
340000 7
341000 7
342000 7
343000 7
344000 7
345000 7
346000 7
347000 7
348000 7
349000 7
350000 7
351000 7
352000 7
353000 7
354000 7
355000 7
356000 7
357000 7
358000 7
359000 7
360000 8
361000 8
362000 8
363000 8
364000 8
365000 8
366000 8
367000 8
368000 8
369000 8
370000 8
371000 8
372000 8
373000 8
374000 8
375000 8
376000 8
377000 8
378000 8
379000 8
380000 8
381000 8
382000 8
383000 8
384000 8
385000 8
386000 8
387000 9
388000 9
389000 9
390000 9
391000 9
392000 9
393000 9
394000 9
395000 9
396000 9
397000 9
398000 9
399000 9
400000 9
401000 9
402000 9
403000 9
404000 9
405000 9
406000 9
407000 9
408000 9
409000 9
410000 9
411000 9
412000 9
413000 9
414000 9
415000 9
416000 9
417000 9
418000 9
419000 9
420000 10
421000 10
422000 10
423000 10
424000 10
425000 10
426000 10
427000 10
428000 10
429000 10
430000 10
431000 10
432000 10
433000 10
434000 10
435000 10
436000 10
437000 10
438000 10
439000 10
440000 10
441000 10
442000 10
443000 10
444000 10
445000 10
446000 10
447000 10
448000 10
449000 10
450000 10
451000 10
452000 10
453000 10
454000 10
455000 10
456000 10
457000 10
458000 10
459000 11
460000 11
461000 11
462000 11
463000 11
464000 11
465000 11
466000 11
467000 11
468000 11
469000 11
470000 11
471000 11
472000 11
473000 11
474000 11
475000 11
476000 11
477000 11
478000 11
479000 11
480000 11
481000 11
482000 11
483000 11
484000 11
485000 11
486000 12
487000 12
488000 12
489000 12
490000 12
491000 12
492000 12
493000 12
494000 12
495000 12
496000 12
497000 12
498000 12
499000 12
500000 12
501000 12
502000 12
503000 12
504000 12
505000 12
506000 12
507000 12
508000 12
509000 12
510000 12
511000 12
512000 12
513000 12
514000 12
515000 12
516000 12
517000 12
518000 12
519000 12
520000 12
521000 12
522000 12
523000 12
524000 12
525000 12
526000 12
527000 12
528000 12
529000 12
530000 12
531000 12
532000 12
533000 12
534000 12
535000 12
536000 12
537000 12
538000 12
539000 12
540000 12
541000 12
542000 12
543000 12
544000 12
545000 12
546000 12
547000 12
548000 12
549000 12
550000 12
551000 12
552000 12
553000 12
554000 12
555000 12
556000 12
557000 12
558000 12
559000 12
560000 12
561000 12
562000 12
563000 12
564000 12
565000 12
566000 13
567000 13
568000 13
569000 13
570000 13
571000 13
572000 13
573000 13
574000 13
575000 13
576000 13
577000 13
578000 13
579000 13
580000 13
581000 13
582000 13
583000 13
584000 13
585000 13
586000 13
587000 13
588000 13
589000 13
590000 13
591000 13
592000 13
593000 14
594000 14
595000 14
596000 14
597000 14
598000 14
599000 14
600000 14
601000 14
602000 14
603000 14
604000 14
605000 14
606000 14
607000 14
608000 14
609000 14
610000 14
611000 14
612000 14
613000 14
614000 14
615000 14
616000 14
617000 14
618000 14
619000 14
620000 15
621000 15
622000 15
623000 15
624000 15
625000 15
626000 15
627000 15
628000 15
629000 15
630000 15
631000 15
632000 15
633000 15
634000 15
635000 15
636000 15
637000 15
638000 15
639000 15
640000 15
641000 15
642000 15
643000 15
644000 15
645000 15
646000 15
647000 15
648000 15
649000 15
650000 15
651000 15
652000 15
653000 15
654000 15
655000 15
656000 16
657000 16
658000 16
659000 16
660000 16
661000 16
662000 16
663000 16
664000 16
665000 16
666000 16
667000 16
668000 16
669000 16
670000 16
671000 16
672000 16
673000 16
674000 16
675000 16
676000 16
677000 16
678000 16
679000 16
680000 16
681000 17
682000 17
683000 17
684000 17
685000 17
686000 17
687000 17
688000 17
689000 17
690000 17
691000 17
692000 17
693000 17
694000 17
695000 17
696000 17
697000 17
698000 17
699000 17
700000 17
701000 17
702000 17
703000 17
704000 17
705000 17
706000 17
707000 17
708000 17
709000 17
710000 17
711000 17
712000 17
713000 17
714000 17
715000 17
716000 18
717000 18
718000 18
719000 18
720000 18
721000 18
722000 18
723000 18
724000 18
725000 18
726000 18
727000 18
728000 18
729000 18
730000 18
731000 18
732000 18
733000 18
734000 18
735000 18
736000 18
737000 18
738000 18
739000 18
740000 18
741000 18
742000 18
743000 18
744000 18
745000 19
746000 19
747000 19
748000 19
749000 19
750000 19
751000 19
752000 19
753000 19
754000 19
755000 19
756000 19
757000 19
758000 19
759000 19
760000 19
761000 19
762000 19
763000 19
764000 19
765000 19
766000 19
767000 19
768000 19
769000 19
770000 19
771000 19
772000 19
773000 20
774000 20
775000 20
776000 20
777000 20
778000 20
779000 20
780000 20
781000 20
782000 20
783000 20
784000 20
785000 20
786000 20
787000 20
788000 20
789000 20
790000 20
791000 20
792000 20
793000 20
794000 20
795000 20
796000 20
797000 21
798000 21
799000 21
800000 21
801000 21
802000 21
803000 21
804000 21
805000 21
806000 21
807000 21
808000 21
809000 21
810000 21
811000 21
812000 21
813000 21
814000 21
815000 21
816000 21
817000 21
818000 21
819000 21
820000 21
821000 21
822000 21
823000 21
824000 21
825000 21
826000 21
827000 21
828000 21
829000 21
830000 21
831000 21
832000 22
833000 22
834000 22
835000 22
836000 22
837000 22
838000 22
839000 22
840000 22
841000 22
842000 22
843000 22
844000 22
845000 22
846000 22
847000 22
848000 22
849000 22
850000 22
851000 22
852000 22
853000 22
854000 22
855000 22
856000 22
857000 22
858000 22
859000 22
860000 22
861000 22
862000 22
863000 22
864000 23
865000 23
866000 23
867000 23
868000 23
869000 23
870000 23
871000 23
872000 23
873000 23
874000 23
875000 23
876000 23
877000 23
878000 23
879000 23
880000 23
881000 23
882000 23
883000 23
884000 23
885000 23
886000 23
887000 23
888000 23
889000 23
890000 24
891000 24
892000 24
893000 24
894000 24
895000 24
896000 24
897000 24
898000 24
899000 24
900000 24
901000 24
902000 24
903000 24
904000 24
905000 24
906000 24
907000 25
908000 25
909000 25
910000 25
911000 25
912000 25
913000 25
914000 25
915000 25
916000 25
917000 25
918000 25
919000 25
920000 25
921000 25
922000 25
923000 25
924000 25
925000 25
926000 25
927000 25
928000 25
929000 25
930000 25
931000 25
932000 25
933000 25
934000 25
935000 25
936000 25
937000 25
938000 25
939000 25
940000 25
941000 25
942000 25
943000 25
944000 26
945000 26
946000 26
947000 26
948000 26
949000 26
950000 26
951000 26
952000 26
953000 26
954000 26
955000 26
956000 26
957000 26
958000 26
959000 26
960000 26
961000 26
962000 26
963000 26
964000 26
965000 27
966000 27
967000 27
968000 27
969000 27
970000 27
971000 27
972000 27
973000 27
974000 27
975000 27
976000 27
977000 27
978000 27
979000 27
980000 27
981000 27
982000 27
983000 27
984000 27
985000 28
986000 28
987000 28
988000 28
989000 28
990000 28
991000 28
992000 28
993000 28
994000 28
995000 28
996000 28
997000 28
998000 28
999000 28
1000000 28
1001000 28
1002000 28
1003000 28
1004000 28
1005000 29
1006000 29
1007000 29
1008000 29
1009000 29
1010000 29
1011000 29
1012000 29
1013000 29
1014000 29
1015000 29
1016000 29
1017000 29
1018000 29
1019000 29
1020000 29
1021000 29
1022000 29
1023000 29
1024000 30
1025000 30
1026000 30
1027000 30
1028000 30
1029000 30
1030000 30
1031000 30
1032000 30
1033000 30
1034000 30
1035000 30
1036000 30
1037000 30
1038000 30
1039000 30
1040000 30
1041000 30
1042000 30
1043000 30
1044000 30
1045000 30
1046000 31
1047000 31
1048000 31
1049000 31
1050000 31
1051000 31
1052000 31
1053000 31
1054000 31
1055000 31
1056000 31
1057000 31
1058000 31
1059000 31
1060000 31
1061000 31
1062000 31
1063000 31
1064000 31
1065000 31
1066000 31
1067000 31
1068000 31
1069000 31
1070000 31
1071000 32
1072000 32
1073000 32
1074000 32
1075000 32
1076000 32
1077000 32
1078000 32
1079000 32
1080000 32
1081000 32
1082000 32
1083000 32
1084000 32
1085000 32
1086000 32
1087000 32
1088000 32
1089000 32
1090000 32
1091000 32
1092000 32
1093000 32
1094000 32
1095000 32
1096000 32
1097000 33
1098000 33
1099000 33
1100000 33
1101000 33
1102000 33
1103000 33
1104000 33
1105000 33
1106000 33
1107000 33
1108000 33
1109000 33
1110000 33
1111000 33
1112000 33
1113000 33
1114000 33
1115000 33
1116000 34
1117000 34
1118000 34
1119000 34
1120000 34
1121000 34
1122000 34
1123000 34
1124000 34
1125000 34
1126000 34
1127000 34
1128000 34
1129000 34
1130000 34
1131000 34
1132000 34
1133000 34
1134000 34
1135000 34
1136000 34
1137000 34
1138000 34
1139000 34
1140000 34
1141000 35
1142000 35
1143000 35
1144000 35
1145000 35
1146000 35
1147000 35
1148000 35
1149000 35
1150000 35
1151000 35
1152000 35
1153000 35
1154000 35
1155000 35
1156000 35
1157000 35
1158000 35
1159000 35
1160000 35
1161000 35
1162000 35
1163000 35
1164000 35
1165000 35
1166000 36
1167000 36
1168000 36
1169000 36
1170000 36
1171000 36
1172000 36
1173000 36
1174000 36
1175000 36
1176000 36
1177000 36
1178000 36
1179000 36
1180000 36
1181000 36
1182000 36
1183000 36
1184000 36
1185000 36
1186000 37
1187000 37
1188000 37
1189000 37
1190000 37
1191000 37
1192000 37
1193000 37
1194000 37
1195000 37
1196000 37
1197000 37
1198000 37
1199000 37
1200000 37
1201000 37
1202000 37
1203000 37
1204000 37
1205000 37
1206000 37
1207000 38
1208000 38
1209000 38
1210000 38
1211000 38
1212000 38
1213000 38
1214000 38
1215000 38
1216000 38
1217000 38
1218000 38
1219000 38
1220000 38
1221000 38
1222000 38
1223000 38
1224000 38
1225000 38
1226000 38
1227000 38
1228000 38
1229000 38
1230000 38
1231000 39
1232000 39
1233000 39
1234000 39
1235000 39
1236000 39
1237000 39
1238000 39
1239000 39
1240000 39
1241000 39
1242000 39
1243000 39
1244000 39
1245000 39
1246000 39
1247000 39
1248000 39
1249000 39
1250000 39
1251000 39
1252000 40
1253000 40
1254000 40
1255000 40
1256000 40
1257000 40
1258000 40
1259000 40
1260000 40
1261000 40
1262000 40
1263000 40
1264000 40
1265000 40
1266000 40
1267000 40
1268000 40
1269000 40
1270000 40
1271000 40
1272000 40
1273000 40
1274000 40
1275000 41
1276000 41
1277000 41
1278000 41
1279000 41
1280000 41
1281000 41
1282000 41
1283000 41
1284000 41
1285000 41
1286000 41
1287000 41
1288000 41
1289000 41
1290000 41
1291000 41
1292000 41
1293000 41
1294000 41
1295000 41
1296000 41
1297000 42
1298000 42
1299000 42
1300000 42
1301000 42
1302000 42
1303000 42
1304000 42
1305000 42
1306000 42
1307000 42
1308000 42
1309000 42
1310000 42
1311000 42
1312000 42
1313000 42
1314000 42
1315000 43
1316000 43
1317000 43
1318000 43
1319000 43
1320000 43
1321000 43
1322000 43
1323000 43
1324000 43
1325000 43
1326000 43
1327000 43
1328000 43
1329000 43
1330000 43
1331000 43
1332000 43
1333000 43
1334000 43
1335000 43
1336000 43
1337000 44
1338000 44
1339000 44
1340000 44
1341000 44
1342000 44
1343000 44
1344000 44
1345000 44
1346000 44
1347000 44
1348000 44
1349000 44
1350000 44
1351000 44
1352000 44
1353000 44
1354000 44
1355000 44
1356000 44
1357000 44
1358000 44
1359000 44
1360000 44
1361000 45
1362000 45
1363000 45
1364000 45
1365000 45
1366000 45
1367000 45
1368000 45
1369000 45
1370000 45
1371000 45
1372000 45
1373000 45
1374000 45
1375000 45
1376000 45
1377000 45
1378000 45
1379000 45
1380000 45
1381000 45
1382000 45
1383000 45
1384000 45
1385000 46
1386000 46
1387000 46
1388000 46
1389000 46
1390000 46
1391000 46
1392000 46
1393000 46
1394000 46
1395000 46
1396000 46
1397000 46
1398000 46
1399000 46
1400000 46
1401000 46
1402000 47
1403000 47
1404000 47
1405000 47
1406000 47
1407000 47
1408000 47
1409000 47
1410000 47
1411000 47
1412000 47
1413000 47
1414000 47
1415000 47
1416000 47
1417000 47
1418000 47
1419000 47
1420000 47
1421000 47
1422000 47
1423000 47
1424000 47
1425000 47
1426000 47
1427000 47
1428000 47
1429000 47
1430000 47
1431000 47
1432000 47
1433000 48
1434000 48
1435000 48
1436000 48
1437000 48
1438000 48
1439000 48
1440000 48
1441000 48
1442000 48
1443000 48
1444000 48
1445000 48
1446000 48
1447000 48
1448000 48
1449000 48
1450000 48
1451000 48
1452000 48
1453000 48
1454000 48
1455000 49
1456000 49
1457000 49
1458000 49
1459000 49
1460000 49
1461000 49
1462000 49
1463000 49
1464000 49
1465000 49
1466000 49
1467000 49
1468000 49
1469000 49
1470000 49
1471000 49
1472000 49
1473000 49
1474000 49
1475000 49
1476000 49
1477000 49
1478000 49
1479000 49
1480000 49
1481000 49
1482000 49
1483000 49
1484000 49
1485000 49
1486000 50
1487000 50
1488000 50
1489000 50
1490000 50
1491000 50
1492000 50
1493000 50
1494000 50
1495000 50
1496000 50
1497000 50
1498000 50
1499000 50
1500000 50
1501000 50
1502000 50
1503000 50
1504000 50
1505000 50
1506000 51
1507000 51
1508000 51
1509000 51
1510000 51
1511000 51
1512000 51
1513000 51
1514000 51
1515000 51
1516000 51
1517000 51
1518000 51
1519000 51
1520000 51
1521000 51
1522000 51
1523000 52
1524000 52
1525000 52
1526000 52
1527000 52
1528000 52
1529000 52
1530000 52
1531000 52
1532000 52
1533000 52
1534000 52
1535000 52
1536000 52
1537000 52
1538000 52
1539000 52
1540000 52
1541000 52
1542000 52
1543000 52
1544000 52
1545000 52
1546000 52
1547000 52
1548000 53
1549000 53
1550000 53
1551000 53
1552000 53
1553000 53
1554000 53
1555000 53
1556000 53
1557000 53
1558000 53
1559000 53
1560000 53
1561000 53
1562000 53
1563000 53
1564000 53
1565000 54
1566000 54
1567000 54
1568000 54
1569000 54
1570000 54
1571000 54
1572000 54
1573000 54
1574000 54
1575000 54
1576000 54
1577000 54
1578000 54
1579000 54
1580000 54
1581000 54
1582000 54
1583000 54
1584000 54
1585000 54
1586000 54
1587000 54
1588000 55
1589000 55
1590000 55
1591000 55
1592000 55
1593000 55
1594000 55
1595000 55
1596000 55
1597000 55
1598000 55
1599000 55
1600000 55
1601000 55
1602000 55
1603000 55
1604000 55
1605000 55
1606000 55
1607000 55
1608000 55
1609000 55
1610000 55
1611000 56
1612000 56
1613000 56
1614000 56
1615000 56
1616000 56
1617000 56
1618000 56
1619000 56
1620000 56
1621000 56
1622000 56
1623000 56
1624000 56
1625000 56
1626000 56
1627000 56
1628000 56
1629000 56
1630000 56
1631000 56
1632000 57
1633000 57
1634000 57
1635000 57
1636000 57
1637000 57
1638000 57
1639000 57
1640000 57
1641000 57
1642000 57
1643000 57
1644000 57
1645000 57
1646000 57
1647000 57
1648000 57
1649000 57
1650000 58
1651000 58
1652000 58
1653000 58
1654000 58
1655000 58
1656000 58
1657000 58
1658000 58
1659000 58
1660000 58
1661000 58
1662000 58
1663000 58
1664000 58
1665000 58
1666000 58
1667000 58
1668000 58
1669000 58
1670000 58
1671000 58
1672000 58
1673000 58
1674000 58
1675000 58
1676000 58
1677000 58
1678000 58
1679000 59
1680000 59
1681000 59
1682000 59
1683000 59
1684000 59
1685000 59
1686000 59
1687000 59
1688000 59
1689000 59
1690000 59
1691000 59
1692000 59
1693000 59
1694000 59
1695000 59
1696000 59
1697000 59
1698000 59
1699000 59
1700000 59
1701000 60
1702000 60
1703000 60
1704000 60
1705000 60
1706000 60
1707000 60
1708000 60
1709000 60
1710000 60
1711000 60
1712000 60
1713000 60
1714000 60
1715000 60
1716000 60
1717000 60
1718000 60
1719000 60
1720000 60
1721000 60
1722000 61
1723000 61
1724000 61
1725000 61
1726000 61
1727000 61
1728000 61
1729000 61
1730000 61
1731000 61
1732000 61
1733000 61
1734000 61
1735000 61
1736000 61
1737000 61
1738000 61
1739000 61
1740000 61
1741000 62
1742000 62
1743000 62
1744000 62
1745000 62
1746000 62
1747000 62
1748000 62
1749000 62
1750000 62
1751000 62
1752000 62
1753000 62
1754000 62
1755000 62
1756000 62
1757000 62
1758000 62
1759000 62
1760000 62
1761000 62
1762000 62
1763000 63
1764000 63
1765000 63
1766000 63
1767000 63
1768000 63
1769000 63
1770000 63
1771000 63
1772000 63
1773000 63
1774000 63
1775000 63
1776000 63
1777000 63
1778000 63
1779000 63
1780000 63
1781000 63
1782000 63
1783000 63
1784000 64
1785000 64
1786000 64
1787000 64
1788000 64
1789000 64
1790000 64
1791000 64
1792000 64
1793000 64
1794000 64
1795000 64
1796000 64
1797000 64
1798000 64
1799000 64
1800000 64
1801000 65
1802000 65
1803000 65
1804000 65
1805000 65
1806000 65
1807000 65
1808000 65
1809000 65
1810000 65
1811000 65
1812000 65
1813000 65
1814000 65
1815000 65
1816000 65
1817000 65
1818000 65
1819000 65
1820000 66
1821000 66
1822000 66
1823000 66
1824000 66
1825000 66
1826000 66
1827000 66
1828000 66
1829000 66
1830000 66
1831000 66
1832000 66
1833000 66
1834000 66
1835000 66
1836000 66
1837000 67
1838000 67
1839000 67
1840000 67
1841000 67
1842000 67
1843000 67
1844000 67
1845000 67
1846000 67
1847000 67
1848000 67
1849000 67
1850000 67
1851000 67
1852000 67
1853000 67
1854000 67
1855000 67
1856000 67
1857000 67
1858000 67
1859000 67
1860000 68
1861000 68
1862000 68
1863000 68
1864000 68
1865000 68
1866000 68
1867000 68
1868000 68
1869000 68
1870000 68
1871000 68
1872000 68
1873000 68
1874000 68
1875000 68
1876000 68
1877000 68
1878000 68
1879000 68
1880000 68
1881000 69
1882000 69
1883000 69
1884000 69
1885000 69
1886000 69
1887000 69
1888000 69
1889000 69
1890000 69
1891000 69
1892000 69
1893000 69
1894000 69
1895000 69
1896000 69
1897000 69
1898000 69
1899000 69
1900000 69
1901000 69
1902000 69
1903000 70
1904000 70
1905000 70
1906000 70
1907000 70
1908000 70
1909000 70
1910000 70
1911000 70
1912000 70
1913000 70
1914000 70
1915000 70
1916000 70
1917000 70
1918000 70
1919000 70
1920000 70
1921000 70
1922000 70
1923000 71
1924000 71
1925000 71
1926000 71
1927000 71
1928000 71
1929000 71
1930000 71
1931000 71
1932000 71
1933000 71
1934000 71
1935000 71
1936000 71
1937000 71
1938000 71
1939000 71
1940000 71
1941000 71
1942000 72
1943000 72
1944000 72
1945000 72
1946000 72
1947000 72
1948000 72
1949000 72
1950000 72
1951000 72
1952000 72
1953000 72
1954000 72
1955000 72
1956000 72
1957000 72
1958000 72
1959000 72
1960000 72
1961000 72
1962000 72
1963000 72
1964000 72
1965000 72
1966000 72
1967000 73
1968000 73
1969000 73
1970000 73
1971000 73
1972000 73
1973000 73
1974000 73
1975000 73
1976000 73
1977000 73
1978000 73
1979000 73
1980000 73
1981000 73
1982000 73
1983000 73
1984000 73
1985000 73
1986000 74
1987000 74
1988000 74
1989000 74
1990000 74
1991000 74
1992000 74
1993000 74
1994000 74
1995000 74
1996000 74
1997000 74
1998000 74
1999000 74
2000000 74
2001000 74
2002000 74
2003000 74
2004000 74
2005000 74
2006000 74
2007000 74
2008000 74
2009000 74
2010000 74
2011000 74
2012000 74
2013000 74
2014000 74
2015000 74
2016000 74
2017000 74
2018000 74
2019000 74
2020000 75
2021000 75
2022000 75
2023000 75
2024000 75
2025000 75
2026000 75
2027000 75
2028000 75
2029000 75
2030000 75
2031000 75
2032000 75
2033000 75
2034000 75
2035000 75
2036000 75
2037000 75
2038000 75
2039000 75
2040000 75
2041000 75
2042000 75
2043000 75
2044000 76
2045000 76
2046000 76
2047000 76
2048000 76
2049000 76
2050000 76
2051000 76
2052000 76
2053000 76
2054000 76
2055000 76
2056000 76
2057000 76
2058000 76
2059000 76
2060000 76
2061000 76
2062000 76
2063000 76
2064000 76
2065000 76
2066000 76
2067000 76
2068000 76
2069000 76
2070000 77
2071000 77
2072000 77
2073000 77
2074000 77
2075000 77
2076000 77
2077000 77
2078000 77
2079000 77
2080000 77
2081000 77
2082000 77
2083000 77
2084000 77
2085000 77
2086000 77
2087000 77
2088000 77
2089000 77
2090000 77
2091000 77
2092000 77
2093000 77
2094000 77
2095000 77
2096000 77
2097000 77
2098000 78
2099000 78
2100000 78
2101000 78
2102000 78
2103000 78
2104000 78
2105000 78
2106000 78
2107000 78
2108000 78
2109000 78
2110000 78
2111000 78
2112000 78
2113000 78
2114000 78
2115000 78
2116000 79
2117000 79
2118000 79
2119000 79
2120000 79
2121000 79
2122000 79
2123000 79
2124000 79
2125000 79
2126000 79
2127000 79
2128000 79
2129000 79
2130000 79
2131000 79
2132000 79
2133000 79
2134000 79
2135000 79
2136000 79
2137000 79
2138000 79
2139000 80
2140000 80
2141000 80
2142000 80
2143000 80
2144000 80
2145000 80
2146000 80
2147000 80
2148000 80
2149000 80
2150000 80
2151000 80
2152000 80
2153000 80
2154000 80
2155000 80
2156000 80
2157000 80
2158000 80
2159000 80
2160000 80
2161000 80
2162000 80
2163000 80
2164000 80
2165000 81
2166000 81
2167000 81
2168000 81
2169000 81
2170000 81
2171000 81
2172000 81
2173000 81
2174000 81
2175000 81
2176000 81
2177000 81
2178000 81
2179000 81
2180000 81
2181000 81
2182000 81
2183000 81
2184000 81
2185000 82
2186000 82
2187000 82
2188000 82
2189000 82
2190000 82
2191000 82
2192000 82
2193000 82
2194000 82
2195000 82
2196000 82
2197000 82
2198000 82
2199000 82
2200000 82
2201000 82
2202000 82
2203000 82
2204000 82
2205000 82
2206000 82
2207000 82
2208000 83
2209000 83
2210000 83
2211000 83
2212000 83
2213000 83
2214000 83
2215000 83
2216000 83
2217000 83
2218000 83
2219000 83
2220000 83
2221000 83
2222000 83
2223000 83
2224000 83
2225000 83
2226000 83
2227000 83
2228000 83
2229000 83
2230000 83
2231000 83
2232000 83
2233000 83
2234000 83
2235000 84
2236000 84
2237000 84
2238000 84
2239000 84
2240000 84
2241000 84
2242000 84
2243000 84
2244000 84
2245000 84
2246000 84
2247000 84
2248000 84
2249000 84
2250000 84
2251000 84
2252000 84
2253000 84
2254000 84
2255000 84
2256000 84
2257000 85
2258000 85
2259000 85
2260000 85
2261000 85
2262000 85
2263000 85
2264000 85
2265000 85
2266000 85
2267000 85
2268000 85
2269000 85
2270000 85
2271000 85
2272000 85
2273000 85
2274000 85
2275000 85
2276000 85
2277000 86
2278000 86
2279000 86
2280000 86
2281000 86
2282000 86
2283000 86
2284000 86
2285000 86
2286000 86
2287000 86
2288000 86
2289000 86
2290000 86
2291000 86
2292000 86
2293000 86
2294000 86
2295000 86
2296000 86
2297000 86
2298000 86
2299000 86
2300000 87
2301000 87
2302000 87
2303000 87
2304000 87
2305000 87
2306000 87
2307000 87
2308000 87
2309000 87
2310000 87
2311000 87
2312000 87
2313000 87
2314000 87
2315000 87
2316000 87
2317000 87
2318000 87
2319000 87
2320000 87
2321000 87
2322000 88
2323000 88
2324000 88
2325000 88
2326000 88
2327000 88
2328000 88
2329000 88
2330000 88
2331000 88
2332000 88
2333000 88
2334000 88
2335000 88
2336000 88
2337000 88
2338000 88
2339000 88
2340000 89
2341000 89
2342000 89
2343000 89
2344000 89
2345000 89
2346000 89
2347000 89
2348000 89
2349000 89
2350000 89
2351000 89
2352000 89
2353000 89
2354000 89
2355000 89
2356000 89
2357000 89
2358000 89
2359000 89
2360000 90
2361000 90
2362000 90
2363000 90
2364000 90
2365000 90
2366000 90
2367000 90
2368000 90
2369000 90
2370000 90
2371000 90
2372000 90
2373000 90
2374000 90
2375000 90
2376000 90
2377000 90
2378000 90
2379000 90
2380000 90
2381000 90
2382000 90
2383000 90
2384000 90
2385000 90
2386000 90
2387000 90
2388000 90
2389000 90
2390000 91
2391000 91
2392000 91
2393000 91
2394000 91
2395000 91
2396000 91
2397000 91
2398000 91
2399000 91
2400000 91
2401000 91
2402000 91
2403000 91
2404000 91
2405000 91
2406000 91
2407000 91
2408000 91
2409000 91
2410000 91
2411000 91
2412000 91
2413000 91
2414000 91
2415000 91
2416000 91
2417000 91
2418000 91
2419000 91
2420000 91
2421000 91
2422000 91
2423000 91
2424000 91
2425000 91
2426000 91
2427000 91
2428000 91
2429000 91
2430000 91
2431000 91
2432000 91
2433000 91
2434000 91
2435000 91
2436000 92
2437000 92
2438000 92
2439000 92
2440000 92
2441000 92
2442000 92
2443000 92
2444000 92
2445000 92
2446000 92
2447000 92
2448000 92
2449000 92
2450000 92
2451000 92
2452000 92
2453000 92
2454000 92
2455000 92
2456000 92
2457000 92
2458000 92
2459000 92
2460000 92
2461000 92
2462000 92
2463000 92
2464000 92
2465000 92
2466000 92
2467000 92
2468000 92
2469000 92
2470000 92
2471000 92
2472000 93
2473000 93
2474000 93
2475000 93
2476000 93
2477000 93
2478000 93
2479000 93
2480000 93
2481000 93
2482000 93
2483000 93
2484000 93
2485000 93
2486000 93
2487000 93
2488000 93
2489000 93
2490000 93
2491000 93
2492000 93
2493000 93
2494000 93
2495000 93
2496000 93
2497000 93
2498000 93
2499000 93
2500000 93
2501000 93
2502000 93
2503000 93
2504000 93
2505000 93
2506000 93
2507000 93
2508000 93
2509000 93
2510000 93
2511000 93
2512000 93
2513000 93
2514000 93
2515000 93
2516000 93
2517000 93
2518000 94
2519000 94
2520000 94
2521000 94
2522000 94
2523000 94
2524000 94
2525000 94
2526000 94
2527000 94
2528000 94
2529000 94
2530000 94
2531000 94
2532000 94
2533000 94
2534000 94
2535000 94
2536000 94
2537000 94
2538000 94
2539000 94
2540000 94
2541000 95
2542000 95
2543000 95
2544000 95
2545000 95
2546000 95
2547000 95
2548000 95
2549000 95
2550000 95
2551000 95
2552000 95
2553000 95
2554000 95
2555000 95
2556000 95
2557000 95
2558000 95
2559000 95
2560000 95
2561000 95
2562000 95
2563000 96
2564000 96
2565000 96
2566000 96
2567000 96
2568000 96
2569000 96
2570000 96
2571000 96
2572000 96
2573000 96
2574000 96
2575000 96
2576000 96
2577000 96
2578000 96
2579000 96
2580000 96
2581000 97
2582000 97
2583000 97
2584000 97
2585000 97
2586000 97
2587000 97
2588000 97
2589000 97
2590000 97
2591000 97
2592000 97
2593000 97
2594000 97
2595000 97
2596000 97
2597000 97
2598000 97
2599000 97
2600000 98
2601000 98
2602000 98
2603000 98
2604000 98
2605000 98
2606000 98
2607000 98
2608000 98
2609000 98
2610000 98
2611000 98
2612000 98
2613000 98
2614000 98
2615000 98
2616000 98
2617000 98
2618000 98
2619000 98
2620000 98
2621000 98
2622000 98
2623000 98
2624000 99
2625000 99
2626000 99
2627000 99
2628000 99
2629000 99
2630000 99
2631000 99
2632000 99
2633000 99
2634000 99
2635000 99
2636000 99
2637000 99
2638000 99
2639000 99
2640000 99
2641000 99
2642000 99
2643000 99
2644000 99
2645000 99
2646000 100
2647000 100
2648000 100
2649000 100
2650000 100
2651000 100
2652000 100
2653000 100
2654000 100
2655000 100
2656000 100
2657000 100
2658000 100
2659000 100
2660000 100
2661000 100
2662000 100
2663000 100
2664000 100
2665000 100
2666000 100
2667000 100
2668000 100
2669000 100
2670000 100
2671000 100
2672000 100
2673000 100
2674000 100
2675000 101
2676000 101
2677000 101
2678000 101
2679000 101
2680000 101
2681000 101
2682000 101
2683000 101
2684000 101
2685000 101
2686000 101
2687000 101
2688000 101
2689000 101
2690000 101
2691000 101
2692000 101
2693000 101
2694000 101
2695000 101
2696000 101
2697000 101
2698000 101
2699000 101
2700000 101
2701000 101
2702000 101
2703000 101
2704000 101
2705000 101
2706000 101
2707000 101
2708000 101
2709000 101
2710000 101
2711000 101
2712000 102
2713000 102
2714000 102
2715000 102
2716000 102
2717000 102
2718000 102
2719000 102
2720000 102
2721000 102
2722000 102
2723000 102
2724000 102
2725000 102
2726000 102
2727000 102
2728000 102
2729000 102
2730000 102
2731000 102
2732000 102
2733000 102
2734000 102
2735000 102
2736000 102
2737000 102
2738000 102
2739000 102
2740000 102
2741000 102
2742000 103
2743000 103
2744000 103
2745000 103
2746000 103
2747000 103
2748000 103
2749000 103
2750000 103
2751000 103
2752000 103
2753000 103
2754000 103
2755000 103
2756000 103
2757000 103
2758000 103
2759000 103
2760000 103
2761000 103
2762000 103
2763000 103
2764000 103
2765000 103
2766000 103
2767000 103
2768000 103
2769000 103
2770000 103
2771000 103
2772000 103
2773000 103
2774000 103
2775000 103
2776000 103
2777000 103
2778000 103
2779000 103
2780000 103
2781000 103
2782000 103
2783000 103
2784000 103
2785000 103
2786000 103
2787000 103
2788000 103
2789000 104
2790000 104
2791000 104
2792000 104
2793000 104
2794000 104
2795000 104
2796000 104
2797000 104
2798000 104
2799000 104
2800000 104
2801000 104
2802000 104
2803000 104
2804000 104
2805000 104
2806000 104
2807000 104
2808000 104
2809000 104
2810000 104
2811000 104
2812000 104
2813000 104
2814000 104
2815000 104
2816000 104
2817000 104
2818000 104
2819000 104
2820000 104
2821000 105
2822000 105
2823000 105
2824000 105
2825000 105
2826000 105
2827000 105
2828000 105
2829000 105
2830000 105
2831000 105
2832000 105
2833000 105
2834000 105
2835000 105
2836000 105
2837000 105
2838000 105
2839000 105
2840000 105
2841000 105
2842000 105
2843000 105
2844000 105
2845000 106
2846000 106
2847000 106
2848000 106
2849000 106
2850000 106
2851000 106
2852000 106
2853000 106
2854000 106
2855000 106
2856000 106
2857000 106
2858000 106
2859000 106
2860000 106
2861000 106
2862000 106
2863000 106
2864000 106
2865000 106
2866000 106
2867000 106
2868000 106
2869000 106
2870000 106
2871000 106
2872000 106
2873000 106
2874000 106
2875000 106
2876000 106
2877000 106
2878000 106
2879000 106
2880000 106
2881000 106
2882000 106
2883000 106
2884000 107
2885000 107
2886000 107
2887000 107
2888000 107
2889000 107
2890000 107
2891000 107
2892000 107
2893000 107
2894000 107
2895000 107
2896000 107
2897000 107
2898000 107
2899000 107
2900000 107
2901000 107
2902000 107
2903000 107
2904000 107
2905000 107
2906000 108
2907000 108
2908000 108
2909000 108
2910000 108
2911000 108
2912000 108
2913000 108
2914000 108
2915000 108
2916000 108
2917000 108
2918000 108
2919000 108
2920000 108
2921000 108
2922000 108
2923000 108
2924000 108
2925000 108
2926000 108
2927000 108
2928000 108
2929000 109
2930000 109
2931000 109
2932000 109
2933000 109
2934000 109
2935000 109
2936000 109
2937000 109
2938000 109
2939000 109
2940000 109
2941000 109
2942000 109
2943000 109
2944000 109
2945000 109
2946000 109
2947000 109
2948000 109
2949000 110
2950000 110
2951000 110
2952000 110
2953000 110
2954000 110
2955000 110
2956000 110
2957000 110
2958000 110
2959000 110
2960000 110
2961000 110
2962000 110
2963000 110
2964000 110
2965000 110
2966000 110
2967000 110
2968000 110
2969000 110
2970000 110
2971000 110
2972000 110
2973000 110
2974000 111
2975000 111
2976000 111
2977000 111
2978000 111
2979000 111
2980000 111
2981000 111
2982000 111
2983000 111
2984000 111
2985000 111
2986000 111
2987000 111
2988000 111
2989000 111
2990000 111
2991000 111
2992000 112
2993000 112
2994000 112
2995000 112
2996000 112
2997000 112
2998000 112
2999000 112
3000000 112
3001000 112
3002000 112
3003000 112
3004000 112
3005000 112
3006000 112
3007000 112
3008000 112
3009000 112
3010000 112
3011000 113
3012000 113
3013000 113
3014000 113
3015000 113
3016000 113
3017000 113
3018000 113
3019000 113
3020000 113
3021000 113
3022000 113
3023000 113
3024000 113
3025000 113
3026000 113
3027000 113
3028000 113
3029000 113
3030000 113
3031000 113
3032000 113
3033000 114
3034000 114
3035000 114
3036000 114
3037000 114
3038000 114
3039000 114
3040000 114
3041000 114
3042000 114
3043000 114
3044000 114
3045000 114
3046000 114
3047000 114
3048000 114
3049000 114
3050000 114
3051000 114
3052000 114
3053000 114
3054000 114
3055000 114
3056000 115
3057000 115
3058000 115
3059000 115
3060000 115
3061000 115
3062000 115
3063000 115
3064000 115
3065000 115
3066000 115
3067000 115
3068000 115
3069000 115
3070000 115
3071000 115
3072000 115
3073000 115
3074000 115
3075000 115
3076000 115
3077000 115
3078000 115
3079000 115
3080000 115
3081000 115
3082000 115
3083000 115
3084000 115
3085000 115
3086000 115
3087000 115
3088000 115
3089000 116
3090000 116
3091000 116
3092000 116
3093000 116
3094000 116
3095000 116
3096000 116
3097000 116
3098000 116
3099000 116
3100000 116
3101000 116
3102000 116
3103000 116
3104000 116
3105000 116
3106000 116
3107000 116
3108000 116
3109000 116
3110000 116
3111000 116
3112000 116
3113000 117
3114000 117
3115000 117
3116000 117
3117000 117
3118000 117
3119000 117
3120000 117
3121000 117
3122000 117
3123000 117
3124000 117
3125000 117
3126000 117
3127000 117
3128000 117
3129000 117
3130000 117
3131000 117
3132000 117
3133000 117
3134000 117
3135000 117
3136000 117
3137000 117
3138000 117
3139000 118
3140000 118
3141000 118
3142000 118
3143000 118
3144000 118
3145000 118
3146000 118
3147000 118
3148000 118
3149000 118
3150000 118
3151000 118
3152000 118
3153000 118
3154000 118
3155000 118
3156000 118
3157000 118
3158000 118
3159000 118
3160000 118
3161000 118
3162000 118
3163000 118
3164000 118
3165000 118
3166000 118
3167000 118
3168000 118
3169000 118
3170000 118
3171000 118
3172000 118
3173000 118
3174000 118
3175000 118
3176000 118
3177000 118
3178000 118
3179000 119
3180000 119
3181000 119
3182000 119
3183000 119
3184000 119
3185000 119
3186000 119
3187000 119
3188000 119
3189000 119
3190000 119
3191000 119
3192000 119
3193000 119
3194000 119
3195000 119
3196000 119
3197000 119
3198000 119
3199000 119
3200000 119
3201000 120
3202000 120
3203000 120
3204000 120
3205000 120
3206000 120
3207000 120
3208000 120
3209000 120
3210000 120
3211000 120
3212000 120
3213000 120
3214000 120
3215000 120
3216000 120
3217000 120
3218000 120
3219000 120
3220000 120
3221000 120
3222000 120
3223000 120
3224000 120
3225000 120
3226000 120
3227000 120
3228000 120
3229000 120
3230000 120
3231000 120
3232000 120
3233000 120
3234000 120
3235000 120
3236000 120
3237000 120
3238000 120
3239000 120
3240000 120
3241000 121
3242000 121
3243000 121
3244000 121
3245000 121
3246000 121
3247000 121
3248000 121
3249000 121
3250000 121
3251000 121
3252000 121
3253000 121
3254000 121
3255000 121
3256000 121
3257000 121
3258000 121
3259000 121
3260000 121
3261000 121
3262000 121
3263000 121
3264000 121
3265000 121
3266000 121
3267000 121
3268000 121
3269000 121
3270000 121
3271000 121
3272000 121
3273000 121
3274000 121
3275000 121
3276000 121
3277000 121
3278000 121
3279000 121
3280000 121
3281000 121
3282000 121
3283000 121
3284000 121
3285000 121
3286000 121
3287000 121
3288000 122
3289000 122
3290000 122
3291000 122
3292000 122
3293000 122
3294000 122
3295000 122
3296000 122
3297000 122
3298000 122
3299000 122
3300000 122
3301000 122
3302000 122
3303000 122
3304000 122
3305000 122
3306000 122
3307000 122
3308000 122
3309000 122
3310000 122
3311000 122
3312000 122
3313000 122
3314000 122
3315000 122
3316000 122
3317000 122
3318000 122
3319000 122
3320000 122
3321000 122
3322000 122
3323000 122
3324000 122
3325000 122
3326000 122
3327000 123
3328000 123
3329000 123
3330000 123
3331000 123
3332000 123
3333000 123
3334000 123
3335000 123
3336000 123
3337000 123
3338000 123
3339000 123
3340000 123
3341000 123
3342000 123
3343000 123
3344000 123
3345000 123
3346000 123
3347000 123
3348000 123
3349000 123
3350000 123
3351000 124
3352000 124
3353000 124
3354000 124
3355000 124
3356000 124
3357000 124
3358000 124
3359000 124
3360000 124
3361000 124
3362000 124
3363000 124
3364000 124
3365000 124
3366000 124
3367000 124
3368000 124
3369000 124
3370000 124
3371000 124
3372000 124
3373000 124
3374000 124
3375000 124
3376000 124
3377000 125
3378000 125
3379000 125
3380000 125
3381000 125
3382000 125
3383000 125
3384000 125
3385000 125
3386000 125
3387000 125
3388000 125
3389000 125
3390000 125
3391000 125
3392000 125
3393000 125
3394000 125
3395000 125
3396000 125
3397000 125
3398000 125
3399000 125
3400000 125
3401000 125
3402000 125
3403000 125
3404000 125
3405000 125
3406000 125
3407000 125
3408000 125
3409000 125
3410000 125
3411000 125
3412000 125
3413000 125
3414000 125
3415000 126
3416000 126
3417000 126
3418000 126
3419000 126
3420000 126
3421000 126
3422000 126
3423000 126
3424000 126
3425000 126
3426000 126
3427000 126
3428000 126
3429000 126
3430000 126
3431000 126
3432000 126
3433000 126
3434000 126
3435000 126
3436000 126
3437000 126
3438000 126
3439000 126
3440000 126
3441000 126
3442000 126
3443000 126
3444000 126
3445000 126
3446000 126
3447000 126
3448000 126
3449000 126
3450000 126
3451000 126
3452000 126
3453000 126
3454000 127
3455000 127
3456000 127
3457000 127
3458000 127
3459000 127
3460000 127
3461000 127
3462000 127
3463000 127
3464000 127
3465000 127
3466000 127
3467000 127
3468000 127
3469000 127
3470000 127
3471000 127
3472000 127
3473000 127
3474000 127
3475000 127
3476000 127
3477000 127
3478000 127
3479000 127
3480000 127
3481000 127
3482000 127
3483000 128
3484000 128
3485000 128
3486000 128
3487000 128
3488000 128
3489000 128
3490000 128
3491000 128
3492000 128
3493000 128
3494000 128
3495000 128
3496000 128
3497000 128
3498000 128
3499000 128
3500000 128
3501000 128
3502000 128
3503000 128
3504000 128
3505000 128
3506000 128
3507000 128
3508000 128
3509000 128
3510000 128
3511000 128
3512000 128
3513000 128
3514000 128
3515000 128
3516000 128
3517000 128
3518000 129
3519000 129
3520000 129
3521000 129
3522000 129
3523000 129
3524000 129
3525000 129
3526000 129
3527000 129
3528000 129
3529000 129
3530000 129
3531000 129
3532000 129
3533000 129
3534000 129
3535000 129
3536000 129
3537000 129
3538000 129
3539000 129
3540000 129
3541000 129
3542000 129
3543000 129
3544000 130
3545000 130
3546000 130
3547000 130
3548000 130
3549000 130
3550000 130
3551000 130
3552000 130
3553000 130
3554000 130
3555000 130
3556000 130
3557000 130
3558000 130
3559000 130
3560000 130
3561000 130
3562000 130
3563000 130
3564000 130
3565000 130
3566000 130
3567000 130
3568000 130
3569000 130
3570000 131
3571000 131
3572000 131
3573000 131
3574000 131
3575000 131
3576000 131
3577000 131
3578000 131
3579000 131
3580000 131
3581000 131
3582000 131
3583000 131
3584000 131
3585000 131
3586000 131
3587000 131
3588000 131
3589000 131
3590000 131
3591000 131
3592000 131
3593000 131
3594000 131
3595000 131
3596000 131
3597000 131
3598000 131
3599000 131
3600000 131
3601000 131
3602000 131
3603000 131
3604000 131
3605000 131
3606000 131
3607000 131
3608000 131
3609000 131
3610000 131
3611000 131
3612000 131
3613000 131
3614000 131
3615000 131
3616000 131
3617000 131
3618000 131
3619000 131
3620000 131
3621000 131
3622000 131
3623000 131
3624000 131
3625000 131
3626000 131
3627000 131
3628000 131
3629000 131
3630000 131
3631000 131
3632000 131
3633000 131
3634000 131
3635000 131
3636000 131
3637000 131
3638000 131
3639000 131
3640000 131
3641000 131
3642000 131
3643000 131
3644000 131
3645000 131
3646000 131
3647000 131
3648000 131
3649000 131
3650000 131
3651000 131
3652000 131
3653000 131
3654000 131
3655000 131
3656000 131
3657000 131
3658000 131
3659000 131
3660000 131
3661000 131
3662000 131
3663000 131
3664000 131
3665000 131
3666000 131
3667000 131
3668000 131
3669000 131
3670000 131
3671000 131
3672000 131
3673000 131
3674000 131
3675000 131
3676000 131
3677000 131
3678000 131
3679000 131
3680000 131
3681000 131
3682000 131
3683000 131
3684000 131
3685000 131
3686000 131
3687000 131
3688000 131
3689000 131
3690000 131
3691000 131
3692000 131
3693000 131
3694000 131
3695000 131
3696000 131
3697000 131
3698000 131
3699000 131
3700000 131
3701000 131
3702000 131
3703000 131
3704000 131
3705000 131
3706000 131
3707000 132
3708000 132
3709000 132
3710000 132
3711000 132
3712000 132
3713000 132
3714000 132
3715000 132
3716000 132
3717000 132
3718000 132
3719000 132
3720000 132
3721000 132
3722000 132
3723000 132
3724000 132
3725000 132
3726000 132
3727000 132
3728000 132
3729000 132
3730000 132
3731000 132
3732000 132
3733000 132
3734000 132
3735000 132
3736000 132
3737000 132
3738000 132
3739000 132
3740000 132
3741000 132
3742000 132
3743000 132
3744000 132
3745000 132
3746000 132
3747000 132
3748000 132
3749000 132
3750000 132
3751000 132
3752000 132
3753000 132
3754000 132
3755000 132
3756000 132
3757000 132
3758000 132
3759000 132
3760000 132
3761000 132
3762000 132
3763000 132
3764000 132
3765000 132
3766000 132
3767000 132
3768000 132
3769000 132
3770000 132
3771000 132
3772000 132
3773000 132
3774000 132
3775000 132
3776000 132
3777000 132
3778000 132
3779000 132
3780000 132
3781000 132
3782000 132
3783000 132
3784000 132
3785000 132
3786000 132
3787000 132
3788000 132
3789000 132
3790000 132
3791000 132
3792000 132
3793000 132
3794000 132
3795000 132
3796000 132
3797000 132
3798000 132
3799000 132
3800000 132
3801000 132
3802000 132
3803000 132
3804000 132
3805000 132
3806000 132
3807000 132
3808000 132
3809000 132
3810000 132
3811000 132
3812000 132
3813000 132
3814000 132
3815000 132
3816000 132
3817000 132
3818000 132
3819000 132
3820000 132
3821000 132
3822000 132
3823000 132
3824000 132
3825000 132
3826000 132
3827000 132
3828000 132
3829000 132
3830000 132
3831000 132
3832000 132
3833000 132
3834000 132
3835000 132
3836000 132
3837000 132
3838000 132
3839000 132
3840000 132
3841000 132
3842000 132
3843000 132
3844000 132
3845000 132
3846000 132
3847000 132
3848000 132
3849000 132
3850000 132
3851000 132
3852000 132
3853000 132
3854000 132
3855000 132
3856000 132
3857000 132
3858000 132
3859000 132
3860000 132
3861000 132
3862000 132
3863000 132
3864000 132
3865000 132
3866000 132
3867000 132
3868000 132
3869000 132
3870000 132
3871000 132
3872000 132
3873000 132
3874000 132
3875000 132
3876000 132
3877000 132
3878000 132
3879000 132
3880000 132
3881000 132
3882000 132
3883000 132
3884000 132
3885000 132
3886000 132
3887000 132
3888000 132
3889000 132
3890000 132
3891000 132
3892000 132
3893000 133
3894000 133
3895000 133
3896000 133
3897000 133
3898000 133
3899000 133
3900000 133
3901000 133
3902000 133
3903000 133
3904000 133
3905000 133
3906000 133
3907000 133
3908000 133
3909000 133
3910000 133
3911000 133
3912000 133
3913000 133
3914000 133
3915000 133
3916000 133
3917000 133
3918000 133
3919000 133
3920000 133
3921000 133
3922000 133
3923000 133
3924000 133
3925000 133
3926000 133
3927000 133
3928000 133
3929000 133
3930000 133
3931000 133
3932000 133
3933000 133
3934000 133
3935000 133
3936000 133
3937000 133
3938000 133
3939000 133
3940000 133
3941000 133
3942000 133
3943000 133
3944000 133
3945000 133
3946000 133
3947000 133
3948000 133
3949000 133
3950000 133
3951000 133
3952000 133
3953000 133
3954000 133
3955000 133
3956000 133
3957000 133
3958000 133
3959000 133
3960000 133
3961000 133
3962000 133
3963000 133
3964000 133
3965000 133
3966000 133
3967000 133
3968000 133
3969000 133
3970000 133
3971000 133
3972000 133
3973000 133
3974000 133
3975000 133
3976000 133
3977000 133
3978000 133
3979000 133
3980000 133
3981000 133
3982000 133
3983000 133
3984000 133
3985000 133
3986000 133
3987000 133
3988000 133
3989000 133
3990000 133
3991000 133
3992000 133
3993000 133
3994000 133
3995000 133
3996000 133
3997000 133
3998000 133
3999000 133
4000000 133
4001000 133
4002000 133
4003000 133
4004000 133
4005000 133
4006000 133
4007000 133
4008000 133
4009000 133
4010000 133
4011000 133
4012000 133
4013000 133
4014000 133
4015000 133
4016000 133
4017000 133
4018000 133
4019000 133
4020000 133
4021000 133
4022000 133
4023000 133
4024000 133
4025000 133
4026000 133
4027000 133
4028000 133
4029000 133
4030000 133
4031000 133
4032000 133
4033000 133
4034000 133
4035000 133
4036000 133
4037000 133
4038000 133
4039000 133
4040000 133
4041000 133
4042000 133
4043000 133
4044000 133
4045000 133
4046000 133
4047000 133
4048000 133
4049000 133
4050000 133
4051000 133
4052000 133
4053000 133
4054000 133
4055000 133
4056000 133
4057000 133
4058000 133
4059000 133
4060000 133
4061000 133
4062000 133
4063000 133
4064000 133
4065000 133
4066000 133
4067000 133
4068000 134
4069000 134
4070000 134
4071000 134
4072000 134
4073000 134
4074000 134
4075000 134
4076000 134
4077000 134
4078000 134
4079000 134
4080000 134
4081000 134
4082000 134
4083000 134
4084000 134
4085000 134
4086000 134
4087000 134
4088000 134
4089000 134
4090000 134
4091000 134
4092000 134
4093000 134
4094000 134
4095000 134
4096000 134
4097000 134
4098000 135
4099000 135
4100000 135
4101000 135
4102000 135
4103000 135
4104000 135
4105000 135
4106000 135
4107000 135
4108000 135
4109000 135
4110000 135
4111000 135
4112000 135
4113000 135
4114000 135
4115000 135
4116000 135
4117000 135
4118000 135
4119000 135
4120000 135
4121000 135
4122000 135
4123000 136
4124000 136
4125000 136
4126000 136
4127000 136
4128000 136
4129000 136
4130000 136
4131000 136
4132000 136
4133000 136
4134000 136
4135000 136
4136000 136
4137000 136
4138000 136
4139000 136
4140000 136
4141000 136
4142000 136
4143000 136
4144000 136
4145000 136
4146000 136
4147000 136
4148000 136
4149000 136
4150000 136
4151000 136
4152000 136
4153000 136
4154000 136
4155000 136
4156000 136
4157000 136
4158000 136
4159000 136
4160000 136
4161000 136
4162000 136
4163000 136
4164000 136
4165000 136
4166000 136
4167000 136
4168000 136
4169000 136
4170000 136
4171000 136
4172000 136
4173000 136
4174000 136
4175000 136
4176000 136
4177000 136
4178000 136
4179000 136
4180000 136
4181000 136
4182000 136
4183000 136
4184000 136
4185000 136
4186000 136
4187000 136
4188000 136
4189000 136
4190000 136
4191000 136
4192000 136
4193000 136
4194000 136
4195000 136
4196000 136
4197000 136
4198000 136
4199000 136
4200000 136
4201000 136
4202000 136
4203000 136
4204000 136
4205000 136
4206000 136
4207000 136
4208000 136
4209000 136
4210000 136
4211000 136
4212000 136
4213000 136
4214000 136
4215000 136
4216000 136
4217000 136
4218000 136
4219000 136
4220000 136
4221000 136
4222000 136
4223000 136
4224000 136
4225000 136
4226000 136
4227000 136
4228000 136
4229000 136
4230000 136
4231000 136
4232000 136
4233000 136
4234000 136
4235000 136
4236000 136
4237000 136
4238000 136
4239000 136
4240000 136
4241000 136
4242000 136
4243000 136
4244000 136
4245000 136
4246000 136
4247000 136
4248000 136
4249000 136
4250000 136
4251000 136
4252000 136
4253000 136
4254000 136
4255000 136
4256000 136
4257000 136
4258000 136
4259000 136
4260000 136
4261000 136
4262000 136
4263000 136
4264000 136
4265000 136
4266000 136
4267000 136
4268000 136
4269000 136
4270000 136
4271000 136
4272000 136
4273000 136
4274000 136
4275000 136
4276000 136
4277000 136
4278000 136
4279000 136
4280000 136
4281000 136
4282000 136
4283000 136
4284000 136
4285000 136
4286000 136
4287000 136
4288000 136
4289000 136
4290000 136
4291000 136
4292000 136
4293000 136
4294000 136
4295000 136
4296000 136
4297000 136
4298000 136
4299000 136
4300000 136
4301000 136
4302000 136
4303000 136
4304000 136
4305000 136
4306000 136
4307000 136
4308000 136
4309000 136
4310000 136
4311000 136
4312000 136
4313000 136
4314000 136
4315000 136
4316000 136
4317000 136
4318000 136
4319000 136
4320000 136
4321000 136
4322000 136
4323000 136
4324000 136
4325000 136
4326000 136
4327000 136
4328000 136
4329000 136
4330000 136
4331000 136
4332000 136
4333000 136
4334000 136
4335000 136
4336000 136
4337000 136
4338000 136
4339000 136
4340000 136
4341000 136
4342000 136
4343000 136
4344000 136
4345000 136
4346000 136
4347000 136
4348000 136
4349000 136
4350000 136
4351000 136
4352000 136
4353000 136
4354000 136
4355000 136
4356000 136
4357000 136
4358000 136
4359000 136
4360000 136
4361000 136
4362000 136
4363000 136
4364000 136
4365000 136
4366000 136
4367000 136
4368000 136
4369000 136
4370000 136
4371000 136
4372000 136
4373000 136
4374000 136
4375000 136
4376000 136
4377000 136
4378000 136
4379000 136
4380000 136
4381000 136
4382000 136
4383000 136
4384000 136
4385000 136
4386000 136
4387000 136
4388000 136
4389000 136
4390000 136
4391000 136
4392000 136
4393000 136
4394000 136
4395000 136
4396000 136
4397000 136
4398000 136
4399000 136
4400000 136
4401000 136
4402000 136
4403000 136
4404000 136
4405000 136
4406000 136
4407000 136
4408000 136
4409000 136
4410000 136
4411000 136
4412000 136
4413000 136
4414000 136
4415000 136
4416000 136
4417000 136
4418000 136
4419000 136
4420000 136
4421000 136
4422000 136
4423000 136
4424000 136
4425000 136
4426000 136
4427000 136
4428000 136
4429000 136
4430000 136
4431000 136
4432000 136
4433000 136
4434000 136
4435000 136
4436000 136
4437000 136
4438000 136
4439000 136
4440000 136
4441000 136
4442000 136
4443000 136
4444000 136
4445000 136
4446000 136
4447000 136
4448000 136
4449000 136
4450000 136
4451000 136
4452000 136
4453000 136
4454000 136
4455000 136
4456000 136
4457000 136
4458000 136
4459000 136
4460000 136
4461000 136
4462000 136
4463000 136
4464000 136
4465000 136
4466000 136
4467000 136
4468000 136
4469000 136
4470000 136
4471000 136
4472000 136
4473000 136
4474000 136
4475000 136
4476000 136
4477000 136
4478000 136
4479000 136
4480000 136
4481000 136
4482000 136
4483000 136
4484000 136
4485000 136
4486000 136
4487000 136
4488000 136
4489000 136
4490000 136
4491000 136
4492000 136
4493000 136
4494000 136
4495000 136
4496000 136
4497000 136
4498000 136
4499000 136
4500000 136
4501000 136
4502000 136
4503000 136
4504000 136
4505000 136
4506000 136
4507000 136
4508000 136
4509000 136
4510000 136
4511000 136
4512000 136
4513000 136
4514000 136
4515000 136
4516000 136
4517000 136
4518000 136
4519000 136
4520000 136
4521000 136
4522000 136
4523000 136
4524000 136
4525000 136
4526000 136
4527000 136
4528000 136
4529000 136
4530000 136
4531000 136
4532000 136
4533000 136
4534000 136
4535000 136
4536000 136
4537000 136
4538000 136
4539000 136
4540000 136
4541000 136
4542000 136
4543000 136
4544000 136
4545000 136
4546000 136
4547000 136
4548000 136
4549000 136
4550000 136
4551000 136
4552000 136
4553000 136
4554000 136
4555000 136
4556000 136
4557000 136
4558000 136
4559000 136
4560000 136
4561000 136
4562000 136
4563000 136
4564000 136
4565000 136
4566000 136
4567000 136
4568000 136
4569000 136
4570000 136
4571000 136
4572000 136
4573000 136
4574000 136
4575000 136
4576000 136
4577000 136
4578000 136
4579000 136
4580000 136
4581000 136
4582000 136
4583000 136
4584000 136
4585000 136
4586000 136
4587000 136
4588000 136
4589000 136
4590000 136
4591000 136
4592000 136
4593000 136
4594000 137
4595000 137
4596000 137
4597000 137
4598000 137
4599000 137
4600000 137
4601000 137
4602000 137
4603000 137
4604000 137
4605000 137
4606000 137
4607000 137
4608000 137
4609000 137
4610000 137
4611000 137
4612000 137
4613000 137
4614000 138
4615000 138
4616000 138
4617000 138
4618000 138
4619000 138
4620000 138
4621000 138
4622000 138
4623000 138
4624000 138
4625000 138
4626000 138
4627000 138
4628000 138
4629000 138
4630000 138
4631000 138
4632000 138
4633000 138
4634000 138
4635000 138
4636000 138
4637000 138
4638000 138
4639000 138
4640000 138
4641000 139
4642000 139
4643000 139
4644000 139
4645000 139
4646000 139
4647000 139
4648000 139
4649000 139
4650000 139
4651000 139
4652000 139
4653000 139
4654000 139
4655000 139
4656000 139
4657000 139
4658000 139
4659000 139
4660000 139
4661000 139
4662000 140
4663000 140
4664000 140
4665000 140
4666000 140
4667000 140
4668000 140
4669000 140
4670000 140
4671000 140
4672000 140
4673000 140
4674000 140
4675000 140
4676000 140
4677000 140
4678000 140
4679000 140
4680000 140
4681000 140
4682000 140
4683000 140
4684000 140
4685000 140
4686000 140
4687000 140
4688000 140
4689000 140
4690000 140
4691000 140
4692000 141
4693000 141
4694000 141
4695000 141
4696000 141
4697000 141
4698000 141
4699000 141
4700000 141
4701000 141
4702000 141
4703000 141
4704000 141
4705000 141
4706000 141
4707000 141
4708000 141
4709000 141
4710000 141
4711000 141
4712000 141
4713000 141
4714000 141
4715000 141
4716000 141
4717000 141
4718000 141
4719000 142
4720000 142
4721000 142
4722000 142
4723000 142
4724000 142
4725000 142
4726000 142
4727000 142
4728000 142
4729000 142
4730000 142
4731000 142
4732000 142
4733000 142
4734000 142
4735000 142
4736000 142
4737000 142
4738000 142
4739000 142
4740000 142
4741000 142
4742000 142
4743000 142
4744000 142
4745000 142
4746000 143
4747000 143
4748000 143
4749000 143
4750000 143
4751000 143
4752000 143
4753000 143
4754000 143
4755000 143
4756000 143
4757000 143
4758000 143
4759000 143
4760000 143
4761000 143
4762000 143
4763000 143
4764000 143
4765000 143
4766000 143
4767000 143
4768000 143
4769000 143
4770000 144
4771000 144
4772000 144
4773000 144
4774000 144
4775000 144
4776000 144
4777000 144
4778000 144
4779000 144
4780000 144
4781000 144
4782000 144
4783000 144
4784000 144
4785000 144
4786000 144
4787000 144
4788000 144
4789000 144
4790000 144
4791000 145
4792000 145
4793000 145
4794000 145
4795000 145
4796000 145
4797000 145
4798000 145
4799000 145
4800000 145
4801000 145
4802000 145
4803000 145
4804000 145
4805000 145
4806000 145
4807000 145
4808000 145
4809000 145
4810000 145
4811000 145
4812000 145
4813000 145
4814000 145
4815000 146
4816000 146
4817000 146
4818000 146
4819000 146
4820000 146
4821000 146
4822000 146
4823000 146
4824000 146
4825000 146
4826000 146
4827000 146
4828000 146
4829000 146
4830000 146
4831000 146
4832000 146
4833000 146
4834000 146
4835000 146
4836000 146
4837000 147
4838000 147
4839000 147
4840000 147
4841000 147
4842000 147
4843000 147
4844000 147
4845000 147
4846000 147
4847000 147
4848000 147
4849000 147
4850000 147
4851000 147
4852000 147
4853000 147
4854000 147
4855000 147
4856000 147
4857000 147
4858000 147
4859000 147
4860000 147
4861000 147
4862000 147
4863000 147
4864000 148
4865000 148
4866000 148
4867000 148
4868000 148
4869000 148
4870000 148
4871000 148
4872000 148
4873000 148
4874000 148
4875000 148
4876000 148
4877000 148
4878000 148
4879000 148
4880000 148
4881000 148
4882000 148
4883000 148
4884000 148
4885000 148
4886000 148
4887000 149
4888000 149
4889000 149
4890000 149
4891000 149
4892000 149
4893000 149
4894000 149
4895000 149
4896000 149
4897000 149
4898000 149
4899000 149
4900000 149
4901000 149
4902000 149
4903000 149
4904000 149
4905000 149
4906000 149
4907000 150
4908000 150
4909000 150
4910000 150
4911000 150
4912000 150
4913000 150
4914000 150
4915000 150
4916000 150
4917000 150
4918000 150
4919000 150
4920000 150
4921000 150
4922000 150
4923000 150
4924000 150
4925000 150
4926000 150
4927000 150
4928000 150
4929000 150
4930000 150
4931000 151
4932000 151
4933000 151
4934000 151
4935000 151
4936000 151
4937000 151
4938000 151
4939000 151
4940000 151
4941000 151
4942000 151
4943000 151
4944000 151
4945000 151
4946000 151
4947000 151
4948000 151
4949000 151
4950000 151
4951000 152
4952000 152
4953000 152
4954000 152
4955000 152
4956000 152
4957000 152
4958000 152
4959000 152
4960000 152
4961000 152
4962000 152
4963000 152
4964000 152
4965000 152
4966000 152
4967000 152
4968000 152
4969000 152
4970000 152
4971000 152
4972000 152
4973000 153
4974000 153
4975000 153
4976000 153
4977000 153
4978000 153
4979000 153
4980000 153
4981000 153
4982000 153
4983000 153
4984000 153
4985000 153
4986000 153
4987000 153
4988000 154
4989000 154
4990000 154
4991000 154
4992000 154
4993000 154
4994000 154
4995000 154
4996000 154
4997000 154
4998000 154
4999000 154
5000000 154
