0 0
1000 0
2000 0
3000 0
4000 0
5000 0
6000 0
7000 0
8000 0
9000 0
10000 0
11000 0
12000 0
13000 0
14000 0
15000 0
16000 0
17000 0
18000 0
19000 0
20000 0
21000 0
22000 0
23000 0
24000 0
25000 0
26000 0
27000 0
28000 0
29000 0
30000 0
31000 0
32000 0
33000 0
34000 0
35000 0
36000 0
37000 0
38000 0
39000 0
40000 0
41000 0
42000 0
43000 0
44000 0
45000 0
46000 0
47000 0
48000 0
49000 0
50000 0
51000 0
52000 0
53000 0
54000 0
55000 1
56000 1
57000 1
58000 1
59000 1
60000 1
61000 1
62000 1
63000 1
64000 1
65000 1
66000 1
67000 1
68000 1
69000 1
70000 1
71000 1
72000 1
73000 1
74000 1
75000 1
76000 1
77000 1
78000 1
79000 1
80000 1
81000 1
82000 1
83000 1
84000 1
85000 1
86000 1
87000 1
88000 1
89000 1
90000 1
91000 1
92000 1
93000 2
94000 2
95000 2
96000 2
97000 2
98000 2
99000 2
100000 2
101000 2
102000 2
103000 2
104000 2
105000 2
106000 2
107000 2
108000 2
109000 2
110000 2
111000 2
112000 2
113000 2
114000 2
115000 2
116000 3
117000 3
118000 3
119000 3
120000 3
121000 3
122000 3
123000 3
124000 3
125000 3
126000 3
127000 3
128000 3
129000 3
130000 3
131000 3
132000 3
133000 3
134000 3
135000 3
136000 3
137000 3
138000 3
139000 3
140000 3
141000 3
142000 3
143000 3
144000 3
145000 3
146000 3
147000 3
148000 3
149000 3
150000 3
151000 3
152000 3
153000 3
154000 3
155000 3
156000 3
157000 3
158000 3
159000 3
160000 3
161000 3
162000 3
163000 3
164000 3
165000 3
166000 3
167000 3
168000 3
169000 3
170000 3
171000 3
172000 3
173000 3
174000 3
175000 3
176000 3
177000 3
178000 3
179000 3
180000 3
181000 3
182000 3
183000 3
184000 3
185000 3
186000 3
187000 3
188000 3
189000 3
190000 3
191000 3
192000 3
193000 3
194000 3
195000 3
196000 3
197000 3
198000 3
199000 3
200000 3
201000 3
202000 3
203000 3
204000 3
205000 3
206000 3
207000 3
208000 3
209000 3
210000 3
211000 3
212000 3
213000 3
214000 3
215000 3
216000 3
217000 3
218000 3
219000 3
220000 3
221000 3
222000 3
223000 3
224000 3
225000 3
226000 3
227000 3
228000 3
229000 3
230000 3
231000 3
232000 3
233000 3
234000 3
235000 3
236000 3
237000 3
238000 3
239000 3
240000 3
241000 3
242000 3
243000 3
244000 3
245000 3
246000 3
247000 3
248000 3
249000 3
250000 3
251000 3
252000 3
253000 3
254000 3
255000 3
256000 3
257000 3
258000 3
259000 3
260000 3
261000 3
262000 3
263000 3
264000 3
265000 3
266000 3
267000 3
268000 3
269000 3
270000 3
271000 3
272000 3
273000 3
274000 3
275000 3
276000 3
277000 3
278000 3
279000 3
280000 3
281000 3
282000 3
283000 3
284000 3
285000 3
286000 3
287000 3
288000 3
289000 3
290000 3
291000 3
292000 3
293000 3
294000 3
295000 3
296000 3
297000 3
298000 3
299000 3
300000 3
301000 3
302000 3
303000 3
304000 3
305000 3
306000 3
307000 3
308000 3
309000 3
310000 3
311000 3
312000 3
313000 3
314000 3
315000 3
316000 3
317000 3
318000 3
319000 3
320000 3
321000 3
322000 3
323000 3
324000 3
325000 3
326000 3
327000 3
328000 3
329000 3
330000 3
331000 3
332000 3
333000 3
334000 3
335000 3
336000 3
337000 3
338000 3
339000 3
340000 3
341000 3
342000 3
343000 3
344000 3
345000 3
346000 3
347000 3
348000 3
349000 3
350000 3
351000 3
352000 3
353000 3
354000 3
355000 3
356000 3
357000 3
358000 3
359000 3
360000 3
361000 3
362000 3
363000 3
364000 3
365000 3
366000 3
367000 3
368000 3
369000 3
370000 3
371000 3
372000 3
373000 3
374000 3
375000 3
376000 3
377000 3
378000 3
379000 4
380000 4
381000 4
382000 4
383000 4
384000 4
385000 4
386000 4
387000 4
388000 4
389000 4
390000 4
391000 4
392000 4
393000 4
394000 4
395000 4
396000 4
397000 4
398000 4
399000 4
400000 4
401000 4
402000 4
403000 4
404000 4
405000 4
406000 4
407000 4
408000 4
409000 4
410000 4
411000 4
412000 4
413000 4
414000 4
415000 4
416000 4
417000 4
418000 4
419000 4
420000 5
421000 5
422000 5
423000 5
424000 5
425000 5
426000 5
427000 5
428000 5
429000 5
430000 5
431000 5
432000 5
433000 5
434000 5
435000 5
436000 5
437000 5
438000 5
439000 5
440000 5
441000 5
442000 5
443000 5
444000 5
445000 5
446000 5
447000 6
448000 6
449000 6
450000 6
451000 6
452000 6
453000 6
454000 6
455000 6
456000 6
457000 6
458000 6
459000 6
460000 6
461000 6
462000 6
463000 6
464000 6
465000 6
466000 6
467000 6
468000 6
469000 7
470000 7
471000 7
472000 7
473000 7
474000 7
475000 7
476000 7
477000 7
478000 7
479000 7
480000 7
481000 7
482000 7
483000 7
484000 7
485000 7
486000 7
487000 7
488000 7
489000 7
490000 7
491000 7
492000 7
493000 7
494000 7
495000 7
496000 7
497000 7
498000 7
499000 7
500000 7
501000 7
502000 7
503000 7
504000 7
505000 7
506000 7
507000 7
508000 7
509000 7
510000 7
511000 8
512000 8
513000 8
514000 8
515000 8
516000 8
517000 8
518000 8
519000 8
520000 8
521000 8
522000 8
523000 8
524000 8
525000 8
526000 8
527000 8
528000 8
529000 8
530000 8
531000 8
532000 8
533000 8
534000 8
535000 8
536000 8
537000 8
538000 8
539000 8
540000 8
541000 8
542000 8
543000 8
544000 8
545000 8
546000 8
547000 8
548000 8
549000 8
550000 8
551000 8
552000 8
553000 8
554000 8
555000 8
556000 8
557000 8
558000 8
559000 8
560000 8
561000 8
562000 9
563000 9
564000 9
565000 9
566000 9
567000 9
568000 9
569000 9
570000 9
571000 9
572000 9
573000 9
574000 9
575000 9
576000 9
577000 9
578000 9
579000 9
580000 9
581000 9
582000 9
583000 9
584000 9
585000 9
586000 9
587000 9
588000 9
589000 9
590000 9
591000 9
592000 9
593000 9
594000 9
595000 9
596000 9
597000 9
598000 9
599000 9
600000 9
601000 9
602000 9
603000 9
604000 9
605000 9
606000 9
607000 9
608000 9
609000 9
610000 9
611000 9
612000 9
613000 10
614000 10
615000 10
616000 10
617000 10
618000 10
619000 10
620000 10
621000 10
622000 10
623000 10
624000 10
625000 10
626000 10
627000 10
628000 10
629000 10
630000 10
631000 10
632000 10
633000 10
634000 10
635000 10
636000 10
637000 10
638000 10
639000 10
640000 10
641000 10
642000 10
643000 10
644000 10
645000 10
646000 10
647000 10
648000 10
649000 10
650000 10
651000 10
652000 10
653000 10
654000 10
655000 10
656000 10
657000 10
658000 10
659000 10
660000 10
661000 10
662000 10
663000 10
664000 10
665000 10
666000 10
667000 10
668000 10
669000 10
670000 10
671000 10
672000 10
673000 10
674000 10
675000 10
676000 10
677000 10
678000 10
679000 10
680000 10
681000 10
682000 10
683000 10
684000 11
685000 11
686000 11
687000 11
688000 11
689000 11
690000 11
691000 11
692000 11
693000 11
694000 11
695000 11
696000 11
697000 11
698000 11
699000 11
700000 11
701000 11
702000 11
703000 11
704000 11
705000 11
706000 11
707000 11
708000 11
709000 11
710000 11
711000 11
712000 11
713000 11
714000 11
715000 11
716000 11
717000 11
718000 11
719000 11
720000 11
721000 11
722000 11
723000 12
724000 12
725000 12
726000 12
727000 12
728000 12
729000 12
730000 12
731000 12
732000 12
733000 12
734000 12
735000 12
736000 12
737000 12
738000 12
739000 12
740000 12
741000 12
742000 12
743000 12
744000 12
745000 12
746000 12
747000 12
748000 12
749000 12
750000 12
751000 12
752000 12
753000 13
754000 13
755000 13
756000 13
757000 13
758000 13
759000 13
760000 13
761000 13
762000 13
763000 13
764000 13
765000 13
766000 13
767000 13
768000 13
769000 13
770000 13
771000 13
772000 13
773000 13
774000 13
775000 13
776000 13
777000 13
778000 13
779000 13
780000 13
781000 13
782000 13
783000 13
784000 13
785000 13
786000 13
787000 13
788000 13
789000 13
790000 13
791000 13
792000 13
793000 13
794000 13
795000 13
796000 13
797000 13
798000 13
799000 13
800000 13
801000 13
802000 13
803000 13
804000 13
805000 13
806000 13
807000 13
808000 13
809000 13
810000 13
811000 13
812000 13
813000 13
814000 13
815000 13
816000 13
817000 13
818000 13
819000 13
820000 13
821000 13
822000 13
823000 13
824000 13
825000 13
826000 13
827000 13
828000 13
829000 13
830000 13
831000 13
832000 13
833000 13
834000 13
835000 13
836000 13
837000 13
838000 13
839000 13
840000 13
841000 13
842000 13
843000 13
844000 13
845000 13
846000 13
847000 13
848000 13
849000 13
850000 13
851000 13
852000 13
853000 13
854000 13
855000 13
856000 13
857000 13
858000 13
859000 13
860000 13
861000 13
862000 13
863000 13
864000 13
865000 13
866000 13
867000 13
868000 13
869000 13
870000 13
871000 13
872000 13
873000 13
874000 13
875000 13
876000 13
877000 13
878000 13
879000 13
880000 13
881000 13
882000 13
883000 13
884000 13
885000 13
886000 13
887000 13
888000 13
889000 13
890000 13
891000 13
892000 13
893000 13
894000 13
895000 13
896000 13
897000 13
898000 13
899000 13
900000 13
901000 13
902000 13
903000 13
904000 13
905000 13
906000 13
907000 13
908000 13
909000 13
910000 13
911000 13
912000 13
913000 13
914000 13
915000 13
916000 13
917000 13
918000 13
919000 13
920000 13
921000 13
922000 13
923000 13
924000 13
925000 13
926000 13
927000 13
928000 13
929000 13
930000 13
931000 13
932000 13
933000 13
934000 13
935000 13
936000 13
937000 13
938000 13
939000 13
940000 13
941000 13
942000 13
943000 13
944000 13
945000 13
946000 13
947000 13
948000 13
949000 13
950000 13
951000 13
952000 13
953000 13
954000 13
955000 13
956000 13
957000 13
958000 13
959000 13
960000 13
961000 13
962000 13
963000 13
964000 13
965000 13
966000 13
967000 13
968000 13
969000 13
970000 13
971000 13
972000 13
973000 13
974000 13
975000 13
976000 13
977000 13
978000 13
979000 13
980000 13
981000 13
982000 13
983000 13
984000 13
985000 13
986000 13
987000 13
988000 13
989000 13
990000 13
991000 13
992000 13
993000 13
994000 13
995000 13
996000 13
997000 13
998000 13
999000 13
1000000 13
1001000 13
1002000 13
1003000 13
1004000 13
1005000 13
1006000 13
1007000 13
1008000 13
1009000 13
1010000 13
1011000 13
1012000 13
1013000 13
1014000 13
1015000 13
1016000 13
1017000 13
1018000 13
1019000 13
1020000 13
1021000 13
1022000 13
1023000 13
1024000 13
1025000 14
1026000 14
1027000 14
1028000 14
1029000 14
1030000 14
1031000 14
1032000 14
1033000 14
1034000 14
1035000 14
1036000 14
1037000 14
1038000 14
1039000 14
1040000 14
1041000 14
1042000 14
1043000 14
1044000 14
1045000 14
1046000 14
1047000 14
1048000 14
1049000 14
1050000 14
1051000 14
1052000 14
1053000 14
1054000 14
1055000 14
1056000 14
1057000 14
1058000 14
1059000 14
1060000 14
1061000 14
1062000 14
1063000 14
1064000 14
1065000 14
1066000 14
1067000 14
1068000 14
1069000 14
1070000 14
1071000 14
1072000 14
1073000 14
1074000 14
1075000 14
1076000 14
1077000 14
1078000 14
1079000 14
1080000 14
1081000 14
1082000 14
1083000 14
1084000 14
1085000 14
1086000 14
1087000 14
1088000 14
1089000 14
1090000 14
1091000 14
1092000 14
1093000 14
1094000 14
1095000 14
1096000 14
1097000 14
1098000 14
1099000 14
1100000 14
1101000 14
1102000 14
1103000 14
1104000 14
1105000 14
1106000 14
1107000 14
1108000 14
1109000 14
1110000 14
1111000 14
1112000 14
1113000 14
1114000 14
1115000 14
1116000 14
1117000 14
1118000 14
1119000 14
1120000 14
1121000 14
1122000 14
1123000 14
1124000 14
1125000 14
1126000 14
1127000 14
1128000 14
1129000 14
1130000 14
1131000 14
1132000 14
1133000 14
1134000 14
1135000 14
1136000 14
1137000 14
1138000 14
1139000 14
1140000 14
1141000 14
1142000 14
1143000 14
1144000 14
1145000 14
1146000 14
1147000 14
1148000 14
1149000 14
1150000 14
1151000 14
1152000 14
1153000 14
1154000 14
1155000 14
1156000 14
1157000 14
1158000 14
1159000 14
1160000 14
1161000 14
1162000 14
1163000 14
1164000 14
1165000 14
1166000 14
1167000 14
1168000 14
1169000 14
1170000 14
1171000 14
1172000 14
1173000 14
1174000 14
1175000 14
1176000 14
1177000 14
1178000 14
1179000 14
1180000 14
1181000 14
1182000 14
1183000 14
1184000 14
1185000 14
1186000 14
1187000 14
1188000 14
1189000 14
1190000 14
1191000 14
1192000 14
1193000 14
1194000 14
1195000 14
1196000 14
1197000 14
1198000 14
1199000 14
1200000 14
1201000 14
1202000 14
1203000 14
1204000 14
1205000 14
1206000 14
1207000 14
1208000 14
1209000 14
1210000 14
1211000 14
1212000 14
1213000 14
1214000 14
1215000 14
1216000 14
1217000 14
1218000 14
1219000 14
1220000 14
1221000 14
1222000 14
1223000 14
1224000 14
1225000 14
1226000 14
1227000 14
1228000 14
1229000 14
1230000 14
1231000 14
1232000 14
1233000 14
1234000 14
1235000 14
1236000 14
1237000 14
1238000 14
1239000 14
1240000 14
1241000 14
1242000 14
1243000 14
1244000 14
1245000 14
1246000 14
1247000 14
1248000 14
1249000 14
1250000 14
1251000 14
1252000 14
1253000 14
1254000 14
1255000 14
1256000 14
1257000 14
1258000 14
1259000 14
1260000 14
1261000 14
1262000 14
1263000 14
1264000 14
1265000 14
1266000 14
1267000 14
1268000 14
1269000 14
1270000 14
1271000 14
1272000 14
1273000 14
1274000 14
1275000 14
1276000 14
1277000 14
1278000 14
1279000 14
1280000 14
1281000 14
1282000 14
1283000 14
1284000 14
1285000 14
1286000 14
1287000 14
1288000 14
1289000 14
1290000 14
1291000 14
1292000 14
1293000 14
1294000 14
1295000 14
1296000 14
1297000 14
1298000 14
1299000 14
1300000 14
1301000 14
1302000 14
1303000 14
1304000 14
1305000 14
1306000 14
1307000 14
1308000 14
1309000 14
1310000 14
1311000 14
1312000 14
1313000 14
1314000 14
1315000 14
1316000 14
1317000 14
1318000 14
1319000 14
1320000 14
1321000 14
1322000 14
1323000 14
1324000 14
1325000 14
1326000 14
1327000 14
1328000 14
1329000 14
1330000 14
1331000 14
1332000 14
1333000 14
1334000 14
1335000 14
1336000 14
1337000 14
1338000 14
1339000 14
1340000 14
1341000 14
1342000 14
1343000 14
1344000 14
1345000 14
1346000 14
1347000 14
1348000 14
1349000 14
1350000 14
1351000 14
1352000 14
1353000 14
1354000 14
1355000 14
1356000 14
1357000 14
1358000 14
1359000 14
1360000 14
1361000 14
1362000 14
1363000 14
1364000 14
1365000 14
1366000 14
1367000 14
1368000 14
1369000 14
1370000 14
1371000 14
1372000 14
1373000 14
1374000 14
1375000 14
1376000 14
1377000 14
1378000 14
1379000 14
1380000 14
1381000 14
1382000 14
1383000 14
1384000 14
1385000 14
1386000 14
1387000 14
1388000 14
1389000 14
1390000 14
1391000 14
1392000 14
1393000 14
1394000 14
1395000 14
1396000 14
1397000 14
1398000 14
1399000 14
1400000 14
1401000 14
1402000 14
1403000 14
1404000 14
1405000 14
1406000 14
1407000 14
1408000 14
1409000 14
1410000 14
1411000 14
1412000 14
1413000 14
1414000 14
1415000 14
1416000 14
1417000 14
1418000 14
1419000 14
1420000 14
1421000 14
1422000 14
1423000 14
1424000 14
1425000 14
1426000 14
1427000 14
1428000 14
1429000 14
1430000 14
1431000 14
1432000 14
1433000 14
1434000 14
1435000 14
1436000 14
1437000 14
1438000 14
1439000 14
1440000 14
1441000 14
1442000 14
1443000 14
1444000 14
1445000 14
1446000 14
1447000 14
1448000 14
1449000 14
1450000 14
1451000 14
1452000 14
1453000 14
1454000 14
1455000 14
1456000 14
1457000 14
1458000 14
1459000 14
1460000 14
1461000 14
1462000 14
1463000 14
1464000 14
1465000 14
1466000 14
1467000 14
1468000 14
1469000 14
1470000 14
1471000 14
1472000 14
1473000 14
1474000 14
1475000 14
1476000 14
1477000 14
1478000 14
1479000 14
1480000 14
1481000 14
1482000 14
1483000 14
1484000 14
1485000 14
1486000 14
1487000 14
1488000 14
1489000 14
1490000 14
1491000 14
1492000 14
1493000 14
1494000 14
1495000 14
1496000 14
1497000 14
1498000 14
1499000 14
1500000 14
1501000 14
1502000 14
1503000 14
1504000 14
1505000 14
1506000 14
1507000 14
1508000 14
1509000 14
1510000 14
1511000 14
1512000 14
1513000 14
1514000 14
1515000 14
1516000 14
1517000 14
1518000 14
1519000 14
1520000 14
1521000 14
1522000 14
1523000 14
1524000 14
1525000 14
1526000 14
1527000 14
1528000 14
1529000 14
1530000 14
1531000 14
1532000 14
1533000 14
1534000 14
1535000 14
1536000 14
1537000 14
1538000 14
1539000 14
1540000 14
1541000 14
1542000 14
1543000 14
1544000 14
1545000 14
1546000 14
1547000 14
1548000 14
1549000 14
1550000 14
1551000 14
1552000 14
1553000 14
1554000 14
1555000 14
1556000 14
1557000 14
1558000 14
1559000 14
1560000 14
1561000 14
1562000 14
1563000 14
1564000 14
1565000 14
1566000 14
1567000 14
1568000 14
1569000 14
1570000 14
1571000 14
1572000 14
1573000 14
1574000 14
1575000 14
1576000 14
1577000 14
1578000 14
1579000 14
1580000 14
1581000 14
1582000 14
1583000 14
1584000 14
1585000 14
1586000 14
1587000 14
1588000 14
1589000 14
1590000 14
1591000 14
1592000 14
1593000 14
1594000 14
1595000 14
1596000 14
1597000 14
1598000 14
1599000 14
1600000 14
1601000 14
1602000 14
1603000 14
1604000 14
1605000 14
1606000 14
1607000 14
1608000 14
1609000 14
1610000 14
1611000 14
1612000 14
1613000 14
1614000 14
1615000 14
1616000 14
1617000 14
1618000 14
1619000 14
1620000 14
1621000 14
1622000 14
1623000 14
1624000 14
1625000 14
1626000 14
1627000 14
1628000 14
1629000 14
1630000 14
1631000 14
1632000 14
1633000 14
1634000 14
1635000 14
1636000 14
1637000 14
1638000 14
1639000 14
1640000 14
1641000 14
1642000 14
1643000 14
1644000 14
1645000 14
1646000 14
1647000 14
1648000 14
1649000 14
1650000 14
1651000 14
1652000 14
1653000 14
1654000 14
1655000 14
1656000 14
1657000 14
1658000 14
1659000 14
1660000 14
1661000 14
1662000 14
1663000 14
1664000 14
1665000 14
1666000 15
1667000 15
1668000 15
1669000 15
1670000 15
1671000 15
1672000 15
1673000 15
1674000 15
1675000 15
1676000 15
1677000 15
1678000 15
1679000 15
1680000 15
1681000 15
1682000 15
1683000 15
1684000 15
1685000 15
1686000 15
1687000 15
1688000 15
1689000 15
1690000 15
1691000 15
1692000 15
1693000 15
1694000 15
1695000 15
1696000 15
1697000 15
1698000 15
1699000 15
1700000 15
1701000 15
1702000 15
1703000 15
1704000 15
1705000 15
1706000 15
1707000 15
1708000 15
1709000 15
1710000 15
1711000 15
1712000 15
1713000 15
1714000 15
1715000 15
1716000 15
1717000 15
1718000 15
1719000 15
1720000 16
1721000 16
1722000 16
1723000 16
1724000 16
1725000 16
1726000 16
1727000 16
1728000 16
1729000 16
1730000 16
1731000 16
1732000 16
1733000 16
1734000 16
1735000 16
1736000 16
1737000 16
1738000 16
1739000 16
1740000 16
1741000 16
1742000 16
1743000 16
1744000 16
1745000 16
1746000 16
1747000 16
1748000 16
1749000 16
1750000 16
1751000 16
1752000 16
1753000 16
1754000 16
1755000 16
1756000 16
1757000 16
1758000 16
1759000 16
1760000 16
1761000 16
1762000 16
1763000 16
1764000 16
1765000 16
1766000 16
1767000 16
1768000 16
1769000 16
1770000 16
1771000 16
1772000 16
1773000 16
1774000 16
1775000 16
1776000 16
1777000 16
1778000 16
1779000 16
1780000 16
1781000 16
1782000 16
1783000 16
1784000 16
1785000 16
1786000 16
1787000 16
1788000 16
1789000 16
1790000 16
1791000 16
1792000 16
1793000 16
1794000 16
1795000 16
1796000 16
1797000 16
1798000 16
1799000 16
1800000 16
1801000 16
1802000 16
1803000 16
1804000 16
1805000 16
1806000 16
1807000 16
1808000 16
1809000 16
1810000 16
1811000 16
1812000 16
1813000 16
1814000 16
1815000 16
1816000 16
1817000 16
1818000 16
1819000 16
1820000 16
1821000 16
1822000 16
1823000 16
1824000 16
1825000 16
1826000 16
1827000 16
1828000 16
1829000 16
1830000 16
1831000 16
1832000 16
1833000 16
1834000 16
1835000 16
1836000 16
1837000 16
1838000 16
1839000 16
1840000 16
1841000 16
1842000 16
1843000 16
1844000 16
1845000 16
1846000 16
1847000 16
1848000 16
1849000 16
1850000 16
1851000 16
1852000 16
1853000 16
1854000 16
1855000 16
1856000 16
1857000 16
1858000 16
1859000 16
1860000 16
1861000 16
1862000 16
1863000 16
1864000 16
1865000 16
1866000 16
1867000 16
1868000 16
1869000 16
1870000 16
1871000 16
1872000 16
1873000 16
1874000 16
1875000 16
1876000 16
1877000 16
1878000 16
1879000 16
1880000 16
1881000 16
1882000 16
1883000 16
1884000 16
1885000 16
1886000 16
1887000 16
1888000 16
1889000 16
1890000 16
1891000 16
1892000 16
1893000 16
1894000 16
1895000 16
1896000 16
1897000 16
1898000 16
1899000 16
1900000 16
1901000 16
1902000 16
1903000 16
1904000 16
1905000 16
1906000 16
1907000 16
1908000 16
1909000 16
1910000 16
1911000 16
1912000 16
1913000 16
1914000 16
1915000 16
1916000 16
1917000 16
1918000 16
1919000 16
1920000 16
1921000 16
1922000 16
1923000 16
1924000 16
1925000 16
1926000 16
1927000 16
1928000 16
1929000 16
1930000 16
1931000 16
1932000 16
1933000 16
1934000 16
1935000 16
1936000 16
1937000 16
1938000 16
1939000 16
1940000 16
1941000 16
1942000 16
1943000 16
1944000 16
1945000 16
1946000 16
1947000 16
1948000 16
1949000 16
1950000 16
1951000 16
1952000 16
1953000 16
1954000 16
1955000 16
1956000 16
1957000 16
1958000 16
1959000 16
1960000 16
1961000 16
1962000 16
1963000 16
1964000 16
1965000 16
1966000 16
1967000 16
1968000 16
1969000 16
1970000 16
1971000 16
1972000 16
1973000 16
1974000 16
1975000 16
1976000 16
1977000 16
1978000 16
1979000 16
1980000 16
1981000 16
1982000 16
1983000 16
1984000 16
1985000 16
1986000 16
1987000 16
1988000 16
1989000 16
1990000 16
1991000 16
1992000 16
1993000 16
1994000 16
1995000 16
1996000 16
1997000 16
1998000 16
1999000 16
2000000 16
2001000 16
2002000 16
2003000 16
2004000 16
2005000 16
2006000 16
2007000 16
2008000 16
2009000 16
2010000 16
2011000 16
2012000 16
2013000 16
2014000 16
2015000 16
2016000 16
2017000 16
2018000 16
2019000 16
2020000 16
2021000 16
2022000 16
2023000 16
2024000 16
2025000 16
2026000 16
2027000 16
2028000 16
2029000 16
2030000 16
2031000 16
2032000 16
2033000 16
2034000 16
2035000 16
2036000 16
2037000 16
2038000 16
2039000 16
2040000 16
2041000 16
2042000 16
2043000 16
2044000 16
2045000 16
2046000 16
2047000 16
2048000 16
2049000 16
2050000 16
2051000 16
2052000 16
2053000 16
2054000 16
2055000 16
2056000 16
2057000 16
2058000 16
2059000 16
2060000 16
2061000 16
2062000 16
2063000 16
2064000 16
2065000 16
2066000 16
2067000 16
2068000 16
2069000 16
2070000 16
2071000 16
2072000 16
2073000 16
2074000 16
2075000 16
2076000 16
2077000 16
2078000 16
2079000 16
2080000 16
2081000 16
2082000 16
2083000 16
2084000 16
2085000 16
2086000 16
2087000 16
2088000 16
2089000 16
2090000 16
2091000 16
2092000 16
2093000 16
2094000 16
2095000 16
2096000 16
2097000 16
2098000 16
2099000 16
2100000 16
2101000 16
2102000 16
2103000 16
2104000 16
2105000 16
2106000 16
2107000 16
2108000 16
2109000 16
2110000 16
2111000 16
2112000 16
2113000 16
2114000 16
2115000 16
2116000 16
2117000 16
2118000 16
2119000 16
2120000 16
2121000 16
2122000 16
2123000 16
2124000 16
2125000 16
2126000 16
2127000 16
2128000 16
2129000 16
2130000 16
2131000 16
2132000 16
2133000 16
2134000 16
2135000 16
2136000 16
2137000 16
2138000 16
2139000 16
2140000 16
2141000 16
2142000 16
2143000 16
2144000 16
2145000 16
2146000 16
2147000 16
2148000 16
2149000 16
2150000 16
2151000 16
2152000 16
2153000 16
2154000 16
2155000 16
2156000 16
2157000 16
2158000 16
2159000 16
2160000 16
2161000 16
2162000 16
2163000 16
2164000 16
2165000 16
2166000 16
2167000 16
2168000 16
2169000 16
2170000 16
2171000 16
2172000 16
2173000 16
2174000 16
2175000 16
2176000 16
2177000 16
2178000 16
2179000 16
2180000 16
2181000 16
2182000 16
2183000 16
2184000 16
2185000 16
2186000 16
2187000 16
2188000 16
2189000 16
2190000 16
2191000 16
2192000 16
2193000 16
2194000 16
2195000 16
2196000 16
2197000 16
2198000 16
2199000 16
2200000 16
2201000 16
2202000 16
2203000 16
2204000 16
2205000 16
2206000 16
2207000 16
2208000 16
2209000 16
2210000 16
2211000 16
2212000 16
2213000 16
2214000 16
2215000 16
2216000 16
2217000 16
2218000 16
2219000 16
2220000 16
2221000 16
2222000 16
2223000 16
2224000 16
2225000 16
2226000 16
2227000 16
2228000 16
2229000 16
2230000 16
2231000 16
2232000 16
2233000 16
2234000 16
2235000 16
2236000 16
2237000 16
2238000 16
2239000 16
2240000 16
2241000 16
2242000 16
2243000 16
2244000 16
2245000 16
2246000 16
2247000 16
2248000 16
2249000 16
2250000 16
2251000 16
2252000 16
2253000 16
2254000 16
2255000 16
2256000 16
2257000 16
2258000 16
2259000 16
2260000 16
2261000 16
2262000 16
2263000 16
2264000 16
2265000 16
2266000 16
2267000 16
2268000 16
2269000 16
2270000 16
2271000 16
2272000 16
2273000 16
2274000 16
2275000 16
2276000 16
2277000 16
2278000 16
2279000 16
2280000 16
2281000 16
2282000 16
2283000 16
2284000 16
2285000 16
2286000 16
2287000 16
2288000 16
2289000 16
2290000 16
2291000 16
2292000 16
2293000 16
2294000 16
2295000 16
2296000 16
2297000 16
2298000 16
2299000 16
2300000 16
2301000 16
2302000 16
2303000 16
2304000 16
2305000 16
2306000 16
2307000 16
2308000 16
2309000 16
2310000 16
2311000 16
2312000 16
2313000 16
2314000 16
2315000 16
2316000 16
2317000 16
2318000 16
2319000 16
2320000 16
2321000 16
2322000 16
2323000 16
2324000 16
2325000 16
2326000 16
2327000 16
2328000 16
2329000 16
2330000 16
2331000 16
2332000 16
2333000 16
2334000 16
2335000 16
2336000 16
2337000 16
2338000 16
2339000 16
2340000 16
2341000 16
2342000 16
2343000 16
2344000 16
2345000 16
2346000 16
2347000 16
2348000 16
2349000 16
2350000 16
2351000 16
2352000 16
2353000 16
2354000 16
2355000 16
2356000 16
2357000 16
2358000 16
2359000 16
2360000 16
2361000 16
2362000 16
2363000 16
2364000 16
2365000 16
2366000 16
2367000 16
2368000 16
2369000 16
2370000 16
2371000 16
2372000 16
2373000 16
2374000 16
2375000 16
2376000 16
2377000 16
2378000 16
2379000 16
2380000 16
2381000 16
2382000 16
2383000 16
2384000 16
2385000 16
2386000 16
2387000 16
2388000 16
2389000 16
2390000 16
2391000 16
2392000 16
2393000 16
2394000 16
2395000 16
2396000 16
2397000 16
2398000 16
2399000 16
2400000 16
2401000 16
2402000 16
2403000 16
2404000 16
2405000 16
2406000 16
2407000 16
2408000 16
2409000 16
2410000 16
2411000 16
2412000 16
2413000 16
2414000 16
2415000 16
2416000 16
2417000 16
2418000 16
2419000 16
2420000 16
2421000 16
2422000 16
2423000 16
2424000 16
2425000 16
2426000 16
2427000 16
2428000 16
2429000 16
2430000 16
2431000 16
2432000 16
2433000 16
2434000 16
2435000 16
2436000 16
2437000 16
2438000 16
2439000 16
2440000 16
2441000 16
2442000 16
2443000 16
2444000 16
2445000 16
2446000 16
2447000 16
2448000 16
2449000 16
2450000 16
2451000 16
2452000 16
2453000 16
2454000 16
2455000 16
2456000 16
2457000 16
2458000 16
2459000 16
2460000 16
2461000 16
2462000 16
2463000 16
2464000 16
2465000 16
2466000 16
2467000 16
2468000 16
2469000 16
2470000 16
2471000 16
2472000 16
2473000 16
2474000 16
2475000 16
2476000 16
2477000 16
2478000 16
2479000 16
2480000 16
2481000 16
2482000 16
2483000 16
2484000 16
2485000 16
2486000 16
2487000 16
2488000 16
2489000 16
2490000 16
2491000 16
2492000 16
2493000 16
2494000 16
2495000 16
2496000 16
2497000 16
2498000 16
2499000 16
2500000 16
2501000 16
2502000 16
2503000 16
2504000 16
2505000 16
2506000 16
2507000 16
2508000 16
2509000 16
2510000 16
2511000 16
2512000 16
2513000 16
2514000 16
2515000 16
2516000 16
2517000 16
2518000 16
2519000 16
2520000 16
2521000 16
2522000 16
2523000 16
2524000 16
2525000 16
2526000 16
2527000 16
2528000 16
2529000 16
2530000 16
2531000 16
2532000 16
2533000 16
2534000 16
2535000 16
2536000 16
2537000 16
2538000 16
2539000 16
2540000 16
2541000 16
2542000 16
2543000 16
2544000 16
2545000 16
2546000 16
2547000 16
2548000 16
2549000 16
2550000 16
2551000 16
2552000 16
2553000 16
2554000 16
2555000 16
2556000 16
2557000 16
2558000 16
2559000 16
2560000 16
2561000 16
2562000 16
2563000 16
2564000 16
2565000 16
2566000 16
2567000 16
2568000 16
2569000 16
2570000 16
2571000 16
2572000 16
2573000 16
2574000 16
2575000 16
2576000 16
2577000 16
2578000 16
2579000 16
2580000 16
2581000 16
2582000 16
2583000 16
2584000 16
2585000 16
2586000 16
2587000 16
2588000 16
2589000 16
2590000 16
2591000 16
2592000 16
2593000 16
2594000 16
2595000 16
2596000 16
2597000 16
2598000 16
2599000 16
2600000 16
2601000 16
2602000 16
2603000 16
2604000 16
2605000 16
2606000 16
2607000 16
2608000 16
2609000 16
2610000 16
2611000 16
2612000 16
2613000 16
2614000 16
2615000 16
2616000 16
2617000 16
2618000 16
2619000 16
2620000 16
2621000 16
2622000 16
2623000 16
2624000 16
2625000 16
2626000 16
2627000 16
2628000 16
2629000 16
2630000 16
2631000 16
2632000 16
2633000 16
2634000 16
2635000 16
2636000 16
2637000 16
2638000 16
2639000 16
2640000 16
2641000 16
2642000 16
2643000 16
2644000 16
2645000 16
2646000 16
2647000 16
2648000 16
2649000 16
2650000 16
2651000 16
2652000 16
2653000 16
2654000 16
2655000 16
2656000 16
2657000 16
2658000 16
2659000 16
2660000 16
2661000 16
2662000 16
2663000 16
2664000 16
2665000 16
2666000 16
2667000 16
2668000 16
2669000 16
2670000 16
2671000 16
2672000 16
2673000 16
2674000 16
2675000 16
2676000 16
2677000 16
2678000 16
2679000 16
2680000 16
2681000 16
2682000 16
2683000 16
2684000 16
2685000 16
2686000 16
2687000 16
2688000 16
2689000 16
2690000 16
2691000 16
2692000 16
2693000 16
2694000 16
2695000 16
2696000 16
2697000 16
2698000 16
2699000 16
2700000 16
2701000 16
2702000 16
2703000 16
2704000 16
2705000 16
2706000 16
2707000 16
2708000 16
2709000 16
2710000 16
2711000 16
2712000 16
2713000 16
2714000 16
2715000 16
2716000 16
2717000 16
2718000 16
2719000 16
2720000 16
2721000 16
2722000 16
2723000 16
2724000 16
2725000 16
2726000 16
2727000 16
2728000 16
2729000 16
2730000 16
2731000 16
2732000 16
2733000 16
2734000 16
2735000 16
2736000 16
2737000 16
2738000 16
2739000 16
2740000 16
2741000 16
2742000 16
2743000 16
2744000 16
2745000 16
2746000 16
2747000 16
2748000 16
2749000 16
2750000 16
2751000 16
2752000 16
2753000 16
2754000 16
2755000 16
2756000 16
2757000 16
2758000 16
2759000 16
2760000 16
2761000 16
2762000 16
2763000 16
2764000 16
2765000 16
2766000 16
2767000 16
2768000 16
2769000 16
2770000 16
2771000 16
2772000 16
2773000 16
2774000 16
2775000 16
2776000 16
2777000 16
2778000 16
2779000 16
2780000 16
2781000 16
2782000 16
2783000 16
2784000 16
2785000 16
2786000 16
2787000 16
2788000 16
2789000 16
2790000 16
2791000 16
2792000 16
2793000 16
2794000 16
2795000 16
2796000 16
2797000 16
2798000 16
2799000 16
2800000 16
2801000 16
2802000 16
2803000 16
2804000 16
2805000 16
2806000 16
2807000 16
2808000 16
2809000 16
2810000 16
2811000 16
2812000 16
2813000 16
2814000 16
2815000 16
2816000 16
2817000 16
2818000 16
2819000 16
2820000 16
2821000 16
2822000 16
2823000 16
2824000 16
2825000 16
2826000 16
2827000 16
2828000 16
2829000 16
2830000 16
2831000 16
2832000 17
2833000 17
2834000 17
2835000 17
2836000 17
2837000 17
2838000 17
2839000 17
2840000 17
2841000 17
2842000 17
2843000 17
2844000 17
2845000 17
2846000 17
2847000 17
2848000 17
2849000 17
2850000 17
2851000 17
2852000 17
2853000 17
2854000 17
2855000 17
2856000 17
2857000 17
2858000 17
2859000 17
2860000 17
2861000 17
2862000 17
2863000 17
2864000 17
2865000 17
2866000 17
2867000 17
2868000 17
2869000 17
2870000 17
2871000 17
2872000 17
2873000 17
2874000 17
2875000 17
2876000 17
2877000 17
2878000 17
2879000 17
2880000 17
2881000 17
2882000 17
2883000 17
2884000 17
2885000 17
2886000 17
2887000 17
2888000 17
2889000 17
2890000 17
2891000 17
2892000 17
2893000 17
2894000 17
2895000 17
2896000 17
2897000 17
2898000 17
2899000 17
2900000 17
2901000 17
2902000 17
2903000 17
2904000 17
2905000 17
2906000 17
2907000 17
2908000 17
2909000 17
2910000 17
2911000 18
2912000 18
2913000 18
2914000 18
2915000 18
2916000 18
2917000 18
2918000 18
2919000 18
2920000 18
2921000 18
2922000 18
2923000 18
2924000 18
2925000 18
2926000 18
2927000 18
2928000 18
2929000 18
2930000 18
2931000 18
2932000 18
2933000 18
2934000 18
2935000 18
2936000 18
2937000 18
2938000 18
2939000 18
2940000 18
2941000 19
2942000 19
2943000 19
2944000 19
2945000 19
2946000 19
2947000 19
2948000 19
2949000 19
2950000 19
2951000 19
2952000 19
2953000 19
2954000 19
2955000 19
2956000 19
2957000 19
2958000 19
2959000 19
2960000 19
2961000 19
2962000 19
2963000 20
2964000 20
2965000 20
2966000 20
2967000 20
2968000 20
2969000 20
2970000 20
2971000 20
2972000 20
2973000 20
2974000 20
2975000 20
2976000 20
2977000 20
2978000 20
2979000 20
2980000 20
2981000 20
2982000 20
2983000 20
2984000 20
2985000 20
2986000 20
2987000 20
2988000 20
2989000 20
2990000 20
2991000 20
2992000 20
2993000 20
2994000 20
2995000 20
2996000 20
2997000 20
2998000 20
2999000 20
3000000 20
3001000 20
3002000 21
3003000 21
3004000 21
3005000 21
3006000 21
3007000 21
3008000 21
3009000 21
3010000 21
3011000 21
3012000 21
3013000 21
3014000 21
3015000 21
3016000 21
3017000 21
3018000 21
3019000 21
3020000 21
3021000 21
3022000 21
3023000 21
3024000 21
3025000 21
3026000 21
3027000 21
3028000 21
3029000 21
3030000 21
3031000 21
3032000 21
3033000 21
3034000 21
3035000 21
3036000 21
3037000 21
3038000 21
3039000 21
3040000 21
3041000 21
3042000 21
3043000 21
3044000 21
3045000 21
3046000 21
3047000 21
3048000 21
3049000 21
3050000 21
3051000 21
3052000 21
3053000 21
3054000 21
3055000 21
3056000 21
3057000 21
3058000 21
3059000 21
3060000 21
3061000 21
3062000 21
3063000 21
3064000 21
3065000 21
3066000 21
3067000 21
3068000 21
3069000 21
3070000 21
3071000 21
3072000 21
3073000 21
3074000 21
3075000 21
3076000 21
3077000 21
3078000 21
3079000 21
3080000 21
3081000 21
3082000 21
3083000 21
3084000 21
3085000 21
3086000 21
3087000 21
3088000 21
3089000 21
3090000 21
3091000 21
3092000 21
3093000 21
3094000 21
3095000 21
3096000 21
3097000 21
3098000 21
3099000 21
3100000 21
3101000 21
3102000 21
3103000 21
3104000 21
3105000 21
3106000 21
3107000 21
3108000 21
3109000 21
3110000 21
3111000 21
3112000 21
3113000 21
3114000 21
3115000 21
3116000 21
3117000 21
3118000 21
3119000 21
3120000 21
3121000 21
3122000 21
3123000 21
3124000 21
3125000 21
3126000 21
3127000 21
3128000 21
3129000 21
3130000 21
3131000 21
3132000 21
3133000 21
3134000 21
3135000 21
3136000 21
3137000 21
3138000 21
3139000 21
3140000 21
3141000 21
3142000 21
3143000 21
3144000 21
3145000 21
3146000 21
3147000 21
3148000 21
3149000 21
3150000 21
3151000 21
3152000 21
3153000 21
3154000 21
3155000 21
3156000 21
3157000 21
3158000 21
3159000 21
3160000 21
3161000 21
3162000 21
3163000 21
3164000 21
3165000 21
3166000 21
3167000 21
3168000 21
3169000 21
3170000 21
3171000 21
3172000 21
3173000 21
3174000 21
3175000 21
3176000 21
3177000 21
3178000 21
3179000 21
3180000 22
3181000 22
3182000 22
3183000 22
3184000 22
3185000 22
3186000 22
3187000 22
3188000 22
3189000 22
3190000 22
3191000 22
3192000 22
3193000 22
3194000 22
3195000 22
3196000 22
3197000 22
3198000 22
3199000 22
3200000 22
3201000 22
3202000 22
3203000 22
3204000 22
3205000 23
3206000 23
3207000 23
3208000 23
3209000 23
3210000 23
3211000 23
3212000 23
3213000 23
3214000 23
3215000 23
3216000 23
3217000 23
3218000 23
3219000 23
3220000 23
3221000 23
3222000 23
3223000 23
3224000 23
3225000 23
3226000 23
3227000 23
3228000 23
3229000 23
3230000 23
3231000 23
3232000 23
3233000 23
3234000 23
3235000 23
3236000 23
3237000 23
3238000 23
3239000 23
3240000 23
3241000 23
3242000 23
3243000 23
3244000 23
3245000 23
3246000 23
3247000 23
3248000 23
3249000 23
3250000 23
3251000 23
3252000 23
3253000 23
3254000 23
3255000 23
3256000 23
3257000 23
3258000 23
3259000 23
3260000 23
3261000 23
3262000 23
3263000 23
3264000 23
3265000 23
3266000 23
3267000 23
3268000 23
3269000 23
3270000 23
3271000 23
3272000 23
3273000 23
3274000 23
3275000 23
3276000 23
3277000 23
3278000 23
3279000 23
3280000 23
3281000 23
3282000 23
3283000 23
3284000 23
3285000 23
3286000 23
3287000 23
3288000 23
3289000 23
3290000 23
3291000 23
3292000 23
3293000 23
3294000 23
3295000 23
3296000 23
3297000 23
3298000 23
3299000 23
3300000 23
3301000 23
3302000 23
3303000 23
3304000 23
3305000 23
3306000 23
3307000 23
3308000 23
3309000 23
3310000 23
3311000 23
3312000 23
3313000 23
3314000 23
3315000 23
3316000 23
3317000 23
3318000 23
3319000 23
3320000 23
3321000 23
3322000 23
3323000 23
3324000 23
3325000 23
3326000 23
3327000 23
3328000 23
3329000 23
3330000 23
3331000 23
3332000 23
3333000 23
3334000 23
3335000 23
3336000 23
3337000 23
3338000 23
3339000 23
3340000 23
3341000 23
3342000 23
3343000 23
3344000 23
3345000 23
3346000 23
3347000 23
3348000 23
3349000 23
3350000 23
3351000 23
3352000 23
3353000 23
3354000 23
3355000 23
3356000 23
3357000 23
3358000 23
3359000 23
3360000 23
3361000 23
3362000 23
3363000 23
3364000 23
3365000 23
3366000 23
3367000 23
3368000 23
3369000 23
3370000 23
3371000 23
3372000 23
3373000 23
3374000 23
3375000 23
3376000 23
3377000 23
3378000 23
3379000 23
3380000 23
3381000 23
3382000 23
3383000 23
3384000 23
3385000 23
3386000 23
3387000 23
3388000 23
3389000 23
3390000 23
3391000 23
3392000 23
3393000 23
3394000 23
3395000 23
3396000 23
3397000 23
3398000 23
3399000 23
3400000 23
3401000 23
3402000 23
3403000 23
3404000 23
3405000 23
3406000 23
3407000 23
3408000 23
3409000 23
3410000 23
3411000 23
3412000 23
3413000 23
3414000 23
3415000 23
3416000 23
3417000 23
3418000 23
3419000 23
3420000 23
3421000 23
3422000 23
3423000 23
3424000 23
3425000 23
3426000 23
3427000 23
3428000 23
3429000 23
3430000 23
3431000 23
3432000 23
3433000 23
3434000 23
3435000 23
3436000 23
3437000 23
3438000 23
3439000 23
3440000 23
3441000 23
3442000 23
3443000 23
3444000 23
3445000 23
3446000 23
3447000 23
3448000 23
3449000 23
3450000 23
3451000 23
3452000 23
3453000 23
3454000 23
3455000 23
3456000 23
3457000 23
3458000 23
3459000 23
3460000 23
3461000 23
3462000 23
3463000 23
3464000 23
3465000 23
3466000 23
3467000 23
3468000 23
3469000 23
3470000 23
3471000 23
3472000 23
3473000 23
3474000 23
3475000 23
3476000 23
3477000 23
3478000 23
3479000 23
3480000 23
3481000 23
3482000 23
3483000 23
3484000 23
3485000 23
3486000 23
3487000 23
3488000 23
3489000 23
3490000 23
3491000 23
3492000 23
3493000 23
3494000 23
3495000 23
3496000 23
3497000 23
3498000 23
3499000 23
3500000 23
3501000 23
3502000 23
3503000 23
3504000 23
3505000 23
3506000 23
3507000 23
3508000 23
3509000 23
3510000 23
3511000 23
3512000 23
3513000 23
3514000 23
3515000 23
3516000 23
3517000 23
3518000 23
3519000 23
3520000 23
3521000 23
3522000 23
3523000 23
3524000 23
3525000 23
3526000 23
3527000 23
3528000 23
3529000 23
3530000 23
3531000 23
3532000 23
3533000 23
3534000 23
3535000 23
3536000 23
3537000 23
3538000 23
3539000 23
3540000 23
3541000 23
3542000 23
3543000 23
3544000 23
3545000 23
3546000 23
3547000 23
3548000 23
3549000 23
3550000 23
3551000 23
3552000 23
3553000 23
3554000 23
3555000 23
3556000 23
3557000 23
3558000 23
3559000 23
3560000 23
3561000 23
3562000 23
3563000 23
3564000 23
3565000 23
3566000 23
3567000 23
3568000 23
3569000 23
3570000 23
3571000 23
3572000 23
3573000 23
3574000 23
3575000 23
3576000 23
3577000 23
3578000 23
3579000 23
3580000 23
3581000 23
3582000 23
3583000 23
3584000 23
3585000 23
3586000 23
3587000 23
3588000 23
3589000 23
3590000 23
3591000 23
3592000 23
3593000 23
3594000 23
3595000 23
3596000 23
3597000 23
3598000 23
3599000 23
3600000 23
3601000 23
3602000 23
3603000 23
3604000 23
3605000 23
3606000 23
3607000 23
3608000 23
3609000 23
3610000 23
3611000 23
3612000 23
3613000 23
3614000 23
3615000 23
3616000 23
3617000 23
3618000 23
3619000 23
3620000 23
3621000 23
3622000 23
3623000 23
3624000 23
3625000 23
3626000 23
3627000 23
3628000 23
3629000 23
3630000 23
3631000 23
3632000 23
3633000 23
3634000 23
3635000 23
3636000 23
3637000 23
3638000 23
3639000 23
3640000 23
3641000 23
3642000 23
3643000 23
3644000 23
3645000 23
3646000 23
3647000 23
3648000 23
3649000 23
3650000 23
3651000 23
3652000 23
3653000 23
3654000 23
3655000 23
3656000 23
3657000 23
3658000 23
3659000 23
3660000 23
3661000 23
3662000 23
3663000 23
3664000 23
3665000 23
3666000 23
3667000 23
3668000 23
3669000 23
3670000 23
3671000 23
3672000 23
3673000 23
3674000 23
3675000 23
3676000 23
3677000 23
3678000 23
3679000 23
3680000 23
3681000 23
3682000 23
3683000 23
3684000 23
3685000 23
3686000 23
3687000 23
3688000 23
3689000 23
3690000 23
3691000 23
3692000 23
3693000 23
3694000 23
3695000 23
3696000 23
3697000 23
3698000 23
3699000 23
3700000 23
3701000 23
3702000 23
3703000 23
3704000 23
3705000 23
3706000 23
3707000 23
3708000 23
3709000 23
3710000 23
3711000 23
3712000 23
3713000 23
3714000 23
3715000 23
3716000 23
3717000 23
3718000 23
3719000 23
3720000 23
3721000 23
3722000 23
3723000 23
3724000 23
3725000 23
3726000 23
3727000 23
3728000 23
3729000 23
3730000 23
3731000 23
3732000 23
3733000 23
3734000 23
3735000 23
3736000 23
3737000 23
3738000 23
3739000 23
3740000 23
3741000 23
3742000 23
3743000 23
3744000 23
3745000 23
3746000 23
3747000 23
3748000 23
3749000 23
3750000 23
3751000 23
3752000 23
3753000 23
3754000 23
3755000 23
3756000 23
3757000 23
3758000 23
3759000 23
3760000 23
3761000 23
3762000 23
3763000 23
3764000 23
3765000 23
3766000 23
3767000 23
3768000 23
3769000 23
3770000 23
3771000 23
3772000 23
3773000 23
3774000 23
3775000 23
3776000 23
3777000 23
3778000 23
3779000 23
3780000 23
3781000 23
3782000 23
3783000 23
3784000 23
3785000 23
3786000 23
3787000 23
3788000 23
3789000 23
3790000 23
3791000 23
3792000 23
3793000 23
3794000 23
3795000 23
3796000 23
3797000 23
3798000 23
3799000 23
3800000 23
3801000 23
3802000 23
3803000 23
3804000 23
3805000 23
3806000 23
3807000 23
3808000 23
3809000 23
3810000 23
3811000 23
3812000 23
3813000 23
3814000 23
3815000 23
3816000 23
3817000 23
3818000 23
3819000 23
3820000 23
3821000 23
3822000 23
3823000 23
3824000 23
3825000 23
3826000 23
3827000 23
3828000 23
3829000 23
3830000 23
3831000 23
3832000 23
3833000 23
3834000 23
3835000 23
3836000 23
3837000 23
3838000 23
3839000 23
3840000 23
3841000 23
3842000 23
3843000 23
3844000 23
3845000 23
3846000 23
3847000 23
3848000 23
3849000 23
3850000 23
3851000 23
3852000 23
3853000 23
3854000 23
3855000 23
3856000 23
3857000 23
3858000 23
3859000 23
3860000 23
3861000 23
3862000 23
3863000 23
3864000 23
3865000 23
3866000 23
3867000 23
3868000 23
3869000 23
3870000 23
3871000 23
3872000 23
3873000 23
3874000 23
3875000 23
3876000 23
3877000 23
3878000 23
3879000 23
3880000 23
3881000 23
3882000 23
3883000 23
3884000 23
3885000 23
3886000 23
3887000 23
3888000 23
3889000 23
3890000 23
3891000 23
3892000 23
3893000 23
3894000 23
3895000 23
3896000 23
3897000 23
3898000 23
3899000 23
3900000 23
3901000 23
3902000 23
3903000 23
3904000 23
3905000 23
3906000 23
3907000 23
3908000 23
3909000 23
3910000 23
3911000 23
3912000 23
3913000 23
3914000 23
3915000 23
3916000 23
3917000 23
3918000 23
3919000 23
3920000 23
3921000 23
3922000 23
3923000 23
3924000 23
3925000 23
3926000 23
3927000 23
3928000 23
3929000 23
3930000 23
3931000 23
3932000 23
3933000 23
3934000 23
3935000 23
3936000 23
3937000 23
3938000 23
3939000 23
3940000 23
3941000 23
3942000 23
3943000 23
3944000 23
3945000 23
3946000 23
3947000 23
3948000 23
3949000 23
3950000 23
3951000 23
3952000 23
3953000 23
3954000 23
3955000 23
3956000 23
3957000 23
3958000 23
3959000 23
3960000 23
3961000 23
3962000 23
3963000 23
3964000 23
3965000 23
3966000 23
3967000 23
3968000 23
3969000 23
3970000 23
3971000 23
3972000 23
3973000 23
3974000 23
3975000 23
3976000 23
3977000 23
3978000 23
3979000 23
3980000 23
3981000 23
3982000 23
3983000 23
3984000 23
3985000 23
3986000 23
3987000 23
3988000 23
3989000 23
3990000 23
3991000 23
3992000 23
3993000 23
3994000 23
3995000 23
3996000 23
3997000 23
3998000 23
3999000 23
4000000 23
4001000 23
4002000 23
4003000 23
4004000 23
4005000 23
4006000 23
4007000 23
4008000 23
4009000 23
4010000 23
4011000 23
4012000 23
4013000 23
4014000 23
4015000 23
4016000 23
4017000 23
4018000 23
4019000 23
4020000 23
4021000 23
4022000 23
4023000 23
4024000 23
4025000 23
4026000 23
4027000 23
4028000 23
4029000 23
4030000 23
4031000 23
4032000 23
4033000 23
4034000 23
4035000 23
4036000 23
4037000 23
4038000 23
4039000 23
4040000 23
4041000 23
4042000 23
4043000 23
4044000 23
4045000 23
4046000 23
4047000 23
4048000 23
4049000 23
4050000 23
4051000 23
4052000 23
4053000 23
4054000 23
4055000 23
4056000 23
4057000 23
4058000 23
4059000 23
4060000 23
4061000 23
4062000 23
4063000 23
4064000 23
4065000 23
4066000 23
4067000 23
4068000 23
4069000 23
4070000 23
4071000 23
4072000 23
4073000 23
4074000 23
4075000 23
4076000 23
4077000 23
4078000 23
4079000 23
4080000 23
4081000 23
4082000 23
4083000 23
4084000 23
4085000 23
4086000 23
4087000 23
4088000 23
4089000 23
4090000 23
4091000 23
4092000 23
4093000 23
4094000 23
4095000 23
4096000 23
4097000 23
4098000 23
4099000 23
4100000 23
4101000 23
4102000 23
4103000 23
4104000 23
4105000 23
4106000 23
4107000 23
4108000 23
4109000 23
4110000 23
4111000 23
4112000 23
4113000 23
4114000 23
4115000 23
4116000 23
4117000 23
4118000 23
4119000 23
4120000 23
4121000 23
4122000 23
4123000 23
4124000 23
4125000 23
4126000 23
4127000 23
4128000 23
4129000 23
4130000 23
4131000 23
4132000 23
4133000 23
4134000 23
4135000 23
4136000 23
4137000 23
4138000 23
4139000 23
4140000 23
4141000 23
4142000 23
4143000 23
4144000 23
4145000 23
4146000 23
4147000 23
4148000 23
4149000 23
4150000 23
4151000 23
4152000 23
4153000 23
4154000 23
4155000 23
4156000 23
4157000 23
4158000 23
4159000 23
4160000 23
4161000 23
4162000 23
4163000 23
4164000 23
4165000 23
4166000 23
4167000 23
4168000 23
4169000 23
4170000 23
4171000 23
4172000 23
4173000 23
4174000 23
4175000 23
4176000 23
4177000 23
4178000 23
4179000 23
4180000 23
4181000 23
4182000 23
4183000 23
4184000 23
4185000 23
4186000 23
4187000 23
4188000 23
4189000 23
4190000 23
4191000 23
4192000 23
4193000 23
4194000 23
4195000 23
4196000 23
4197000 23
4198000 23
4199000 23
4200000 23
4201000 23
4202000 23
4203000 23
4204000 23
4205000 23
4206000 23
4207000 23
4208000 23
4209000 23
4210000 23
4211000 23
4212000 23
4213000 23
4214000 23
4215000 23
4216000 23
4217000 23
4218000 23
4219000 23
4220000 23
4221000 23
4222000 23
4223000 23
4224000 23
4225000 23
4226000 23
4227000 23
4228000 23
4229000 23
4230000 23
4231000 23
4232000 23
4233000 23
4234000 23
4235000 23
4236000 23
4237000 23
4238000 23
4239000 23
4240000 23
4241000 23
4242000 23
4243000 23
4244000 23
4245000 23
4246000 23
4247000 23
4248000 23
4249000 23
4250000 23
4251000 23
4252000 23
4253000 23
4254000 23
4255000 23
4256000 23
4257000 23
4258000 23
4259000 23
4260000 23
4261000 23
4262000 23
4263000 23
4264000 23
4265000 23
4266000 23
4267000 23
4268000 23
4269000 23
4270000 23
4271000 23
4272000 23
4273000 23
4274000 23
4275000 23
4276000 23
4277000 23
4278000 23
4279000 23
4280000 23
4281000 23
4282000 23
4283000 23
4284000 23
4285000 23
4286000 23
4287000 23
4288000 23
4289000 23
4290000 23
4291000 23
4292000 23
4293000 23
4294000 23
4295000 23
4296000 23
4297000 23
4298000 23
4299000 23
4300000 23
4301000 23
4302000 23
4303000 23
4304000 23
4305000 23
4306000 23
4307000 23
4308000 23
4309000 23
4310000 23
4311000 23
4312000 23
4313000 23
4314000 23
4315000 23
4316000 23
4317000 23
4318000 23
4319000 23
4320000 23
4321000 23
4322000 23
4323000 23
4324000 23
4325000 23
4326000 23
4327000 23
4328000 23
4329000 23
4330000 23
4331000 23
4332000 23
4333000 23
4334000 23
4335000 23
4336000 23
4337000 23
4338000 23
4339000 23
4340000 23
4341000 23
4342000 23
4343000 23
4344000 23
4345000 23
4346000 23
4347000 23
4348000 23
4349000 23
4350000 23
4351000 23
4352000 23
4353000 23
4354000 23
4355000 23
4356000 23
4357000 23
4358000 23
4359000 23
4360000 23
4361000 23
4362000 23
4363000 23
4364000 23
4365000 23
4366000 23
4367000 23
4368000 23
4369000 23
4370000 23
4371000 23
4372000 23
4373000 23
4374000 23
4375000 23
4376000 23
4377000 23
4378000 23
4379000 23
4380000 23
4381000 23
4382000 23
4383000 23
4384000 23
4385000 23
4386000 23
4387000 23
4388000 23
4389000 23
4390000 23
4391000 23
4392000 23
4393000 23
4394000 23
4395000 23
4396000 23
4397000 23
4398000 23
4399000 23
4400000 23
4401000 23
4402000 23
4403000 23
4404000 23
4405000 23
4406000 23
4407000 23
4408000 23
4409000 23
4410000 23
4411000 23
4412000 23
4413000 23
4414000 23
4415000 23
4416000 23
4417000 23
4418000 23
4419000 23
4420000 23
4421000 23
4422000 23
4423000 23
4424000 23
4425000 23
4426000 23
4427000 23
4428000 23
4429000 23
4430000 23
4431000 23
4432000 23
4433000 23
4434000 23
4435000 23
4436000 23
4437000 23
4438000 23
4439000 23
4440000 23
4441000 23
4442000 23
4443000 23
4444000 23
4445000 23
4446000 23
4447000 23
4448000 23
4449000 23
4450000 23
4451000 23
4452000 23
4453000 23
4454000 23
4455000 23
4456000 23
4457000 23
4458000 23
4459000 23
4460000 23
4461000 23
4462000 23
4463000 23
4464000 23
4465000 23
4466000 23
4467000 23
4468000 23
4469000 23
4470000 23
4471000 23
4472000 23
4473000 23
4474000 23
4475000 23
4476000 23
4477000 23
4478000 23
4479000 23
4480000 23
4481000 23
4482000 23
4483000 23
4484000 23
4485000 23
4486000 23
4487000 23
4488000 23
4489000 23
4490000 23
4491000 23
4492000 23
4493000 23
4494000 23
4495000 23
4496000 23
4497000 23
4498000 23
4499000 23
4500000 23
4501000 23
4502000 23
4503000 23
4504000 23
4505000 23
4506000 23
4507000 23
4508000 23
4509000 23
4510000 23
4511000 23
4512000 23
4513000 23
4514000 23
4515000 23
4516000 23
4517000 23
4518000 23
4519000 23
4520000 23
4521000 23
4522000 23
4523000 23
4524000 23
4525000 23
4526000 23
4527000 23
4528000 23
4529000 23
4530000 23
4531000 23
4532000 23
4533000 23
4534000 23
4535000 23
4536000 23
4537000 23
4538000 23
4539000 23
4540000 23
4541000 23
4542000 23
4543000 23
4544000 23
4545000 23
4546000 23
4547000 23
4548000 23
4549000 23
4550000 23
4551000 23
4552000 23
4553000 23
4554000 23
4555000 23
4556000 23
4557000 23
4558000 23
4559000 23
4560000 23
4561000 23
4562000 23
4563000 23
4564000 23
4565000 23
4566000 23
4567000 23
4568000 23
4569000 23
4570000 23
4571000 23
4572000 23
4573000 23
4574000 23
4575000 23
4576000 23
4577000 23
4578000 23
4579000 23
4580000 23
4581000 23
4582000 23
4583000 23
4584000 23
4585000 23
4586000 23
4587000 23
4588000 23
4589000 23
4590000 23
4591000 23
4592000 23
4593000 23
4594000 23
4595000 23
4596000 23
4597000 23
4598000 23
4599000 23
4600000 23
4601000 23
4602000 23
4603000 23
4604000 23
4605000 23
4606000 23
4607000 23
4608000 23
4609000 23
4610000 23
4611000 23
4612000 23
4613000 23
4614000 23
4615000 23
4616000 23
4617000 23
4618000 23
4619000 23
4620000 23
4621000 23
4622000 23
4623000 23
4624000 23
4625000 23
4626000 23
4627000 23
4628000 23
4629000 23
4630000 23
4631000 23
4632000 23
4633000 23
4634000 23
4635000 23
4636000 23
4637000 23
4638000 23
4639000 23
4640000 23
4641000 23
4642000 23
4643000 23
4644000 23
4645000 23
4646000 23
4647000 23
4648000 23
4649000 23
4650000 23
4651000 23
4652000 23
4653000 23
4654000 23
4655000 23
4656000 23
4657000 23
4658000 23
4659000 23
4660000 23
4661000 23
4662000 23
4663000 23
4664000 23
4665000 23
4666000 23
4667000 23
4668000 23
4669000 23
4670000 23
4671000 23
4672000 23
4673000 23
4674000 23
4675000 23
4676000 23
4677000 23
4678000 23
4679000 23
4680000 23
4681000 23
4682000 23
4683000 23
4684000 23
4685000 23
4686000 23
4687000 23
4688000 23
4689000 23
4690000 23
4691000 23
4692000 23
4693000 23
4694000 23
4695000 23
4696000 23
4697000 23
4698000 23
4699000 23
4700000 23
4701000 23
4702000 23
4703000 23
4704000 23
4705000 23
4706000 23
4707000 23
4708000 23
4709000 23
4710000 23
4711000 23
4712000 23
4713000 23
4714000 23
4715000 23
4716000 23
4717000 23
4718000 23
4719000 23
4720000 23
4721000 23
4722000 23
4723000 23
4724000 23
4725000 23
4726000 23
4727000 23
4728000 23
4729000 23
4730000 23
4731000 23
4732000 23
4733000 23
4734000 23
4735000 23
4736000 23
4737000 23
4738000 23
4739000 23
4740000 23
4741000 23
4742000 23
4743000 23
4744000 23
4745000 23
4746000 23
4747000 23
4748000 23
4749000 23
4750000 23
4751000 23
4752000 23
4753000 23
4754000 23
4755000 23
4756000 23
4757000 23
4758000 23
4759000 23
4760000 23
4761000 23
4762000 23
4763000 23
4764000 23
4765000 23
4766000 23
4767000 23
4768000 23
4769000 23
4770000 23
4771000 23
4772000 23
4773000 23
4774000 23
4775000 23
4776000 23
4777000 23
4778000 23
4779000 23
4780000 23
4781000 23
4782000 23
4783000 23
4784000 23
4785000 23
4786000 23
4787000 23
4788000 23
4789000 23
4790000 23
4791000 23
4792000 23
4793000 23
4794000 23
4795000 23
4796000 23
4797000 23
4798000 23
4799000 23
4800000 23
4801000 23
4802000 23
4803000 23
4804000 23
4805000 23
4806000 23
4807000 23
4808000 23
4809000 23
4810000 23
4811000 23
4812000 23
4813000 23
4814000 23
4815000 23
4816000 23
4817000 23
4818000 23
4819000 23
4820000 23
4821000 23
4822000 23
4823000 23
4824000 23
4825000 23
4826000 23
4827000 23
4828000 23
4829000 23
4830000 23
4831000 23
4832000 23
4833000 23
4834000 23
4835000 23
4836000 23
4837000 23
4838000 23
4839000 23
4840000 23
4841000 23
4842000 23
4843000 23
4844000 23
4845000 23
4846000 23
4847000 23
4848000 23
4849000 23
4850000 23
4851000 23
4852000 23
4853000 23
4854000 23
4855000 23
4856000 23
4857000 23
4858000 23
4859000 23
4860000 23
4861000 23
4862000 23
4863000 23
4864000 23
4865000 23
4866000 23
4867000 23
4868000 23
4869000 23
4870000 23
4871000 23
4872000 23
4873000 23
4874000 23
4875000 23
4876000 23
4877000 23
4878000 23
4879000 23
4880000 23
4881000 23
4882000 23
4883000 23
4884000 23
4885000 23
4886000 23
4887000 23
4888000 23
4889000 23
4890000 23
4891000 23
4892000 23
4893000 23
4894000 23
4895000 23
4896000 23
4897000 23
4898000 23
4899000 23
4900000 23
4901000 23
4902000 23
4903000 23
4904000 23
4905000 23
4906000 23
4907000 23
4908000 23
4909000 23
4910000 23
4911000 23
4912000 23
4913000 23
4914000 23
4915000 23
4916000 23
4917000 23
4918000 23
4919000 23
4920000 23
4921000 23
4922000 23
4923000 23
4924000 23
4925000 23
4926000 23
4927000 23
4928000 23
4929000 23
4930000 23
4931000 23
4932000 23
4933000 23
4934000 23
4935000 23
4936000 23
4937000 23
4938000 23
4939000 23
4940000 23
4941000 23
4942000 23
4943000 23
4944000 23
4945000 23
4946000 23
4947000 23
4948000 23
4949000 23
4950000 23
4951000 23
4952000 23
4953000 23
4954000 23
4955000 23
4956000 23
4957000 23
4958000 23
4959000 23
4960000 23
4961000 23
4962000 23
4963000 23
4964000 23
4965000 23
4966000 23
4967000 23
4968000 23
4969000 23
4970000 23
4971000 23
4972000 23
4973000 23
4974000 23
4975000 23
4976000 23
4977000 23
4978000 23
4979000 23
4980000 23
4981000 23
4982000 23
4983000 23
4984000 23
4985000 23
4986000 23
4987000 23
4988000 23
4989000 23
4990000 23
4991000 23
4992000 23
4993000 23
4994000 23
4995000 23
4996000 23
4997000 23
4998000 23
4999000 23
5000000 23
