0 0
1000 0
2000 0
3000 0
4000 0
5000 0
6000 0
7000 0
8000 0
9000 0
10000 0
11000 0
12000 0
13000 0
14000 0
15000 0
16000 0
17000 0
18000 0
19000 0
20000 0
21000 0
22000 0
23000 0
24000 0
25000 0
26000 0
27000 0
28000 0
29000 0
30000 0
31000 0
32000 0
33000 0
34000 0
35000 0
36000 0
37000 0
38000 0
39000 0
40000 0
41000 0
42000 0
43000 0
44000 0
45000 1
46000 1
47000 1
48000 1
49000 1
50000 1
51000 1
52000 1
53000 1
54000 1
55000 1
56000 1
57000 1
58000 1
59000 1
60000 1
61000 1
62000 1
63000 1
64000 1
65000 1
66000 1
67000 1
68000 1
69000 1
70000 1
71000 1
72000 1
73000 1
74000 1
75000 1
76000 1
77000 1
78000 1
79000 1
80000 1
81000 1
82000 1
83000 1
84000 1
85000 2
86000 2
87000 2
88000 2
89000 2
90000 2
91000 2
92000 2
93000 2
94000 2
95000 2
96000 2
97000 2
98000 2
99000 2
100000 2
101000 2
102000 2
103000 2
104000 2
105000 2
106000 2
107000 3
108000 3
109000 3
110000 3
111000 3
112000 3
113000 3
114000 3
115000 3
116000 3
117000 3
118000 3
119000 3
120000 3
121000 3
122000 3
123000 3
124000 3
125000 3
126000 3
127000 3
128000 3
129000 4
130000 4
131000 4
132000 4
133000 4
134000 4
135000 4
136000 4
137000 4
138000 4
139000 4
140000 4
141000 4
142000 4
143000 4
144000 4
145000 4
146000 4
147000 4
148000 4
149000 4
150000 4
151000 4
152000 4
153000 4
154000 5
155000 5
156000 5
157000 5
158000 5
159000 5
160000 5
161000 5
162000 5
163000 5
164000 5
165000 5
166000 5
167000 5
168000 5
169000 5
170000 5
171000 5
172000 5
173000 5
174000 5
175000 5
176000 6
177000 6
178000 6
179000 6
180000 6
181000 6
182000 6
183000 6
184000 6
185000 6
186000 6
187000 6
188000 6
189000 6
190000 6
191000 6
192000 6
193000 6
194000 6
195000 6
196000 6
197000 6
198000 6
199000 6
200000 6
201000 6
202000 6
203000 7
204000 7
205000 7
206000 7
207000 7
208000 7
209000 7
210000 7
211000 7
212000 7
213000 7
214000 7
215000 7
216000 7
217000 7
218000 7
219000 7
220000 7
221000 8
222000 8
223000 8
224000 8
225000 8
226000 8
227000 8
228000 8
229000 8
230000 8
231000 8
232000 8
233000 8
234000 8
235000 8
236000 8
237000 8
238000 8
239000 8
240000 8
241000 8
242000 9
243000 9
244000 9
245000 9
246000 9
247000 9
248000 9
249000 9
250000 9
251000 9
252000 9
253000 9
254000 9
255000 9
256000 9
257000 9
258000 9
259000 9
260000 9
261000 9
262000 9
263000 9
264000 10
265000 10
266000 10
267000 10
268000 10
269000 10
270000 10
271000 10
272000 10
273000 10
274000 10
275000 10
276000 10
277000 10
278000 10
279000 10
280000 10
281000 10
282000 10
283000 10
284000 10
285000 10
286000 11
287000 11
288000 11
289000 11
290000 11
291000 11
292000 11
293000 11
294000 11
295000 11
296000 11
297000 11
298000 11
299000 11
300000 11
301000 11
302000 11
303000 11
304000 12
305000 12
306000 12
307000 12
308000 12
309000 12
310000 12
311000 12
312000 12
313000 12
314000 12
315000 12
316000 12
317000 12
318000 12
319000 12
320000 12
321000 12
322000 12
323000 12
324000 12
325000 12
326000 12
327000 12
328000 12
329000 13
330000 13
331000 13
332000 13
333000 13
334000 13
335000 13
336000 13
337000 13
338000 13
339000 13
340000 13
341000 13
342000 13
343000 13
344000 13
345000 13
346000 13
347000 13
348000 13
349000 14
350000 14
351000 14
352000 14
353000 14
354000 14
355000 14
356000 14
357000 14
358000 14
359000 14
360000 14
361000 14
362000 14
363000 14
364000 14
365000 14
366000 14
367000 14
368000 14
369000 14
370000 15
371000 15
372000 15
373000 15
374000 15
375000 15
376000 15
377000 15
378000 15
379000 15
380000 15
381000 15
382000 15
383000 15
384000 15
385000 15
386000 15
387000 15
388000 15
389000 15
390000 15
391000 15
392000 15
393000 16
394000 16
395000 16
396000 16
397000 16
398000 16
399000 16
400000 16
401000 16
402000 16
403000 16
404000 16
405000 16
406000 16
407000 16
408000 16
409000 16
410000 16
411000 16
412000 16
413000 16
414000 16
415000 16
416000 16
417000 16
418000 16
419000 16
420000 17
421000 17
422000 17
423000 17
424000 17
425000 17
426000 17
427000 17
428000 17
429000 17
430000 17
431000 17
432000 17
433000 17
434000 17
435000 17
436000 17
437000 17
438000 17
439000 17
440000 17
441000 17
442000 17
443000 17
444000 17
445000 17
446000 17
447000 17
448000 17
449000 17
450000 18
451000 18
452000 18
453000 18
454000 18
455000 18
456000 18
457000 18
458000 18
459000 18
460000 18
461000 18
462000 18
463000 18
464000 18
465000 18
466000 18
467000 18
468000 18
469000 19
470000 19
471000 19
472000 19
473000 19
474000 19
475000 19
476000 19
477000 19
478000 19
479000 19
480000 19
481000 19
482000 19
483000 19
484000 19
485000 19
486000 20
487000 20
488000 20
489000 20
490000 20
491000 20
492000 20
493000 20
494000 20
495000 20
496000 20
497000 20
498000 20
499000 20
500000 20
501000 20
502000 20
503000 20
504000 20
505000 20
506000 20
507000 20
508000 20
509000 20
510000 21
511000 21
512000 21
513000 21
514000 21
515000 21
516000 21
517000 21
518000 21
519000 21
520000 21
521000 21
522000 21
523000 21
524000 21
525000 21
526000 21
527000 21
528000 21
529000 21
530000 21
531000 21
532000 22
533000 22
534000 22
535000 22
536000 22
537000 22
538000 22
539000 22
540000 22
541000 22
542000 22
543000 22
544000 22
545000 22
546000 22
547000 22
548000 22
549000 23
550000 23
551000 23
552000 23
553000 23
554000 23
555000 23
556000 23
557000 23
558000 23
559000 23
560000 23
561000 23
562000 23
563000 23
564000 23
565000 23
566000 23
567000 23
568000 23
569000 23
570000 23
571000 23
572000 24
573000 24
574000 24
575000 24
576000 24
577000 24
578000 24
579000 24
580000 24
581000 24
582000 24
583000 24
584000 24
585000 24
586000 24
587000 24
588000 24
589000 24
590000 24
591000 24
592000 24
593000 24
594000 24
595000 25
596000 25
597000 25
598000 25
599000 25
600000 25
601000 25
602000 25
603000 25
604000 25
605000 25
606000 25
607000 25
608000 25
609000 25
610000 25
611000 25
612000 25
613000 25
614000 25
615000 26
616000 26
617000 26
618000 26
619000 26
620000 26
621000 26
622000 26
623000 26
624000 26
625000 26
626000 26
627000 26
628000 26
629000 26
630000 26
631000 26
632000 26
633000 26
634000 27
635000 27
636000 27
637000 27
638000 27
639000 27
640000 27
641000 27
642000 27
643000 27
644000 27
645000 27
646000 27
647000 27
648000 27
649000 27
650000 27
651000 27
652000 27
653000 28
654000 28
655000 28
656000 28
657000 28
658000 28
659000 28
660000 28
661000 28
662000 28
663000 28
664000 28
665000 28
666000 28
667000 28
668000 28
669000 28
670000 28
671000 29
672000 29
673000 29
674000 29
675000 29
676000 29
677000 29
678000 29
679000 29
680000 29
681000 29
682000 29
683000 29
684000 29
685000 29
686000 29
687000 30
688000 30
689000 30
690000 30
691000 30
692000 30
693000 30
694000 30
695000 30
696000 30
697000 30
698000 30
699000 30
700000 30
701000 30
702000 30
703000 30
704000 30
705000 30
706000 30
707000 31
708000 31
709000 31
710000 31
711000 31
712000 31
713000 31
714000 31
715000 31
716000 31
717000 31
718000 31
719000 31
720000 31
721000 31
722000 31
723000 31
724000 31
725000 31
726000 31
727000 31
728000 31
729000 32
730000 32
731000 32
732000 32
733000 32
734000 32
735000 32
736000 32
737000 32
738000 32
739000 32
740000 32
741000 32
742000 32
743000 32
744000 32
745000 33
746000 33
747000 33
748000 33
749000 33
750000 33
751000 33
752000 33
753000 33
754000 33
755000 33
756000 33
757000 33
758000 33
759000 33
760000 33
761000 33
762000 33
763000 33
764000 33
765000 34
766000 34
767000 34
768000 34
769000 34
770000 34
771000 34
772000 34
773000 34
774000 34
775000 34
776000 34
777000 34
778000 34
779000 34
780000 34
781000 34
782000 35
783000 35
784000 35
785000 35
786000 35
787000 35
788000 35
789000 35
790000 35
791000 35
792000 35
793000 35
794000 35
795000 35
796000 35
797000 35
798000 35
799000 35
800000 36
801000 36
802000 36
803000 36
804000 36
805000 36
806000 36
807000 36
808000 36
809000 36
810000 36
811000 36
812000 36
813000 36
814000 36
815000 36
816000 36
817000 36
818000 37
819000 37
820000 37
821000 37
822000 37
823000 37
824000 37
825000 37
826000 37
827000 37
828000 37
829000 37
830000 37
831000 37
832000 37
833000 37
834000 37
835000 37
836000 37
837000 37
838000 37
839000 37
840000 37
841000 38
842000 38
843000 38
844000 38
845000 38
846000 38
847000 38
848000 38
849000 38
850000 38
851000 38
852000 38
853000 38
854000 38
855000 38
856000 38
857000 38
858000 38
859000 38
860000 38
861000 38
862000 38
863000 38
864000 38
865000 39
866000 39
867000 39
868000 39
869000 39
870000 39
871000 39
872000 39
873000 39
874000 39
875000 39
876000 39
877000 39
878000 39
879000 39
880000 39
881000 39
882000 39
883000 39
884000 39
885000 40
886000 40
887000 40
888000 40
889000 40
890000 40
891000 40
892000 40
893000 40
894000 40
895000 40
896000 40
897000 40
898000 40
899000 40
900000 40
901000 40
902000 40
903000 40
904000 41
905000 41
906000 41
907000 41
908000 41
909000 41
910000 41
911000 41
912000 41
913000 41
914000 41
915000 41
916000 41
917000 41
918000 41
919000 41
920000 42
921000 42
922000 42
923000 42
924000 42
925000 42
926000 42
927000 42
928000 42
929000 42
930000 42
931000 42
932000 42
933000 42
934000 42
935000 42
936000 43
937000 43
938000 43
939000 43
940000 43
941000 43
942000 43
943000 43
944000 43
945000 43
946000 43
947000 43
948000 43
949000 43
950000 43
951000 43
952000 44
953000 44
954000 44
955000 44
956000 44
957000 44
958000 44
959000 44
960000 44
961000 44
962000 44
963000 44
964000 44
965000 44
966000 44
967000 44
968000 44
969000 44
970000 44
971000 44
972000 45
973000 45
974000 45
975000 45
976000 45
977000 45
978000 45
979000 45
980000 45
981000 45
982000 45
983000 45
984000 45
985000 45
986000 45
987000 45
988000 46
989000 46
990000 46
991000 46
992000 46
993000 46
994000 46
995000 46
996000 46
997000 46
998000 46
999000 46
1000000 46
1001000 46
1002000 46
1003000 46
1004000 46
1005000 47
1006000 47
1007000 47
1008000 47
1009000 47
1010000 47
1011000 47
1012000 47
1013000 47
1014000 47
1015000 47
1016000 47
1017000 47
1018000 47
1019000 47
1020000 47
1021000 47
1022000 47
1023000 48
1024000 48
1025000 48
1026000 48
1027000 48
1028000 48
1029000 48
1030000 48
1031000 48
1032000 48
1033000 48
1034000 48
1035000 48
1036000 48
1037000 48
1038000 48
1039000 48
1040000 48
1041000 49
1042000 49
1043000 49
1044000 49
1045000 49
1046000 49
1047000 49
1048000 49
1049000 49
1050000 49
1051000 49
1052000 49
1053000 49
1054000 49
1055000 49
1056000 49
1057000 49
1058000 49
1059000 49
1060000 49
1061000 49
1062000 49
1063000 49
1064000 49
1065000 49
1066000 49
1067000 49
1068000 49
1069000 49
1070000 49
1071000 49
1072000 50
1073000 50
1074000 50
1075000 50
1076000 50
1077000 50
1078000 50
1079000 50
1080000 50
1081000 50
1082000 50
1083000 50
1084000 50
1085000 50
1086000 50
1087000 50
1088000 50
1089000 50
1090000 50
1091000 50
1092000 50
1093000 50
1094000 50
1095000 50
1096000 51
1097000 51
1098000 51
1099000 51
1100000 51
1101000 51
1102000 51
1103000 51
1104000 51
1105000 51
1106000 51
1107000 51
1108000 51
1109000 51
1110000 51
1111000 51
1112000 51
1113000 51
1114000 51
1115000 51
1116000 51
1117000 51
1118000 51
1119000 51
1120000 51
1121000 52
1122000 52
1123000 52
1124000 52
1125000 52
1126000 52
1127000 52
1128000 52
1129000 52
1130000 52
1131000 52
1132000 52
1133000 52
1134000 52
1135000 52
1136000 52
1137000 52
1138000 52
1139000 52
1140000 52
1141000 52
1142000 52
1143000 52
1144000 52
1145000 52
1146000 52
1147000 52
1148000 52
1149000 52
1150000 52
1151000 52
1152000 52
1153000 52
1154000 52
1155000 52
1156000 52
1157000 52
1158000 52
1159000 52
1160000 53
1161000 53
1162000 53
1163000 53
1164000 53
1165000 53
1166000 53
1167000 53
1168000 53
1169000 53
1170000 53
1171000 53
1172000 53
1173000 53
1174000 53
1175000 53
1176000 53
1177000 53
1178000 53
1179000 53
1180000 53
1181000 53
1182000 53
1183000 53
1184000 53
1185000 54
1186000 54
1187000 54
1188000 54
1189000 54
1190000 54
1191000 54
1192000 54
1193000 54
1194000 54
1195000 54
1196000 54
1197000 54
1198000 54
1199000 54
1200000 54
1201000 54
1202000 54
1203000 54
1204000 54
1205000 54
1206000 54
1207000 54
1208000 54
1209000 54
1210000 54
1211000 54
1212000 54
1213000 54
1214000 55
1215000 55
1216000 55
1217000 55
1218000 55
1219000 55
1220000 55
1221000 55
1222000 55
1223000 55
1224000 55
1225000 55
1226000 55
1227000 55
1228000 55
1229000 55
1230000 55
1231000 55
1232000 55
1233000 55
1234000 55
1235000 55
1236000 55
1237000 55
1238000 55
1239000 55
1240000 56
1241000 56
1242000 56
1243000 56
1244000 56
1245000 56
1246000 56
1247000 56
1248000 56
1249000 56
1250000 56
1251000 56
1252000 56
1253000 56
1254000 56
1255000 56
1256000 56
1257000 56
1258000 56
1259000 56
1260000 56
1261000 56
1262000 56
1263000 56
1264000 56
1265000 56
1266000 56
1267000 56
1268000 56
1269000 56
1270000 56
1271000 56
1272000 56
1273000 56
1274000 56
1275000 56
1276000 56
1277000 56
1278000 56
1279000 57
1280000 57
1281000 57
1282000 57
1283000 57
1284000 57
1285000 57
1286000 57
1287000 57
1288000 57
1289000 57
1290000 57
1291000 57
1292000 57
1293000 57
1294000 57
1295000 57
1296000 57
1297000 57
1298000 57
1299000 57
1300000 57
1301000 57
1302000 57
1303000 57
1304000 57
1305000 57
1306000 57
1307000 57
1308000 57
1309000 57
1310000 58
1311000 58
1312000 58
1313000 58
1314000 58
1315000 58
1316000 58
1317000 58
1318000 58
1319000 58
1320000 58
1321000 58
1322000 58
1323000 58
1324000 58
1325000 58
1326000 58
1327000 58
1328000 58
1329000 58
1330000 58
1331000 58
1332000 58
1333000 58
1334000 58
1335000 58
1336000 58
1337000 58
1338000 58
1339000 58
1340000 58
1341000 58
1342000 58
1343000 58
1344000 58
1345000 58
1346000 59
1347000 59
1348000 59
1349000 59
1350000 59
1351000 59
1352000 59
1353000 59
1354000 59
1355000 59
1356000 59
1357000 59
1358000 59
1359000 59
1360000 59
1361000 59
1362000 59
1363000 59
1364000 59
1365000 59
1366000 59
1367000 59
1368000 59
1369000 59
1370000 59
1371000 59
1372000 59
1373000 59
1374000 60
1375000 60
1376000 60
1377000 60
1378000 60
1379000 60
1380000 60
1381000 60
1382000 60
1383000 60
1384000 60
1385000 60
1386000 60
1387000 60
1388000 60
1389000 60
1390000 60
1391000 60
1392000 60
1393000 60
1394000 60
1395000 60
1396000 60
1397000 60
1398000 60
1399000 61
1400000 61
1401000 61
1402000 61
1403000 61
1404000 61
1405000 61
1406000 61
1407000 61
1408000 61
1409000 61
1410000 61
1411000 61
1412000 61
1413000 61
1414000 61
1415000 61
1416000 61
1417000 61
1418000 61
1419000 61
1420000 61
1421000 61
1422000 61
1423000 61
1424000 61
1425000 61
1426000 61
1427000 61
1428000 62
1429000 62
1430000 62
1431000 62
1432000 62
1433000 62
1434000 62
1435000 62
1436000 62
1437000 62
1438000 62
1439000 62
1440000 62
1441000 62
1442000 62
1443000 62
1444000 62
1445000 62
1446000 62
1447000 62
1448000 62
1449000 62
1450000 62
1451000 62
1452000 62
1453000 62
1454000 63
1455000 63
1456000 63
1457000 63
1458000 63
1459000 63
1460000 63
1461000 63
1462000 63
1463000 63
1464000 63
1465000 63
1466000 63
1467000 63
1468000 63
1469000 63
1470000 63
1471000 63
1472000 63
1473000 63
1474000 63
1475000 63
1476000 63
1477000 63
1478000 63
1479000 63
1480000 63
1481000 63
1482000 64
1483000 64
1484000 64
1485000 64
1486000 64
1487000 64
1488000 64
1489000 64
1490000 64
1491000 64
1492000 64
1493000 64
1494000 64
1495000 64
1496000 64
1497000 64
1498000 64
1499000 64
1500000 64
1501000 65
1502000 65
1503000 65
1504000 65
1505000 65
1506000 65
1507000 65
1508000 65
1509000 65
1510000 65
1511000 65
1512000 65
1513000 65
1514000 65
1515000 65
1516000 65
1517000 65
1518000 65
1519000 65
1520000 65
1521000 65
1522000 65
1523000 66
1524000 66
1525000 66
1526000 66
1527000 66
1528000 66
1529000 66
1530000 66
1531000 66
1532000 66
1533000 66
1534000 66
1535000 66
1536000 66
1537000 66
1538000 66
1539000 66
1540000 67
1541000 67
1542000 67
1543000 67
1544000 67
1545000 67
1546000 67
1547000 67
1548000 67
1549000 67
1550000 67
1551000 67
1552000 67
1553000 67
1554000 67
1555000 67
1556000 67
1557000 67
1558000 67
1559000 68
1560000 68
1561000 68
1562000 68
1563000 68
1564000 68
1565000 68
1566000 68
1567000 68
1568000 68
1569000 68
1570000 68
1571000 68
1572000 68
1573000 68
1574000 68
1575000 68
1576000 68
1577000 68
1578000 68
1579000 68
1580000 68
1581000 68
1582000 68
1583000 69
1584000 69
1585000 69
1586000 69
1587000 69
1588000 69
1589000 69
1590000 69
1591000 69
1592000 69
1593000 69
1594000 69
1595000 69
1596000 69
1597000 69
1598000 69
1599000 69
1600000 69
1601000 69
1602000 69
1603000 69
1604000 70
1605000 70
1606000 70
1607000 70
1608000 70
1609000 70
1610000 70
1611000 70
1612000 70
1613000 70
1614000 70
1615000 70
1616000 70
1617000 70
1618000 70
1619000 70
1620000 70
1621000 70
1622000 70
1623000 70
1624000 70
1625000 71
1626000 71
1627000 71
1628000 71
1629000 71
1630000 71
1631000 71
1632000 71
1633000 71
1634000 71
1635000 71
1636000 71
1637000 71
1638000 71
1639000 71
1640000 71
1641000 71
1642000 71
1643000 71
1644000 71
1645000 71
1646000 71
1647000 71
1648000 71
1649000 71
1650000 71
1651000 71
1652000 71
1653000 71
1654000 71
1655000 71
1656000 71
1657000 71
1658000 71
1659000 71
1660000 71
1661000 71
1662000 71
1663000 71
1664000 71
1665000 71
1666000 71
1667000 71
1668000 71
1669000 71
1670000 71
1671000 72
1672000 72
1673000 72
1674000 72
1675000 72
1676000 72
1677000 72
1678000 72
1679000 72
1680000 72
1681000 72
1682000 72
1683000 72
1684000 72
1685000 72
1686000 72
1687000 72
1688000 72
1689000 72
1690000 72
1691000 72
1692000 72
1693000 72
1694000 72
1695000 72
1696000 73
1697000 73
1698000 73
1699000 73
1700000 73
1701000 73
1702000 73
1703000 73
1704000 73
1705000 73
1706000 73
1707000 73
1708000 73
1709000 73
1710000 73
1711000 73
1712000 73
1713000 73
1714000 73
1715000 73
1716000 73
1717000 73
1718000 73
1719000 73
1720000 73
1721000 73
1722000 73
1723000 74
1724000 74
1725000 74
1726000 74
1727000 74
1728000 74
1729000 74
1730000 74
1731000 74
1732000 74
1733000 74
1734000 74
1735000 74
1736000 74
1737000 74
1738000 74
1739000 74
1740000 74
1741000 74
1742000 74
1743000 74
1744000 74
1745000 74
1746000 74
1747000 74
1748000 74
1749000 74
1750000 75
1751000 75
1752000 75
1753000 75
1754000 75
1755000 75
1756000 75
1757000 75
1758000 75
1759000 75
1760000 75
1761000 75
1762000 75
1763000 75
1764000 75
1765000 75
1766000 75
1767000 75
1768000 75
1769000 75
1770000 75
1771000 75
1772000 75
1773000 76
1774000 76
1775000 76
1776000 76
1777000 76
1778000 76
1779000 76
1780000 76
1781000 76
1782000 76
1783000 76
1784000 76
1785000 76
1786000 76
1787000 76
1788000 76
1789000 76
1790000 76
1791000 77
1792000 77
1793000 77
1794000 77
1795000 77
1796000 77
1797000 77
1798000 77
1799000 77
1800000 77
1801000 77
1802000 77
1803000 77
1804000 77
1805000 77
1806000 77
1807000 77
1808000 77
1809000 77
1810000 77
1811000 77
1812000 77
1813000 77
1814000 77
1815000 78
1816000 78
1817000 78
1818000 78
1819000 78
1820000 78
1821000 78
1822000 78
1823000 78
1824000 78
1825000 78
1826000 78
1827000 78
1828000 78
1829000 78
1830000 78
1831000 78
1832000 78
1833000 78
1834000 78
1835000 78
1836000 78
1837000 79
1838000 79
1839000 79
1840000 79
1841000 79
1842000 79
1843000 79
1844000 79
1845000 79
1846000 79
1847000 79
1848000 79
1849000 79
1850000 79
1851000 79
1852000 79
1853000 79
1854000 79
1855000 79
1856000 79
1857000 79
1858000 79
1859000 79
1860000 79
1861000 79
1862000 79
1863000 80
1864000 80
1865000 80
1866000 80
1867000 80
1868000 80
1869000 80
1870000 80
1871000 80
1872000 80
1873000 80
1874000 80
1875000 80
1876000 80
1877000 80
1878000 80
1879000 80
1880000 80
1881000 80
1882000 80
1883000 81
1884000 81
1885000 81
1886000 81
1887000 81
1888000 81
1889000 81
1890000 81
1891000 81
1892000 81
1893000 81
1894000 81
1895000 81
1896000 81
1897000 81
1898000 81
1899000 81
1900000 81
1901000 81
1902000 82
1903000 82
1904000 82
1905000 82
1906000 82
1907000 82
1908000 82
1909000 82
1910000 82
1911000 82
1912000 82
1913000 82
1914000 82
1915000 82
1916000 82
1917000 82
1918000 82
1919000 82
1920000 82
1921000 82
1922000 82
1923000 82
1924000 82
1925000 82
1926000 82
1927000 82
1928000 83
1929000 83
1930000 83
1931000 83
1932000 83
1933000 83
1934000 83
1935000 83
1936000 83
1937000 83
1938000 83
1939000 83
1940000 83
1941000 83
1942000 83
1943000 83
1944000 83
1945000 83
1946000 83
1947000 83
1948000 83
1949000 83
1950000 83
1951000 83
1952000 83
1953000 83
1954000 83
1955000 84
1956000 84
1957000 84
1958000 84
1959000 84
1960000 84
1961000 84
1962000 84
1963000 84
1964000 84
1965000 84
1966000 84
1967000 84
1968000 84
1969000 84
1970000 84
1971000 84
1972000 84
1973000 84
1974000 84
1975000 84
1976000 84
1977000 84
1978000 84
1979000 84
1980000 84
1981000 84
1982000 84
1983000 84
1984000 84
1985000 84
1986000 84
1987000 84
1988000 84
1989000 84
1990000 84
1991000 84
1992000 84
1993000 84
1994000 84
1995000 84
1996000 84
1997000 84
1998000 84
1999000 84
2000000 84
2001000 84
2002000 84
2003000 84
2004000 84
2005000 84
2006000 84
2007000 84
2008000 84
2009000 84
2010000 84
2011000 84
2012000 84
2013000 84
2014000 84
2015000 84
2016000 84
2017000 84
2018000 84
2019000 84
2020000 84
2021000 84
2022000 84
2023000 84
2024000 84
2025000 84
2026000 84
2027000 84
2028000 84
2029000 84
2030000 84
2031000 84
2032000 84
2033000 84
2034000 84
2035000 84
2036000 84
2037000 84
2038000 84
2039000 84
2040000 84
2041000 84
2042000 84
2043000 84
2044000 84
2045000 84
2046000 84
2047000 84
2048000 84
2049000 84
2050000 84
2051000 84
2052000 84
2053000 84
2054000 84
2055000 84
2056000 84
2057000 84
2058000 84
2059000 84
2060000 84
2061000 84
2062000 84
2063000 84
2064000 84
2065000 84
2066000 84
2067000 84
2068000 84
2069000 84
2070000 84
2071000 84
2072000 84
2073000 84
2074000 84
2075000 84
2076000 84
2077000 84
2078000 84
2079000 84
2080000 84
2081000 84
2082000 84
2083000 84
2084000 84
2085000 84
2086000 84
2087000 84
2088000 84
2089000 84
2090000 84
2091000 84
2092000 84
2093000 84
2094000 84
2095000 84
2096000 84
2097000 84
2098000 84
2099000 84
2100000 84
2101000 84
2102000 84
2103000 84
2104000 84
2105000 84
2106000 84
2107000 84
2108000 84
2109000 84
2110000 84
2111000 84
2112000 84
2113000 84
2114000 84
2115000 84
2116000 84
2117000 84
2118000 84
2119000 84
2120000 84
2121000 84
2122000 84
2123000 84
2124000 84
2125000 84
2126000 84
2127000 84
2128000 84
2129000 84
2130000 84
2131000 84
2132000 84
2133000 84
2134000 84
2135000 84
2136000 85
2137000 85
2138000 85
2139000 85
2140000 85
2141000 85
2142000 85
2143000 85
2144000 85
2145000 85
2146000 85
2147000 85
2148000 85
2149000 85
2150000 85
2151000 85
2152000 85
2153000 85
2154000 85
2155000 85
2156000 85
2157000 85
2158000 85
2159000 85
2160000 85
2161000 85
2162000 85
2163000 85
2164000 86
2165000 86
2166000 86
2167000 86
2168000 86
2169000 86
2170000 86
2171000 86
2172000 86
2173000 86
2174000 86
2175000 86
2176000 86
2177000 86
2178000 86
2179000 86
2180000 86
2181000 86
2182000 86
2183000 86
2184000 86
2185000 87
2186000 87
2187000 87
2188000 87
2189000 87
2190000 87
2191000 87
2192000 87
2193000 87
2194000 87
2195000 87
2196000 87
2197000 87
2198000 87
2199000 87
2200000 87
2201000 87
2202000 87
2203000 87
2204000 87
2205000 87
2206000 87
2207000 87
2208000 87
2209000 87
2210000 87
2211000 87
2212000 87
2213000 87
2214000 88
2215000 88
2216000 88
2217000 88
2218000 88
2219000 88
2220000 88
2221000 88
2222000 88
2223000 88
2224000 88
2225000 88
2226000 88
2227000 88
2228000 88
2229000 88
2230000 88
2231000 88
2232000 88
2233000 88
2234000 89
2235000 89
2236000 89
2237000 89
2238000 89
2239000 89
2240000 89
2241000 89
2242000 89
2243000 89
2244000 89
2245000 89
2246000 89
2247000 89
2248000 89
2249000 89
2250000 89
2251000 89
2252000 89
2253000 89
2254000 89
2255000 90
2256000 90
2257000 90
2258000 90
2259000 90
2260000 90
2261000 90
2262000 90
2263000 90
2264000 90
2265000 90
2266000 90
2267000 90
2268000 90
2269000 90
2270000 90
2271000 90
2272000 90
2273000 90
2274000 90
2275000 90
2276000 91
2277000 91
2278000 91
2279000 91
2280000 91
2281000 91
2282000 91
2283000 91
2284000 91
2285000 91
2286000 91
2287000 91
2288000 91
2289000 91
2290000 91
2291000 91
2292000 91
2293000 91
2294000 91
2295000 91
2296000 91
2297000 92
2298000 92
2299000 92
2300000 92
2301000 92
2302000 92
2303000 92
2304000 92
2305000 92
2306000 92
2307000 92
2308000 92
2309000 92
2310000 92
2311000 92
2312000 92
2313000 92
2314000 93
2315000 93
2316000 93
2317000 93
2318000 93
2319000 93
2320000 93
2321000 93
2322000 93
2323000 93
2324000 93
2325000 93
2326000 93
2327000 93
2328000 93
2329000 93
2330000 93
2331000 93
2332000 93
2333000 94
2334000 94
2335000 94
2336000 94
2337000 94
2338000 94
2339000 94
2340000 94
2341000 94
2342000 94
2343000 94
2344000 94
2345000 94
2346000 94
2347000 94
2348000 94
2349000 94
2350000 94
2351000 94
2352000 94
2353000 94
2354000 94
2355000 94
2356000 94
2357000 95
2358000 95
2359000 95
2360000 95
2361000 95
2362000 95
2363000 95
2364000 95
2365000 95
2366000 95
2367000 95
2368000 95
2369000 95
2370000 95
2371000 95
2372000 95
2373000 95
2374000 95
2375000 95
2376000 95
2377000 96
2378000 96
2379000 96
2380000 96
2381000 96
2382000 96
2383000 96
2384000 96
2385000 96
2386000 96
2387000 96
2388000 96
2389000 96
2390000 96
2391000 96
2392000 96
2393000 96
2394000 96
2395000 96
2396000 96
2397000 96
2398000 97
2399000 97
2400000 97
2401000 97
2402000 97
2403000 97
2404000 97
2405000 97
2406000 97
2407000 97
2408000 97
2409000 97
2410000 97
2411000 97
2412000 97
2413000 97
2414000 97
2415000 97
2416000 97
2417000 97
2418000 98
2419000 98
2420000 98
2421000 98
2422000 98
2423000 98
2424000 98
2425000 98
2426000 98
2427000 98
2428000 98
2429000 98
2430000 98
2431000 98
2432000 98
2433000 98
2434000 98
2435000 98
2436000 99
2437000 99
2438000 99
2439000 99
2440000 99
2441000 99
2442000 99
2443000 99
2444000 99
2445000 99
2446000 99
2447000 99
2448000 99
2449000 99
2450000 99
2451000 99
2452000 99
2453000 99
2454000 99
2455000 99
2456000 99
2457000 99
2458000 100
2459000 100
2460000 100
2461000 100
2462000 100
2463000 100
2464000 100
2465000 100
2466000 100
2467000 100
2468000 100
2469000 100
2470000 100
2471000 100
2472000 100
2473000 100
2474000 100
2475000 100
2476000 100
2477000 101
2478000 101
2479000 101
2480000 101
2481000 101
2482000 101
2483000 101
2484000 101
2485000 101
2486000 101
2487000 101
2488000 101
2489000 101
2490000 101
2491000 101
2492000 101
2493000 101
2494000 101
2495000 101
2496000 101
2497000 101
2498000 102
2499000 102
2500000 102
2501000 102
2502000 102
2503000 102
2504000 102
2505000 102
2506000 102
2507000 102
2508000 102
2509000 102
2510000 102
2511000 102
2512000 102
2513000 102
2514000 102
2515000 102
2516000 102
2517000 102
2518000 102
2519000 102
2520000 102
2521000 102
2522000 102
2523000 102
2524000 102
2525000 102
2526000 102
2527000 102
2528000 103
2529000 103
2530000 103
2531000 103
2532000 103
2533000 103
2534000 103
2535000 103
2536000 103
2537000 103
2538000 103
2539000 103
2540000 103
2541000 103
2542000 103
2543000 103
2544000 103
2545000 103
2546000 103
2547000 103
2548000 103
2549000 103
2550000 103
2551000 103
2552000 104
2553000 104
2554000 104
2555000 104
2556000 104
2557000 104
2558000 104
2559000 104
2560000 104
2561000 104
2562000 104
2563000 104
2564000 104
2565000 104
2566000 104
2567000 104
2568000 104
2569000 104
2570000 104
2571000 104
2572000 104
2573000 104
2574000 104
2575000 105
2576000 105
2577000 105
2578000 105
2579000 105
2580000 105
2581000 105
2582000 105
2583000 105
2584000 105
2585000 105
2586000 105
2587000 105
2588000 105
2589000 105
2590000 105
2591000 105
2592000 105
2593000 105
2594000 105
2595000 105
2596000 106
2597000 106
2598000 106
2599000 106
2600000 106
2601000 106
2602000 106
2603000 106
2604000 106
2605000 106
2606000 106
2607000 106
2608000 106
2609000 106
2610000 106
2611000 106
2612000 106
2613000 106
2614000 106
2615000 106
2616000 107
2617000 107
2618000 107
2619000 107
2620000 107
2621000 107
2622000 107
2623000 107
2624000 107
2625000 107
2626000 107
2627000 107
2628000 107
2629000 107
2630000 107
2631000 107
2632000 107
2633000 107
2634000 107
2635000 107
2636000 108
2637000 108
2638000 108
2639000 108
2640000 108
2641000 108
2642000 108
2643000 108
2644000 108
2645000 108
2646000 108
2647000 108
2648000 108
2649000 108
2650000 108
2651000 108
2652000 108
2653000 108
2654000 108
2655000 108
2656000 108
2657000 108
2658000 108
2659000 109
2660000 109
2661000 109
2662000 109
2663000 109
2664000 109
2665000 109
2666000 109
2667000 109
2668000 109
2669000 109
2670000 109
2671000 109
2672000 109
2673000 109
2674000 109
2675000 109
2676000 109
2677000 109
2678000 109
2679000 110
2680000 110
2681000 110
2682000 110
2683000 110
2684000 110
2685000 110
2686000 110
2687000 110
2688000 110
2689000 110
2690000 110
2691000 110
2692000 110
2693000 110
2694000 110
2695000 110
2696000 110
2697000 110
2698000 110
2699000 111
2700000 111
2701000 111
2702000 111
2703000 111
2704000 111
2705000 111
2706000 111
2707000 111
2708000 111
2709000 111
2710000 111
2711000 111
2712000 111
2713000 111
2714000 111
2715000 112
2716000 112
2717000 112
2718000 112
2719000 112
2720000 112
2721000 112
2722000 112
2723000 112
2724000 112
2725000 112
2726000 112
2727000 112
2728000 112
2729000 112
2730000 112
2731000 112
2732000 112
2733000 113
2734000 113
2735000 113
2736000 113
2737000 113
2738000 113
2739000 113
2740000 113
2741000 113
2742000 113
2743000 113
2744000 113
2745000 113
2746000 113
2747000 113
2748000 113
2749000 113
2750000 113
2751000 113
2752000 113
2753000 113
2754000 114
2755000 114
2756000 114
2757000 114
2758000 114
2759000 114
2760000 114
2761000 114
2762000 114
2763000 114
2764000 114
2765000 114
2766000 114
2767000 114
2768000 114
2769000 114
2770000 114
2771000 114
2772000 114
2773000 114
2774000 114
2775000 115
2776000 115
2777000 115
2778000 115
2779000 115
2780000 115
2781000 115
2782000 115
2783000 115
2784000 115
2785000 115
2786000 115
2787000 115
2788000 115
2789000 115
2790000 115
2791000 116
2792000 116
2793000 116
2794000 116
2795000 116
2796000 116
2797000 116
2798000 116
2799000 116
2800000 116
2801000 116
2802000 116
2803000 116
2804000 116
2805000 116
2806000 116
2807000 116
2808000 116
2809000 117
2810000 117
2811000 117
2812000 117
2813000 117
2814000 117
2815000 117
2816000 117
2817000 117
2818000 117
2819000 117
2820000 117
2821000 117
2822000 117
2823000 117
2824000 117
2825000 117
2826000 117
2827000 118
2828000 118
2829000 118
2830000 118
2831000 118
2832000 118
2833000 118
2834000 118
2835000 118
2836000 118
2837000 118
2838000 118
2839000 118
2840000 118
2841000 118
2842000 118
2843000 118
2844000 118
2845000 118
2846000 118
2847000 118
2848000 118
2849000 119
2850000 119
2851000 119
2852000 119
2853000 119
2854000 119
2855000 119
2856000 119
2857000 119
2858000 119
2859000 119
2860000 119
2861000 119
2862000 119
2863000 119
2864000 119
2865000 119
2866000 119
2867000 119
2868000 119
2869000 119
2870000 119
2871000 119
2872000 119
2873000 119
2874000 119
2875000 119
2876000 120
2877000 120
2878000 120
2879000 120
2880000 120
2881000 120
2882000 120
2883000 120
2884000 120
2885000 120
2886000 120
2887000 120
2888000 120
2889000 120
2890000 120
2891000 120
2892000 120
2893000 120
2894000 120
2895000 120
2896000 120
2897000 120
2898000 121
2899000 121
2900000 121
2901000 121
2902000 121
2903000 121
2904000 121
2905000 121
2906000 121
2907000 121
2908000 121
2909000 121
2910000 121
2911000 121
2912000 121
2913000 121
2914000 121
2915000 121
2916000 121
2917000 121
2918000 121
2919000 122
2920000 122
2921000 122
2922000 122
2923000 122
2924000 122
2925000 122
2926000 122
2927000 122
2928000 122
2929000 122
2930000 122
2931000 122
2932000 122
2933000 122
2934000 122
2935000 122
2936000 122
2937000 122
2938000 122
2939000 122
2940000 122
2941000 122
2942000 122
2943000 122
2944000 122
2945000 123
2946000 123
2947000 123
2948000 123
2949000 123
2950000 123
2951000 123
2952000 123
2953000 123
2954000 123
2955000 123
2956000 123
2957000 123
2958000 123
2959000 123
2960000 123
2961000 123
2962000 123
2963000 124
2964000 124
2965000 124
2966000 124
2967000 124
2968000 124
2969000 124
2970000 124
2971000 124
2972000 124
2973000 124
2974000 124
2975000 124
2976000 124
2977000 124
2978000 124
2979000 124
2980000 124
2981000 124
2982000 124
2983000 124
2984000 124
2985000 124
2986000 124
2987000 124
2988000 125
2989000 125
2990000 125
2991000 125
2992000 125
2993000 125
2994000 125
2995000 125
2996000 125
2997000 125
2998000 125
2999000 125
3000000 125
3001000 125
3002000 125
3003000 125
3004000 125
3005000 125
3006000 125
3007000 125
3008000 125
3009000 125
3010000 125
3011000 125
3012000 126
3013000 126
3014000 126
3015000 126
3016000 126
3017000 126
3018000 126
3019000 126
3020000 126
3021000 126
3022000 126
3023000 126
3024000 126
3025000 126
3026000 126
3027000 126
3028000 126
3029000 126
3030000 126
3031000 126
3032000 126
3033000 126
3034000 126
3035000 126
3036000 126
3037000 126
3038000 126
3039000 126
3040000 126
3041000 126
3042000 126
3043000 126
3044000 126
3045000 126
3046000 126
3047000 126
3048000 126
3049000 126
3050000 126
3051000 126
3052000 126
3053000 126
3054000 126
3055000 126
3056000 126
3057000 126
3058000 126
3059000 126
3060000 126
3061000 126
3062000 126
3063000 126
3064000 126
3065000 126
3066000 126
3067000 126
3068000 126
3069000 126
3070000 126
3071000 126
3072000 126
3073000 126
3074000 126
3075000 126
3076000 126
3077000 126
3078000 126
3079000 126
3080000 126
3081000 126
3082000 126
3083000 126
3084000 126
3085000 126
3086000 126
3087000 126
3088000 126
3089000 126
3090000 126
3091000 126
3092000 126
3093000 126
3094000 126
3095000 126
3096000 126
3097000 126
3098000 126
3099000 126
3100000 126
3101000 126
3102000 126
3103000 126
3104000 126
3105000 126
3106000 126
3107000 126
3108000 126
3109000 126
3110000 126
3111000 126
3112000 126
3113000 126
3114000 126
3115000 126
3116000 126
3117000 126
3118000 126
3119000 126
3120000 126
3121000 126
3122000 126
3123000 126
3124000 126
3125000 126
3126000 126
3127000 126
3128000 126
3129000 126
3130000 126
3131000 126
3132000 126
3133000 126
3134000 126
3135000 126
3136000 126
3137000 126
3138000 126
3139000 126
3140000 126
3141000 126
3142000 126
3143000 126
3144000 126
3145000 126
3146000 126
3147000 126
3148000 126
3149000 126
3150000 126
3151000 126
3152000 126
3153000 126
3154000 126
3155000 126
3156000 126
3157000 126
3158000 126
3159000 126
3160000 126
3161000 126
3162000 126
3163000 126
3164000 126
3165000 126
3166000 126
3167000 126
3168000 126
3169000 126
3170000 126
3171000 126
3172000 126
3173000 126
3174000 126
3175000 126
3176000 126
3177000 126
3178000 126
3179000 126
3180000 126
3181000 126
3182000 126
3183000 126
3184000 126
3185000 126
3186000 126
3187000 126
3188000 127
3189000 127
3190000 127
3191000 127
3192000 127
3193000 127
3194000 127
3195000 127
3196000 127
3197000 127
3198000 127
3199000 127
3200000 127
3201000 127
3202000 127
3203000 127
3204000 127
3205000 127
3206000 127
3207000 127
3208000 127
3209000 127
3210000 127
3211000 127
3212000 127
3213000 127
3214000 127
3215000 127
3216000 127
3217000 127
3218000 127
3219000 127
3220000 127
3221000 127
3222000 127
3223000 127
3224000 128
3225000 128
3226000 128
3227000 128
3228000 128
3229000 128
3230000 128
3231000 128
3232000 128
3233000 128
3234000 128
3235000 128
3236000 128
3237000 128
3238000 128
3239000 128
3240000 128
3241000 128
3242000 128
3243000 128
3244000 128
3245000 128
3246000 128
3247000 128
3248000 128
3249000 128
3250000 128
3251000 128
3252000 128
3253000 128
3254000 128
3255000 128
3256000 128
3257000 128
3258000 128
3259000 128
3260000 128
3261000 128
3262000 128
3263000 128
3264000 128
3265000 128
3266000 128
3267000 128
3268000 128
3269000 128
3270000 128
3271000 128
3272000 128
3273000 128
3274000 128
3275000 128
3276000 128
3277000 128
3278000 128
3279000 128
3280000 128
3281000 128
3282000 128
3283000 128
3284000 128
3285000 128
3286000 128
3287000 128
3288000 128
3289000 128
3290000 128
3291000 128
3292000 128
3293000 128
3294000 128
3295000 128
3296000 128
3297000 128
3298000 128
3299000 128
3300000 128
3301000 128
3302000 128
3303000 128
3304000 128
3305000 128
3306000 128
3307000 128
3308000 128
3309000 128
3310000 128
3311000 128
3312000 128
3313000 128
3314000 128
3315000 128
3316000 128
3317000 128
3318000 128
3319000 128
3320000 128
3321000 128
3322000 128
3323000 128
3324000 128
3325000 128
3326000 128
3327000 128
3328000 128
3329000 128
3330000 128
3331000 128
3332000 128
3333000 128
3334000 128
3335000 128
3336000 128
3337000 128
3338000 128
3339000 128
3340000 128
3341000 128
3342000 128
3343000 128
3344000 128
3345000 128
3346000 128
3347000 128
3348000 128
3349000 128
3350000 128
3351000 128
3352000 128
3353000 128
3354000 128
3355000 128
3356000 128
3357000 128
3358000 128
3359000 128
3360000 128
3361000 128
3362000 128
3363000 128
3364000 128
3365000 128
3366000 128
3367000 128
3368000 128
3369000 128
3370000 128
3371000 128
3372000 128
3373000 128
3374000 128
3375000 128
3376000 128
3377000 128
3378000 128
3379000 128
3380000 128
3381000 128
3382000 128
3383000 128
3384000 128
3385000 128
3386000 128
3387000 128
3388000 128
3389000 128
3390000 128
3391000 128
3392000 128
3393000 128
3394000 128
3395000 128
3396000 128
3397000 128
3398000 128
3399000 128
3400000 128
3401000 129
3402000 129
3403000 129
3404000 129
3405000 129
3406000 129
3407000 129
3408000 129
3409000 129
3410000 129
3411000 129
3412000 129
3413000 129
3414000 129
3415000 129
3416000 129
3417000 129
3418000 129
3419000 129
3420000 129
3421000 129
3422000 129
3423000 129
3424000 129
3425000 130
3426000 130
3427000 130
3428000 130
3429000 130
3430000 130
3431000 130
3432000 130
3433000 130
3434000 130
3435000 130
3436000 130
3437000 130
3438000 130
3439000 130
3440000 130
3441000 130
3442000 130
3443000 130
3444000 130
3445000 130
3446000 130
3447000 131
3448000 131
3449000 131
3450000 131
3451000 131
3452000 131
3453000 131
3454000 131
3455000 131
3456000 131
3457000 131
3458000 131
3459000 131
3460000 131
3461000 131
3462000 131
3463000 131
3464000 131
3465000 131
3466000 131
3467000 131
3468000 131
3469000 131
3470000 132
3471000 132
3472000 132
3473000 132
3474000 132
3475000 132
3476000 132
3477000 132
3478000 132
3479000 132
3480000 132
3481000 132
3482000 132
3483000 132
3484000 132
3485000 132
3486000 132
3487000 132
3488000 132
3489000 133
3490000 133
3491000 133
3492000 133
3493000 133
3494000 133
3495000 133
3496000 133
3497000 133
3498000 133
3499000 133
3500000 133
3501000 133
3502000 133
3503000 133
3504000 133
3505000 133
3506000 133
3507000 134
3508000 134
3509000 134
3510000 134
3511000 134
3512000 134
3513000 134
3514000 134
3515000 134
3516000 134
3517000 134
3518000 134
3519000 134
3520000 134
3521000 134
3522000 134
3523000 134
3524000 134
3525000 134
3526000 134
3527000 134
3528000 134
3529000 134
3530000 134
3531000 134
3532000 134
3533000 134
3534000 134
3535000 134
3536000 134
3537000 134
3538000 134
3539000 134
3540000 134
3541000 134
3542000 134
3543000 134
3544000 134
3545000 134
3546000 134
3547000 134
3548000 134
3549000 134
3550000 134
3551000 134
3552000 134
3553000 134
3554000 134
3555000 134
3556000 134
3557000 134
3558000 134
3559000 134
3560000 134
3561000 134
3562000 134
3563000 134
3564000 134
3565000 134
3566000 134
3567000 134
3568000 134
3569000 134
3570000 134
3571000 134
3572000 134
3573000 134
3574000 134
3575000 134
3576000 134
3577000 134
3578000 134
3579000 134
3580000 134
3581000 134
3582000 134
3583000 134
3584000 134
3585000 134
3586000 134
3587000 134
3588000 134
3589000 134
3590000 134
3591000 134
3592000 134
3593000 134
3594000 134
3595000 134
3596000 134
3597000 134
3598000 134
3599000 134
3600000 134
3601000 134
3602000 134
3603000 134
3604000 134
3605000 134
3606000 134
3607000 134
3608000 134
3609000 134
3610000 134
3611000 134
3612000 134
3613000 134
3614000 134
3615000 134
3616000 134
3617000 134
3618000 134
3619000 134
3620000 134
3621000 134
3622000 134
3623000 134
3624000 134
3625000 134
3626000 134
3627000 134
3628000 134
3629000 134
3630000 134
3631000 134
3632000 134
3633000 134
3634000 134
3635000 134
3636000 134
3637000 134
3638000 134
3639000 134
3640000 134
3641000 134
3642000 134
3643000 134
3644000 134
3645000 134
3646000 134
3647000 134
3648000 134
3649000 134
3650000 134
3651000 134
3652000 134
3653000 134
3654000 134
3655000 134
3656000 134
3657000 134
3658000 134
3659000 134
3660000 134
3661000 134
3662000 134
3663000 134
3664000 134
3665000 134
3666000 134
3667000 134
3668000 134
3669000 134
3670000 134
3671000 134
3672000 134
3673000 134
3674000 134
3675000 134
3676000 134
3677000 134
3678000 134
3679000 134
3680000 134
3681000 134
3682000 134
3683000 134
3684000 134
3685000 134
3686000 134
3687000 134
3688000 134
3689000 134
3690000 134
3691000 134
3692000 134
3693000 134
3694000 134
3695000 134
3696000 134
3697000 134
3698000 134
3699000 134
3700000 134
3701000 134
3702000 134
3703000 134
3704000 134
3705000 134
3706000 134
3707000 134
3708000 134
3709000 134
3710000 134
3711000 134
3712000 134
3713000 134
3714000 134
3715000 134
3716000 134
3717000 134
3718000 134
3719000 134
3720000 134
3721000 134
3722000 134
3723000 134
3724000 134
3725000 134
3726000 134
3727000 134
3728000 134
3729000 134
3730000 134
3731000 134
3732000 134
3733000 134
3734000 134
3735000 134
3736000 134
3737000 134
3738000 134
3739000 134
3740000 134
3741000 134
3742000 134
3743000 134
3744000 134
3745000 134
3746000 134
3747000 134
3748000 134
3749000 134
3750000 134
3751000 134
3752000 134
3753000 134
3754000 134
3755000 134
3756000 134
3757000 134
3758000 134
3759000 134
3760000 134
3761000 134
3762000 134
3763000 134
3764000 134
3765000 134
3766000 134
3767000 134
3768000 134
3769000 134
3770000 134
3771000 134
3772000 134
3773000 134
3774000 134
3775000 134
3776000 134
3777000 134
3778000 134
3779000 134
3780000 134
3781000 134
3782000 134
3783000 134
3784000 134
3785000 134
3786000 134
3787000 134
3788000 134
3789000 134
3790000 134
3791000 134
3792000 134
3793000 134
3794000 134
3795000 134
3796000 134
3797000 134
3798000 134
3799000 134
3800000 134
3801000 134
3802000 134
3803000 134
3804000 134
3805000 134
3806000 134
3807000 134
3808000 134
3809000 134
3810000 134
3811000 134
3812000 134
3813000 134
3814000 134
3815000 134
3816000 134
3817000 134
3818000 134
3819000 134
3820000 134
3821000 134
3822000 134
3823000 134
3824000 134
3825000 134
3826000 134
3827000 134
3828000 134
3829000 134
3830000 134
3831000 134
3832000 134
3833000 134
3834000 134
3835000 134
3836000 134
3837000 134
3838000 134
3839000 134
3840000 134
3841000 134
3842000 134
3843000 134
3844000 134
3845000 134
3846000 134
3847000 134
3848000 134
3849000 134
3850000 134
3851000 134
3852000 134
3853000 134
3854000 135
3855000 135
3856000 135
3857000 135
3858000 135
3859000 135
3860000 135
3861000 135
3862000 135
3863000 135
3864000 135
3865000 135
3866000 135
3867000 135
3868000 135
3869000 135
3870000 135
3871000 135
3872000 135
3873000 135
3874000 135
3875000 135
3876000 135
3877000 135
3878000 135
3879000 135
3880000 135
3881000 135
3882000 135
3883000 135
3884000 135
3885000 135
3886000 135
3887000 135
3888000 135
3889000 135
3890000 135
3891000 135
3892000 135
3893000 135
3894000 135
3895000 135
3896000 135
3897000 135
3898000 135
3899000 135
3900000 136
3901000 136
3902000 136
3903000 136
3904000 136
3905000 136
3906000 136
3907000 136
3908000 136
3909000 136
3910000 136
3911000 136
3912000 136
3913000 136
3914000 136
3915000 136
3916000 136
3917000 136
3918000 136
3919000 136
3920000 136
3921000 136
3922000 136
3923000 136
3924000 136
3925000 136
3926000 136
3927000 136
3928000 136
3929000 136
3930000 136
3931000 136
3932000 136
3933000 136
3934000 136
3935000 136
3936000 136
3937000 136
3938000 136
3939000 136
3940000 136
3941000 137
3942000 137
3943000 137
3944000 137
3945000 137
3946000 137
3947000 137
3948000 137
3949000 137
3950000 137
3951000 137
3952000 137
3953000 137
3954000 137
3955000 137
3956000 137
3957000 137
3958000 137
3959000 137
3960000 137
3961000 137
3962000 137
3963000 137
3964000 137
3965000 137
3966000 137
3967000 138
3968000 138
3969000 138
3970000 138
3971000 138
3972000 138
3973000 138
3974000 138
3975000 138
3976000 138
3977000 138
3978000 138
3979000 138
3980000 138
3981000 138
3982000 138
3983000 138
3984000 138
3985000 138
3986000 138
3987000 138
3988000 138
3989000 138
3990000 138
3991000 138
3992000 138
3993000 138
3994000 138
3995000 138
3996000 138
3997000 139
3998000 139
3999000 139
4000000 139
4001000 139
4002000 139
4003000 139
4004000 139
4005000 139
4006000 139
4007000 139
4008000 139
4009000 139
4010000 139
4011000 139
4012000 139
4013000 139
4014000 139
4015000 139
4016000 139
4017000 139
4018000 139
4019000 139
4020000 139
4021000 139
4022000 140
4023000 140
4024000 140
4025000 140
4026000 140
4027000 140
4028000 140
4029000 140
4030000 140
4031000 140
4032000 140
4033000 140
4034000 140
4035000 140
4036000 140
4037000 140
4038000 140
4039000 140
4040000 140
4041000 140
4042000 140
4043000 140
4044000 140
4045000 140
4046000 140
4047000 140
4048000 140
4049000 140
4050000 140
4051000 140
4052000 140
4053000 140
4054000 140
4055000 140
4056000 141
4057000 141
4058000 141
4059000 141
4060000 141
4061000 141
4062000 141
4063000 141
4064000 141
4065000 141
4066000 141
4067000 141
4068000 141
4069000 141
4070000 141
4071000 141
4072000 141
4073000 141
4074000 141
4075000 141
4076000 141
4077000 141
4078000 141
4079000 141
4080000 141
4081000 141
4082000 141
4083000 141
4084000 141
4085000 141
4086000 142
4087000 142
4088000 142
4089000 142
4090000 142
4091000 142
4092000 142
4093000 142
4094000 142
4095000 142
4096000 142
4097000 142
4098000 142
4099000 142
4100000 142
4101000 142
4102000 142
4103000 142
4104000 142
4105000 142
4106000 142
4107000 142
4108000 142
4109000 142
4110000 143
4111000 143
4112000 143
4113000 143
4114000 143
4115000 143
4116000 143
4117000 143
4118000 143
4119000 143
4120000 143
4121000 143
4122000 143
4123000 143
4124000 143
4125000 143
4126000 143
4127000 143
4128000 143
4129000 143
4130000 143
4131000 143
4132000 144
4133000 144
4134000 144
4135000 144
4136000 144
4137000 144
4138000 144
4139000 144
4140000 144
4141000 144
4142000 144
4143000 144
4144000 144
4145000 144
4146000 144
4147000 144
4148000 144
4149000 144
4150000 144
4151000 144
4152000 144
4153000 144
4154000 144
4155000 144
4156000 144
4157000 145
4158000 145
4159000 145
4160000 145
4161000 145
4162000 145
4163000 145
4164000 145
4165000 145
4166000 145
4167000 145
4168000 145
4169000 145
4170000 145
4171000 145
4172000 145
4173000 145
4174000 145
4175000 145
4176000 145
4177000 145
4178000 145
4179000 146
4180000 146
4181000 146
4182000 146
4183000 146
4184000 146
4185000 146
4186000 146
4187000 146
4188000 146
4189000 146
4190000 146
4191000 146
4192000 146
4193000 146
4194000 146
4195000 146
4196000 146
4197000 146
4198000 146
4199000 146
4200000 146
4201000 146
4202000 146
4203000 146
4204000 146
4205000 146
4206000 146
4207000 146
4208000 146
4209000 146
4210000 146
4211000 146
4212000 147
4213000 147
4214000 147
4215000 147
4216000 147
4217000 147
4218000 147
4219000 147
4220000 147
4221000 147
4222000 147
4223000 147
4224000 147
4225000 147
4226000 147
4227000 147
4228000 147
4229000 147
4230000 147
4231000 147
4232000 147
4233000 147
4234000 147
4235000 147
4236000 147
4237000 147
4238000 147
4239000 147
4240000 147
4241000 147
4242000 147
4243000 147
4244000 148
4245000 148
4246000 148
4247000 148
4248000 148
4249000 148
4250000 148
4251000 148
4252000 148
4253000 148
4254000 148
4255000 148
4256000 148
4257000 148
4258000 148
4259000 148
4260000 148
4261000 148
4262000 148
4263000 148
4264000 148
4265000 148
4266000 148
4267000 148
4268000 148
4269000 148
4270000 148
4271000 148
4272000 148
4273000 148
4274000 148
4275000 148
4276000 148
4277000 148
4278000 148
4279000 148
4280000 148
4281000 148
4282000 148
4283000 148
4284000 148
4285000 148
4286000 149
4287000 149
4288000 149
4289000 149
4290000 149
4291000 149
4292000 149
4293000 149
4294000 149
4295000 149
4296000 149
4297000 149
4298000 149
4299000 149
4300000 149
4301000 149
4302000 149
4303000 149
4304000 149
4305000 149
4306000 149
4307000 149
4308000 149
4309000 149
4310000 149
4311000 149
4312000 149
4313000 149
4314000 149
4315000 149
4316000 149
4317000 149
4318000 149
4319000 149
4320000 149
4321000 149
4322000 149
4323000 149
4324000 149
4325000 149
4326000 149
4327000 149
4328000 149
4329000 149
4330000 149
4331000 150
4332000 150
4333000 150
4334000 150
4335000 150
4336000 150
4337000 150
4338000 150
4339000 150
4340000 150
4341000 150
4342000 150
4343000 150
4344000 150
4345000 150
4346000 150
4347000 150
4348000 150
4349000 150
4350000 150
4351000 150
4352000 150
4353000 150
4354000 150
4355000 150
4356000 150
4357000 150
4358000 150
4359000 150
4360000 150
4361000 150
4362000 150
4363000 150
4364000 150
4365000 150
4366000 150
4367000 150
4368000 150
4369000 150
4370000 150
4371000 150
4372000 150
4373000 150
4374000 150
4375000 151
4376000 151
4377000 151
4378000 151
4379000 151
4380000 151
4381000 151
4382000 151
4383000 151
4384000 151
4385000 151
4386000 151
4387000 151
4388000 151
4389000 151
4390000 151
4391000 151
4392000 151
4393000 151
4394000 151
4395000 151
4396000 151
4397000 151
4398000 151
4399000 151
4400000 151
4401000 151
4402000 151
4403000 151
4404000 151
4405000 151
4406000 151
4407000 151
4408000 151
4409000 151
4410000 151
4411000 151
4412000 151
4413000 151
4414000 151
4415000 151
4416000 151
4417000 151
4418000 151
4419000 151
4420000 151
4421000 151
4422000 151
4423000 151
4424000 151
4425000 151
4426000 151
4427000 151
4428000 151
4429000 151
4430000 151
4431000 151
4432000 151
4433000 151
4434000 151
4435000 151
4436000 151
4437000 151
4438000 151
4439000 151
4440000 151
4441000 151
4442000 151
4443000 151
4444000 151
4445000 151
4446000 151
4447000 151
4448000 151
4449000 151
4450000 151
4451000 151
4452000 151
4453000 151
4454000 151
4455000 151
4456000 151
4457000 151
4458000 151
4459000 151
4460000 151
4461000 151
4462000 151
4463000 151
4464000 151
4465000 151
4466000 151
4467000 151
4468000 151
4469000 151
4470000 151
4471000 151
4472000 151
4473000 151
4474000 151
4475000 151
4476000 151
4477000 151
4478000 151
4479000 152
4480000 152
4481000 152
4482000 152
4483000 152
4484000 152
4485000 152
4486000 152
4487000 152
4488000 152
4489000 152
4490000 152
4491000 152
4492000 152
4493000 152
4494000 152
4495000 152
4496000 152
4497000 152
4498000 152
4499000 152
4500000 152
4501000 152
4502000 152
4503000 152
4504000 152
4505000 152
4506000 152
4507000 152
4508000 152
4509000 152
4510000 152
4511000 152
4512000 152
4513000 152
4514000 152
4515000 152
4516000 152
4517000 152
4518000 152
4519000 152
4520000 152
4521000 152
4522000 152
4523000 152
4524000 152
4525000 152
4526000 152
4527000 152
4528000 152
4529000 153
4530000 153
4531000 153
4532000 153
4533000 153
4534000 153
4535000 153
4536000 153
4537000 153
4538000 153
4539000 153
4540000 153
4541000 153
4542000 153
4543000 153
4544000 153
4545000 153
4546000 153
4547000 153
4548000 153
4549000 153
4550000 153
4551000 153
4552000 153
4553000 153
4554000 153
4555000 153
4556000 153
4557000 154
4558000 154
4559000 154
4560000 154
4561000 154
4562000 154
4563000 154
4564000 154
4565000 154
4566000 154
4567000 154
4568000 154
4569000 154
4570000 154
4571000 154
4572000 154
4573000 154
4574000 154
4575000 154
4576000 155
4577000 155
4578000 155
4579000 155
4580000 155
4581000 155
4582000 155
4583000 155
4584000 155
4585000 155
4586000 155
4587000 155
4588000 155
4589000 155
4590000 155
4591000 155
4592000 155
4593000 155
4594000 155
4595000 155
4596000 156
4597000 156
4598000 156
4599000 156
4600000 156
4601000 156
4602000 156
4603000 156
4604000 156
4605000 156
4606000 156
4607000 156
4608000 156
4609000 156
4610000 156
4611000 156
4612000 156
4613000 156
4614000 156
4615000 156
4616000 156
4617000 156
4618000 156
4619000 156
4620000 156
4621000 156
4622000 156
4623000 156
4624000 156
4625000 156
4626000 156
4627000 156
4628000 156
4629000 156
4630000 156
4631000 156
4632000 156
4633000 157
4634000 157
4635000 157
4636000 157
4637000 157
4638000 157
4639000 157
4640000 157
4641000 157
4642000 157
4643000 157
4644000 157
4645000 157
4646000 157
4647000 157
4648000 157
4649000 157
4650000 157
4651000 157
4652000 157
4653000 157
4654000 157
4655000 157
4656000 157
4657000 157
4658000 157
4659000 157
4660000 157
4661000 157
4662000 157
4663000 157
4664000 157
4665000 157
4666000 157
4667000 157
4668000 158
4669000 158
4670000 158
4671000 158
4672000 158
4673000 158
4674000 158
4675000 158
4676000 158
4677000 158
4678000 158
4679000 158
4680000 158
4681000 158
4682000 158
4683000 158
4684000 158
4685000 158
4686000 158
4687000 158
4688000 158
4689000 158
4690000 158
4691000 158
4692000 158
4693000 158
4694000 158
4695000 158
4696000 158
4697000 158
4698000 158
4699000 158
4700000 158
4701000 158
4702000 158
4703000 158
4704000 158
4705000 158
4706000 158
4707000 158
4708000 158
4709000 158
4710000 158
4711000 158
4712000 158
4713000 158
4714000 158
4715000 158
4716000 158
4717000 158
4718000 158
4719000 158
4720000 158
4721000 158
4722000 158
4723000 158
4724000 158
4725000 158
4726000 158
4727000 158
4728000 158
4729000 158
4730000 158
4731000 158
4732000 158
4733000 158
4734000 158
4735000 158
4736000 158
4737000 158
4738000 158
4739000 158
4740000 158
4741000 159
4742000 159
4743000 159
4744000 159
4745000 159
4746000 159
4747000 159
4748000 159
4749000 159
4750000 159
4751000 159
4752000 159
4753000 159
4754000 159
4755000 159
4756000 159
4757000 159
4758000 159
4759000 159
4760000 159
4761000 159
4762000 159
4763000 159
4764000 159
4765000 159
4766000 159
4767000 159
4768000 159
4769000 159
4770000 159
4771000 159
4772000 159
4773000 159
4774000 159
4775000 159
4776000 159
4777000 159
4778000 159
4779000 159
4780000 159
4781000 159
4782000 159
4783000 159
4784000 159
4785000 159
4786000 159
4787000 159
4788000 159
4789000 159
4790000 159
4791000 160
4792000 160
4793000 160
4794000 160
4795000 160
4796000 160
4797000 160
4798000 160
4799000 160
4800000 160
4801000 160
4802000 160
4803000 160
4804000 160
4805000 160
4806000 160
4807000 160
4808000 160
4809000 160
4810000 160
4811000 160
4812000 160
4813000 160
4814000 160
4815000 160
4816000 160
4817000 160
4818000 161
4819000 161
4820000 161
4821000 161
4822000 161
4823000 161
4824000 161
4825000 161
4826000 161
4827000 161
4828000 161
4829000 161
4830000 161
4831000 161
4832000 161
4833000 161
4834000 161
4835000 161
4836000 161
4837000 161
4838000 161
4839000 161
4840000 161
4841000 161
4842000 161
4843000 161
4844000 161
4845000 161
4846000 161
4847000 161
4848000 161
4849000 161
4850000 161
4851000 161
4852000 161
4853000 161
4854000 161
4855000 161
4856000 161
4857000 161
4858000 161
4859000 161
4860000 161
4861000 161
4862000 161
4863000 162
4864000 162
4865000 162
4866000 162
4867000 162
4868000 162
4869000 162
4870000 162
4871000 162
4872000 162
4873000 162
4874000 162
4875000 162
4876000 162
4877000 162
4878000 162
4879000 162
4880000 162
4881000 162
4882000 162
4883000 162
4884000 162
4885000 162
4886000 162
4887000 162
4888000 162
4889000 162
4890000 162
4891000 162
4892000 162
4893000 162
4894000 163
4895000 163
4896000 163
4897000 163
4898000 163
4899000 163
4900000 163
4901000 163
4902000 163
4903000 163
4904000 163
4905000 163
4906000 163
4907000 163
4908000 163
4909000 163
4910000 163
4911000 163
4912000 163
4913000 163
4914000 163
4915000 163
4916000 163
4917000 163
4918000 163
4919000 163
4920000 163
4921000 163
4922000 163
4923000 163
4924000 163
4925000 163
4926000 163
4927000 163
4928000 163
4929000 164
4930000 164
4931000 164
4932000 164
4933000 164
4934000 164
4935000 164
4936000 164
4937000 164
4938000 164
4939000 164
4940000 164
4941000 164
4942000 164
4943000 164
4944000 164
4945000 164
4946000 164
4947000 164
4948000 164
4949000 164
4950000 165
4951000 165
4952000 165
4953000 165
4954000 165
4955000 165
4956000 165
4957000 165
4958000 165
4959000 165
4960000 165
4961000 165
4962000 165
4963000 165
4964000 165
4965000 165
4966000 165
4967000 165
4968000 165
4969000 165
4970000 165
4971000 165
4972000 165
4973000 165
4974000 165
4975000 166
4976000 166
4977000 166
4978000 166
4979000 166
4980000 166
4981000 166
4982000 166
4983000 166
4984000 166
4985000 166
4986000 166
4987000 166
4988000 166
4989000 166
4990000 166
4991000 166
4992000 166
4993000 166
4994000 166
4995000 166
4996000 166
4997000 166
4998000 166
4999000 166
5000000 166
