0 0
1000 0
2000 0
3000 0
4000 0
5000 0
6000 0
7000 0
8000 0
9000 0
10000 0
11000 0
12000 0
13000 0
14000 0
15000 0
16000 0
17000 0
18000 0
19000 0
20000 0
21000 0
22000 0
23000 0
24000 0
25000 0
26000 0
27000 0
28000 0
29000 0
30000 0
31000 0
32000 0
33000 0
34000 0
35000 0
36000 0
37000 0
38000 0
39000 0
40000 0
41000 0
42000 0
43000 0
44000 0
45000 0
46000 0
47000 0
48000 0
49000 0
50000 0
51000 0
52000 0
53000 0
54000 0
55000 0
56000 0
57000 0
58000 0
59000 0
60000 0
61000 0
62000 0
63000 0
64000 0
65000 0
66000 0
67000 0
68000 0
69000 0
70000 0
71000 0
72000 0
73000 0
74000 0
75000 0
76000 0
77000 0
78000 0
79000 0
80000 0
81000 0
82000 0
83000 0
84000 0
85000 0
86000 0
87000 0
88000 0
89000 0
90000 0
91000 0
92000 0
93000 0
94000 0
95000 0
96000 0
97000 0
98000 0
99000 0
100000 0
101000 0
102000 0
103000 1
104000 1
105000 1
106000 1
107000 1
108000 1
109000 1
110000 1
111000 1
112000 1
113000 1
114000 1
115000 1
116000 1
117000 1
118000 1
119000 1
120000 1
121000 1
122000 1
123000 1
124000 1
125000 1
126000 1
127000 1
128000 1
129000 1
130000 1
131000 1
132000 1
133000 1
134000 1
135000 1
136000 1
137000 1
138000 2
139000 2
140000 2
141000 2
142000 2
143000 2
144000 2
145000 2
146000 2
147000 2
148000 2
149000 2
150000 2
151000 2
152000 2
153000 2
154000 2
155000 2
156000 2
157000 2
158000 2
159000 2
160000 2
161000 2
162000 2
163000 2
164000 2
165000 2
166000 2
167000 3
168000 3
169000 3
170000 3
171000 3
172000 3
173000 3
174000 3
175000 3
176000 3
177000 3
178000 3
179000 3
180000 3
181000 3
182000 3
183000 3
184000 3
185000 3
186000 3
187000 3
188000 3
189000 3
190000 3
191000 3
192000 3
193000 3
194000 3
195000 3
196000 3
197000 3
198000 3
199000 3
200000 3
201000 3
202000 3
203000 3
204000 4
205000 4
206000 4
207000 4
208000 4
209000 4
210000 4
211000 4
212000 4
213000 4
214000 4
215000 4
216000 4
217000 4
218000 4
219000 4
220000 4
221000 4
222000 4
223000 4
224000 4
225000 4
226000 4
227000 4
228000 4
229000 4
230000 4
231000 4
232000 4
233000 4
234000 4
235000 4
236000 5
237000 5
238000 5
239000 5
240000 5
241000 5
242000 5
243000 5
244000 5
245000 5
246000 5
247000 5
248000 5
249000 5
250000 5
251000 5
252000 5
253000 5
254000 5
255000 6
256000 6
257000 6
258000 6
259000 6
260000 6
261000 6
262000 6
263000 6
264000 6
265000 6
266000 6
267000 6
268000 6
269000 6
270000 6
271000 6
272000 6
273000 6
274000 6
275000 6
276000 6
277000 6
278000 6
279000 6
280000 6
281000 6
282000 6
283000 7
284000 7
285000 7
286000 7
287000 7
288000 7
289000 7
290000 7
291000 7
292000 7
293000 7
294000 7
295000 7
296000 7
297000 7
298000 7
299000 7
300000 7
301000 7
302000 7
303000 7
304000 7
305000 7
306000 7
307000 7
308000 7
309000 7
310000 7
311000 7
312000 7
313000 7
314000 7
315000 8
316000 8
317000 8
318000 8
319000 8
320000 8
321000 8
322000 8
323000 8
324000 8
325000 8
326000 8
327000 8
328000 8
329000 8
330000 8
331000 8
332000 8
333000 8
334000 8
335000 8
336000 8
337000 8
338000 8
339000 8
340000 8
341000 8
342000 8
343000 8
344000 8
345000 8
346000 9
347000 9
348000 9
349000 9
350000 9
351000 9
352000 9
353000 9
354000 9
355000 9
356000 9
357000 9
358000 9
359000 9
360000 9
361000 9
362000 9
363000 9
364000 9
365000 9
366000 9
367000 9
368000 9
369000 9
370000 9
371000 9
372000 9
373000 9
374000 10
375000 10
376000 10
377000 10
378000 10
379000 10
380000 10
381000 10
382000 10
383000 10
384000 10
385000 10
386000 10
387000 10
388000 10
389000 10
390000 10
391000 10
392000 10
393000 10
394000 10
395000 10
396000 11
397000 11
398000 11
399000 11
400000 11
401000 11
402000 11
403000 11
404000 11
405000 11
406000 11
407000 11
408000 11
409000 11
410000 11
411000 11
412000 11
413000 11
414000 11
415000 11
416000 11
417000 11
418000 11
419000 12
420000 12
421000 12
422000 12
423000 12
424000 12
425000 12
426000 12
427000 12
428000 12
429000 12
430000 12
431000 12
432000 12
433000 12
434000 12
435000 12
436000 12
437000 12
438000 12
439000 12
440000 12
441000 12
442000 12
443000 12
444000 12
445000 12
446000 12
447000 12
448000 12
449000 12
450000 12
451000 12
452000 13
453000 13
454000 13
455000 13
456000 13
457000 13
458000 13
459000 13
460000 13
461000 13
462000 13
463000 13
464000 13
465000 13
466000 13
467000 13
468000 13
469000 13
470000 13
471000 13
472000 13
473000 13
474000 13
475000 13
476000 13
477000 13
478000 13
479000 13
480000 13
481000 13
482000 13
483000 13
484000 13
485000 13
486000 14
487000 14
488000 14
489000 14
490000 14
491000 14
492000 14
493000 14
494000 14
495000 14
496000 14
497000 14
498000 14
499000 14
500000 14
501000 14
502000 14
503000 14
504000 14
505000 14
506000 14
507000 14
508000 14
509000 14
510000 14
511000 14
512000 14
513000 14
514000 14
515000 14
516000 14
517000 14
518000 14
519000 14
520000 14
521000 14
522000 14
523000 14
524000 14
525000 15
526000 15
527000 15
528000 15
529000 15
530000 15
531000 15
532000 15
533000 15
534000 15
535000 15
536000 15
537000 15
538000 15
539000 15
540000 15
541000 15
542000 15
543000 15
544000 15
545000 15
546000 15
547000 15
548000 15
549000 15
550000 15
551000 15
552000 15
553000 15
554000 15
555000 16
556000 16
557000 16
558000 16
559000 16
560000 16
561000 16
562000 16
563000 16
564000 16
565000 16
566000 16
567000 16
568000 16
569000 16
570000 16
571000 16
572000 16
573000 16
574000 16
575000 16
576000 16
577000 16
578000 16
579000 16
580000 16
581000 16
582000 16
583000 16
584000 16
585000 16
586000 16
587000 16
588000 16
589000 17
590000 17
591000 17
592000 17
593000 17
594000 17
595000 17
596000 17
597000 17
598000 17
599000 17
600000 17
601000 17
602000 17
603000 17
604000 17
605000 17
606000 17
607000 17
608000 17
609000 17
610000 17
611000 17
612000 17
613000 17
614000 17
615000 17
616000 17
617000 17
618000 17
619000 17
620000 17
621000 18
622000 18
623000 18
624000 18
625000 18
626000 18
627000 18
628000 18
629000 18
630000 18
631000 18
632000 18
633000 18
634000 18
635000 18
636000 18
637000 18
638000 18
639000 18
640000 18
641000 18
642000 18
643000 18
644000 18
645000 18
646000 18
647000 18
648000 18
649000 18
650000 18
651000 18
652000 18
653000 18
654000 18
655000 18
656000 18
657000 18
658000 18
659000 18
660000 18
661000 19
662000 19
663000 19
664000 19
665000 19
666000 19
667000 19
668000 19
669000 19
670000 19
671000 19
672000 19
673000 19
674000 19
675000 19
676000 19
677000 19
678000 19
679000 19
680000 19
681000 19
682000 19
683000 19
684000 19
685000 19
686000 19
687000 19
688000 19
689000 19
690000 19
691000 19
692000 19
693000 19
694000 19
695000 19
696000 19
697000 19
698000 19
699000 19
700000 20
701000 20
702000 20
703000 20
704000 20
705000 20
706000 20
707000 20
708000 20
709000 20
710000 20
711000 20
712000 20
713000 20
714000 20
715000 20
716000 20
717000 20
718000 20
719000 20
720000 20
721000 20
722000 20
723000 20
724000 20
725000 20
726000 20
727000 20
728000 20
729000 20
730000 20
731000 20
732000 20
733000 20
734000 20
735000 20
736000 20
737000 20
738000 20
739000 21
740000 21
741000 21
742000 21
743000 21
744000 21
745000 21
746000 21
747000 21
748000 21
749000 21
750000 21
751000 21
752000 21
753000 21
754000 21
755000 21
756000 21
757000 21
758000 21
759000 21
760000 21
761000 21
762000 21
763000 21
764000 21
765000 21
766000 21
767000 21
768000 21
769000 21
770000 21
771000 21
772000 21
773000 21
774000 21
775000 21
776000 21
777000 21
778000 21
779000 21
780000 21
781000 21
782000 21
783000 21
784000 21
785000 21
786000 21
787000 21
788000 21
789000 21
790000 21
791000 21
792000 21
793000 21
794000 21
795000 21
796000 21
797000 21
798000 21
799000 21
800000 21
801000 21
802000 21
803000 21
804000 21
805000 21
806000 21
807000 21
808000 21
809000 21
810000 21
811000 21
812000 21
813000 21
814000 21
815000 21
816000 21
817000 21
818000 21
819000 21
820000 21
821000 21
822000 21
823000 21
824000 21
825000 21
826000 21
827000 21
828000 21
829000 21
830000 21
831000 21
832000 21
833000 21
834000 21
835000 21
836000 21
837000 21
838000 21
839000 21
840000 21
841000 21
842000 21
843000 21
844000 21
845000 21
846000 21
847000 21
848000 21
849000 21
850000 21
851000 21
852000 21
853000 21
854000 21
855000 21
856000 21
857000 21
858000 21
859000 21
860000 21
861000 21
862000 21
863000 21
864000 21
865000 21
866000 21
867000 21
868000 21
869000 21
870000 21
871000 21
872000 21
873000 21
874000 21
875000 21
876000 21
877000 21
878000 21
879000 21
880000 21
881000 21
882000 21
883000 21
884000 21
885000 21
886000 21
887000 21
888000 21
889000 21
890000 21
891000 21
892000 21
893000 21
894000 21
895000 21
896000 21
897000 21
898000 21
899000 21
900000 21
901000 21
902000 21
903000 21
904000 21
905000 21
906000 21
907000 21
908000 21
909000 21
910000 21
911000 21
912000 21
913000 21
914000 21
915000 21
916000 21
917000 21
918000 21
919000 21
920000 21
921000 21
922000 21
923000 21
924000 21
925000 21
926000 21
927000 21
928000 21
929000 21
930000 21
931000 21
932000 21
933000 21
934000 21
935000 21
936000 21
937000 21
938000 21
939000 21
940000 21
941000 21
942000 21
943000 21
944000 21
945000 21
946000 21
947000 21
948000 21
949000 21
950000 21
951000 21
952000 21
953000 21
954000 21
955000 21
956000 21
957000 21
958000 21
959000 21
960000 21
961000 21
962000 21
963000 21
964000 21
965000 21
966000 21
967000 21
968000 21
969000 22
970000 22
971000 22
972000 22
973000 22
974000 22
975000 22
976000 22
977000 22
978000 22
979000 22
980000 22
981000 22
982000 22
983000 22
984000 22
985000 22
986000 22
987000 22
988000 22
989000 22
990000 22
991000 22
992000 22
993000 22
994000 22
995000 22
996000 22
997000 22
998000 22
999000 22
1000000 22
1001000 22
1002000 22
1003000 22
1004000 22
1005000 22
1006000 22
1007000 22
1008000 22
1009000 22
1010000 22
1011000 22
1012000 22
1013000 22
1014000 22
1015000 22
1016000 22
1017000 22
1018000 23
1019000 23
1020000 23
1021000 23
1022000 23
1023000 23
1024000 23
1025000 23
1026000 23
1027000 23
1028000 23
1029000 23
1030000 23
1031000 23
1032000 23
1033000 23
1034000 23
1035000 23
1036000 23
1037000 23
1038000 23
1039000 23
1040000 23
1041000 23
1042000 23
1043000 23
1044000 23
1045000 23
1046000 23
1047000 23
1048000 23
1049000 23
1050000 23
1051000 23
1052000 23
1053000 23
1054000 23
1055000 23
1056000 23
1057000 23
1058000 23
1059000 23
1060000 23
1061000 23
1062000 23
1063000 23
1064000 23
1065000 23
1066000 24
1067000 24
1068000 24
1069000 24
1070000 24
1071000 24
1072000 24
1073000 24
1074000 24
1075000 24
1076000 24
1077000 24
1078000 24
1079000 24
1080000 24
1081000 24
1082000 24
1083000 24
1084000 24
1085000 24
1086000 25
1087000 25
1088000 25
1089000 25
1090000 25
1091000 25
1092000 25
1093000 25
1094000 25
1095000 25
1096000 25
1097000 25
1098000 25
1099000 25
1100000 25
1101000 25
1102000 25
1103000 25
1104000 25
1105000 25
1106000 25
1107000 26
1108000 26
1109000 26
1110000 26
1111000 26
1112000 26
1113000 26
1114000 26
1115000 26
1116000 26
1117000 26
1118000 26
1119000 26
1120000 26
1121000 26
1122000 26
1123000 26
1124000 26
1125000 26
1126000 26
1127000 26
1128000 26
1129000 26
1130000 26
1131000 26
1132000 26
1133000 26
1134000 26
1135000 26
1136000 26
1137000 26
1138000 26
1139000 26
1140000 26
1141000 26
1142000 27
1143000 27
1144000 27
1145000 27
1146000 27
1147000 27
1148000 27
1149000 27
1150000 27
1151000 27
1152000 27
1153000 27
1154000 27
1155000 27
1156000 27
1157000 27
1158000 27
1159000 27
1160000 27
1161000 28
1162000 28
1163000 28
1164000 28
1165000 28
1166000 28
1167000 28
1168000 28
1169000 28
1170000 28
1171000 28
1172000 28
1173000 28
1174000 28
1175000 28
1176000 28
1177000 28
1178000 28
1179000 28
1180000 28
1181000 28
1182000 28
1183000 28
1184000 28
1185000 28
1186000 28
1187000 28
1188000 28
1189000 28
1190000 28
1191000 28
1192000 29
1193000 29
1194000 29
1195000 29
1196000 29
1197000 29
1198000 29
1199000 29
1200000 29
1201000 29
1202000 29
1203000 29
1204000 29
1205000 29
1206000 29
1207000 29
1208000 29
1209000 29
1210000 29
1211000 29
1212000 30
1213000 30
1214000 30
1215000 30
1216000 30
1217000 30
1218000 30
1219000 30
1220000 30
1221000 30
1222000 30
1223000 30
1224000 30
1225000 30
1226000 30
1227000 30
1228000 30
1229000 30
1230000 30
1231000 30
1232000 31
1233000 31
1234000 31
1235000 31
1236000 31
1237000 31
1238000 31
1239000 31
1240000 31
1241000 31
1242000 31
1243000 31
1244000 31
1245000 31
1246000 31
1247000 31
1248000 31
1249000 31
1250000 31
1251000 31
1252000 31
1253000 31
1254000 31
1255000 31
1256000 31
1257000 31
1258000 31
1259000 31
1260000 31
1261000 32
1262000 32
1263000 32
1264000 32
1265000 32
1266000 32
1267000 32
1268000 32
1269000 32
1270000 32
1271000 32
1272000 32
1273000 32
1274000 32
1275000 32
1276000 32
1277000 32
1278000 32
1279000 32
1280000 32
1281000 33
1282000 33
1283000 33
1284000 33
1285000 33
1286000 33
1287000 33
1288000 33
1289000 33
1290000 33
1291000 33
1292000 33
1293000 33
1294000 33
1295000 33
1296000 33
1297000 33
1298000 33
1299000 33
1300000 33
1301000 33
1302000 33
1303000 34
1304000 34
1305000 34
1306000 34
1307000 34
1308000 34
1309000 34
1310000 34
1311000 34
1312000 34
1313000 34
1314000 34
1315000 34
1316000 34
1317000 34
1318000 34
1319000 34
1320000 34
1321000 34
1322000 34
1323000 34
1324000 34
1325000 34
1326000 35
1327000 35
1328000 35
1329000 35
1330000 35
1331000 35
1332000 35
1333000 35
1334000 35
1335000 35
1336000 35
1337000 35
1338000 35
1339000 35
1340000 35
1341000 35
1342000 35
1343000 35
1344000 35
1345000 35
1346000 35
1347000 35
1348000 36
1349000 36
1350000 36
1351000 36
1352000 36
1353000 36
1354000 36
1355000 36
1356000 36
1357000 36
1358000 36
1359000 36
1360000 36
1361000 36
1362000 36
1363000 36
1364000 36
1365000 36
1366000 36
1367000 36
1368000 37
1369000 37
1370000 37
1371000 37
1372000 37
1373000 37
1374000 37
1375000 37
1376000 37
1377000 37
1378000 37
1379000 37
1380000 37
1381000 37
1382000 37
1383000 37
1384000 37
1385000 37
1386000 37
1387000 37
1388000 37
1389000 37
1390000 37
1391000 37
1392000 37
1393000 38
1394000 38
1395000 38
1396000 38
1397000 38
1398000 38
1399000 38
1400000 38
1401000 38
1402000 38
1403000 38
1404000 38
1405000 38
1406000 38
1407000 38
1408000 38
1409000 38
1410000 38
1411000 38
1412000 38
1413000 38
1414000 38
1415000 38
1416000 38
1417000 38
1418000 38
1419000 38
1420000 38
1421000 38
1422000 39
1423000 39
1424000 39
1425000 39
1426000 39
1427000 39
1428000 39
1429000 39
1430000 39
1431000 39
1432000 39
1433000 39
1434000 39
1435000 39
1436000 39
1437000 39
1438000 39
1439000 39
1440000 39
1441000 39
1442000 39
1443000 39
1444000 39
1445000 40
1446000 40
1447000 40
1448000 40
1449000 40
1450000 40
1451000 40
1452000 40
1453000 40
1454000 40
1455000 40
1456000 40
1457000 40
1458000 40
1459000 40
1460000 40
1461000 40
1462000 40
1463000 40
1464000 40
1465000 40
1466000 40
1467000 40
1468000 40
1469000 40
1470000 40
1471000 40
1472000 40
1473000 40
1474000 40
1475000 40
1476000 40
1477000 40
1478000 40
1479000 40
1480000 40
1481000 40
1482000 40
1483000 40
1484000 40
1485000 40
1486000 40
1487000 40
1488000 40
1489000 40
1490000 40
1491000 40
1492000 40
1493000 41
1494000 41
1495000 41
1496000 41
1497000 41
1498000 41
1499000 41
1500000 41
1501000 41
1502000 41
1503000 41
1504000 41
1505000 41
1506000 41
1507000 41
1508000 41
1509000 41
1510000 41
1511000 41
1512000 41
1513000 41
1514000 41
1515000 41
1516000 41
1517000 41
1518000 41
1519000 41
1520000 41
1521000 42
1522000 42
1523000 42
1524000 42
1525000 42
1526000 42
1527000 42
1528000 42
1529000 42
1530000 42
1531000 42
1532000 42
1533000 42
1534000 42
1535000 42
1536000 42
1537000 42
1538000 42
1539000 42
1540000 42
1541000 43
1542000 43
1543000 43
1544000 43
1545000 43
1546000 43
1547000 43
1548000 43
1549000 43
1550000 43
1551000 43
1552000 43
1553000 43
1554000 43
1555000 43
1556000 43
1557000 43
1558000 43
1559000 44
1560000 44
1561000 44
1562000 44
1563000 44
1564000 44
1565000 44
1566000 44
1567000 44
1568000 44
1569000 44
1570000 44
1571000 44
1572000 44
1573000 44
1574000 44
1575000 44
1576000 44
1577000 44
1578000 44
1579000 45
1580000 45
1581000 45
1582000 45
1583000 45
1584000 45
1585000 45
1586000 45
1587000 45
1588000 45
1589000 45
1590000 45
1591000 45
1592000 45
1593000 45
1594000 45
1595000 45
1596000 45
1597000 45
1598000 45
1599000 45
1600000 45
1601000 45
1602000 45
1603000 45
1604000 46
1605000 46
1606000 46
1607000 46
1608000 46
1609000 46
1610000 46
1611000 46
1612000 46
1613000 46
1614000 46
1615000 46
1616000 46
1617000 46
1618000 46
1619000 46
1620000 46
1621000 46
1622000 46
1623000 46
1624000 46
1625000 46
1626000 47
1627000 47
1628000 47
1629000 47
1630000 47
1631000 47
1632000 47
1633000 47
1634000 47
1635000 47
1636000 47
1637000 47
1638000 47
1639000 47
1640000 47
1641000 47
1642000 47
1643000 47
1644000 48
1645000 48
1646000 48
1647000 48
1648000 48
1649000 48
1650000 48
1651000 48
1652000 48
1653000 48
1654000 48
1655000 48
1656000 48
1657000 48
1658000 48
1659000 48
1660000 48
1661000 48
1662000 48
1663000 48
1664000 49
1665000 49
1666000 49
1667000 49
1668000 49
1669000 49
1670000 49
1671000 49
1672000 49
1673000 49
1674000 49
1675000 49
1676000 49
1677000 49
1678000 49
1679000 49
1680000 49
1681000 49
1682000 49
1683000 50
1684000 50
1685000 50
1686000 50
1687000 50
1688000 50
1689000 50
1690000 50
1691000 50
1692000 50
1693000 50
1694000 50
1695000 50
1696000 50
1697000 50
1698000 50
1699000 50
1700000 50
1701000 50
1702000 51
1703000 51
1704000 51
1705000 51
1706000 51
1707000 51
1708000 51
1709000 51
1710000 51
1711000 51
1712000 51
1713000 51
1714000 51
1715000 51
1716000 51
1717000 51
1718000 51
1719000 51
1720000 51
1721000 51
1722000 51
1723000 51
1724000 51
1725000 51
1726000 51
1727000 51
1728000 52
1729000 52
1730000 52
1731000 52
1732000 52
1733000 52
1734000 52
1735000 52
1736000 52
1737000 52
1738000 52
1739000 52
1740000 52
1741000 52
1742000 52
1743000 52
1744000 52
1745000 52
1746000 52
1747000 52
1748000 52
1749000 52
1750000 53
1751000 53
1752000 53
1753000 53
1754000 53
1755000 53
1756000 53
1757000 53
1758000 53
1759000 53
1760000 53
1761000 53
1762000 53
1763000 53
1764000 53
1765000 53
1766000 53
1767000 53
1768000 53
1769000 54
1770000 54
1771000 54
1772000 54
1773000 54
1774000 54
1775000 54
1776000 54
1777000 54
1778000 54
1779000 54
1780000 54
1781000 54
1782000 54
1783000 54
1784000 54
1785000 54
1786000 54
1787000 54
1788000 54
1789000 54
1790000 54
1791000 55
1792000 55
1793000 55
1794000 55
1795000 55
1796000 55
1797000 55
1798000 55
1799000 55
1800000 55
1801000 55
1802000 55
1803000 55
1804000 55
1805000 55
1806000 55
1807000 55
1808000 55
1809000 55
1810000 55
1811000 55
1812000 55
1813000 55
1814000 55
1815000 56
1816000 56
1817000 56
1818000 56
1819000 56
1820000 56
1821000 56
1822000 56
1823000 56
1824000 56
1825000 56
1826000 56
1827000 56
1828000 56
1829000 56
1830000 56
1831000 56
1832000 56
1833000 56
1834000 56
1835000 56
1836000 56
1837000 56
1838000 56
1839000 56
1840000 56
1841000 56
1842000 56
1843000 56
1844000 56
1845000 56
1846000 56
1847000 56
1848000 56
1849000 56
1850000 56
1851000 56
1852000 57
1853000 57
1854000 57
1855000 57
1856000 57
1857000 57
1858000 57
1859000 57
1860000 57
1861000 57
1862000 57
1863000 57
1864000 57
1865000 57
1866000 57
1867000 57
1868000 57
1869000 57
1870000 57
1871000 57
1872000 57
1873000 57
1874000 57
1875000 57
1876000 57
1877000 57
1878000 57
1879000 57
1880000 57
1881000 58
1882000 58
1883000 58
1884000 58
1885000 58
1886000 58
1887000 58
1888000 58
1889000 58
1890000 58
1891000 58
1892000 58
1893000 58
1894000 58
1895000 58
1896000 58
1897000 58
1898000 58
1899000 58
1900000 58
1901000 58
1902000 58
1903000 58
1904000 58
1905000 58
1906000 58
1907000 58
1908000 58
1909000 58
1910000 58
1911000 58
1912000 58
1913000 58
1914000 58
1915000 58
1916000 58
1917000 58
1918000 58
1919000 58
1920000 58
1921000 58
1922000 58
1923000 58
1924000 58
1925000 58
1926000 58
1927000 58
1928000 58
1929000 58
1930000 58
1931000 58
1932000 58
1933000 58
1934000 58
1935000 58
1936000 58
1937000 58
1938000 58
1939000 58
1940000 58
1941000 58
1942000 58
1943000 58
1944000 58
1945000 58
1946000 58
1947000 58
1948000 58
1949000 58
1950000 58
1951000 58
1952000 58
1953000 58
1954000 58
1955000 58
1956000 58
1957000 58
1958000 58
1959000 58
1960000 58
1961000 58
1962000 58
1963000 58
1964000 58
1965000 58
1966000 58
1967000 58
1968000 58
1969000 58
1970000 58
1971000 58
1972000 58
1973000 58
1974000 58
1975000 58
1976000 58
1977000 58
1978000 58
1979000 58
1980000 58
1981000 58
1982000 58
1983000 58
1984000 58
1985000 58
1986000 58
1987000 58
1988000 58
1989000 58
1990000 58
1991000 58
1992000 58
1993000 58
1994000 58
1995000 58
1996000 58
1997000 58
1998000 58
1999000 58
2000000 58
2001000 58
2002000 58
2003000 58
2004000 58
2005000 58
2006000 58
2007000 58
2008000 58
2009000 58
2010000 58
2011000 58
2012000 58
2013000 58
2014000 58
2015000 58
2016000 58
2017000 58
2018000 58
2019000 58
2020000 58
2021000 58
2022000 58
2023000 58
2024000 58
2025000 58
2026000 58
2027000 58
2028000 58
2029000 58
2030000 58
2031000 58
2032000 58
2033000 58
2034000 58
2035000 58
2036000 58
2037000 58
2038000 58
2039000 58
2040000 58
2041000 58
2042000 58
2043000 58
2044000 58
2045000 58
2046000 58
2047000 58
2048000 58
2049000 58
2050000 58
2051000 58
2052000 58
2053000 58
2054000 58
2055000 59
2056000 59
2057000 59
2058000 59
2059000 59
2060000 59
2061000 59
2062000 59
2063000 59
2064000 59
2065000 59
2066000 59
2067000 59
2068000 59
2069000 59
2070000 59
2071000 59
2072000 59
2073000 59
2074000 59
2075000 59
2076000 59
2077000 59
2078000 59
2079000 59
2080000 59
2081000 59
2082000 59
2083000 60
2084000 60
2085000 60
2086000 60
2087000 60
2088000 60
2089000 60
2090000 60
2091000 60
2092000 60
2093000 60
2094000 60
2095000 60
2096000 60
2097000 60
2098000 60
2099000 60
2100000 60
2101000 60
2102000 60
2103000 60
2104000 60
2105000 60
2106000 60
2107000 60
2108000 60
2109000 60
2110000 60
2111000 60
2112000 60
2113000 60
2114000 60
2115000 60
2116000 60
2117000 60
2118000 60
2119000 60
2120000 60
2121000 60
2122000 60
2123000 60
2124000 60
2125000 60
2126000 60
2127000 60
2128000 60
2129000 60
2130000 60
2131000 60
2132000 60
2133000 60
2134000 60
2135000 60
2136000 60
2137000 60
2138000 60
2139000 60
2140000 60
2141000 60
2142000 60
2143000 60
2144000 60
2145000 60
2146000 60
2147000 60
2148000 60
2149000 60
2150000 60
2151000 60
2152000 60
2153000 60
2154000 60
2155000 60
2156000 60
2157000 60
2158000 60
2159000 60
2160000 60
2161000 60
2162000 60
2163000 60
2164000 60
2165000 60
2166000 60
2167000 60
2168000 60
2169000 60
2170000 60
2171000 60
2172000 60
2173000 60
2174000 60
2175000 60
2176000 60
2177000 60
2178000 60
2179000 60
2180000 60
2181000 60
2182000 60
2183000 60
2184000 60
2185000 60
2186000 60
2187000 60
2188000 60
2189000 60
2190000 60
2191000 60
2192000 60
2193000 60
2194000 60
2195000 60
2196000 60
2197000 60
2198000 60
2199000 60
2200000 60
2201000 60
2202000 60
2203000 60
2204000 60
2205000 60
2206000 60
2207000 60
2208000 60
2209000 60
2210000 60
2211000 60
2212000 60
2213000 60
2214000 60
2215000 60
2216000 60
2217000 60
2218000 60
2219000 60
2220000 60
2221000 60
2222000 60
2223000 60
2224000 60
2225000 60
2226000 60
2227000 60
2228000 60
2229000 60
2230000 60
2231000 60
2232000 60
2233000 61
2234000 61
2235000 61
2236000 61
2237000 61
2238000 61
2239000 61
2240000 61
2241000 61
2242000 61
2243000 61
2244000 61
2245000 61
2246000 61
2247000 61
2248000 61
2249000 61
2250000 61
2251000 61
2252000 61
2253000 61
2254000 61
2255000 61
2256000 61
2257000 61
2258000 61
2259000 61
2260000 62
2261000 62
2262000 62
2263000 62
2264000 62
2265000 62
2266000 62
2267000 62
2268000 62
2269000 62
2270000 62
2271000 62
2272000 62
2273000 62
2274000 62
2275000 62
2276000 62
2277000 62
2278000 62
2279000 62
2280000 62
2281000 62
2282000 62
2283000 62
2284000 62
2285000 62
2286000 63
2287000 63
2288000 63
2289000 63
2290000 63
2291000 63
2292000 63
2293000 63
2294000 63
2295000 63
2296000 63
2297000 63
2298000 63
2299000 63
2300000 63
2301000 63
2302000 63
2303000 63
2304000 63
2305000 63
2306000 63
2307000 63
2308000 63
2309000 63
2310000 63
2311000 63
2312000 64
2313000 64
2314000 64
2315000 64
2316000 64
2317000 64
2318000 64
2319000 64
2320000 64
2321000 64
2322000 64
2323000 64
2324000 64
2325000 64
2326000 64
2327000 64
2328000 64
2329000 64
2330000 64
2331000 64
2332000 64
2333000 64
2334000 64
2335000 64
2336000 64
2337000 65
2338000 65
2339000 65
2340000 65
2341000 65
2342000 65
2343000 65
2344000 65
2345000 65
2346000 65
2347000 65
2348000 65
2349000 65
2350000 65
2351000 65
2352000 65
2353000 65
2354000 65
2355000 65
2356000 65
2357000 65
2358000 65
2359000 65
2360000 65
2361000 65
2362000 65
2363000 65
2364000 66
2365000 66
2366000 66
2367000 66
2368000 66
2369000 66
2370000 66
2371000 66
2372000 66
2373000 66
2374000 66
2375000 66
2376000 66
2377000 66
2378000 66
2379000 66
2380000 66
2381000 66
2382000 66
2383000 66
2384000 66
2385000 66
2386000 66
2387000 66
2388000 66
2389000 66
2390000 66
2391000 66
2392000 66
2393000 66
2394000 67
2395000 67
2396000 67
2397000 67
2398000 67
2399000 67
2400000 67
2401000 67
2402000 67
2403000 67
2404000 67
2405000 67
2406000 67
2407000 67
2408000 67
2409000 67
2410000 67
2411000 67
2412000 67
2413000 67
2414000 67
2415000 67
2416000 67
2417000 67
2418000 67
2419000 67
2420000 67
2421000 67
2422000 67
2423000 67
2424000 68
2425000 68
2426000 68
2427000 68
2428000 68
2429000 68
2430000 68
2431000 68
2432000 68
2433000 68
2434000 68
2435000 68
2436000 68
2437000 68
2438000 68
2439000 68
2440000 68
2441000 68
2442000 68
2443000 68
2444000 68
2445000 68
2446000 68
2447000 68
2448000 68
2449000 68
2450000 68
2451000 69
2452000 69
2453000 69
2454000 69
2455000 69
2456000 69
2457000 69
2458000 69
2459000 69
2460000 69
2461000 69
2462000 69
2463000 69
2464000 69
2465000 69
2466000 69
2467000 69
2468000 69
2469000 69
2470000 69
2471000 69
2472000 69
2473000 69
2474000 69
2475000 69
2476000 69
2477000 69
2478000 69
2479000 69
2480000 69
2481000 69
2482000 70
2483000 70
2484000 70
2485000 70
2486000 70
2487000 70
2488000 70
2489000 70
2490000 70
2491000 70
2492000 70
2493000 70
2494000 70
2495000 70
2496000 70
2497000 70
2498000 70
2499000 70
2500000 70
2501000 70
2502000 70
2503000 70
2504000 70
2505000 70
2506000 71
2507000 71
2508000 71
2509000 71
2510000 71
2511000 71
2512000 71
2513000 71
2514000 71
2515000 71
2516000 71
2517000 71
2518000 71
2519000 71
2520000 71
2521000 71
2522000 71
2523000 71
2524000 71
2525000 71
2526000 71
2527000 71
2528000 71
2529000 71
2530000 71
2531000 71
2532000 71
2533000 72
2534000 72
2535000 72
2536000 72
2537000 72
2538000 72
2539000 72
2540000 72
2541000 72
2542000 72
2543000 72
2544000 72
2545000 72
2546000 72
2547000 72
2548000 72
2549000 72
2550000 72
2551000 72
2552000 72
2553000 72
2554000 72
2555000 72
2556000 72
2557000 72
2558000 72
2559000 72
2560000 72
2561000 72
2562000 73
2563000 73
2564000 73
2565000 73
2566000 73
2567000 73
2568000 73
2569000 73
2570000 73
2571000 73
2572000 73
2573000 73
2574000 73
2575000 73
2576000 73
2577000 73
2578000 73
2579000 73
2580000 73
2581000 73
2582000 73
2583000 73
2584000 74
2585000 74
2586000 74
2587000 74
2588000 74
2589000 74
2590000 74
2591000 74
2592000 74
2593000 74
2594000 74
2595000 74
2596000 74
2597000 74
2598000 74
2599000 74
2600000 74
2601000 74
2602000 74
2603000 74
2604000 74
2605000 74
2606000 74
2607000 74
2608000 74
2609000 74
2610000 74
2611000 74
2612000 74
2613000 75
2614000 75
2615000 75
2616000 75
2617000 75
2618000 75
2619000 75
2620000 75
2621000 75
2622000 75
2623000 75
2624000 75
2625000 75
2626000 75
2627000 75
2628000 75
2629000 75
2630000 75
2631000 75
2632000 75
2633000 75
2634000 75
2635000 75
2636000 75
2637000 75
2638000 75
2639000 75
2640000 75
2641000 75
2642000 75
2643000 75
2644000 76
2645000 76
2646000 76
2647000 76
2648000 76
2649000 76
2650000 76
2651000 76
2652000 76
2653000 76
2654000 76
2655000 76
2656000 76
2657000 76
2658000 76
2659000 76
2660000 76
2661000 76
2662000 76
2663000 76
2664000 76
2665000 76
2666000 76
2667000 76
2668000 76
2669000 76
2670000 76
2671000 76
2672000 76
2673000 76
2674000 76
2675000 76
2676000 76
2677000 76
2678000 76
2679000 76
2680000 77
2681000 77
2682000 77
2683000 77
2684000 77
2685000 77
2686000 77
2687000 77
2688000 77
2689000 77
2690000 77
2691000 77
2692000 77
2693000 77
2694000 77
2695000 77
2696000 77
2697000 77
2698000 77
2699000 77
2700000 77
2701000 77
2702000 77
2703000 77
2704000 77
2705000 77
2706000 77
2707000 77
2708000 78
2709000 78
2710000 78
2711000 78
2712000 78
2713000 78
2714000 78
2715000 78
2716000 78
2717000 78
2718000 78
2719000 78
2720000 78
2721000 78
2722000 78
2723000 78
2724000 78
2725000 78
2726000 78
2727000 78
2728000 78
2729000 78
2730000 78
2731000 78
2732000 78
2733000 79
2734000 79
2735000 79
2736000 79
2737000 79
2738000 79
2739000 79
2740000 79
2741000 79
2742000 79
2743000 79
2744000 79
2745000 79
2746000 79
2747000 79
2748000 79
2749000 79
2750000 79
2751000 79
2752000 79
2753000 79
2754000 79
2755000 79
2756000 79
2757000 79
2758000 79
2759000 79
2760000 79
2761000 80
2762000 80
2763000 80
2764000 80
2765000 80
2766000 80
2767000 80
2768000 80
2769000 80
2770000 80
2771000 80
2772000 80
2773000 80
2774000 80
2775000 80
2776000 80
2777000 80
2778000 80
2779000 80
2780000 80
2781000 80
2782000 80
2783000 80
2784000 80
2785000 80
2786000 81
2787000 81
2788000 81
2789000 81
2790000 81
2791000 81
2792000 81
2793000 81
2794000 81
2795000 81
2796000 81
2797000 81
2798000 81
2799000 81
2800000 81
2801000 81
2802000 81
2803000 81
2804000 81
2805000 81
2806000 81
2807000 81
2808000 81
2809000 81
2810000 82
2811000 82
2812000 82
2813000 82
2814000 82
2815000 82
2816000 82
2817000 82
2818000 82
2819000 82
2820000 82
2821000 82
2822000 82
2823000 82
2824000 82
2825000 82
2826000 82
2827000 82
2828000 82
2829000 82
2830000 82
2831000 82
2832000 82
2833000 83
2834000 83
2835000 83
2836000 83
2837000 83
2838000 83
2839000 83
2840000 83
2841000 83
2842000 83
2843000 83
2844000 83
2845000 83
2846000 83
2847000 83
2848000 83
2849000 83
2850000 83
2851000 83
2852000 83
2853000 83
2854000 83
2855000 83
2856000 83
2857000 83
2858000 84
2859000 84
2860000 84
2861000 84
2862000 84
2863000 84
2864000 84
2865000 84
2866000 84
2867000 84
2868000 84
2869000 84
2870000 84
2871000 84
2872000 84
2873000 84
2874000 84
2875000 84
2876000 84
2877000 84
2878000 84
2879000 84
2880000 84
2881000 84
2882000 84
2883000 85
2884000 85
2885000 85
2886000 85
2887000 85
2888000 85
2889000 85
2890000 85
2891000 85
2892000 85
2893000 85
2894000 85
2895000 85
2896000 85
2897000 85
2898000 85
2899000 85
2900000 85
2901000 85
2902000 85
2903000 86
2904000 86
2905000 86
2906000 86
2907000 86
2908000 86
2909000 86
2910000 86
2911000 86
2912000 86
2913000 86
2914000 86
2915000 86
2916000 86
2917000 86
2918000 86
2919000 86
2920000 86
2921000 86
2922000 86
2923000 86
2924000 86
2925000 87
2926000 87
2927000 87
2928000 87
2929000 87
2930000 87
2931000 87
2932000 87
2933000 87
2934000 87
2935000 87
2936000 87
2937000 87
2938000 87
2939000 87
2940000 87
2941000 87
2942000 87
2943000 87
2944000 87
2945000 87
2946000 87
2947000 87
2948000 87
2949000 87
2950000 87
2951000 87
2952000 87
2953000 87
2954000 87
2955000 88
2956000 88
2957000 88
2958000 88
2959000 88
2960000 88
2961000 88
2962000 88
2963000 88
2964000 88
2965000 88
2966000 88
2967000 88
2968000 88
2969000 88
2970000 88
2971000 88
2972000 88
2973000 88
2974000 88
2975000 88
2976000 88
2977000 88
2978000 89
2979000 89
2980000 89
2981000 89
2982000 89
2983000 89
2984000 89
2985000 89
2986000 89
2987000 89
2988000 89
2989000 89
2990000 89
2991000 89
2992000 89
2993000 89
2994000 89
2995000 89
2996000 89
2997000 89
2998000 89
2999000 89
3000000 89
3001000 89
3002000 89
3003000 89
3004000 89
3005000 89
3006000 89
3007000 90
3008000 90
3009000 90
3010000 90
3011000 90
3012000 90
3013000 90
3014000 90
3015000 90
3016000 90
3017000 90
3018000 90
3019000 90
3020000 90
3021000 90
3022000 90
3023000 90
3024000 90
3025000 90
3026000 90
3027000 90
3028000 90
3029000 90
3030000 90
3031000 90
3032000 90
3033000 91
3034000 91
3035000 91
3036000 91
3037000 91
3038000 91
3039000 91
3040000 91
3041000 91
3042000 91
3043000 91
3044000 91
3045000 91
3046000 91
3047000 91
3048000 91
3049000 91
3050000 91
3051000 91
3052000 91
3053000 91
3054000 92
3055000 92
3056000 92
3057000 92
3058000 92
3059000 92
3060000 92
3061000 92
3062000 92
3063000 92
3064000 92
3065000 92
3066000 92
3067000 92
3068000 92
3069000 92
3070000 92
3071000 92
3072000 92
3073000 92
3074000 92
3075000 92
3076000 92
3077000 92
3078000 93
3079000 93
3080000 93
3081000 93
3082000 93
3083000 93
3084000 93
3085000 93
3086000 93
3087000 93
3088000 93
3089000 93
3090000 93
3091000 93
3092000 93
3093000 93
3094000 93
3095000 93
3096000 93
3097000 93
3098000 93
3099000 93
3100000 93
3101000 93
3102000 93
3103000 93
3104000 94
3105000 94
3106000 94
3107000 94
3108000 94
3109000 94
3110000 94
3111000 94
3112000 94
3113000 94
3114000 94
3115000 94
3116000 94
3117000 94
3118000 94
3119000 94
3120000 94
3121000 94
3122000 94
3123000 94
3124000 94
3125000 94
3126000 94
3127000 94
3128000 94
3129000 94
3130000 94
3131000 94
3132000 94
3133000 94
3134000 94
3135000 95
3136000 95
3137000 95
3138000 95
3139000 95
3140000 95
3141000 95
3142000 95
3143000 95
3144000 95
3145000 95
3146000 95
3147000 95
3148000 95
3149000 95
3150000 95
3151000 95
3152000 95
3153000 95
3154000 95
3155000 95
3156000 95
3157000 95
3158000 95
3159000 95
3160000 95
3161000 96
3162000 96
3163000 96
3164000 96
3165000 96
3166000 96
3167000 96
3168000 96
3169000 96
3170000 96
3171000 96
3172000 96
3173000 96
3174000 96
3175000 96
3176000 96
3177000 96
3178000 96
3179000 96
3180000 96
3181000 96
3182000 96
3183000 97
3184000 97
3185000 97
3186000 97
3187000 97
3188000 97
3189000 97
3190000 97
3191000 97
3192000 97
3193000 97
3194000 97
3195000 97
3196000 97
3197000 97
3198000 97
3199000 97
3200000 97
3201000 97
3202000 97
3203000 97
3204000 97
3205000 97
3206000 97
3207000 97
3208000 97
3209000 97
3210000 97
3211000 98
3212000 98
3213000 98
3214000 98
3215000 98
3216000 98
3217000 98
3218000 98
3219000 98
3220000 98
3221000 98
3222000 98
3223000 98
3224000 98
3225000 98
3226000 98
3227000 98
3228000 98
3229000 98
3230000 98
3231000 98
3232000 98
3233000 98
3234000 98
3235000 98
3236000 98
3237000 98
3238000 98
3239000 98
3240000 98
3241000 98
3242000 98
3243000 98
3244000 98
3245000 99
3246000 99
3247000 99
3248000 99
3249000 99
3250000 99
3251000 99
3252000 99
3253000 99
3254000 99
3255000 99
3256000 99
3257000 99
3258000 99
3259000 99
3260000 99
3261000 99
3262000 99
3263000 99
3264000 99
3265000 99
3266000 99
3267000 99
3268000 99
3269000 99
3270000 99
3271000 99
3272000 99
3273000 99
3274000 99
3275000 99
3276000 99
3277000 99
3278000 99
3279000 99
3280000 99
3281000 99
3282000 100
3283000 100
3284000 100
3285000 100
3286000 100
3287000 100
3288000 100
3289000 100
3290000 100
3291000 100
3292000 100
3293000 100
3294000 100
3295000 100
3296000 100
3297000 100
3298000 100
3299000 100
3300000 100
3301000 100
3302000 100
3303000 100
3304000 100
3305000 100
3306000 100
3307000 100
3308000 100
3309000 100
3310000 101
3311000 101
3312000 101
3313000 101
3314000 101
3315000 101
3316000 101
3317000 101
3318000 101
3319000 101
3320000 101
3321000 101
3322000 101
3323000 101
3324000 101
3325000 101
3326000 101
3327000 101
3328000 101
3329000 101
3330000 101
3331000 101
3332000 101
3333000 101
3334000 101
3335000 101
3336000 101
3337000 101
3338000 101
3339000 101
3340000 101
3341000 101
3342000 101
3343000 101
3344000 101
3345000 101
3346000 101
3347000 101
3348000 101
3349000 101
3350000 101
3351000 101
3352000 101
3353000 101
3354000 101
3355000 101
3356000 101
3357000 101
3358000 101
3359000 101
3360000 101
3361000 102
3362000 102
3363000 102
3364000 102
3365000 102
3366000 102
3367000 102
3368000 102
3369000 102
3370000 102
3371000 102
3372000 102
3373000 102
3374000 102
3375000 102
3376000 102
3377000 102
3378000 102
3379000 102
3380000 102
3381000 102
3382000 102
3383000 102
3384000 102
3385000 102
3386000 102
3387000 102
3388000 102
3389000 102
3390000 102
3391000 102
3392000 102
3393000 102
3394000 102
3395000 102
3396000 102
3397000 102
3398000 102
3399000 102
3400000 102
3401000 102
3402000 102
3403000 102
3404000 102
3405000 102
3406000 102
3407000 102
3408000 102
3409000 102
3410000 102
3411000 102
3412000 102
3413000 102
3414000 102
3415000 102
3416000 103
3417000 103
3418000 103
3419000 103
3420000 103
3421000 103
3422000 103
3423000 103
3424000 103
3425000 103
3426000 103
3427000 103
3428000 103
3429000 103
3430000 103
3431000 103
3432000 103
3433000 103
3434000 103
3435000 103
3436000 103
3437000 103
3438000 103
3439000 103
3440000 103
3441000 103
3442000 103
3443000 104
3444000 104
3445000 104
3446000 104
3447000 104
3448000 104
3449000 104
3450000 104
3451000 104
3452000 104
3453000 104
3454000 104
3455000 104
3456000 104
3457000 104
3458000 104
3459000 104
3460000 104
3461000 104
3462000 104
3463000 104
3464000 104
3465000 104
3466000 104
3467000 104
3468000 104
3469000 104
3470000 104
3471000 104
3472000 104
3473000 104
3474000 104
3475000 105
3476000 105
3477000 105
3478000 105
3479000 105
3480000 105
3481000 105
3482000 105
3483000 105
3484000 105
3485000 105
3486000 105
3487000 105
3488000 105
3489000 105
3490000 105
3491000 105
3492000 105
3493000 105
3494000 105
3495000 105
3496000 105
3497000 105
3498000 105
3499000 105
3500000 105
3501000 105
3502000 105
3503000 106
3504000 106
3505000 106
3506000 106
3507000 106
3508000 106
3509000 106
3510000 106
3511000 106
3512000 106
3513000 106
3514000 106
3515000 106
3516000 106
3517000 106
3518000 106
3519000 106
3520000 106
3521000 106
3522000 106
3523000 106
3524000 106
3525000 106
3526000 106
3527000 106
3528000 106
3529000 106
3530000 106
3531000 106
3532000 106
3533000 106
3534000 106
3535000 106
3536000 106
3537000 107
3538000 107
3539000 107
3540000 107
3541000 107
3542000 107
3543000 107
3544000 107
3545000 107
3546000 107
3547000 107
3548000 107
3549000 107
3550000 107
3551000 107
3552000 107
3553000 107
3554000 107
3555000 107
3556000 107
3557000 107
3558000 107
3559000 107
3560000 107
3561000 107
3562000 108
3563000 108
3564000 108
3565000 108
3566000 108
3567000 108
3568000 108
3569000 108
3570000 108
3571000 108
3572000 108
3573000 108
3574000 108
3575000 108
3576000 108
3577000 108
3578000 108
3579000 108
3580000 108
3581000 108
3582000 108
3583000 108
3584000 108
3585000 108
3586000 108
3587000 108
3588000 108
3589000 108
3590000 109
3591000 109
3592000 109
3593000 109
3594000 109
3595000 109
3596000 109
3597000 109
3598000 109
3599000 109
3600000 109
3601000 109
3602000 109
3603000 109
3604000 109
3605000 109
3606000 109
3607000 109
3608000 109
3609000 109
3610000 109
3611000 109
3612000 109
3613000 109
3614000 109
3615000 109
3616000 109
3617000 109
3618000 109
3619000 109
3620000 109
3621000 110
3622000 110
3623000 110
3624000 110
3625000 110
3626000 110
3627000 110
3628000 110
3629000 110
3630000 110
3631000 110
3632000 110
3633000 110
3634000 110
3635000 110
3636000 110
3637000 110
3638000 110
3639000 110
3640000 110
3641000 110
3642000 110
3643000 110
3644000 110
3645000 110
3646000 110
3647000 110
3648000 110
3649000 110
3650000 110
3651000 110
3652000 110
3653000 110
3654000 111
3655000 111
3656000 111
3657000 111
3658000 111
3659000 111
3660000 111
3661000 111
3662000 111
3663000 111
3664000 111
3665000 111
3666000 111
3667000 111
3668000 111
3669000 111
3670000 111
3671000 111
3672000 111
3673000 111
3674000 111
3675000 111
3676000 111
3677000 111
3678000 111
3679000 112
3680000 112
3681000 112
3682000 112
3683000 112
3684000 112
3685000 112
3686000 112
3687000 112
3688000 112
3689000 112
3690000 112
3691000 112
3692000 112
3693000 112
3694000 112
3695000 112
3696000 112
3697000 112
3698000 112
3699000 112
3700000 112
3701000 112
3702000 112
3703000 112
3704000 113
3705000 113
3706000 113
3707000 113
3708000 113
3709000 113
3710000 113
3711000 113
3712000 113
3713000 113
3714000 113
3715000 113
3716000 113
3717000 113
3718000 113
3719000 113
3720000 113
3721000 113
3722000 113
3723000 113
3724000 113
3725000 113
3726000 113
3727000 113
3728000 113
3729000 113
3730000 113
3731000 113
3732000 113
3733000 114
3734000 114
3735000 114
3736000 114
3737000 114
3738000 114
3739000 114
3740000 114
3741000 114
3742000 114
3743000 114
3744000 114
3745000 114
3746000 114
3747000 114
3748000 114
3749000 114
3750000 114
3751000 114
3752000 114
3753000 114
3754000 114
3755000 114
3756000 114
3757000 114
3758000 114
3759000 114
3760000 114
3761000 114
3762000 114
3763000 114
3764000 114
3765000 115
3766000 115
3767000 115
3768000 115
3769000 115
3770000 115
3771000 115
3772000 115
3773000 115
3774000 115
3775000 115
3776000 115
3777000 115
3778000 115
3779000 115
3780000 115
3781000 115
3782000 115
3783000 115
3784000 115
3785000 115
3786000 115
3787000 115
3788000 115
3789000 115
3790000 115
3791000 115
3792000 115
3793000 115
3794000 116
3795000 116
3796000 116
3797000 116
3798000 116
3799000 116
3800000 116
3801000 116
3802000 116
3803000 116
3804000 116
3805000 116
3806000 116
3807000 116
3808000 116
3809000 116
3810000 116
3811000 116
3812000 116
3813000 116
3814000 116
3815000 116
3816000 116
3817000 116
3818000 116
3819000 116
3820000 116
3821000 116
3822000 116
3823000 117
3824000 117
3825000 117
3826000 117
3827000 117
3828000 117
3829000 117
3830000 117
3831000 117
3832000 117
3833000 117
3834000 117
3835000 117
3836000 117
3837000 117
3838000 117
3839000 117
3840000 117
3841000 117
3842000 117
3843000 117
3844000 117
3845000 117
3846000 117
3847000 117
3848000 117
3849000 117
3850000 117
3851000 117
3852000 117
3853000 117
3854000 117
3855000 118
3856000 118
3857000 118
3858000 118
3859000 118
3860000 118
3861000 118
3862000 118
3863000 118
3864000 118
3865000 118
3866000 118
3867000 118
3868000 118
3869000 118
3870000 118
3871000 118
3872000 118
3873000 118
3874000 118
3875000 118
3876000 118
3877000 118
3878000 118
3879000 118
3880000 118
3881000 118
3882000 118
3883000 118
3884000 119
3885000 119
3886000 119
3887000 119
3888000 119
3889000 119
3890000 119
3891000 119
3892000 119
3893000 119
3894000 119
3895000 119
3896000 119
3897000 119
3898000 119
3899000 119
3900000 119
3901000 119
3902000 119
3903000 119
3904000 119
3905000 119
3906000 119
3907000 119
3908000 119
3909000 119
3910000 119
3911000 119
3912000 120
3913000 120
3914000 120
3915000 120
3916000 120
3917000 120
3918000 120
3919000 120
3920000 120
3921000 120
3922000 120
3923000 120
3924000 120
3925000 120
3926000 120
3927000 120
3928000 120
3929000 120
3930000 120
3931000 120
3932000 120
3933000 120
3934000 120
3935000 120
3936000 120
3937000 120
3938000 120
3939000 120
3940000 120
3941000 120
3942000 120
3943000 121
3944000 121
3945000 121
3946000 121
3947000 121
3948000 121
3949000 121
3950000 121
3951000 121
3952000 121
3953000 121
3954000 121
3955000 121
3956000 121
3957000 121
3958000 121
3959000 121
3960000 121
3961000 121
3962000 121
3963000 121
3964000 121
3965000 121
3966000 121
3967000 121
3968000 121
3969000 122
3970000 122
3971000 122
3972000 122
3973000 122
3974000 122
3975000 122
3976000 122
3977000 122
3978000 122
3979000 122
3980000 122
3981000 122
3982000 122
3983000 122
3984000 122
3985000 122
3986000 122
3987000 122
3988000 122
3989000 122
3990000 122
3991000 122
3992000 122
3993000 122
3994000 123
3995000 123
3996000 123
3997000 123
3998000 123
3999000 123
4000000 123
4001000 123
4002000 123
4003000 123
4004000 123
4005000 123
4006000 123
4007000 123
4008000 123
4009000 123
4010000 123
4011000 123
4012000 123
4013000 123
4014000 123
4015000 123
4016000 123
4017000 123
4018000 123
4019000 123
4020000 123
4021000 123
4022000 123
4023000 123
4024000 123
4025000 123
4026000 124
4027000 124
4028000 124
4029000 124
4030000 124
4031000 124
4032000 124
4033000 124
4034000 124
4035000 124
4036000 124
4037000 124
4038000 124
4039000 124
4040000 124
4041000 124
4042000 124
4043000 124
4044000 124
4045000 124
4046000 124
4047000 124
4048000 124
4049000 124
4050000 125
4051000 125
4052000 125
4053000 125
4054000 125
4055000 125
4056000 125
4057000 125
4058000 125
4059000 125
4060000 125
4061000 125
4062000 125
4063000 125
4064000 125
4065000 125
4066000 125
4067000 125
4068000 125
4069000 125
4070000 125
4071000 125
4072000 125
4073000 125
4074000 125
4075000 126
4076000 126
4077000 126
4078000 126
4079000 126
4080000 126
4081000 126
4082000 126
4083000 126
4084000 126
4085000 126
4086000 126
4087000 126
4088000 126
4089000 126
4090000 126
4091000 126
4092000 126
4093000 126
4094000 126
4095000 126
4096000 126
4097000 126
4098000 126
4099000 126
4100000 126
4101000 126
4102000 126
4103000 126
4104000 126
4105000 126
4106000 126
4107000 126
4108000 126
4109000 126
4110000 126
4111000 126
4112000 126
4113000 127
4114000 127
4115000 127
4116000 127
4117000 127
4118000 127
4119000 127
4120000 127
4121000 127
4122000 127
4123000 127
4124000 127
4125000 127
4126000 127
4127000 127
4128000 127
4129000 127
4130000 127
4131000 127
4132000 127
4133000 127
4134000 127
4135000 127
4136000 127
4137000 127
4138000 127
4139000 127
4140000 127
4141000 128
4142000 128
4143000 128
4144000 128
4145000 128
4146000 128
4147000 128
4148000 128
4149000 128
4150000 128
4151000 128
4152000 128
4153000 128
4154000 128
4155000 128
4156000 128
4157000 128
4158000 128
4159000 128
4160000 128
4161000 128
4162000 128
4163000 128
4164000 128
4165000 128
4166000 128
4167000 128
4168000 128
4169000 128
4170000 128
4171000 128
4172000 129
4173000 129
4174000 129
4175000 129
4176000 129
4177000 129
4178000 129
4179000 129
4180000 129
4181000 129
4182000 129
4183000 129
4184000 129
4185000 129
4186000 129
4187000 129
4188000 129
4189000 129
4190000 129
4191000 129
4192000 129
4193000 129
4194000 129
4195000 129
4196000 129
4197000 129
4198000 129
4199000 129
4200000 129
4201000 129
4202000 129
4203000 129
4204000 129
4205000 129
4206000 130
4207000 130
4208000 130
4209000 130
4210000 130
4211000 130
4212000 130
4213000 130
4214000 130
4215000 130
4216000 130
4217000 130
4218000 130
4219000 130
4220000 130
4221000 130
4222000 130
4223000 130
4224000 130
4225000 130
4226000 130
4227000 130
4228000 130
4229000 130
4230000 130
4231000 130
4232000 130
4233000 130
4234000 130
4235000 130
4236000 131
4237000 131
4238000 131
4239000 131
4240000 131
4241000 131
4242000 131
4243000 131
4244000 131
4245000 131
4246000 131
4247000 131
4248000 131
4249000 131
4250000 131
4251000 131
4252000 131
4253000 131
4254000 131
4255000 131
4256000 131
4257000 131
4258000 131
4259000 131
4260000 131
4261000 131
4262000 131
4263000 131
4264000 131
4265000 131
4266000 131
4267000 131
4268000 131
4269000 131
4270000 131
4271000 131
4272000 131
4273000 131
4274000 131
4275000 131
4276000 131
4277000 132
4278000 132
4279000 132
4280000 132
4281000 132
4282000 132
4283000 132
4284000 132
4285000 132
4286000 132
4287000 132
4288000 132
4289000 132
4290000 132
4291000 132
4292000 132
4293000 132
4294000 132
4295000 132
4296000 132
4297000 132
4298000 132
4299000 132
4300000 132
4301000 132
4302000 132
4303000 132
4304000 132
4305000 132
4306000 132
4307000 132
4308000 132
4309000 132
4310000 132
4311000 132
4312000 133
4313000 133
4314000 133
4315000 133
4316000 133
4317000 133
4318000 133
4319000 133
4320000 133
4321000 133
4322000 133
4323000 133
4324000 133
4325000 133
4326000 133
4327000 133
4328000 133
4329000 133
4330000 133
4331000 133
4332000 133
4333000 133
4334000 133
4335000 133
4336000 133
4337000 133
4338000 133
4339000 133
4340000 133
4341000 133
4342000 133
4343000 133
4344000 133
4345000 133
4346000 133
4347000 133
4348000 133
4349000 133
4350000 134
4351000 134
4352000 134
4353000 134
4354000 134
4355000 134
4356000 134
4357000 134
4358000 134
4359000 134
4360000 134
4361000 134
4362000 134
4363000 134
4364000 134
4365000 134
4366000 134
4367000 134
4368000 134
4369000 134
4370000 134
4371000 134
4372000 134
4373000 134
4374000 134
4375000 134
4376000 134
4377000 134
4378000 134
4379000 134
4380000 135
4381000 135
4382000 135
4383000 135
4384000 135
4385000 135
4386000 135
4387000 135
4388000 135
4389000 135
4390000 135
4391000 135
4392000 135
4393000 135
4394000 135
4395000 135
4396000 135
4397000 135
4398000 135
4399000 135
4400000 135
4401000 135
4402000 135
4403000 135
4404000 135
4405000 135
4406000 135
4407000 135
4408000 135
4409000 135
4410000 135
4411000 135
4412000 136
4413000 136
4414000 136
4415000 136
4416000 136
4417000 136
4418000 136
4419000 136
4420000 136
4421000 136
4422000 136
4423000 136
4424000 136
4425000 136
4426000 136
4427000 136
4428000 136
4429000 136
4430000 136
4431000 136
4432000 136
4433000 136
4434000 136
4435000 136
4436000 136
4437000 136
4438000 136
4439000 136
4440000 136
4441000 136
4442000 136
4443000 136
4444000 136
4445000 136
4446000 136
4447000 136
4448000 136
4449000 136
4450000 136
4451000 136
4452000 136
4453000 136
4454000 136
4455000 136
4456000 136
4457000 137
4458000 137
4459000 137
4460000 137
4461000 137
4462000 137
4463000 137
4464000 137
4465000 137
4466000 137
4467000 137
4468000 137
4469000 137
4470000 137
4471000 137
4472000 137
4473000 137
4474000 137
4475000 137
4476000 137
4477000 137
4478000 137
4479000 137
4480000 137
4481000 137
4482000 137
4483000 137
4484000 137
4485000 137
4486000 137
4487000 137
4488000 137
4489000 137
4490000 137
4491000 137
4492000 137
4493000 137
4494000 137
4495000 137
4496000 137
4497000 137
4498000 137
4499000 137
4500000 137
4501000 137
4502000 137
4503000 137
4504000 137
4505000 137
4506000 137
4507000 137
4508000 137
4509000 137
4510000 137
4511000 137
4512000 137
4513000 137
4514000 137
4515000 137
4516000 137
4517000 137
4518000 137
4519000 137
4520000 137
4521000 137
4522000 137
4523000 137
4524000 137
4525000 137
4526000 137
4527000 137
4528000 137
4529000 137
4530000 137
4531000 137
4532000 137
4533000 137
4534000 137
4535000 137
4536000 137
4537000 137
4538000 137
4539000 137
4540000 137
4541000 138
4542000 138
4543000 138
4544000 138
4545000 138
4546000 138
4547000 138
4548000 138
4549000 138
4550000 138
4551000 138
4552000 138
4553000 138
4554000 138
4555000 138
4556000 138
4557000 138
4558000 138
4559000 138
4560000 138
4561000 138
4562000 138
4563000 138
4564000 138
4565000 138
4566000 138
4567000 138
4568000 138
4569000 138
4570000 138
4571000 138
4572000 138
4573000 138
4574000 138
4575000 138
4576000 138
4577000 138
4578000 138
4579000 138
4580000 138
4581000 138
4582000 138
4583000 138
4584000 138
4585000 138
4586000 138
4587000 138
4588000 138
4589000 138
4590000 138
4591000 138
4592000 138
4593000 138
4594000 138
4595000 138
4596000 138
4597000 138
4598000 138
4599000 138
4600000 138
4601000 138
4602000 138
4603000 138
4604000 138
4605000 138
4606000 138
4607000 138
4608000 138
4609000 138
4610000 138
4611000 138
4612000 138
4613000 138
4614000 138
4615000 138
4616000 138
4617000 138
4618000 138
4619000 138
4620000 138
4621000 138
4622000 138
4623000 138
4624000 138
4625000 138
4626000 138
4627000 138
4628000 138
4629000 138
4630000 138
4631000 138
4632000 138
4633000 138
4634000 138
4635000 138
4636000 138
4637000 138
4638000 138
4639000 138
4640000 138
4641000 138
4642000 138
4643000 138
4644000 138
4645000 138
4646000 138
4647000 138
4648000 138
4649000 138
4650000 138
4651000 138
4652000 138
4653000 138
4654000 138
4655000 138
4656000 138
4657000 138
4658000 138
4659000 138
4660000 138
4661000 138
4662000 138
4663000 138
4664000 138
4665000 138
4666000 138
4667000 138
4668000 138
4669000 138
4670000 138
4671000 138
4672000 138
4673000 138
4674000 138
4675000 138
4676000 138
4677000 138
4678000 138
4679000 138
4680000 138
4681000 138
4682000 138
4683000 138
4684000 138
4685000 138
4686000 138
4687000 138
4688000 138
4689000 138
4690000 138
4691000 138
4692000 138
4693000 138
4694000 138
4695000 138
4696000 138
4697000 138
4698000 138
4699000 138
4700000 138
4701000 138
4702000 138
4703000 138
4704000 138
4705000 138
4706000 138
4707000 138
4708000 138
4709000 138
4710000 138
4711000 138
4712000 138
4713000 138
4714000 138
4715000 138
4716000 138
4717000 138
4718000 138
4719000 138
4720000 138
4721000 138
4722000 138
4723000 138
4724000 138
4725000 138
4726000 138
4727000 138
4728000 138
4729000 138
4730000 138
4731000 138
4732000 138
4733000 138
4734000 138
4735000 138
4736000 138
4737000 138
4738000 138
4739000 138
4740000 138
4741000 138
4742000 138
4743000 138
4744000 138
4745000 138
4746000 138
4747000 138
4748000 138
4749000 138
4750000 138
4751000 138
4752000 138
4753000 138
4754000 138
4755000 138
4756000 138
4757000 138
4758000 138
4759000 138
4760000 138
4761000 138
4762000 138
4763000 138
4764000 138
4765000 138
4766000 138
4767000 138
4768000 138
4769000 138
4770000 138
4771000 138
4772000 138
4773000 138
4774000 138
4775000 138
4776000 138
4777000 138
4778000 138
4779000 138
4780000 138
4781000 138
4782000 138
4783000 138
4784000 138
4785000 138
4786000 138
4787000 138
4788000 138
4789000 138
4790000 139
4791000 139
4792000 139
4793000 139
4794000 139
4795000 139
4796000 139
4797000 139
4798000 139
4799000 139
4800000 139
4801000 139
4802000 139
4803000 139
4804000 139
4805000 139
4806000 139
4807000 139
4808000 139
4809000 139
4810000 139
4811000 139
4812000 139
4813000 139
4814000 139
4815000 139
4816000 139
4817000 139
4818000 139
4819000 139
4820000 139
4821000 139
4822000 139
4823000 139
4824000 139
4825000 139
4826000 139
4827000 139
4828000 139
4829000 139
4830000 139
4831000 139
4832000 139
4833000 139
4834000 139
4835000 140
4836000 140
4837000 140
4838000 140
4839000 140
4840000 140
4841000 140
4842000 140
4843000 140
4844000 140
4845000 140
4846000 140
4847000 140
4848000 140
4849000 140
4850000 140
4851000 140
4852000 140
4853000 140
4854000 140
4855000 140
4856000 140
4857000 140
4858000 140
4859000 140
4860000 140
4861000 140
4862000 140
4863000 140
4864000 140
4865000 140
4866000 140
4867000 140
4868000 140
4869000 140
4870000 140
4871000 140
4872000 140
4873000 140
4874000 140
4875000 140
4876000 140
4877000 140
4878000 140
4879000 140
4880000 140
4881000 140
4882000 140
4883000 140
4884000 140
4885000 140
4886000 140
4887000 140
4888000 141
4889000 141
4890000 141
4891000 141
4892000 141
4893000 141
4894000 141
4895000 141
4896000 141
4897000 141
4898000 141
4899000 141
4900000 141
4901000 141
4902000 141
4903000 141
4904000 141
4905000 141
4906000 141
4907000 141
4908000 141
4909000 141
4910000 141
4911000 141
4912000 141
4913000 141
4914000 141
4915000 141
4916000 141
4917000 141
4918000 141
4919000 141
4920000 141
4921000 141
4922000 141
4923000 141
4924000 141
4925000 141
4926000 141
4927000 141
4928000 141
4929000 141
4930000 141
4931000 141
4932000 142
4933000 142
4934000 142
4935000 142
4936000 142
4937000 142
4938000 142
4939000 142
4940000 142
4941000 142
4942000 142
4943000 142
4944000 142
4945000 142
4946000 142
4947000 142
4948000 142
4949000 142
4950000 142
4951000 142
4952000 142
4953000 142
4954000 142
4955000 142
4956000 142
4957000 142
4958000 142
4959000 142
4960000 142
4961000 142
4962000 142
4963000 142
4964000 142
4965000 142
4966000 142
4967000 142
4968000 142
4969000 142
4970000 142
4971000 142
4972000 142
4973000 142
4974000 142
4975000 142
4976000 142
4977000 142
4978000 142
4979000 142
4980000 142
4981000 142
4982000 142
4983000 142
4984000 142
4985000 142
4986000 142
4987000 142
4988000 142
4989000 142
4990000 143
4991000 143
4992000 143
4993000 143
4994000 143
4995000 143
4996000 143
4997000 143
4998000 143
4999000 143
5000000 143
