0 0
1000 0
2000 0
3000 0
4000 0
5000 0
6000 0
7000 0
8000 0
9000 0
10000 0
11000 0
12000 0
13000 0
14000 0
15000 0
16000 0
17000 0
18000 0
19000 0
20000 0
21000 0
22000 0
23000 0
24000 0
25000 0
26000 0
27000 0
28000 0
29000 0
30000 0
31000 0
32000 0
33000 0
34000 0
35000 0
36000 0
37000 1
38000 1
39000 1
40000 1
41000 1
42000 1
43000 1
44000 1
45000 1
46000 1
47000 1
48000 1
49000 1
50000 1
51000 1
52000 1
53000 1
54000 1
55000 1
56000 1
57000 1
58000 1
59000 1
60000 1
61000 1
62000 1
63000 1
64000 1
65000 1
66000 1
67000 1
68000 1
69000 1
70000 1
71000 1
72000 1
73000 1
74000 1
75000 2
76000 2
77000 2
78000 2
79000 2
80000 2
81000 2
82000 2
83000 2
84000 2
85000 2
86000 2
87000 2
88000 2
89000 2
90000 2
91000 2
92000 2
93000 2
94000 2
95000 2
96000 2
97000 2
98000 2
99000 2
100000 2
101000 2
102000 2
103000 2
104000 2
105000 2
106000 2
107000 2
108000 2
109000 2
110000 2
111000 2
112000 2
113000 2
114000 2
115000 2
116000 3
117000 3
118000 3
119000 3
120000 3
121000 3
122000 3
123000 3
124000 3
125000 3
126000 3
127000 3
128000 3
129000 3
130000 3
131000 3
132000 3
133000 3
134000 3
135000 3
136000 3
137000 3
138000 3
139000 3
140000 3
141000 3
142000 3
143000 3
144000 3
145000 3
146000 3
147000 3
148000 3
149000 3
150000 3
151000 3
152000 3
153000 3
154000 3
155000 3
156000 3
157000 3
158000 3
159000 3
160000 3
161000 3
162000 3
163000 3
164000 3
165000 3
166000 3
167000 3
168000 3
169000 3
170000 3
171000 3
172000 3
173000 3
174000 3
175000 3
176000 3
177000 3
178000 3
179000 3
180000 3
181000 3
182000 3
183000 3
184000 3
185000 3
186000 3
187000 3
188000 3
189000 3
190000 3
191000 3
192000 3
193000 3
194000 3
195000 3
196000 3
197000 3
198000 3
199000 3
200000 3
201000 3
202000 3
203000 3
204000 3
205000 3
206000 3
207000 3
208000 4
209000 4
210000 4
211000 4
212000 4
213000 4
214000 4
215000 4
216000 4
217000 4
218000 4
219000 4
220000 4
221000 4
222000 4
223000 4
224000 4
225000 4
226000 4
227000 4
228000 4
229000 4
230000 4
231000 4
232000 4
233000 4
234000 4
235000 4
236000 4
237000 4
238000 4
239000 4
240000 4
241000 4
242000 4
243000 4
244000 4
245000 4
246000 4
247000 4
248000 4
249000 4
250000 4
251000 4
252000 4
253000 4
254000 4
255000 4
256000 4
257000 4
258000 4
259000 4
260000 4
261000 4
262000 4
263000 4
264000 4
265000 4
266000 4
267000 4
268000 4
269000 4
270000 4
271000 4
272000 4
273000 4
274000 4
275000 4
276000 4
277000 4
278000 4
279000 4
280000 4
281000 4
282000 4
283000 4
284000 4
285000 4
286000 4
287000 4
288000 5
289000 5
290000 5
291000 5
292000 5
293000 5
294000 5
295000 5
296000 5
297000 5
298000 5
299000 5
300000 5
301000 5
302000 5
303000 5
304000 5
305000 5
306000 5
307000 5
308000 5
309000 5
310000 5
311000 6
312000 6
313000 6
314000 6
315000 6
316000 6
317000 6
318000 6
319000 6
320000 6
321000 6
322000 6
323000 6
324000 6
325000 6
326000 6
327000 6
328000 6
329000 6
330000 6
331000 6
332000 6
333000 6
334000 6
335000 6
336000 6
337000 6
338000 6
339000 6
340000 6
341000 6
342000 6
343000 6
344000 6
345000 6
346000 6
347000 6
348000 6
349000 6
350000 6
351000 6
352000 6
353000 6
354000 6
355000 6
356000 6
357000 6
358000 6
359000 6
360000 6
361000 6
362000 6
363000 6
364000 6
365000 6
366000 6
367000 6
368000 6
369000 6
370000 6
371000 6
372000 6
373000 6
374000 6
375000 6
376000 6
377000 6
378000 6
379000 6
380000 6
381000 6
382000 6
383000 6
384000 6
385000 6
386000 6
387000 6
388000 6
389000 6
390000 6
391000 6
392000 6
393000 6
394000 6
395000 6
396000 6
397000 6
398000 6
399000 6
400000 6
401000 6
402000 6
403000 6
404000 6
405000 6
406000 6
407000 6
408000 6
409000 6
410000 6
411000 6
412000 6
413000 6
414000 6
415000 6
416000 6
417000 6
418000 6
419000 6
420000 6
421000 6
422000 6
423000 6
424000 6
425000 6
426000 6
427000 6
428000 6
429000 6
430000 6
431000 6
432000 6
433000 6
434000 6
435000 6
436000 6
437000 6
438000 6
439000 6
440000 6
441000 6
442000 6
443000 6
444000 6
445000 6
446000 6
447000 6
448000 6
449000 6
450000 6
451000 6
452000 6
453000 6
454000 6
455000 6
456000 6
457000 6
458000 6
459000 6
460000 6
461000 6
462000 6
463000 6
464000 6
465000 6
466000 6
467000 6
468000 6
469000 6
470000 6
471000 6
472000 6
473000 6
474000 6
475000 6
476000 6
477000 6
478000 6
479000 6
480000 6
481000 6
482000 6
483000 6
484000 6
485000 6
486000 6
487000 6
488000 6
489000 6
490000 6
491000 6
492000 6
493000 6
494000 6
495000 6
496000 6
497000 6
498000 6
499000 6
500000 6
501000 6
502000 6
503000 6
504000 6
505000 6
506000 6
507000 6
508000 6
509000 6
510000 6
511000 6
512000 6
513000 6
514000 6
515000 6
516000 6
517000 6
518000 6
519000 6
520000 6
521000 6
522000 6
523000 6
524000 6
525000 6
526000 6
527000 6
528000 6
529000 6
530000 6
531000 6
532000 6
533000 6
534000 6
535000 6
536000 6
537000 6
538000 6
539000 6
540000 6
541000 6
542000 6
543000 6
544000 6
545000 6
546000 6
547000 6
548000 6
549000 6
550000 6
551000 6
552000 6
553000 6
554000 6
555000 6
556000 6
557000 6
558000 6
559000 6
560000 6
561000 6
562000 6
563000 6
564000 6
565000 6
566000 6
567000 6
568000 6
569000 6
570000 6
571000 6
572000 6
573000 6
574000 6
575000 6
576000 6
577000 6
578000 6
579000 6
580000 6
581000 6
582000 6
583000 6
584000 6
585000 6
586000 6
587000 6
588000 6
589000 6
590000 6
591000 6
592000 6
593000 6
594000 6
595000 6
596000 6
597000 6
598000 6
599000 6
600000 6
601000 6
602000 6
603000 6
604000 6
605000 6
606000 6
607000 6
608000 6
609000 6
610000 6
611000 6
612000 6
613000 6
614000 6
615000 6
616000 6
617000 6
618000 6
619000 6
620000 6
621000 6
622000 6
623000 6
624000 6
625000 6
626000 6
627000 6
628000 6
629000 6
630000 6
631000 6
632000 6
633000 6
634000 6
635000 6
636000 6
637000 6
638000 6
639000 6
640000 6
641000 6
642000 6
643000 6
644000 6
645000 6
646000 6
647000 6
648000 6
649000 6
650000 6
651000 6
652000 6
653000 6
654000 6
655000 6
656000 6
657000 6
658000 6
659000 6
660000 6
661000 6
662000 6
663000 6
664000 6
665000 6
666000 6
667000 6
668000 6
669000 6
670000 6
671000 6
672000 6
673000 6
674000 6
675000 6
676000 6
677000 6
678000 6
679000 6
680000 6
681000 6
682000 6
683000 6
684000 6
685000 6
686000 6
687000 6
688000 6
689000 6
690000 6
691000 6
692000 6
693000 6
694000 6
695000 6
696000 6
697000 6
698000 6
699000 6
700000 6
701000 6
702000 6
703000 6
704000 6
705000 6
706000 6
707000 6
708000 6
709000 6
710000 6
711000 6
712000 6
713000 6
714000 6
715000 6
716000 6
717000 6
718000 6
719000 6
720000 6
721000 6
722000 6
723000 6
724000 6
725000 6
726000 6
727000 6
728000 6
729000 6
730000 6
731000 6
732000 6
733000 6
734000 6
735000 6
736000 6
737000 6
738000 6
739000 6
740000 6
741000 6
742000 6
743000 6
744000 6
745000 6
746000 6
747000 6
748000 6
749000 6
750000 6
751000 6
752000 6
753000 6
754000 6
755000 6
756000 6
757000 6
758000 6
759000 6
760000 6
761000 6
762000 6
763000 6
764000 6
765000 6
766000 6
767000 6
768000 6
769000 6
770000 6
771000 6
772000 6
773000 6
774000 6
775000 6
776000 6
777000 6
778000 6
779000 6
780000 6
781000 6
782000 6
783000 6
784000 6
785000 6
786000 6
787000 6
788000 6
789000 6
790000 6
791000 6
792000 6
793000 6
794000 6
795000 6
796000 6
797000 6
798000 6
799000 6
800000 6
801000 6
802000 6
803000 6
804000 6
805000 6
806000 6
807000 6
808000 6
809000 6
810000 6
811000 6
812000 6
813000 6
814000 6
815000 6
816000 6
817000 6
818000 6
819000 6
820000 6
821000 6
822000 6
823000 6
824000 6
825000 6
826000 6
827000 6
828000 6
829000 6
830000 6
831000 6
832000 6
833000 6
834000 6
835000 6
836000 6
837000 6
838000 6
839000 6
840000 6
841000 6
842000 6
843000 6
844000 6
845000 6
846000 6
847000 6
848000 6
849000 6
850000 6
851000 6
852000 6
853000 6
854000 6
855000 6
856000 6
857000 6
858000 6
859000 6
860000 6
861000 6
862000 6
863000 6
864000 6
865000 6
866000 6
867000 6
868000 6
869000 6
870000 6
871000 6
872000 6
873000 6
874000 6
875000 6
876000 6
877000 6
878000 6
879000 6
880000 6
881000 6
882000 6
883000 6
884000 6
885000 6
886000 6
887000 6
888000 6
889000 6
890000 6
891000 6
892000 6
893000 6
894000 6
895000 6
896000 6
897000 6
898000 6
899000 6
900000 6
901000 6
902000 6
903000 6
904000 6
905000 6
906000 6
907000 6
908000 6
909000 6
910000 6
911000 6
912000 6
913000 6
914000 6
915000 6
916000 6
917000 6
918000 6
919000 6
920000 6
921000 6
922000 6
923000 6
924000 6
925000 6
926000 6
927000 6
928000 6
929000 6
930000 6
931000 6
932000 6
933000 6
934000 6
935000 6
936000 6
937000 6
938000 6
939000 6
940000 6
941000 6
942000 6
943000 6
944000 6
945000 6
946000 6
947000 6
948000 6
949000 6
950000 6
951000 6
952000 6
953000 6
954000 6
955000 6
956000 6
957000 6
958000 6
959000 6
960000 6
961000 6
962000 6
963000 6
964000 6
965000 6
966000 6
967000 6
968000 6
969000 6
970000 6
971000 6
972000 6
973000 6
974000 6
975000 6
976000 6
977000 6
978000 6
979000 6
980000 6
981000 6
982000 6
983000 6
984000 6
985000 6
986000 6
987000 6
988000 6
989000 6
990000 6
991000 6
992000 6
993000 6
994000 6
995000 6
996000 6
997000 6
998000 6
999000 6
1000000 6
1001000 6
1002000 6
1003000 6
1004000 6
1005000 6
1006000 6
1007000 6
1008000 6
1009000 6
1010000 6
1011000 6
1012000 6
1013000 6
1014000 6
1015000 6
1016000 6
1017000 6
1018000 6
1019000 6
1020000 6
1021000 6
1022000 6
1023000 6
1024000 6
1025000 6
1026000 6
1027000 6
1028000 6
1029000 6
1030000 6
1031000 6
1032000 6
1033000 6
1034000 6
1035000 6
1036000 6
1037000 6
1038000 6
1039000 6
1040000 6
1041000 6
1042000 6
1043000 6
1044000 6
1045000 6
1046000 6
1047000 6
1048000 6
1049000 6
1050000 6
1051000 6
1052000 6
1053000 6
1054000 6
1055000 6
1056000 6
1057000 6
1058000 6
1059000 6
1060000 6
1061000 6
1062000 6
1063000 6
1064000 6
1065000 6
1066000 6
1067000 6
1068000 6
1069000 6
1070000 6
1071000 6
1072000 6
1073000 6
1074000 6
1075000 6
1076000 6
1077000 6
1078000 6
1079000 6
1080000 6
1081000 6
1082000 6
1083000 6
1084000 6
1085000 6
1086000 6
1087000 6
1088000 6
1089000 6
1090000 6
1091000 6
1092000 6
1093000 6
1094000 6
1095000 6
1096000 6
1097000 6
1098000 6
1099000 6
1100000 6
1101000 6
1102000 6
1103000 6
1104000 6
1105000 6
1106000 6
1107000 6
1108000 6
1109000 6
1110000 6
1111000 6
1112000 6
1113000 6
1114000 6
1115000 6
1116000 6
1117000 6
1118000 6
1119000 6
1120000 6
1121000 6
1122000 6
1123000 6
1124000 6
1125000 6
1126000 6
1127000 6
1128000 6
1129000 6
1130000 6
1131000 6
1132000 6
1133000 6
1134000 6
1135000 6
1136000 6
1137000 6
1138000 6
1139000 6
1140000 6
1141000 6
1142000 6
1143000 6
1144000 6
1145000 6
1146000 6
1147000 6
1148000 6
1149000 6
1150000 6
1151000 6
1152000 6
1153000 6
1154000 6
1155000 6
1156000 6
1157000 6
1158000 6
1159000 6
1160000 6
1161000 6
1162000 6
1163000 6
1164000 6
1165000 6
1166000 6
1167000 6
1168000 6
1169000 6
1170000 6
1171000 6
1172000 6
1173000 6
1174000 6
1175000 6
1176000 6
1177000 6
1178000 6
1179000 6
1180000 6
1181000 6
1182000 6
1183000 6
1184000 6
1185000 6
1186000 6
1187000 6
1188000 6
1189000 6
1190000 6
1191000 6
1192000 6
1193000 6
1194000 6
1195000 6
1196000 6
1197000 6
1198000 6
1199000 6
1200000 6
1201000 6
1202000 6
1203000 6
1204000 6
1205000 6
1206000 6
1207000 6
1208000 6
1209000 6
1210000 6
1211000 6
1212000 6
1213000 6
1214000 6
1215000 6
1216000 6
1217000 6
1218000 6
1219000 6
1220000 6
1221000 6
1222000 6
1223000 6
1224000 6
1225000 6
1226000 6
1227000 6
1228000 6
1229000 6
1230000 6
1231000 6
1232000 6
1233000 6
1234000 6
1235000 6
1236000 6
1237000 6
1238000 6
1239000 6
1240000 6
1241000 6
1242000 6
1243000 6
1244000 6
1245000 6
1246000 6
1247000 6
1248000 6
1249000 6
1250000 6
1251000 6
1252000 6
1253000 6
1254000 6
1255000 6
1256000 6
1257000 6
1258000 6
1259000 6
1260000 6
1261000 6
1262000 6
1263000 6
1264000 6
1265000 6
1266000 6
1267000 6
1268000 6
1269000 6
1270000 6
1271000 6
1272000 6
1273000 6
1274000 6
1275000 6
1276000 6
1277000 6
1278000 6
1279000 6
1280000 6
1281000 6
1282000 6
1283000 6
1284000 6
1285000 6
1286000 6
1287000 6
1288000 6
1289000 6
1290000 6
1291000 6
1292000 6
1293000 6
1294000 6
1295000 6
1296000 6
1297000 6
1298000 6
1299000 6
1300000 6
1301000 6
1302000 6
1303000 6
1304000 6
1305000 6
1306000 6
1307000 6
1308000 6
1309000 6
1310000 6
1311000 6
1312000 6
1313000 6
1314000 6
1315000 6
1316000 6
1317000 6
1318000 6
1319000 6
1320000 6
1321000 6
1322000 6
1323000 6
1324000 6
1325000 6
1326000 6
1327000 6
1328000 6
1329000 6
1330000 6
1331000 6
1332000 6
1333000 6
1334000 6
1335000 6
1336000 6
1337000 6
1338000 6
1339000 6
1340000 6
1341000 6
1342000 6
1343000 6
1344000 6
1345000 6
1346000 6
1347000 6
1348000 6
1349000 6
1350000 6
1351000 6
1352000 6
1353000 6
1354000 6
1355000 6
1356000 6
1357000 6
1358000 6
1359000 6
1360000 6
1361000 6
1362000 6
1363000 6
1364000 6
1365000 6
1366000 6
1367000 6
1368000 6
1369000 6
1370000 6
1371000 6
1372000 6
1373000 6
1374000 6
1375000 6
1376000 6
1377000 6
1378000 6
1379000 6
1380000 6
1381000 6
1382000 6
1383000 6
1384000 6
1385000 6
1386000 6
1387000 6
1388000 6
1389000 6
1390000 6
1391000 6
1392000 6
1393000 6
1394000 6
1395000 6
1396000 6
1397000 6
1398000 6
1399000 6
1400000 6
1401000 6
1402000 6
1403000 6
1404000 6
1405000 6
1406000 6
1407000 6
1408000 6
1409000 6
1410000 6
1411000 6
1412000 6
1413000 6
1414000 6
1415000 6
1416000 6
1417000 6
1418000 6
1419000 6
1420000 6
1421000 6
1422000 6
1423000 6
1424000 6
1425000 6
1426000 6
1427000 6
1428000 6
1429000 6
1430000 6
1431000 6
1432000 6
1433000 6
1434000 6
1435000 6
1436000 6
1437000 6
1438000 6
1439000 6
1440000 6
1441000 6
1442000 6
1443000 6
1444000 6
1445000 6
1446000 6
1447000 6
1448000 6
1449000 6
1450000 6
1451000 6
1452000 6
1453000 6
1454000 6
1455000 6
1456000 6
1457000 6
1458000 6
1459000 6
1460000 6
1461000 6
1462000 6
1463000 6
1464000 6
1465000 6
1466000 6
1467000 6
1468000 6
1469000 6
1470000 6
1471000 6
1472000 6
1473000 6
1474000 6
1475000 6
1476000 6
1477000 6
1478000 6
1479000 6
1480000 6
1481000 6
1482000 6
1483000 6
1484000 6
1485000 6
1486000 6
1487000 6
1488000 6
1489000 6
1490000 6
1491000 6
1492000 6
1493000 6
1494000 6
1495000 6
1496000 6
1497000 6
1498000 6
1499000 6
1500000 6
1501000 6
1502000 6
1503000 6
1504000 6
1505000 6
1506000 6
1507000 6
1508000 6
1509000 6
1510000 6
1511000 6
1512000 6
1513000 6
1514000 6
1515000 6
1516000 6
1517000 6
1518000 6
1519000 6
1520000 6
1521000 6
1522000 6
1523000 6
1524000 6
1525000 6
1526000 6
1527000 6
1528000 6
1529000 6
1530000 6
1531000 6
1532000 6
1533000 6
1534000 6
1535000 6
1536000 6
1537000 6
1538000 6
1539000 6
1540000 6
1541000 6
1542000 6
1543000 6
1544000 6
1545000 6
1546000 6
1547000 6
1548000 6
1549000 6
1550000 6
1551000 6
1552000 6
1553000 6
1554000 6
1555000 6
1556000 6
1557000 6
1558000 6
1559000 6
1560000 6
1561000 6
1562000 6
1563000 6
1564000 6
1565000 6
1566000 6
1567000 6
1568000 6
1569000 6
1570000 6
1571000 6
1572000 6
1573000 6
1574000 6
1575000 6
1576000 6
1577000 6
1578000 6
1579000 6
1580000 6
1581000 6
1582000 6
1583000 6
1584000 6
1585000 6
1586000 6
1587000 6
1588000 6
1589000 6
1590000 6
1591000 6
1592000 6
1593000 6
1594000 6
1595000 6
1596000 6
1597000 6
1598000 6
1599000 6
1600000 6
1601000 6
1602000 6
1603000 6
1604000 6
1605000 6
1606000 6
1607000 6
1608000 6
1609000 6
1610000 6
1611000 6
1612000 6
1613000 6
1614000 6
1615000 6
1616000 6
1617000 6
1618000 6
1619000 6
1620000 6
1621000 6
1622000 6
1623000 6
1624000 6
1625000 6
1626000 6
1627000 6
1628000 6
1629000 6
1630000 6
1631000 6
1632000 6
1633000 6
1634000 6
1635000 6
1636000 6
1637000 6
1638000 6
1639000 6
1640000 6
1641000 6
1642000 6
1643000 6
1644000 6
1645000 6
1646000 6
1647000 6
1648000 6
1649000 6
1650000 6
1651000 6
1652000 6
1653000 6
1654000 6
1655000 6
1656000 6
1657000 6
1658000 6
1659000 6
1660000 6
1661000 6
1662000 6
1663000 6
1664000 6
1665000 6
1666000 6
1667000 6
1668000 6
1669000 6
1670000 6
1671000 6
1672000 6
1673000 6
1674000 6
1675000 6
1676000 6
1677000 6
1678000 6
1679000 6
1680000 6
1681000 6
1682000 6
1683000 6
1684000 6
1685000 6
1686000 6
1687000 6
1688000 6
1689000 6
1690000 6
1691000 6
1692000 6
1693000 6
1694000 6
1695000 6
1696000 6
1697000 6
1698000 6
1699000 6
1700000 6
1701000 6
1702000 6
1703000 6
1704000 6
1705000 6
1706000 6
1707000 6
1708000 6
1709000 6
1710000 6
1711000 6
1712000 6
1713000 6
1714000 6
1715000 6
1716000 6
1717000 6
1718000 6
1719000 6
1720000 6
1721000 6
1722000 6
1723000 6
1724000 6
1725000 6
1726000 6
1727000 6
1728000 6
1729000 6
1730000 6
1731000 6
1732000 6
1733000 6
1734000 6
1735000 6
1736000 6
1737000 6
1738000 6
1739000 6
1740000 6
1741000 6
1742000 6
1743000 6
1744000 6
1745000 6
1746000 6
1747000 6
1748000 6
1749000 6
1750000 6
1751000 6
1752000 6
1753000 6
1754000 6
1755000 6
1756000 6
1757000 6
1758000 6
1759000 6
1760000 6
1761000 6
1762000 6
1763000 6
1764000 6
1765000 6
1766000 6
1767000 6
1768000 6
1769000 6
1770000 6
1771000 6
1772000 6
1773000 6
1774000 6
1775000 6
1776000 6
1777000 6
1778000 6
1779000 6
1780000 6
1781000 6
1782000 6
1783000 6
1784000 6
1785000 6
1786000 6
1787000 6
1788000 6
1789000 6
1790000 6
1791000 6
1792000 6
1793000 6
1794000 6
1795000 6
1796000 6
1797000 6
1798000 6
1799000 6
1800000 6
1801000 6
1802000 6
1803000 6
1804000 6
1805000 6
1806000 6
1807000 6
1808000 6
1809000 6
1810000 6
1811000 7
1812000 7
1813000 7
1814000 7
1815000 7
1816000 7
1817000 7
1818000 7
1819000 7
1820000 7
1821000 7
1822000 7
1823000 7
1824000 8
1825000 8
1826000 8
1827000 8
1828000 8
1829000 8
1830000 8
1831000 8
1832000 8
1833000 8
1834000 8
1835000 8
1836000 8
1837000 8
1838000 8
1839000 8
1840000 8
1841000 8
1842000 8
1843000 8
1844000 8
1845000 8
1846000 9
1847000 9
1848000 9
1849000 9
1850000 9
1851000 9
1852000 9
1853000 9
1854000 10
1855000 10
1856000 10
1857000 10
1858000 10
1859000 10
1860000 10
1861000 10
1862000 10
1863000 10
1864000 10
1865000 10
1866000 10
1867000 10
1868000 10
1869000 10
1870000 10
1871000 10
1872000 10
1873000 10
1874000 10
1875000 10
1876000 10
1877000 10
1878000 10
1879000 10
1880000 10
1881000 10
1882000 10
1883000 10
1884000 10
1885000 10
1886000 10
1887000 10
1888000 10
1889000 10
1890000 10
1891000 10
1892000 10
1893000 10
1894000 10
1895000 10
1896000 10
1897000 10
1898000 10
1899000 10
1900000 10
1901000 10
1902000 10
1903000 10
1904000 10
1905000 10
1906000 10
1907000 10
1908000 10
1909000 10
1910000 10
1911000 10
1912000 10
1913000 10
1914000 10
1915000 10
1916000 10
1917000 10
1918000 10
1919000 10
1920000 10
1921000 10
1922000 10
1923000 10
1924000 10
1925000 10
1926000 10
1927000 10
1928000 10
1929000 10
1930000 10
1931000 10
1932000 10
1933000 10
1934000 10
1935000 10
1936000 10
1937000 10
1938000 10
1939000 10
1940000 10
1941000 10
1942000 10
1943000 10
1944000 10
1945000 10
1946000 10
1947000 10
1948000 10
1949000 10
1950000 10
1951000 10
1952000 10
1953000 10
1954000 10
1955000 10
1956000 10
1957000 10
1958000 10
1959000 10
1960000 10
1961000 10
1962000 10
1963000 10
1964000 10
1965000 10
1966000 10
1967000 10
1968000 10
1969000 10
1970000 10
1971000 10
1972000 10
1973000 10
1974000 10
1975000 10
1976000 10
1977000 10
1978000 10
1979000 10
1980000 10
1981000 10
1982000 10
1983000 10
1984000 10
1985000 10
1986000 10
1987000 10
1988000 10
1989000 10
1990000 10
1991000 10
1992000 10
1993000 10
1994000 10
1995000 10
1996000 10
1997000 10
1998000 10
1999000 10
2000000 10
2001000 10
2002000 10
2003000 10
2004000 10
2005000 10
2006000 10
2007000 10
2008000 10
2009000 10
2010000 10
2011000 10
2012000 10
2013000 10
2014000 10
2015000 10
2016000 10
2017000 10
2018000 10
2019000 10
2020000 10
2021000 10
2022000 10
2023000 10
2024000 10
2025000 10
2026000 10
2027000 10
2028000 10
2029000 10
2030000 10
2031000 10
2032000 10
2033000 10
2034000 10
2035000 10
2036000 10
2037000 10
2038000 10
2039000 10
2040000 10
2041000 10
2042000 10
2043000 10
2044000 10
2045000 10
2046000 10
2047000 10
2048000 10
2049000 10
2050000 10
2051000 10
2052000 10
2053000 10
2054000 10
2055000 10
2056000 10
2057000 10
2058000 10
2059000 10
2060000 10
2061000 10
2062000 10
2063000 10
2064000 10
2065000 10
2066000 10
2067000 10
2068000 10
2069000 10
2070000 10
2071000 10
2072000 10
2073000 10
2074000 10
2075000 10
2076000 10
2077000 10
2078000 10
2079000 10
2080000 10
2081000 10
2082000 10
2083000 10
2084000 10
2085000 10
2086000 10
2087000 10
2088000 10
2089000 10
2090000 10
2091000 10
2092000 10
2093000 10
2094000 10
2095000 10
2096000 10
2097000 10
2098000 10
2099000 10
2100000 10
2101000 10
2102000 10
2103000 10
2104000 10
2105000 10
2106000 10
2107000 10
2108000 10
2109000 10
2110000 10
2111000 10
2112000 10
2113000 10
2114000 10
2115000 10
2116000 10
2117000 10
2118000 10
2119000 10
2120000 10
2121000 10
2122000 10
2123000 10
2124000 10
2125000 10
2126000 10
2127000 10
2128000 10
2129000 10
2130000 10
2131000 10
2132000 10
2133000 10
2134000 10
2135000 10
2136000 10
2137000 10
2138000 10
2139000 10
2140000 10
2141000 10
2142000 10
2143000 10
2144000 10
2145000 10
2146000 10
2147000 10
2148000 10
2149000 10
2150000 10
2151000 10
2152000 10
2153000 10
2154000 10
2155000 10
2156000 10
2157000 10
2158000 10
2159000 10
2160000 10
2161000 10
2162000 10
2163000 10
2164000 10
2165000 10
2166000 10
2167000 10
2168000 10
2169000 10
2170000 10
2171000 10
2172000 10
2173000 10
2174000 10
2175000 10
2176000 10
2177000 10
2178000 10
2179000 10
2180000 10
2181000 10
2182000 10
2183000 10
2184000 10
2185000 10
2186000 10
2187000 10
2188000 10
2189000 10
2190000 10
2191000 10
2192000 10
2193000 10
2194000 10
2195000 10
2196000 10
2197000 10
2198000 10
2199000 10
2200000 10
2201000 10
2202000 10
2203000 10
2204000 10
2205000 10
2206000 10
2207000 10
2208000 10
2209000 10
2210000 10
2211000 10
2212000 10
2213000 10
2214000 10
2215000 10
2216000 10
2217000 10
2218000 10
2219000 10
2220000 10
2221000 10
2222000 10
2223000 10
2224000 10
2225000 10
2226000 10
2227000 10
2228000 10
2229000 10
2230000 10
2231000 10
2232000 10
2233000 10
2234000 10
2235000 10
2236000 10
2237000 10
2238000 10
2239000 10
2240000 10
2241000 10
2242000 10
2243000 10
2244000 10
2245000 10
2246000 10
2247000 10
2248000 10
2249000 10
2250000 10
2251000 10
2252000 10
2253000 10
2254000 10
2255000 10
2256000 10
2257000 10
2258000 10
2259000 10
2260000 10
2261000 10
2262000 10
2263000 10
2264000 10
2265000 10
2266000 10
2267000 10
2268000 10
2269000 10
2270000 10
2271000 10
2272000 10
2273000 10
2274000 10
2275000 10
2276000 10
2277000 10
2278000 10
2279000 10
2280000 10
2281000 10
2282000 10
2283000 10
2284000 10
2285000 10
2286000 10
2287000 10
2288000 10
2289000 10
2290000 10
2291000 10
2292000 10
2293000 10
2294000 10
2295000 10
2296000 10
2297000 10
2298000 10
2299000 10
2300000 10
2301000 10
2302000 10
2303000 10
2304000 10
2305000 10
2306000 10
2307000 10
2308000 10
2309000 10
2310000 10
2311000 10
2312000 10
2313000 10
2314000 10
2315000 10
2316000 10
2317000 10
2318000 10
2319000 10
2320000 10
2321000 10
2322000 10
2323000 10
2324000 10
2325000 10
2326000 10
2327000 10
2328000 10
2329000 10
2330000 10
2331000 10
2332000 10
2333000 10
2334000 10
2335000 10
2336000 10
2337000 10
2338000 10
2339000 10
2340000 10
2341000 10
2342000 10
2343000 10
2344000 10
2345000 10
2346000 10
2347000 10
2348000 10
2349000 10
2350000 10
2351000 10
2352000 10
2353000 10
2354000 10
2355000 10
2356000 10
2357000 10
2358000 10
2359000 10
2360000 10
2361000 10
2362000 10
2363000 10
2364000 10
2365000 10
2366000 10
2367000 10
2368000 10
2369000 10
2370000 10
2371000 10
2372000 10
2373000 10
2374000 10
2375000 10
2376000 10
2377000 10
2378000 10
2379000 10
2380000 10
2381000 10
2382000 10
2383000 10
2384000 10
2385000 10
2386000 10
2387000 10
2388000 10
2389000 10
2390000 10
2391000 10
2392000 10
2393000 10
2394000 10
2395000 10
2396000 10
2397000 10
2398000 10
2399000 10
2400000 10
2401000 10
2402000 10
2403000 10
2404000 10
2405000 10
2406000 10
2407000 10
2408000 10
2409000 10
2410000 10
2411000 10
2412000 10
2413000 10
2414000 10
2415000 10
2416000 10
2417000 10
2418000 10
2419000 10
2420000 10
2421000 10
2422000 10
2423000 10
2424000 10
2425000 10
2426000 10
2427000 10
2428000 10
2429000 10
2430000 10
2431000 10
2432000 10
2433000 10
2434000 10
2435000 10
2436000 10
2437000 10
2438000 10
2439000 10
2440000 10
2441000 10
2442000 10
2443000 10
2444000 10
2445000 10
2446000 10
2447000 10
2448000 10
2449000 10
2450000 10
2451000 10
2452000 10
2453000 10
2454000 10
2455000 10
2456000 10
2457000 10
2458000 10
2459000 10
2460000 10
2461000 10
2462000 10
2463000 10
2464000 10
2465000 10
2466000 10
2467000 10
2468000 10
2469000 10
2470000 10
2471000 10
2472000 10
2473000 10
2474000 10
2475000 10
2476000 10
2477000 10
2478000 10
2479000 10
2480000 10
2481000 10
2482000 10
2483000 10
2484000 10
2485000 10
2486000 10
2487000 10
2488000 10
2489000 10
2490000 10
2491000 10
2492000 10
2493000 10
2494000 10
2495000 10
2496000 10
2497000 10
2498000 10
2499000 10
2500000 10
2501000 10
2502000 10
2503000 10
2504000 10
2505000 10
2506000 10
2507000 10
2508000 10
2509000 10
2510000 10
2511000 10
2512000 10
2513000 10
2514000 10
2515000 10
2516000 10
2517000 10
2518000 10
2519000 10
2520000 10
2521000 10
2522000 10
2523000 10
2524000 10
2525000 10
2526000 10
2527000 10
2528000 10
2529000 10
2530000 10
2531000 10
2532000 10
2533000 10
2534000 10
2535000 10
2536000 10
2537000 10
2538000 10
2539000 10
2540000 10
2541000 10
2542000 10
2543000 10
2544000 10
2545000 10
2546000 10
2547000 10
2548000 10
2549000 10
2550000 10
2551000 10
2552000 10
2553000 10
2554000 10
2555000 10
2556000 10
2557000 10
2558000 10
2559000 10
2560000 10
2561000 10
2562000 10
2563000 10
2564000 10
2565000 10
2566000 10
2567000 10
2568000 10
2569000 10
2570000 10
2571000 10
2572000 10
2573000 10
2574000 10
2575000 10
2576000 10
2577000 10
2578000 10
2579000 10
2580000 10
2581000 10
2582000 10
2583000 10
2584000 10
2585000 10
2586000 10
2587000 10
2588000 10
2589000 10
2590000 10
2591000 10
2592000 10
2593000 10
2594000 10
2595000 10
2596000 10
2597000 10
2598000 10
2599000 10
2600000 10
2601000 10
2602000 10
2603000 10
2604000 10
2605000 10
2606000 10
2607000 10
2608000 10
2609000 10
2610000 10
2611000 10
2612000 10
2613000 10
2614000 10
2615000 10
2616000 10
2617000 10
2618000 10
2619000 10
2620000 10
2621000 10
2622000 10
2623000 10
2624000 10
2625000 10
2626000 10
2627000 10
2628000 10
2629000 10
2630000 10
2631000 10
2632000 10
2633000 10
2634000 10
2635000 10
2636000 10
2637000 10
2638000 10
2639000 10
2640000 10
2641000 10
2642000 10
2643000 10
2644000 10
2645000 10
2646000 10
2647000 10
2648000 10
2649000 10
2650000 10
2651000 10
2652000 10
2653000 10
2654000 10
2655000 10
2656000 10
2657000 10
2658000 10
2659000 10
2660000 10
2661000 10
2662000 10
2663000 10
2664000 10
2665000 10
2666000 10
2667000 10
2668000 10
2669000 10
2670000 10
2671000 10
2672000 10
2673000 10
2674000 10
2675000 10
2676000 10
2677000 10
2678000 10
2679000 10
2680000 10
2681000 10
2682000 10
2683000 10
2684000 10
2685000 10
2686000 10
2687000 10
2688000 10
2689000 10
2690000 10
2691000 10
2692000 10
2693000 10
2694000 10
2695000 10
2696000 10
2697000 10
2698000 10
2699000 10
2700000 10
2701000 10
2702000 10
2703000 10
2704000 10
2705000 10
2706000 10
2707000 10
2708000 10
2709000 10
2710000 10
2711000 10
2712000 10
2713000 10
2714000 10
2715000 10
2716000 10
2717000 10
2718000 10
2719000 10
2720000 10
2721000 10
2722000 10
2723000 10
2724000 10
2725000 10
2726000 10
2727000 10
2728000 10
2729000 10
2730000 10
2731000 10
2732000 10
2733000 10
2734000 10
2735000 10
2736000 10
2737000 10
2738000 10
2739000 10
2740000 10
2741000 10
2742000 10
2743000 10
2744000 10
2745000 10
2746000 10
2747000 10
2748000 10
2749000 10
2750000 10
2751000 10
2752000 10
2753000 10
2754000 10
2755000 10
2756000 10
2757000 10
2758000 10
2759000 10
2760000 10
2761000 10
2762000 10
2763000 10
2764000 10
2765000 10
2766000 10
2767000 10
2768000 10
2769000 10
2770000 10
2771000 10
2772000 10
2773000 10
2774000 10
2775000 10
2776000 10
2777000 10
2778000 10
2779000 10
2780000 10
2781000 10
2782000 10
2783000 10
2784000 10
2785000 10
2786000 10
2787000 10
2788000 10
2789000 10
2790000 10
2791000 10
2792000 10
2793000 10
2794000 10
2795000 10
2796000 10
2797000 10
2798000 10
2799000 10
2800000 10
2801000 10
2802000 10
2803000 10
2804000 10
2805000 10
2806000 10
2807000 10
2808000 10
2809000 10
2810000 10
2811000 10
2812000 10
2813000 10
2814000 10
2815000 10
2816000 10
2817000 10
2818000 10
2819000 10
2820000 10
2821000 10
2822000 10
2823000 10
2824000 10
2825000 10
2826000 10
2827000 10
2828000 10
2829000 10
2830000 10
2831000 10
2832000 10
2833000 10
2834000 10
2835000 10
2836000 10
2837000 10
2838000 10
2839000 10
2840000 10
2841000 10
2842000 10
2843000 10
2844000 10
2845000 10
2846000 10
2847000 10
2848000 10
2849000 10
2850000 10
2851000 10
2852000 10
2853000 10
2854000 10
2855000 10
2856000 10
2857000 10
2858000 10
2859000 10
2860000 10
2861000 10
2862000 10
2863000 10
2864000 10
2865000 10
2866000 10
2867000 10
2868000 10
2869000 10
2870000 10
2871000 10
2872000 10
2873000 10
2874000 10
2875000 10
2876000 10
2877000 10
2878000 10
2879000 10
2880000 10
2881000 10
2882000 10
2883000 10
2884000 10
2885000 10
2886000 10
2887000 10
2888000 10
2889000 10
2890000 10
2891000 10
2892000 10
2893000 10
2894000 10
2895000 10
2896000 10
2897000 10
2898000 10
2899000 10
2900000 10
2901000 10
2902000 10
2903000 10
2904000 10
2905000 10
2906000 10
2907000 10
2908000 10
2909000 10
2910000 10
2911000 10
2912000 10
2913000 10
2914000 10
2915000 10
2916000 10
2917000 10
2918000 10
2919000 10
2920000 10
2921000 10
2922000 10
2923000 10
2924000 10
2925000 10
2926000 10
2927000 10
2928000 10
2929000 10
2930000 10
2931000 10
2932000 10
2933000 10
2934000 10
2935000 10
2936000 10
2937000 10
2938000 10
2939000 10
2940000 10
2941000 10
2942000 10
2943000 10
2944000 10
2945000 10
2946000 10
2947000 10
2948000 10
2949000 10
2950000 10
2951000 10
2952000 10
2953000 10
2954000 10
2955000 10
2956000 10
2957000 10
2958000 10
2959000 10
2960000 10
2961000 10
2962000 10
2963000 10
2964000 10
2965000 10
2966000 10
2967000 10
2968000 10
2969000 10
2970000 10
2971000 10
2972000 10
2973000 10
2974000 10
2975000 10
2976000 10
2977000 10
2978000 10
2979000 10
2980000 10
2981000 10
2982000 10
2983000 10
2984000 10
2985000 10
2986000 10
2987000 10
2988000 10
2989000 10
2990000 10
2991000 10
2992000 10
2993000 10
2994000 10
2995000 10
2996000 10
2997000 10
2998000 10
2999000 10
3000000 10
3001000 10
3002000 10
3003000 10
3004000 10
3005000 10
3006000 10
3007000 10
3008000 10
3009000 10
3010000 10
3011000 10
3012000 10
3013000 10
3014000 10
3015000 10
3016000 10
3017000 10
3018000 10
3019000 10
3020000 10
3021000 10
3022000 10
3023000 10
3024000 10
3025000 10
3026000 10
3027000 10
3028000 10
3029000 10
3030000 10
3031000 10
3032000 10
3033000 10
3034000 10
3035000 10
3036000 10
3037000 10
3038000 10
3039000 10
3040000 10
3041000 10
3042000 10
3043000 10
3044000 10
3045000 10
3046000 10
3047000 10
3048000 10
3049000 10
3050000 10
3051000 10
3052000 10
3053000 10
3054000 10
3055000 10
3056000 10
3057000 10
3058000 10
3059000 10
3060000 10
3061000 10
3062000 10
3063000 10
3064000 10
3065000 10
3066000 10
3067000 10
3068000 10
3069000 10
3070000 10
3071000 10
3072000 10
3073000 10
3074000 10
3075000 10
3076000 10
3077000 10
3078000 10
3079000 10
3080000 10
3081000 10
3082000 10
3083000 10
3084000 10
3085000 10
3086000 10
3087000 10
3088000 10
3089000 10
3090000 10
3091000 10
3092000 10
3093000 10
3094000 10
3095000 10
3096000 10
3097000 10
3098000 10
3099000 10
3100000 10
3101000 10
3102000 10
3103000 10
3104000 10
3105000 10
3106000 10
3107000 10
3108000 10
3109000 10
3110000 10
3111000 10
3112000 10
3113000 10
3114000 10
3115000 10
3116000 10
3117000 10
3118000 10
3119000 10
3120000 10
3121000 10
3122000 10
3123000 10
3124000 10
3125000 10
3126000 10
3127000 10
3128000 10
3129000 10
3130000 10
3131000 10
3132000 10
3133000 10
3134000 10
3135000 10
3136000 10
3137000 10
3138000 10
3139000 10
3140000 10
3141000 10
3142000 10
3143000 10
3144000 10
3145000 10
3146000 10
3147000 10
3148000 10
3149000 10
3150000 10
3151000 10
3152000 10
3153000 10
3154000 10
3155000 10
3156000 10
3157000 10
3158000 10
3159000 10
3160000 10
3161000 10
3162000 10
3163000 10
3164000 10
3165000 10
3166000 10
3167000 10
3168000 10
3169000 10
3170000 10
3171000 10
3172000 10
3173000 10
3174000 10
3175000 10
3176000 10
3177000 10
3178000 10
3179000 10
3180000 10
3181000 10
3182000 10
3183000 10
3184000 10
3185000 10
3186000 10
3187000 10
3188000 10
3189000 10
3190000 10
3191000 10
3192000 10
3193000 10
3194000 10
3195000 10
3196000 10
3197000 10
3198000 10
3199000 10
3200000 10
3201000 10
3202000 10
3203000 10
3204000 10
3205000 10
3206000 10
3207000 10
3208000 10
3209000 10
3210000 10
3211000 10
3212000 10
3213000 10
3214000 10
3215000 10
3216000 10
3217000 10
3218000 10
3219000 10
3220000 10
3221000 10
3222000 10
3223000 10
3224000 10
3225000 10
3226000 10
3227000 10
3228000 10
3229000 10
3230000 10
3231000 10
3232000 10
3233000 10
3234000 10
3235000 10
3236000 10
3237000 10
3238000 10
3239000 10
3240000 10
3241000 10
3242000 10
3243000 10
3244000 10
3245000 10
3246000 10
3247000 10
3248000 10
3249000 10
3250000 10
3251000 10
3252000 10
3253000 10
3254000 10
3255000 10
3256000 10
3257000 10
3258000 10
3259000 10
3260000 10
3261000 10
3262000 10
3263000 10
3264000 10
3265000 10
3266000 10
3267000 10
3268000 10
3269000 10
3270000 10
3271000 10
3272000 10
3273000 10
3274000 10
3275000 10
3276000 10
3277000 10
3278000 10
3279000 10
3280000 10
3281000 10
3282000 10
3283000 10
3284000 10
3285000 10
3286000 10
3287000 10
3288000 10
3289000 10
3290000 10
3291000 10
3292000 10
3293000 10
3294000 10
3295000 10
3296000 10
3297000 10
3298000 10
3299000 10
3300000 10
3301000 10
3302000 10
3303000 10
3304000 10
3305000 10
3306000 10
3307000 10
3308000 10
3309000 10
3310000 10
3311000 10
3312000 10
3313000 10
3314000 10
3315000 10
3316000 10
3317000 10
3318000 10
3319000 10
3320000 10
3321000 10
3322000 10
3323000 10
3324000 10
3325000 10
3326000 10
3327000 10
3328000 10
3329000 10
3330000 10
3331000 10
3332000 10
3333000 10
3334000 10
3335000 10
3336000 10
3337000 10
3338000 10
3339000 10
3340000 10
3341000 10
3342000 10
3343000 10
3344000 10
3345000 10
3346000 10
3347000 10
3348000 10
3349000 10
3350000 10
3351000 10
3352000 10
3353000 10
3354000 10
3355000 10
3356000 10
3357000 10
3358000 10
3359000 10
3360000 10
3361000 10
3362000 10
3363000 10
3364000 10
3365000 10
3366000 10
3367000 10
3368000 10
3369000 10
3370000 10
3371000 10
3372000 10
3373000 10
3374000 10
3375000 10
3376000 10
3377000 10
3378000 10
3379000 10
3380000 10
3381000 10
3382000 10
3383000 10
3384000 10
3385000 10
3386000 10
3387000 10
3388000 10
3389000 10
3390000 10
3391000 10
3392000 10
3393000 10
3394000 10
3395000 10
3396000 10
3397000 10
3398000 10
3399000 10
3400000 10
3401000 10
3402000 10
3403000 10
3404000 10
3405000 10
3406000 10
3407000 10
3408000 10
3409000 10
3410000 10
3411000 10
3412000 10
3413000 10
3414000 10
3415000 10
3416000 10
3417000 10
3418000 10
3419000 10
3420000 10
3421000 10
3422000 10
3423000 10
3424000 10
3425000 10
3426000 10
3427000 10
3428000 10
3429000 10
3430000 10
3431000 10
3432000 10
3433000 10
3434000 10
3435000 10
3436000 10
3437000 10
3438000 10
3439000 10
3440000 10
3441000 10
3442000 10
3443000 10
3444000 10
3445000 10
3446000 10
3447000 10
3448000 10
3449000 10
3450000 10
3451000 10
3452000 10
3453000 10
3454000 10
3455000 10
3456000 10
3457000 10
3458000 10
3459000 10
3460000 10
3461000 10
3462000 10
3463000 10
3464000 10
3465000 10
3466000 10
3467000 10
3468000 10
3469000 10
3470000 10
3471000 10
3472000 10
3473000 10
3474000 10
3475000 10
3476000 10
3477000 10
3478000 10
3479000 10
3480000 10
3481000 10
3482000 10
3483000 10
3484000 10
3485000 10
3486000 10
3487000 10
3488000 10
3489000 10
3490000 10
3491000 10
3492000 10
3493000 10
3494000 10
3495000 10
3496000 10
3497000 10
3498000 10
3499000 10
3500000 10
3501000 10
3502000 10
3503000 10
3504000 10
3505000 10
3506000 10
3507000 10
3508000 10
3509000 10
3510000 10
3511000 10
3512000 10
3513000 10
3514000 10
3515000 10
3516000 10
3517000 10
3518000 10
3519000 10
3520000 10
3521000 10
3522000 10
3523000 10
3524000 10
3525000 10
3526000 10
3527000 10
3528000 10
3529000 10
3530000 10
3531000 10
3532000 10
3533000 10
3534000 10
3535000 10
3536000 10
3537000 10
3538000 10
3539000 10
3540000 10
3541000 10
3542000 10
3543000 10
3544000 10
3545000 10
3546000 10
3547000 10
3548000 10
3549000 10
3550000 10
3551000 10
3552000 10
3553000 10
3554000 10
3555000 10
3556000 10
3557000 10
3558000 10
3559000 10
3560000 10
3561000 10
3562000 10
3563000 10
3564000 10
3565000 10
3566000 10
3567000 10
3568000 10
3569000 10
3570000 10
3571000 10
3572000 10
3573000 10
3574000 10
3575000 10
3576000 10
3577000 10
3578000 10
3579000 10
3580000 10
3581000 10
3582000 10
3583000 10
3584000 10
3585000 10
3586000 10
3587000 10
3588000 10
3589000 10
3590000 10
3591000 10
3592000 10
3593000 10
3594000 10
3595000 10
3596000 10
3597000 10
3598000 10
3599000 10
3600000 10
3601000 10
3602000 10
3603000 10
3604000 10
3605000 10
3606000 10
3607000 10
3608000 10
3609000 10
3610000 10
3611000 10
3612000 10
3613000 10
3614000 10
3615000 10
3616000 10
3617000 10
3618000 10
3619000 10
3620000 10
3621000 10
3622000 10
3623000 10
3624000 10
3625000 10
3626000 10
3627000 10
3628000 10
3629000 10
3630000 10
3631000 10
3632000 10
3633000 10
3634000 10
3635000 10
3636000 10
3637000 10
3638000 10
3639000 10
3640000 10
3641000 10
3642000 10
3643000 10
3644000 10
3645000 10
3646000 10
3647000 10
3648000 10
3649000 10
3650000 10
3651000 10
3652000 10
3653000 10
3654000 10
3655000 10
3656000 10
3657000 10
3658000 10
3659000 10
3660000 10
3661000 10
3662000 10
3663000 10
3664000 10
3665000 10
3666000 10
3667000 11
3668000 11
3669000 11
3670000 11
3671000 11
3672000 11
3673000 11
3674000 11
3675000 11
3676000 11
3677000 11
3678000 11
3679000 11
3680000 11
3681000 11
3682000 11
3683000 11
3684000 11
3685000 11
3686000 11
3687000 11
3688000 11
3689000 11
3690000 11
3691000 11
3692000 11
3693000 11
3694000 11
3695000 11
3696000 11
3697000 11
3698000 11
3699000 11
3700000 11
3701000 11
3702000 11
3703000 11
3704000 11
3705000 11
3706000 11
3707000 11
3708000 11
3709000 11
3710000 11
3711000 11
3712000 11
3713000 11
3714000 11
3715000 11
3716000 11
3717000 11
3718000 11
3719000 11
3720000 11
3721000 11
3722000 11
3723000 11
3724000 11
3725000 11
3726000 11
3727000 11
3728000 11
3729000 11
3730000 11
3731000 11
3732000 11
3733000 11
3734000 11
3735000 11
3736000 11
3737000 11
3738000 11
3739000 11
3740000 11
3741000 11
3742000 11
3743000 11
3744000 11
3745000 11
3746000 11
3747000 11
3748000 11
3749000 11
3750000 11
3751000 11
3752000 11
3753000 11
3754000 11
3755000 11
3756000 11
3757000 11
3758000 11
3759000 11
3760000 11
3761000 11
3762000 11
3763000 11
3764000 11
3765000 11
3766000 11
3767000 11
3768000 11
3769000 11
3770000 11
3771000 11
3772000 11
3773000 11
3774000 11
3775000 11
3776000 11
3777000 11
3778000 11
3779000 11
3780000 11
3781000 11
3782000 11
3783000 11
3784000 11
3785000 11
3786000 11
3787000 11
3788000 11
3789000 11
3790000 11
3791000 11
3792000 11
3793000 11
3794000 11
3795000 11
3796000 11
3797000 11
3798000 11
3799000 11
3800000 11
3801000 11
3802000 11
3803000 11
3804000 11
3805000 11
3806000 11
3807000 11
3808000 11
3809000 11
3810000 11
3811000 11
3812000 11
3813000 11
3814000 11
3815000 11
3816000 11
3817000 11
3818000 11
3819000 11
3820000 11
3821000 11
3822000 11
3823000 11
3824000 11
3825000 11
3826000 11
3827000 11
3828000 11
3829000 11
3830000 11
3831000 11
3832000 11
3833000 11
3834000 11
3835000 11
3836000 11
3837000 12
3838000 12
3839000 12
3840000 12
3841000 12
3842000 12
3843000 12
3844000 12
3845000 12
3846000 12
3847000 12
3848000 12
3849000 12
3850000 12
3851000 12
3852000 12
3853000 12
3854000 12
3855000 12
3856000 12
3857000 12
3858000 12
3859000 12
3860000 12
3861000 12
3862000 12
3863000 12
3864000 12
3865000 12
3866000 12
3867000 12
3868000 12
3869000 12
3870000 12
3871000 12
3872000 12
3873000 12
3874000 12
3875000 12
3876000 12
3877000 12
3878000 12
3879000 12
3880000 12
3881000 12
3882000 12
3883000 12
3884000 12
3885000 12
3886000 12
3887000 12
3888000 12
3889000 12
3890000 12
3891000 12
3892000 12
3893000 12
3894000 12
3895000 12
3896000 12
3897000 12
3898000 12
3899000 12
3900000 12
3901000 12
3902000 12
3903000 12
3904000 12
3905000 12
3906000 12
3907000 12
3908000 12
3909000 12
3910000 12
3911000 12
3912000 12
3913000 12
3914000 12
3915000 12
3916000 12
3917000 12
3918000 12
3919000 12
3920000 12
3921000 12
3922000 12
3923000 12
3924000 12
3925000 12
3926000 12
3927000 12
3928000 12
3929000 12
3930000 12
3931000 12
3932000 12
3933000 12
3934000 12
3935000 12
3936000 12
3937000 12
3938000 12
3939000 12
3940000 12
3941000 12
3942000 12
3943000 12
3944000 12
3945000 12
3946000 12
3947000 12
3948000 12
3949000 12
3950000 12
3951000 12
3952000 12
3953000 12
3954000 12
3955000 12
3956000 12
3957000 12
3958000 12
3959000 12
3960000 12
3961000 12
3962000 12
3963000 12
3964000 12
3965000 12
3966000 12
3967000 12
3968000 12
3969000 12
3970000 12
3971000 12
3972000 12
3973000 12
3974000 12
3975000 12
3976000 12
3977000 12
3978000 12
3979000 12
3980000 12
3981000 12
3982000 12
3983000 12
3984000 12
3985000 12
3986000 12
3987000 12
3988000 12
3989000 12
3990000 12
3991000 12
3992000 12
3993000 12
3994000 12
3995000 12
3996000 12
3997000 12
3998000 12
3999000 12
4000000 12
4001000 12
4002000 12
4003000 12
4004000 12
4005000 12
4006000 12
4007000 12
4008000 12
4009000 12
4010000 12
4011000 12
4012000 12
4013000 12
4014000 12
4015000 12
4016000 12
4017000 12
4018000 12
4019000 12
4020000 12
4021000 12
4022000 12
4023000 12
4024000 12
4025000 12
4026000 12
4027000 12
4028000 12
4029000 12
4030000 12
4031000 12
4032000 12
4033000 12
4034000 12
4035000 12
4036000 12
4037000 12
4038000 12
4039000 12
4040000 12
4041000 12
4042000 12
4043000 12
4044000 12
4045000 12
4046000 12
4047000 12
4048000 12
4049000 12
4050000 12
4051000 12
4052000 12
4053000 12
4054000 12
4055000 12
4056000 12
4057000 12
4058000 12
4059000 12
4060000 12
4061000 12
4062000 12
4063000 12
4064000 12
4065000 12
4066000 12
4067000 12
4068000 12
4069000 12
4070000 12
4071000 12
4072000 12
4073000 12
4074000 12
4075000 12
4076000 12
4077000 12
4078000 12
4079000 12
4080000 12
4081000 12
4082000 12
4083000 12
4084000 12
4085000 12
4086000 12
4087000 12
4088000 12
4089000 12
4090000 12
4091000 12
4092000 12
4093000 12
4094000 12
4095000 12
4096000 12
4097000 12
4098000 12
4099000 12
4100000 12
4101000 12
4102000 12
4103000 12
4104000 12
4105000 12
4106000 12
4107000 12
4108000 12
4109000 12
4110000 12
4111000 12
4112000 12
4113000 12
4114000 12
4115000 12
4116000 12
4117000 12
4118000 12
4119000 12
4120000 12
4121000 12
4122000 12
4123000 12
4124000 12
4125000 12
4126000 12
4127000 12
4128000 12
4129000 12
4130000 12
4131000 12
4132000 12
4133000 12
4134000 12
4135000 12
4136000 12
4137000 12
4138000 12
4139000 12
4140000 12
4141000 12
4142000 12
4143000 12
4144000 12
4145000 12
4146000 12
4147000 12
4148000 12
4149000 12
4150000 12
4151000 12
4152000 12
4153000 12
4154000 12
4155000 12
4156000 12
4157000 12
4158000 12
4159000 12
4160000 12
4161000 12
4162000 12
4163000 12
4164000 12
4165000 12
4166000 12
4167000 12
4168000 12
4169000 12
4170000 12
4171000 12
4172000 12
4173000 12
4174000 12
4175000 12
4176000 12
4177000 12
4178000 12
4179000 12
4180000 12
4181000 12
4182000 12
4183000 12
4184000 12
4185000 12
4186000 12
4187000 12
4188000 12
4189000 12
4190000 12
4191000 12
4192000 12
4193000 12
4194000 12
4195000 12
4196000 12
4197000 12
4198000 12
4199000 12
4200000 12
4201000 12
4202000 12
4203000 12
4204000 12
4205000 12
4206000 12
4207000 12
4208000 12
4209000 12
4210000 12
4211000 12
4212000 12
4213000 12
4214000 12
4215000 12
4216000 12
4217000 12
4218000 12
4219000 12
4220000 12
4221000 12
4222000 12
4223000 12
4224000 12
4225000 12
4226000 12
4227000 12
4228000 12
4229000 12
4230000 12
4231000 12
4232000 12
4233000 12
4234000 12
4235000 12
4236000 12
4237000 12
4238000 12
4239000 12
4240000 12
4241000 12
4242000 12
4243000 12
4244000 12
4245000 12
4246000 12
4247000 12
4248000 12
4249000 12
4250000 12
4251000 12
4252000 12
4253000 12
4254000 12
4255000 12
4256000 12
4257000 12
4258000 12
4259000 12
4260000 12
4261000 12
4262000 12
4263000 12
4264000 12
4265000 12
4266000 12
4267000 12
4268000 12
4269000 12
4270000 12
4271000 12
4272000 12
4273000 12
4274000 12
4275000 12
4276000 12
4277000 12
4278000 12
4279000 12
4280000 12
4281000 12
4282000 12
4283000 12
4284000 12
4285000 12
4286000 12
4287000 12
4288000 12
4289000 12
4290000 12
4291000 12
4292000 12
4293000 12
4294000 12
4295000 12
4296000 12
4297000 12
4298000 12
4299000 12
4300000 12
4301000 12
4302000 12
4303000 12
4304000 12
4305000 12
4306000 12
4307000 12
4308000 12
4309000 12
4310000 12
4311000 12
4312000 12
4313000 12
4314000 12
4315000 12
4316000 12
4317000 12
4318000 12
4319000 12
4320000 12
4321000 12
4322000 12
4323000 12
4324000 12
4325000 12
4326000 12
4327000 12
4328000 12
4329000 12
4330000 12
4331000 12
4332000 12
4333000 12
4334000 12
4335000 12
4336000 12
4337000 12
4338000 12
4339000 12
4340000 12
4341000 12
4342000 12
4343000 12
4344000 12
4345000 12
4346000 12
4347000 12
4348000 12
4349000 12
4350000 12
4351000 12
4352000 12
4353000 12
4354000 12
4355000 12
4356000 12
4357000 12
4358000 12
4359000 12
4360000 12
4361000 12
4362000 12
4363000 12
4364000 12
4365000 12
4366000 12
4367000 12
4368000 12
4369000 12
4370000 12
4371000 12
4372000 12
4373000 12
4374000 12
4375000 12
4376000 12
4377000 12
4378000 12
4379000 12
4380000 12
4381000 12
4382000 12
4383000 12
4384000 12
4385000 12
4386000 12
4387000 12
4388000 12
4389000 12
4390000 12
4391000 12
4392000 12
4393000 12
4394000 12
4395000 12
4396000 12
4397000 12
4398000 12
4399000 12
4400000 12
4401000 13
4402000 13
4403000 13
4404000 13
4405000 13
4406000 13
4407000 14
4408000 14
4409000 14
4410000 14
4411000 14
4412000 14
4413000 14
4414000 14
4415000 15
4416000 15
4417000 15
4418000 15
4419000 15
4420000 15
4421000 15
4422000 15
4423000 15
4424000 16
4425000 16
4426000 16
4427000 16
4428000 16
4429000 16
4430000 17
4431000 17
4432000 17
4433000 17
4434000 17
4435000 18
4436000 18
4437000 18
4438000 18
4439000 18
4440000 19
4441000 19
4442000 19
4443000 19
4444000 19
4445000 19
4446000 19
4447000 19
4448000 19
4449000 20
4450000 20
4451000 20
4452000 20
4453000 20
4454000 20
4455000 20
4456000 21
4457000 21
4458000 21
4459000 21
4460000 21
4461000 21
4462000 21
4463000 22
4464000 22
4465000 22
4466000 22
4467000 22
4468000 22
4469000 22
4470000 22
4471000 22
4472000 23
4473000 23
4474000 23
4475000 23
4476000 23
4477000 23
4478000 23
4479000 23
4480000 24
4481000 24
4482000 24
4483000 24
4484000 24
4485000 25
4486000 25
4487000 25
4488000 25
4489000 25
4490000 25
4491000 25
4492000 25
4493000 25
4494000 26
4495000 26
4496000 26
4497000 26
4498000 26
4499000 26
4500000 26
4501000 26
4502000 26
4503000 26
4504000 26
4505000 26
4506000 27
4507000 27
4508000 27
4509000 27
4510000 27
4511000 27
4512000 27
4513000 27
4514000 27
4515000 27
4516000 27
4517000 27
4518000 27
4519000 27
4520000 27
4521000 27
4522000 27
4523000 27
4524000 27
4525000 27
4526000 27
4527000 27
4528000 27
4529000 28
4530000 28
4531000 28
4532000 28
4533000 28
4534000 28
4535000 28
4536000 28
4537000 29
4538000 29
4539000 29
4540000 29
4541000 29
4542000 29
4543000 29
4544000 29
4545000 30
4546000 30
4547000 30
4548000 30
4549000 30
4550000 31
4551000 31
4552000 31
4553000 31
4554000 31
4555000 31
4556000 31
4557000 31
4558000 32
4559000 32
4560000 32
4561000 32
4562000 32
4563000 32
4564000 33
4565000 33
4566000 33
4567000 33
4568000 33
4569000 34
4570000 34
4571000 34
4572000 34
4573000 34
4574000 34
4575000 34
4576000 34
4577000 34
4578000 35
4579000 35
4580000 35
4581000 35
4582000 35
4583000 35
4584000 35
4585000 35
4586000 36
4587000 36
4588000 36
4589000 36
4590000 36
4591000 36
4592000 36
4593000 37
4594000 37
4595000 37
4596000 37
4597000 37
4598000 37
4599000 37
4600000 37
4601000 38
4602000 38
4603000 38
4604000 38
4605000 38
4606000 38
4607000 38
4608000 38
4609000 38
4610000 38
4611000 38
4612000 38
4613000 39
4614000 39
4615000 39
4616000 39
4617000 39
4618000 39
4619000 39
4620000 39
4621000 39
4622000 39
4623000 39
4624000 40
4625000 40
4626000 40
4627000 40
4628000 40
4629000 40
4630000 40
4631000 40
4632000 40
4633000 40
4634000 40
4635000 40
4636000 40
4637000 40
4638000 40
4639000 40
4640000 40
4641000 41
4642000 41
4643000 41
4644000 41
4645000 41
4646000 41
4647000 41
4648000 41
4649000 41
4650000 41
4651000 41
4652000 41
4653000 41
4654000 41
4655000 41
4656000 41
4657000 41
4658000 41
4659000 42
4660000 42
4661000 42
4662000 42
4663000 42
4664000 42
4665000 42
4666000 42
4667000 42
4668000 42
4669000 42
4670000 42
4671000 42
4672000 43
4673000 43
4674000 43
4675000 43
4676000 43
4677000 43
4678000 43
4679000 43
4680000 43
4681000 44
4682000 44
4683000 44
4684000 44
4685000 44
4686000 44
4687000 44
4688000 44
4689000 45
4690000 45
4691000 45
4692000 45
4693000 45
4694000 45
4695000 46
4696000 46
4697000 46
4698000 46
4699000 46
4700000 46
4701000 47
4702000 47
4703000 47
4704000 47
4705000 47
4706000 47
4707000 47
4708000 48
4709000 48
4710000 48
4711000 48
4712000 48
4713000 48
4714000 49
4715000 49
4716000 49
4717000 49
4718000 49
4719000 49
4720000 49
4721000 49
4722000 49
4723000 49
4724000 50
4725000 50
4726000 50
4727000 50
4728000 50
4729000 50
4730000 50
4731000 50
4732000 51
4733000 51
4734000 51
4735000 51
4736000 51
4737000 51
4738000 51
4739000 51
4740000 52
4741000 52
4742000 52
4743000 52
4744000 52
4745000 52
4746000 52
4747000 52
4748000 53
4749000 53
4750000 53
4751000 53
4752000 53
4753000 53
4754000 53
4755000 54
4756000 54
4757000 54
4758000 54
4759000 54
4760000 54
4761000 54
4762000 54
4763000 54
4764000 54
4765000 54
4766000 54
4767000 55
4768000 55
4769000 55
4770000 55
4771000 55
4772000 55
4773000 55
4774000 55
4775000 55
4776000 55
4777000 55
4778000 55
4779000 55
4780000 55
4781000 55
4782000 55
4783000 55
4784000 56
4785000 56
4786000 56
4787000 56
4788000 56
4789000 56
4790000 56
4791000 56
4792000 56
4793000 57
4794000 57
4795000 57
4796000 57
4797000 57
4798000 57
4799000 57
4800000 57
4801000 57
4802000 57
4803000 57
4804000 57
4805000 57
4806000 58
4807000 58
4808000 58
4809000 58
4810000 58
4811000 58
4812000 58
4813000 58
4814000 58
4815000 59
4816000 59
4817000 59
4818000 59
4819000 59
4820000 59
4821000 59
4822000 59
4823000 59
4824000 59
4825000 59
4826000 60
4827000 60
4828000 60
4829000 60
4830000 60
4831000 60
4832000 60
4833000 61
4834000 61
4835000 61
4836000 61
4837000 61
4838000 61
4839000 62
4840000 62
4841000 62
4842000 62
4843000 62
4844000 62
4845000 62
4846000 62
4847000 63
4848000 63
4849000 63
4850000 63
4851000 63
4852000 63
4853000 63
4854000 63
4855000 63
4856000 63
4857000 63
4858000 63
4859000 63
4860000 63
4861000 63
4862000 63
4863000 63
4864000 63
4865000 63
4866000 63
4867000 63
4868000 63
4869000 63
4870000 63
4871000 63
4872000 63
4873000 63
4874000 63
4875000 63
4876000 63
4877000 63
4878000 63
4879000 63
4880000 63
4881000 63
4882000 63
4883000 63
4884000 63
4885000 63
4886000 63
4887000 63
4888000 63
4889000 63
4890000 63
4891000 63
4892000 63
4893000 63
4894000 63
4895000 63
4896000 63
4897000 63
4898000 63
4899000 63
4900000 63
4901000 63
4902000 63
4903000 63
4904000 63
4905000 63
4906000 63
4907000 63
4908000 63
4909000 63
4910000 63
4911000 63
4912000 63
4913000 63
4914000 63
4915000 63
4916000 63
4917000 63
4918000 63
4919000 63
4920000 63
4921000 63
4922000 63
4923000 63
4924000 63
4925000 63
4926000 63
4927000 63
4928000 63
4929000 63
4930000 63
4931000 63
4932000 63
4933000 63
4934000 63
4935000 63
4936000 63
4937000 63
4938000 63
4939000 63
4940000 63
4941000 63
4942000 63
4943000 63
4944000 63
4945000 63
4946000 63
4947000 63
4948000 63
4949000 63
4950000 63
4951000 63
4952000 63
4953000 63
4954000 63
4955000 63
4956000 63
4957000 63
4958000 63
4959000 63
4960000 63
4961000 63
4962000 63
4963000 63
4964000 63
4965000 63
4966000 63
4967000 63
4968000 63
4969000 63
4970000 63
4971000 63
4972000 63
4973000 63
4974000 63
4975000 63
4976000 63
4977000 63
4978000 63
4979000 63
4980000 63
4981000 63
4982000 63
4983000 63
4984000 63
4985000 63
4986000 63
4987000 63
4988000 63
4989000 63
4990000 63
4991000 63
4992000 63
4993000 63
4994000 63
4995000 63
4996000 63
4997000 63
4998000 63
4999000 63
5000000 63
