0 0
1000 0
2000 0
3000 0
4000 0
5000 0
6000 0
7000 0
8000 0
9000 0
10000 0
11000 0
12000 0
13000 0
14000 0
15000 0
16000 0
17000 0
18000 0
19000 0
20000 0
21000 0
22000 0
23000 0
24000 0
25000 0
26000 0
27000 0
28000 0
29000 0
30000 0
31000 0
32000 0
33000 0
34000 0
35000 0
36000 0
37000 0
38000 0
39000 0
40000 0
41000 0
42000 0
43000 0
44000 1
45000 1
46000 1
47000 1
48000 1
49000 1
50000 1
51000 1
52000 1
53000 1
54000 1
55000 1
56000 1
57000 1
58000 1
59000 1
60000 2
61000 2
62000 2
63000 2
64000 2
65000 2
66000 2
67000 2
68000 2
69000 2
70000 2
71000 2
72000 2
73000 2
74000 3
75000 3
76000 3
77000 3
78000 3
79000 3
80000 3
81000 3
82000 3
83000 3
84000 3
85000 3
86000 3
87000 3
88000 3
89000 3
90000 3
91000 3
92000 3
93000 3
94000 3
95000 3
96000 3
97000 3
98000 3
99000 3
100000 3
101000 3
102000 3
103000 3
104000 3
105000 3
106000 3
107000 3
108000 3
109000 3
110000 3
111000 3
112000 3
113000 3
114000 3
115000 3
116000 3
117000 3
118000 4
119000 4
120000 4
121000 4
122000 4
123000 4
124000 4
125000 4
126000 4
127000 4
128000 4
129000 4
130000 4
131000 4
132000 4
133000 4
134000 4
135000 4
136000 4
137000 4
138000 4
139000 4
140000 4
141000 4
142000 4
143000 4
144000 4
145000 4
146000 4
147000 4
148000 4
149000 4
150000 4
151000 4
152000 4
153000 4
154000 4
155000 4
156000 4
157000 4
158000 4
159000 4
160000 4
161000 4
162000 4
163000 4
164000 4
165000 4
166000 4
167000 4
168000 4
169000 4
170000 4
171000 4
172000 4
173000 4
174000 4
175000 4
176000 4
177000 4
178000 4
179000 4
180000 4
181000 4
182000 4
183000 4
184000 4
185000 4
186000 4
187000 4
188000 4
189000 4
190000 5
191000 5
192000 5
193000 5
194000 5
195000 5
196000 5
197000 5
198000 5
199000 5
200000 5
201000 5
202000 5
203000 5
204000 5
205000 5
206000 5
207000 5
208000 5
209000 5
210000 5
211000 5
212000 5
213000 5
214000 5
215000 5
216000 5
217000 5
218000 6
219000 6
220000 6
221000 6
222000 6
223000 6
224000 6
225000 6
226000 6
227000 6
228000 6
229000 6
230000 6
231000 6
232000 7
233000 7
234000 7
235000 7
236000 7
237000 7
238000 7
239000 7
240000 7
241000 7
242000 7
243000 7
244000 8
245000 8
246000 8
247000 8
248000 8
249000 8
250000 8
251000 8
252000 8
253000 8
254000 8
255000 8
256000 8
257000 8
258000 8
259000 8
260000 9
261000 9
262000 9
263000 9
264000 9
265000 9
266000 9
267000 9
268000 9
269000 9
270000 9
271000 9
272000 10
273000 10
274000 10
275000 10
276000 10
277000 10
278000 10
279000 10
280000 10
281000 10
282000 10
283000 10
284000 10
285000 10
286000 10
287000 10
288000 10
289000 10
290000 10
291000 10
292000 10
293000 10
294000 10
295000 10
296000 10
297000 10
298000 10
299000 10
300000 10
301000 10
302000 10
303000 10
304000 10
305000 10
306000 10
307000 10
308000 10
309000 10
310000 10
311000 10
312000 10
313000 10
314000 10
315000 10
316000 10
317000 10
318000 10
319000 10
320000 10
321000 10
322000 10
323000 10
324000 10
325000 10
326000 10
327000 10
328000 10
329000 10
330000 10
331000 10
332000 10
333000 10
334000 10
335000 10
336000 10
337000 10
338000 10
339000 10
340000 10
341000 10
342000 10
343000 10
344000 10
345000 10
346000 10
347000 10
348000 10
349000 10
350000 10
351000 10
352000 10
353000 10
354000 10
355000 10
356000 10
357000 10
358000 10
359000 10
360000 10
361000 11
362000 11
363000 11
364000 11
365000 11
366000 11
367000 11
368000 11
369000 11
370000 11
371000 11
372000 11
373000 11
374000 11
375000 11
376000 11
377000 11
378000 11
379000 11
380000 11
381000 11
382000 11
383000 11
384000 11
385000 11
386000 11
387000 11
388000 11
389000 11
390000 11
391000 11
392000 11
393000 11
394000 11
395000 11
396000 11
397000 11
398000 11
399000 11
400000 11
401000 11
402000 11
403000 11
404000 11
405000 11
406000 11
407000 11
408000 11
409000 11
410000 11
411000 12
412000 12
413000 12
414000 12
415000 12
416000 12
417000 12
418000 12
419000 12
420000 12
421000 12
422000 12
423000 12
424000 12
425000 12
426000 12
427000 12
428000 12
429000 12
430000 12
431000 12
432000 12
433000 12
434000 12
435000 12
436000 12
437000 12
438000 12
439000 12
440000 12
441000 12
442000 12
443000 12
444000 12
445000 12
446000 12
447000 12
448000 12
449000 12
450000 12
451000 12
452000 12
453000 12
454000 12
455000 12
456000 12
457000 12
458000 12
459000 12
460000 12
461000 12
462000 12
463000 12
464000 12
465000 12
466000 12
467000 12
468000 12
469000 12
470000 12
471000 12
472000 12
473000 12
474000 12
475000 12
476000 12
477000 12
478000 12
479000 12
480000 12
481000 12
482000 12
483000 12
484000 12
485000 12
486000 12
487000 12
488000 12
489000 12
490000 12
491000 12
492000 12
493000 12
494000 12
495000 12
496000 12
497000 12
498000 12
499000 12
500000 12
501000 12
502000 12
503000 12
504000 12
505000 12
506000 12
507000 12
508000 12
509000 12
510000 12
511000 12
512000 12
513000 12
514000 12
515000 12
516000 12
517000 12
518000 12
519000 12
520000 12
521000 12
522000 12
523000 12
524000 12
525000 12
526000 12
527000 12
528000 12
529000 12
530000 12
531000 12
532000 12
533000 12
534000 12
535000 12
536000 12
537000 12
538000 12
539000 12
540000 12
541000 12
542000 12
543000 12
544000 12
545000 12
546000 12
547000 12
548000 12
549000 12
550000 12
551000 12
552000 12
553000 12
554000 12
555000 12
556000 12
557000 12
558000 12
559000 12
560000 12
561000 12
562000 12
563000 12
564000 12
565000 12
566000 12
567000 12
568000 12
569000 12
570000 12
571000 12
572000 12
573000 12
574000 12
575000 12
576000 12
577000 12
578000 12
579000 12
580000 12
581000 12
582000 12
583000 12
584000 12
585000 12
586000 12
587000 12
588000 12
589000 12
590000 12
591000 12
592000 12
593000 12
594000 12
595000 12
596000 12
597000 12
598000 12
599000 12
600000 12
601000 12
602000 12
603000 12
604000 12
605000 12
606000 12
607000 12
608000 12
609000 12
610000 12
611000 12
612000 12
613000 12
614000 12
615000 12
616000 12
617000 12
618000 12
619000 12
620000 12
621000 12
622000 12
623000 12
624000 12
625000 12
626000 12
627000 12
628000 12
629000 12
630000 12
631000 12
632000 12
633000 12
634000 12
635000 12
636000 12
637000 12
638000 12
639000 12
640000 12
641000 12
642000 12
643000 12
644000 12
645000 13
646000 13
647000 13
648000 13
649000 13
650000 13
651000 13
652000 13
653000 13
654000 13
655000 13
656000 13
657000 13
658000 13
659000 13
660000 13
661000 13
662000 13
663000 13
664000 13
665000 13
666000 13
667000 13
668000 13
669000 13
670000 13
671000 13
672000 13
673000 13
674000 13
675000 13
676000 13
677000 13
678000 13
679000 13
680000 13
681000 13
682000 13
683000 13
684000 13
685000 13
686000 13
687000 13
688000 13
689000 13
690000 13
691000 13
692000 13
693000 13
694000 13
695000 13
696000 13
697000 13
698000 13
699000 13
700000 13
701000 13
702000 13
703000 13
704000 13
705000 13
706000 13
707000 13
708000 13
709000 13
710000 13
711000 13
712000 13
713000 13
714000 13
715000 13
716000 13
717000 14
718000 14
719000 14
720000 14
721000 14
722000 14
723000 14
724000 14
725000 14
726000 14
727000 14
728000 14
729000 14
730000 14
731000 14
732000 14
733000 14
734000 14
735000 14
736000 14
737000 14
738000 14
739000 14
740000 14
741000 14
742000 14
743000 15
744000 15
745000 15
746000 15
747000 15
748000 15
749000 15
750000 15
751000 15
752000 15
753000 15
754000 15
755000 15
756000 15
757000 15
758000 15
759000 15
760000 15
761000 15
762000 15
763000 15
764000 15
765000 15
766000 15
767000 15
768000 15
769000 15
770000 15
771000 15
772000 15
773000 16
774000 16
775000 16
776000 16
777000 16
778000 16
779000 16
780000 16
781000 16
782000 16
783000 16
784000 16
785000 16
786000 16
787000 16
788000 16
789000 16
790000 16
791000 16
792000 16
793000 16
794000 16
795000 16
796000 16
797000 16
798000 16
799000 16
800000 16
801000 16
802000 16
803000 16
804000 16
805000 16
806000 16
807000 16
808000 16
809000 16
810000 16
811000 16
812000 16
813000 16
814000 16
815000 16
816000 16
817000 16
818000 16
819000 16
820000 16
821000 16
822000 16
823000 16
824000 16
825000 16
826000 16
827000 16
828000 16
829000 16
830000 16
831000 16
832000 16
833000 16
834000 16
835000 16
836000 16
837000 16
838000 17
839000 17
840000 17
841000 17
842000 17
843000 17
844000 17
845000 17
846000 17
847000 17
848000 17
849000 17
850000 17
851000 17
852000 17
853000 17
854000 17
855000 17
856000 17
857000 17
858000 17
859000 17
860000 17
861000 17
862000 17
863000 17
864000 17
865000 17
866000 17
867000 17
868000 17
869000 17
870000 17
871000 17
872000 17
873000 17
874000 17
875000 17
876000 17
877000 17
878000 17
879000 17
880000 17
881000 17
882000 17
883000 17
884000 17
885000 17
886000 17
887000 17
888000 17
889000 17
890000 17
891000 17
892000 17
893000 17
894000 17
895000 17
896000 17
897000 17
898000 17
899000 17
900000 17
901000 17
902000 17
903000 17
904000 17
905000 17
906000 17
907000 18
908000 18
909000 18
910000 18
911000 18
912000 18
913000 18
914000 18
915000 18
916000 18
917000 18
918000 18
919000 18
920000 18
921000 18
922000 18
923000 18
924000 18
925000 18
926000 18
927000 18
928000 18
929000 18
930000 18
931000 18
932000 18
933000 18
934000 18
935000 18
936000 18
937000 18
938000 18
939000 18
940000 18
941000 18
942000 19
943000 19
944000 19
945000 19
946000 19
947000 19
948000 19
949000 19
950000 19
951000 19
952000 19
953000 19
954000 19
955000 19
956000 19
957000 19
958000 19
959000 19
960000 19
961000 19
962000 19
963000 19
964000 19
965000 19
966000 19
967000 19
968000 19
969000 19
970000 20
971000 20
972000 20
973000 20
974000 20
975000 20
976000 20
977000 20
978000 20
979000 20
980000 20
981000 20
982000 20
983000 20
984000 20
985000 20
986000 20
987000 20
988000 20
989000 20
990000 20
991000 20
992000 20
993000 20
994000 20
995000 20
996000 21
997000 21
998000 21
999000 21
1000000 21
1001000 21
1002000 21
1003000 21
1004000 21
1005000 21
1006000 21
1007000 21
1008000 21
1009000 21
1010000 21
1011000 22
1012000 22
1013000 22
1014000 22
1015000 22
1016000 22
1017000 22
1018000 22
1019000 22
1020000 22
1021000 22
1022000 22
1023000 22
1024000 23
1025000 23
1026000 23
1027000 23
1028000 23
1029000 23
1030000 23
1031000 23
1032000 23
1033000 23
1034000 23
1035000 23
1036000 23
1037000 23
1038000 23
1039000 23
1040000 23
1041000 23
1042000 23
1043000 23
1044000 23
1045000 23
1046000 23
1047000 23
1048000 23
1049000 23
1050000 23
1051000 23
1052000 23
1053000 24
1054000 24
1055000 24
1056000 24
1057000 24
1058000 24
1059000 24
1060000 24
1061000 24
1062000 24
1063000 24
1064000 24
1065000 24
1066000 24
1067000 24
1068000 24
1069000 24
1070000 24
1071000 24
1072000 24
1073000 24
1074000 25
1075000 25
1076000 25
1077000 25
1078000 25
1079000 25
1080000 25
1081000 25
1082000 25
1083000 25
1084000 25
1085000 25
1086000 25
1087000 25
1088000 25
1089000 25
1090000 25
1091000 25
1092000 25
1093000 25
1094000 25
1095000 25
1096000 25
1097000 25
1098000 25
1099000 25
1100000 25
1101000 25
1102000 25
1103000 25
1104000 25
1105000 25
1106000 25
1107000 25
1108000 25
1109000 25
1110000 25
1111000 25
1112000 25
1113000 25
1114000 25
1115000 25
1116000 25
1117000 25
1118000 25
1119000 25
1120000 25
1121000 25
1122000 25
1123000 25
1124000 25
1125000 25
1126000 25
1127000 25
1128000 25
1129000 25
1130000 25
1131000 25
1132000 25
1133000 25
1134000 25
1135000 25
1136000 26
1137000 26
1138000 26
1139000 26
1140000 26
1141000 26
1142000 26
1143000 26
1144000 26
1145000 26
1146000 26
1147000 26
1148000 27
1149000 27
1150000 27
1151000 27
1152000 27
1153000 27
1154000 27
1155000 27
1156000 27
1157000 27
1158000 27
1159000 27
1160000 27
1161000 27
1162000 27
1163000 27
1164000 27
1165000 28
1166000 28
1167000 28
1168000 28
1169000 28
1170000 28
1171000 28
1172000 28
1173000 28
1174000 28
1175000 28
1176000 28
1177000 28
1178000 28
1179000 28
1180000 28
1181000 28
1182000 28
1183000 28
1184000 28
1185000 28
1186000 28
1187000 28
1188000 28
1189000 28
1190000 28
1191000 28
1192000 28
1193000 28
1194000 28
1195000 28
1196000 28
1197000 28
1198000 28
1199000 28
1200000 28
1201000 28
1202000 28
1203000 28
1204000 28
1205000 28
1206000 28
1207000 28
1208000 28
1209000 28
1210000 28
1211000 28
1212000 28
1213000 28
1214000 28
1215000 28
1216000 28
1217000 28
1218000 28
1219000 28
1220000 28
1221000 28
1222000 28
1223000 28
1224000 28
1225000 28
1226000 28
1227000 28
1228000 28
1229000 28
1230000 28
1231000 28
1232000 28
1233000 29
1234000 29
1235000 29
1236000 29
1237000 29
1238000 29
1239000 29
1240000 29
1241000 29
1242000 29
1243000 29
1244000 29
1245000 29
1246000 29
1247000 30
1248000 30
1249000 30
1250000 30
1251000 30
1252000 30
1253000 30
1254000 30
1255000 30
1256000 30
1257000 30
1258000 30
1259000 30
1260000 30
1261000 30
1262000 30
1263000 30
1264000 30
1265000 30
1266000 30
1267000 30
1268000 30
1269000 30
1270000 30
1271000 30
1272000 30
1273000 30
1274000 30
1275000 30
1276000 30
1277000 30
1278000 30
1279000 30
1280000 31
1281000 31
1282000 31
1283000 31
1284000 31
1285000 31
1286000 31
1287000 31
1288000 31
1289000 31
1290000 31
1291000 31
1292000 31
1293000 31
1294000 31
1295000 31
1296000 31
1297000 31
1298000 31
1299000 31
1300000 31
1301000 31
1302000 31
1303000 31
1304000 31
1305000 32
1306000 32
1307000 32
1308000 32
1309000 32
1310000 32
1311000 32
1312000 32
1313000 32
1314000 32
1315000 32
1316000 32
1317000 32
1318000 32
1319000 32
1320000 32
1321000 32
1322000 32
1323000 33
1324000 33
1325000 33
1326000 33
1327000 33
1328000 33
1329000 33
1330000 33
1331000 33
1332000 33
1333000 33
1334000 33
1335000 33
1336000 33
1337000 33
1338000 33
1339000 34
1340000 34
1341000 34
1342000 34
1343000 34
1344000 34
1345000 34
1346000 34
1347000 34
1348000 34
1349000 34
1350000 34
1351000 34
1352000 34
1353000 34
1354000 34
1355000 34
1356000 35
1357000 35
1358000 35
1359000 35
1360000 35
1361000 35
1362000 35
1363000 35
1364000 35
1365000 35
1366000 35
1367000 35
1368000 36
1369000 36
1370000 36
1371000 36
1372000 36
1373000 36
1374000 36
1375000 36
1376000 36
1377000 36
1378000 36
1379000 36
1380000 36
1381000 36
1382000 36
1383000 36
1384000 37
1385000 37
1386000 37
1387000 37
1388000 37
1389000 37
1390000 37
1391000 37
1392000 37
1393000 37
1394000 37
1395000 37
1396000 37
1397000 37
1398000 37
1399000 37
1400000 38
1401000 38
1402000 38
1403000 38
1404000 38
1405000 38
1406000 38
1407000 38
1408000 38
1409000 38
1410000 38
1411000 38
1412000 38
1413000 38
1414000 38
1415000 38
1416000 39
1417000 39
1418000 39
1419000 39
1420000 39
1421000 39
1422000 39
1423000 39
1424000 39
1425000 39
1426000 39
1427000 39
1428000 39
1429000 39
1430000 40
1431000 40
1432000 40
1433000 40
1434000 40
1435000 40
1436000 40
1437000 40
1438000 40
1439000 40
1440000 40
1441000 40
1442000 40
1443000 40
1444000 40
1445000 40
1446000 40
1447000 40
1448000 40
1449000 40
1450000 40
1451000 40
1452000 40
1453000 40
1454000 40
1455000 40
1456000 40
1457000 40
1458000 40
1459000 40
1460000 41
1461000 41
1462000 41
1463000 41
1464000 41
1465000 41
1466000 41
1467000 41
1468000 41
1469000 41
1470000 41
1471000 41
1472000 41
1473000 41
1474000 41
1475000 41
1476000 41
1477000 41
1478000 41
1479000 41
1480000 41
1481000 41
1482000 41
1483000 41
1484000 41
1485000 41
1486000 41
1487000 41
1488000 41
1489000 41
1490000 41
1491000 41
1492000 41
1493000 41
1494000 41
1495000 41
1496000 41
1497000 41
1498000 41
1499000 41
1500000 41
1501000 41
1502000 41
1503000 41
1504000 41
1505000 41
1506000 41
1507000 41
1508000 41
1509000 41
1510000 41
1511000 41
1512000 41
1513000 41
1514000 41
1515000 41
1516000 41
1517000 41
1518000 41
1519000 41
1520000 41
1521000 41
1522000 41
1523000 41
1524000 41
1525000 41
1526000 41
1527000 41
1528000 41
1529000 41
1530000 42
1531000 42
1532000 42
1533000 42
1534000 42
1535000 42
1536000 42
1537000 42
1538000 42
1539000 42
1540000 42
1541000 42
1542000 42
1543000 42
1544000 42
1545000 42
1546000 42
1547000 42
1548000 42
1549000 42
1550000 42
1551000 42
1552000 42
1553000 42
1554000 42
1555000 42
1556000 42
1557000 42
1558000 42
1559000 42
1560000 42
1561000 42
1562000 42
1563000 42
1564000 42
1565000 42
1566000 42
1567000 42
1568000 42
1569000 42
1570000 42
1571000 42
1572000 42
1573000 42
1574000 42
1575000 42
1576000 42
1577000 42
1578000 42
1579000 42
1580000 42
1581000 42
1582000 42
1583000 42
1584000 42
1585000 42
1586000 42
1587000 42
1588000 42
1589000 42
1590000 42
1591000 42
1592000 42
1593000 42
1594000 42
1595000 42
1596000 42
1597000 42
1598000 42
1599000 42
1600000 42
1601000 42
1602000 42
1603000 42
1604000 42
1605000 42
1606000 42
1607000 42
1608000 42
1609000 42
1610000 42
1611000 42
1612000 42
1613000 42
1614000 42
1615000 42
1616000 42
1617000 42
1618000 42
1619000 42
1620000 42
1621000 42
1622000 42
1623000 42
1624000 42
1625000 42
1626000 42
1627000 42
1628000 42
1629000 42
1630000 42
1631000 42
1632000 42
1633000 42
1634000 42
1635000 42
1636000 42
1637000 42
1638000 42
1639000 42
1640000 42
1641000 42
1642000 42
1643000 42
1644000 42
1645000 42
1646000 42
1647000 42
1648000 42
1649000 42
1650000 42
1651000 42
1652000 42
1653000 42
1654000 42
1655000 42
1656000 42
1657000 42
1658000 42
1659000 42
1660000 42
1661000 42
1662000 42
1663000 42
1664000 42
1665000 42
1666000 42
1667000 42
1668000 42
1669000 42
1670000 42
1671000 42
1672000 42
1673000 42
1674000 42
1675000 42
1676000 42
1677000 42
1678000 42
1679000 42
1680000 42
1681000 42
1682000 42
1683000 42
1684000 42
1685000 42
1686000 42
1687000 42
1688000 42
1689000 42
1690000 42
1691000 42
1692000 42
1693000 42
1694000 42
1695000 42
1696000 42
1697000 42
1698000 42
1699000 42
1700000 42
1701000 42
1702000 42
1703000 42
1704000 42
1705000 42
1706000 42
1707000 42
1708000 42
1709000 42
1710000 42
1711000 42
1712000 42
1713000 42
1714000 42
1715000 42
1716000 42
1717000 42
1718000 42
1719000 42
1720000 42
1721000 42
1722000 42
1723000 42
1724000 42
1725000 42
1726000 42
1727000 42
1728000 42
1729000 42
1730000 42
1731000 42
1732000 42
1733000 42
1734000 42
1735000 42
1736000 42
1737000 42
1738000 42
1739000 42
1740000 42
1741000 42
1742000 42
1743000 42
1744000 42
1745000 42
1746000 42
1747000 42
1748000 42
1749000 42
1750000 42
1751000 42
1752000 42
1753000 42
1754000 42
1755000 42
1756000 42
1757000 42
1758000 42
1759000 42
1760000 42
1761000 42
1762000 42
1763000 42
1764000 42
1765000 42
1766000 42
1767000 42
1768000 42
1769000 42
1770000 42
1771000 42
1772000 42
1773000 42
1774000 42
1775000 42
1776000 42
1777000 42
1778000 42
1779000 42
1780000 42
1781000 42
1782000 42
1783000 42
1784000 42
1785000 42
1786000 42
1787000 42
1788000 42
1789000 42
1790000 42
1791000 42
1792000 42
1793000 42
1794000 42
1795000 42
1796000 42
1797000 42
1798000 42
1799000 42
1800000 42
1801000 42
1802000 42
1803000 42
1804000 42
1805000 42
1806000 42
1807000 42
1808000 42
1809000 42
1810000 42
1811000 42
1812000 42
1813000 42
1814000 42
1815000 42
1816000 42
1817000 42
1818000 42
1819000 42
1820000 42
1821000 42
1822000 42
1823000 42
1824000 42
1825000 42
1826000 42
1827000 42
1828000 42
1829000 42
1830000 42
1831000 42
1832000 42
1833000 42
1834000 42
1835000 42
1836000 42
1837000 42
1838000 42
1839000 42
1840000 42
1841000 42
1842000 42
1843000 42
1844000 42
1845000 42
1846000 42
1847000 42
1848000 42
1849000 42
1850000 42
1851000 42
1852000 42
1853000 42
1854000 42
1855000 42
1856000 42
1857000 42
1858000 42
1859000 42
1860000 42
1861000 42
1862000 42
1863000 42
1864000 42
1865000 42
1866000 42
1867000 42
1868000 42
1869000 42
1870000 42
1871000 42
1872000 42
1873000 42
1874000 42
1875000 42
1876000 42
1877000 42
1878000 42
1879000 42
1880000 42
1881000 42
1882000 42
1883000 42
1884000 42
1885000 42
1886000 42
1887000 42
1888000 42
1889000 42
1890000 42
1891000 42
1892000 42
1893000 42
1894000 42
1895000 42
1896000 42
1897000 42
1898000 42
1899000 42
1900000 42
1901000 42
1902000 42
1903000 42
1904000 42
1905000 42
1906000 42
1907000 42
1908000 42
1909000 42
1910000 42
1911000 42
1912000 42
1913000 42
1914000 42
1915000 42
1916000 42
1917000 42
1918000 42
1919000 42
1920000 42
1921000 42
1922000 42
1923000 42
1924000 42
1925000 42
1926000 42
1927000 42
1928000 42
1929000 42
1930000 42
1931000 42
1932000 42
1933000 42
1934000 42
1935000 42
1936000 42
1937000 42
1938000 42
1939000 42
1940000 42
1941000 42
1942000 42
1943000 42
1944000 42
1945000 42
1946000 42
1947000 42
1948000 42
1949000 42
1950000 42
1951000 42
1952000 42
1953000 42
1954000 42
1955000 42
1956000 42
1957000 42
1958000 42
1959000 42
1960000 42
1961000 42
1962000 42
1963000 42
1964000 42
1965000 42
1966000 42
1967000 42
1968000 42
1969000 42
1970000 42
1971000 42
1972000 42
1973000 42
1974000 42
1975000 42
1976000 42
1977000 42
1978000 42
1979000 42
1980000 42
1981000 42
1982000 42
1983000 42
1984000 42
1985000 42
1986000 42
1987000 42
1988000 42
1989000 42
1990000 42
1991000 42
1992000 42
1993000 42
1994000 42
1995000 42
1996000 42
1997000 42
1998000 42
1999000 42
2000000 42
2001000 42
2002000 42
2003000 42
2004000 42
2005000 42
2006000 42
2007000 42
2008000 42
2009000 42
2010000 42
2011000 42
2012000 42
2013000 42
2014000 42
2015000 42
2016000 42
2017000 42
2018000 42
2019000 42
2020000 42
2021000 42
2022000 42
2023000 42
2024000 42
2025000 42
2026000 42
2027000 42
2028000 42
2029000 42
2030000 42
2031000 42
2032000 42
2033000 42
2034000 42
2035000 42
2036000 42
2037000 42
2038000 42
2039000 42
2040000 42
2041000 42
2042000 42
2043000 42
2044000 42
2045000 42
2046000 42
2047000 42
2048000 42
2049000 42
2050000 42
2051000 42
2052000 42
2053000 42
2054000 42
2055000 42
2056000 42
2057000 42
2058000 42
2059000 42
2060000 42
2061000 42
2062000 42
2063000 42
2064000 42
2065000 42
2066000 42
2067000 42
2068000 42
2069000 42
2070000 42
2071000 42
2072000 42
2073000 42
2074000 42
2075000 42
2076000 42
2077000 42
2078000 42
2079000 42
2080000 42
2081000 42
2082000 42
2083000 42
2084000 42
2085000 42
2086000 42
2087000 42
2088000 42
2089000 42
2090000 42
2091000 42
2092000 42
2093000 42
2094000 42
2095000 42
2096000 42
2097000 42
2098000 42
2099000 42
2100000 42
2101000 42
2102000 42
2103000 43
2104000 43
2105000 43
2106000 43
2107000 43
2108000 43
2109000 43
2110000 43
2111000 43
2112000 43
2113000 43
2114000 43
2115000 43
2116000 43
2117000 43
2118000 43
2119000 43
2120000 43
2121000 43
2122000 43
2123000 43
2124000 43
2125000 43
2126000 43
2127000 43
2128000 43
2129000 43
2130000 43
2131000 43
2132000 43
2133000 43
2134000 44
2135000 44
2136000 44
2137000 44
2138000 44
2139000 44
2140000 44
2141000 44
2142000 44
2143000 44
2144000 44
2145000 44
2146000 44
2147000 44
2148000 45
2149000 45
2150000 45
2151000 45
2152000 45
2153000 45
2154000 45
2155000 45
2156000 45
2157000 45
2158000 45
2159000 45
2160000 45
2161000 45
2162000 45
2163000 45
2164000 45
2165000 45
2166000 45
2167000 45
2168000 45
2169000 45
2170000 45
2171000 45
2172000 45
2173000 46
2174000 46
2175000 46
2176000 46
2177000 46
2178000 46
2179000 46
2180000 46
2181000 46
2182000 46
2183000 46
2184000 46
2185000 46
2186000 46
2187000 47
2188000 47
2189000 47
2190000 47
2191000 47
2192000 47
2193000 47
2194000 47
2195000 47
2196000 47
2197000 47
2198000 47
2199000 47
2200000 47
2201000 47
2202000 47
2203000 47
2204000 48
2205000 48
2206000 48
2207000 48
2208000 48
2209000 48
2210000 48
2211000 48
2212000 48
2213000 48
2214000 48
2215000 49
2216000 49
2217000 49
2218000 49
2219000 49
2220000 49
2221000 49
2222000 49
2223000 49
2224000 49
2225000 49
2226000 49
2227000 50
2228000 50
2229000 50
2230000 50
2231000 50
2232000 50
2233000 50
2234000 50
2235000 50
2236000 50
2237000 50
2238000 50
2239000 50
2240000 50
2241000 50
2242000 50
2243000 51
2244000 51
2245000 51
2246000 51
2247000 51
2248000 51
2249000 51
2250000 51
2251000 51
2252000 51
2253000 52
2254000 52
2255000 52
2256000 52
2257000 52
2258000 52
2259000 52
2260000 52
2261000 52
2262000 52
2263000 53
2264000 53
2265000 53
2266000 53
2267000 53
2268000 53
2269000 53
2270000 53
2271000 53
2272000 53
2273000 53
2274000 53
2275000 53
2276000 53
2277000 53
2278000 53
2279000 53
2280000 53
2281000 53
2282000 53
2283000 53
2284000 53
2285000 54
2286000 54
2287000 54
2288000 54
2289000 54
2290000 54
2291000 54
2292000 54
2293000 54
2294000 55
2295000 55
2296000 55
2297000 55
2298000 55
2299000 55
2300000 55
2301000 55
2302000 55
2303000 55
2304000 55
2305000 55
2306000 55
2307000 56
2308000 56
2309000 56
2310000 56
2311000 56
2312000 56
2313000 56
2314000 56
2315000 56
2316000 56
2317000 56
2318000 57
2319000 57
2320000 57
2321000 57
2322000 57
2323000 57
2324000 57
2325000 57
2326000 57
2327000 57
2328000 57
2329000 57
2330000 57
2331000 57
2332000 57
2333000 57
2334000 58
2335000 58
2336000 58
2337000 58
2338000 58
2339000 58
2340000 58
2341000 58
2342000 58
2343000 58
2344000 58
2345000 58
2346000 59
2347000 59
2348000 59
2349000 59
2350000 59
2351000 59
2352000 59
2353000 59
2354000 59
2355000 59
2356000 59
2357000 59
2358000 59
2359000 59
2360000 59
2361000 59
2362000 59
2363000 59
2364000 59
2365000 59
2366000 59
2367000 59
2368000 59
2369000 59
2370000 59
2371000 60
2372000 60
2373000 60
2374000 60
2375000 60
2376000 60
2377000 60
2378000 60
2379000 60
2380000 60
2381000 60
2382000 60
2383000 60
2384000 60
2385000 60
2386000 60
2387000 60
2388000 60
2389000 60
2390000 61
2391000 61
2392000 61
2393000 61
2394000 61
2395000 61
2396000 61
2397000 61
2398000 61
2399000 61
2400000 62
2401000 62
2402000 62
2403000 62
2404000 62
2405000 62
2406000 62
2407000 62
2408000 62
2409000 62
2410000 62
2411000 62
2412000 63
2413000 63
2414000 63
2415000 63
2416000 63
2417000 63
2418000 63
2419000 63
2420000 63
2421000 63
2422000 63
2423000 63
2424000 63
2425000 63
2426000 63
2427000 64
2428000 64
2429000 64
2430000 64
2431000 64
2432000 64
2433000 64
2434000 64
2435000 64
2436000 64
2437000 64
2438000 64
2439000 64
2440000 64
2441000 64
2442000 64
2443000 64
2444000 65
2445000 65
2446000 65
2447000 65
2448000 65
2449000 65
2450000 65
2451000 65
2452000 65
2453000 65
2454000 65
2455000 65
2456000 65
2457000 65
2458000 65
2459000 65
2460000 65
2461000 66
2462000 66
2463000 66
2464000 66
2465000 66
2466000 66
2467000 66
2468000 66
2469000 66
2470000 66
2471000 66
2472000 66
2473000 66
2474000 66
2475000 66
2476000 66
2477000 67
2478000 67
2479000 67
2480000 67
2481000 67
2482000 67
2483000 67
2484000 67
2485000 67
2486000 67
2487000 67
2488000 67
2489000 67
2490000 68
2491000 68
2492000 68
2493000 68
2494000 68
2495000 68
2496000 68
2497000 68
2498000 68
2499000 68
2500000 68
2501000 68
2502000 68
2503000 68
2504000 68
2505000 68
2506000 68
2507000 68
2508000 69
2509000 69
2510000 69
2511000 69
2512000 69
2513000 69
2514000 69
2515000 69
2516000 69
2517000 69
2518000 69
2519000 70
2520000 70
2521000 70
2522000 70
2523000 70
2524000 70
2525000 70
2526000 70
2527000 70
2528000 70
2529000 71
2530000 71
2531000 71
2532000 71
2533000 71
2534000 71
2535000 71
2536000 71
2537000 71
2538000 72
2539000 72
2540000 72
2541000 72
2542000 72
2543000 72
2544000 72
2545000 72
2546000 72
2547000 73
2548000 73
2549000 73
2550000 73
2551000 73
2552000 73
2553000 73
2554000 73
2555000 74
2556000 74
2557000 74
2558000 74
2559000 74
2560000 74
2561000 74
2562000 74
2563000 74
2564000 74
2565000 74
2566000 75
2567000 75
2568000 75
2569000 75
2570000 75
2571000 75
2572000 75
2573000 75
2574000 75
2575000 75
2576000 75
2577000 75
2578000 75
2579000 76
2580000 76
2581000 76
2582000 76
2583000 76
2584000 76
2585000 76
2586000 76
2587000 76
2588000 76
2589000 76
2590000 76
2591000 76
2592000 76
2593000 76
2594000 76
2595000 77
2596000 77
2597000 77
2598000 77
2599000 77
2600000 77
2601000 77
2602000 77
2603000 77
2604000 77
2605000 78
2606000 78
2607000 78
2608000 78
2609000 78
2610000 78
2611000 78
2612000 78
2613000 78
2614000 78
2615000 79
2616000 79
2617000 79
2618000 79
2619000 79
2620000 79
2621000 79
2622000 79
2623000 79
2624000 79
2625000 80
2626000 80
2627000 80
2628000 80
2629000 80
2630000 80
2631000 80
2632000 80
2633000 80
2634000 81
2635000 81
2636000 81
2637000 81
2638000 81
2639000 81
2640000 81
2641000 81
2642000 81
2643000 81
2644000 81
2645000 81
2646000 81
2647000 81
2648000 82
2649000 82
2650000 82
2651000 82
2652000 82
2653000 82
2654000 82
2655000 82
2656000 82
2657000 82
2658000 82
2659000 82
2660000 82
2661000 83
2662000 83
2663000 83
2664000 83
2665000 83
2666000 83
2667000 83
2668000 83
2669000 83
2670000 83
2671000 83
2672000 83
2673000 84
2674000 84
2675000 84
2676000 84
2677000 84
2678000 84
2679000 84
2680000 84
2681000 84
2682000 84
2683000 85
2684000 85
2685000 85
2686000 85
2687000 85
2688000 85
2689000 85
2690000 85
2691000 85
2692000 85
2693000 85
2694000 85
2695000 85
2696000 85
2697000 85
2698000 85
2699000 85
2700000 85
2701000 85
2702000 85
2703000 85
2704000 85
2705000 85
2706000 85
2707000 85
2708000 85
2709000 85
2710000 85
2711000 85
2712000 85
2713000 85
2714000 85
2715000 85
2716000 85
2717000 85
2718000 85
2719000 85
2720000 85
2721000 85
2722000 85
2723000 85
2724000 85
2725000 85
2726000 85
2727000 85
2728000 85
2729000 85
2730000 85
2731000 85
2732000 85
2733000 85
2734000 85
2735000 85
2736000 85
2737000 85
2738000 85
2739000 85
2740000 85
2741000 85
2742000 85
2743000 85
2744000 85
2745000 85
2746000 85
2747000 85
2748000 85
2749000 85
2750000 85
2751000 85
2752000 85
2753000 85
2754000 85
2755000 85
2756000 85
2757000 85
2758000 85
2759000 85
2760000 85
2761000 85
2762000 85
2763000 85
2764000 85
2765000 85
2766000 85
2767000 85
2768000 85
2769000 85
2770000 85
2771000 86
2772000 86
2773000 86
2774000 86
2775000 86
2776000 86
2777000 86
2778000 86
2779000 86
2780000 86
2781000 86
2782000 86
2783000 86
2784000 86
2785000 86
2786000 86
2787000 86
2788000 86
2789000 86
2790000 86
2791000 86
2792000 86
2793000 86
2794000 86
2795000 86
2796000 86
2797000 86
2798000 86
2799000 86
2800000 86
2801000 86
2802000 86
2803000 86
2804000 86
2805000 86
2806000 86
2807000 86
2808000 87
2809000 87
2810000 87
2811000 87
2812000 87
2813000 87
2814000 87
2815000 87
2816000 87
2817000 87
2818000 87
2819000 87
2820000 87
2821000 87
2822000 87
2823000 87
2824000 87
2825000 87
2826000 87
2827000 87
2828000 87
2829000 87
2830000 87
2831000 87
2832000 87
2833000 87
2834000 87
2835000 87
2836000 87
2837000 87
2838000 87
2839000 87
2840000 87
2841000 87
2842000 87
2843000 87
2844000 87
2845000 87
2846000 87
2847000 87
2848000 87
2849000 87
2850000 87
2851000 87
2852000 87
2853000 87
2854000 87
2855000 87
2856000 87
2857000 87
2858000 87
2859000 87
2860000 87
2861000 87
2862000 87
2863000 87
2864000 87
2865000 87
2866000 87
2867000 87
2868000 87
2869000 87
2870000 87
2871000 87
2872000 87
2873000 87
2874000 87
2875000 87
2876000 87
2877000 87
2878000 88
2879000 88
2880000 88
2881000 88
2882000 88
2883000 88
2884000 88
2885000 88
2886000 88
2887000 88
2888000 88
2889000 88
2890000 88
2891000 88
2892000 88
2893000 88
2894000 88
2895000 89
2896000 89
2897000 89
2898000 89
2899000 89
2900000 89
2901000 89
2902000 89
2903000 89
2904000 89
2905000 90
2906000 90
2907000 90
2908000 90
2909000 90
2910000 90
2911000 90
2912000 90
2913000 90
2914000 90
2915000 90
2916000 90
2917000 90
2918000 90
2919000 90
2920000 90
2921000 90
2922000 90
2923000 90
2924000 90
2925000 91
2926000 91
2927000 91
2928000 91
2929000 91
2930000 91
2931000 91
2932000 91
2933000 91
2934000 91
2935000 91
2936000 91
2937000 91
2938000 91
2939000 91
2940000 91
2941000 91
2942000 91
2943000 91
2944000 91
2945000 91
2946000 91
2947000 91
2948000 91
2949000 91
2950000 91
2951000 91
2952000 91
2953000 91
2954000 91
2955000 91
2956000 91
2957000 91
2958000 91
2959000 91
2960000 91
2961000 91
2962000 91
2963000 91
2964000 91
2965000 91
2966000 91
2967000 91
2968000 91
2969000 91
2970000 91
2971000 91
2972000 91
2973000 91
2974000 91
2975000 91
2976000 91
2977000 91
2978000 91
2979000 91
2980000 91
2981000 91
2982000 91
2983000 91
2984000 91
2985000 91
2986000 91
2987000 91
2988000 91
2989000 91
2990000 91
2991000 91
2992000 91
2993000 91
2994000 92
2995000 92
2996000 92
2997000 92
2998000 92
2999000 92
3000000 92
3001000 92
3002000 92
3003000 92
3004000 92
3005000 92
3006000 92
3007000 92
3008000 92
3009000 92
3010000 92
3011000 92
3012000 92
3013000 92
3014000 92
3015000 92
3016000 92
3017000 92
3018000 92
3019000 92
3020000 92
3021000 92
3022000 92
3023000 92
3024000 92
3025000 92
3026000 92
3027000 92
3028000 92
3029000 92
3030000 92
3031000 92
3032000 92
3033000 92
3034000 92
3035000 92
3036000 92
3037000 92
3038000 92
3039000 92
3040000 92
3041000 92
3042000 92
3043000 92
3044000 93
3045000 93
3046000 93
3047000 93
3048000 93
3049000 93
3050000 93
3051000 93
3052000 93
3053000 93
3054000 93
3055000 93
3056000 93
3057000 93
3058000 93
3059000 93
3060000 93
3061000 93
3062000 93
3063000 93
3064000 93
3065000 93
3066000 93
3067000 93
3068000 93
3069000 93
3070000 93
3071000 93
3072000 93
3073000 93
3074000 93
3075000 94
3076000 94
3077000 94
3078000 94
3079000 94
3080000 94
3081000 94
3082000 94
3083000 94
3084000 94
3085000 94
3086000 94
3087000 94
3088000 94
3089000 94
3090000 94
3091000 94
3092000 94
3093000 94
3094000 94
3095000 94
3096000 94
3097000 94
3098000 94
3099000 94
3100000 94
3101000 94
3102000 94
3103000 94
3104000 94
3105000 94
3106000 94
3107000 94
3108000 94
3109000 94
3110000 94
3111000 94
3112000 94
3113000 94
3114000 94
3115000 94
3116000 94
3117000 94
3118000 94
3119000 94
3120000 94
3121000 94
3122000 94
3123000 94
3124000 94
3125000 94
3126000 94
3127000 94
3128000 94
3129000 94
3130000 94
3131000 94
3132000 94
3133000 94
3134000 94
3135000 94
3136000 94
3137000 94
3138000 94
3139000 94
3140000 94
3141000 94
3142000 94
3143000 94
3144000 94
3145000 94
3146000 94
3147000 94
3148000 94
3149000 94
3150000 94
3151000 94
3152000 94
3153000 94
3154000 94
3155000 94
3156000 94
3157000 94
3158000 94
3159000 94
3160000 94
3161000 94
3162000 94
3163000 94
3164000 94
3165000 94
3166000 94
3167000 94
3168000 94
3169000 94
3170000 94
3171000 94
3172000 94
3173000 94
3174000 94
3175000 94
3176000 94
3177000 94
3178000 94
3179000 94
3180000 94
3181000 94
3182000 94
3183000 94
3184000 94
3185000 94
3186000 94
3187000 94
3188000 94
3189000 94
3190000 94
3191000 94
3192000 94
3193000 94
3194000 94
3195000 94
3196000 94
3197000 94
3198000 94
3199000 94
3200000 94
3201000 94
3202000 94
3203000 94
3204000 94
3205000 94
3206000 94
3207000 94
3208000 94
3209000 94
3210000 94
3211000 94
3212000 94
3213000 94
3214000 94
3215000 94
3216000 94
3217000 94
3218000 94
3219000 94
3220000 94
3221000 94
3222000 94
3223000 94
3224000 94
3225000 94
3226000 94
3227000 94
3228000 94
3229000 94
3230000 94
3231000 94
3232000 94
3233000 94
3234000 94
3235000 94
3236000 94
3237000 94
3238000 94
3239000 94
3240000 94
3241000 94
3242000 94
3243000 94
3244000 94
3245000 94
3246000 94
3247000 94
3248000 94
3249000 94
3250000 94
3251000 94
3252000 94
3253000 94
3254000 94
3255000 94
3256000 94
3257000 94
3258000 94
3259000 94
3260000 94
3261000 94
3262000 94
3263000 94
3264000 94
3265000 94
3266000 94
3267000 94
3268000 94
3269000 94
3270000 94
3271000 94
3272000 94
3273000 94
3274000 94
3275000 94
3276000 94
3277000 94
3278000 94
3279000 94
3280000 94
3281000 94
3282000 94
3283000 94
3284000 94
3285000 94
3286000 94
3287000 94
3288000 94
3289000 94
3290000 94
3291000 94
3292000 94
3293000 94
3294000 94
3295000 94
3296000 94
3297000 94
3298000 94
3299000 94
3300000 94
3301000 94
3302000 94
3303000 94
3304000 94
3305000 94
3306000 94
3307000 94
3308000 94
3309000 94
3310000 94
3311000 94
3312000 94
3313000 94
3314000 94
3315000 94
3316000 94
3317000 94
3318000 94
3319000 94
3320000 94
3321000 94
3322000 94
3323000 94
3324000 94
3325000 94
3326000 94
3327000 94
3328000 94
3329000 94
3330000 94
3331000 94
3332000 94
3333000 94
3334000 94
3335000 94
3336000 94
3337000 94
3338000 94
3339000 94
3340000 94
3341000 94
3342000 94
3343000 94
3344000 94
3345000 94
3346000 94
3347000 94
3348000 94
3349000 94
3350000 94
3351000 94
3352000 94
3353000 94
3354000 94
3355000 94
3356000 94
3357000 94
3358000 94
3359000 94
3360000 94
3361000 94
3362000 94
3363000 94
3364000 94
3365000 94
3366000 94
3367000 94
3368000 94
3369000 94
3370000 94
3371000 94
3372000 94
3373000 94
3374000 94
3375000 94
3376000 94
3377000 94
3378000 94
3379000 94
3380000 94
3381000 94
3382000 94
3383000 94
3384000 94
3385000 94
3386000 94
3387000 94
3388000 94
3389000 94
3390000 94
3391000 94
3392000 94
3393000 94
3394000 94
3395000 94
3396000 94
3397000 94
3398000 94
3399000 94
3400000 94
3401000 94
3402000 94
3403000 94
3404000 94
3405000 94
3406000 94
3407000 94
3408000 94
3409000 95
3410000 95
3411000 95
3412000 95
3413000 95
3414000 95
3415000 95
3416000 95
3417000 95
3418000 95
3419000 95
3420000 95
3421000 95
3422000 95
3423000 95
3424000 95
3425000 95
3426000 95
3427000 95
3428000 95
3429000 95
3430000 95
3431000 95
3432000 95
3433000 95
3434000 95
3435000 95
3436000 95
3437000 95
3438000 95
3439000 95
3440000 95
3441000 95
3442000 95
3443000 95
3444000 95
3445000 95
3446000 95
3447000 95
3448000 95
3449000 95
3450000 95
3451000 95
3452000 95
3453000 95
3454000 95
3455000 95
3456000 95
3457000 95
3458000 95
3459000 95
3460000 95
3461000 95
3462000 95
3463000 95
3464000 95
3465000 95
3466000 95
3467000 95
3468000 95
3469000 95
3470000 95
3471000 95
3472000 95
3473000 95
3474000 95
3475000 95
3476000 95
3477000 95
3478000 95
3479000 95
3480000 95
3481000 95
3482000 95
3483000 95
3484000 95
3485000 95
3486000 95
3487000 95
3488000 95
3489000 95
3490000 95
3491000 95
3492000 95
3493000 95
3494000 95
3495000 95
3496000 95
3497000 95
3498000 95
3499000 95
3500000 95
3501000 95
3502000 95
3503000 95
3504000 95
3505000 95
3506000 95
3507000 95
3508000 95
3509000 95
3510000 95
3511000 95
3512000 95
3513000 95
3514000 95
3515000 95
3516000 95
3517000 95
3518000 95
3519000 95
3520000 95
3521000 95
3522000 95
3523000 95
3524000 95
3525000 95
3526000 95
3527000 95
3528000 95
3529000 95
3530000 95
3531000 95
3532000 95
3533000 95
3534000 95
3535000 95
3536000 95
3537000 95
3538000 95
3539000 95
3540000 95
3541000 95
3542000 95
3543000 95
3544000 95
3545000 95
3546000 95
3547000 95
3548000 95
3549000 95
3550000 95
3551000 95
3552000 95
3553000 95
3554000 95
3555000 95
3556000 95
3557000 95
3558000 95
3559000 95
3560000 95
3561000 95
3562000 95
3563000 95
3564000 95
3565000 95
3566000 95
3567000 95
3568000 95
3569000 95
3570000 95
3571000 95
3572000 95
3573000 95
3574000 95
3575000 95
3576000 95
3577000 95
3578000 95
3579000 95
3580000 95
3581000 95
3582000 95
3583000 95
3584000 95
3585000 95
3586000 95
3587000 95
3588000 95
3589000 95
3590000 95
3591000 95
3592000 95
3593000 95
3594000 95
3595000 95
3596000 95
3597000 95
3598000 95
3599000 95
3600000 95
3601000 95
3602000 95
3603000 95
3604000 95
3605000 95
3606000 95
3607000 95
3608000 95
3609000 95
3610000 95
3611000 95
3612000 95
3613000 95
3614000 95
3615000 95
3616000 95
3617000 95
3618000 95
3619000 95
3620000 95
3621000 95
3622000 95
3623000 95
3624000 95
3625000 95
3626000 95
3627000 95
3628000 95
3629000 95
3630000 95
3631000 95
3632000 95
3633000 95
3634000 95
3635000 95
3636000 95
3637000 95
3638000 95
3639000 95
3640000 96
3641000 96
3642000 96
3643000 96
3644000 96
3645000 96
3646000 96
3647000 96
3648000 96
3649000 96
3650000 96
3651000 96
3652000 96
3653000 96
3654000 96
3655000 96
3656000 96
3657000 96
3658000 96
3659000 96
3660000 96
3661000 96
3662000 96
3663000 96
3664000 96
3665000 96
3666000 96
3667000 96
3668000 96
3669000 96
3670000 96
3671000 96
3672000 96
3673000 96
3674000 96
3675000 96
3676000 96
3677000 96
3678000 96
3679000 96
3680000 96
3681000 96
3682000 96
3683000 96
3684000 96
3685000 96
3686000 96
3687000 96
3688000 96
3689000 96
3690000 96
3691000 96
3692000 96
3693000 96
3694000 96
3695000 96
3696000 96
3697000 96
3698000 96
3699000 96
3700000 96
3701000 96
3702000 96
3703000 96
3704000 96
3705000 96
3706000 96
3707000 96
3708000 96
3709000 96
3710000 96
3711000 96
3712000 96
3713000 96
3714000 96
3715000 96
3716000 96
3717000 96
3718000 96
3719000 96
3720000 96
3721000 96
3722000 96
3723000 96
3724000 96
3725000 96
3726000 96
3727000 96
3728000 96
3729000 96
3730000 96
3731000 96
3732000 96
3733000 96
3734000 96
3735000 96
3736000 96
3737000 96
3738000 96
3739000 96
3740000 96
3741000 96
3742000 96
3743000 96
3744000 96
3745000 96
3746000 96
3747000 96
3748000 96
3749000 96
3750000 96
3751000 96
3752000 96
3753000 96
3754000 96
3755000 96
3756000 96
3757000 96
3758000 96
3759000 96
3760000 96
3761000 96
3762000 96
3763000 96
3764000 96
3765000 96
3766000 96
3767000 96
3768000 96
3769000 96
3770000 96
3771000 96
3772000 96
3773000 96
3774000 96
3775000 96
3776000 96
3777000 96
3778000 96
3779000 96
3780000 96
3781000 96
3782000 96
3783000 96
3784000 96
3785000 96
3786000 96
3787000 96
3788000 96
3789000 96
3790000 96
3791000 96
3792000 96
3793000 96
3794000 96
3795000 96
3796000 96
3797000 96
3798000 96
3799000 96
3800000 96
3801000 96
3802000 96
3803000 96
3804000 96
3805000 96
3806000 96
3807000 96
3808000 96
3809000 96
3810000 96
3811000 96
3812000 96
3813000 96
3814000 96
3815000 96
3816000 96
3817000 96
3818000 96
3819000 96
3820000 96
3821000 96
3822000 96
3823000 96
3824000 96
3825000 96
3826000 96
3827000 96
3828000 96
3829000 96
3830000 96
3831000 96
3832000 96
3833000 96
3834000 96
3835000 96
3836000 96
3837000 96
3838000 96
3839000 96
3840000 96
3841000 96
3842000 96
3843000 96
3844000 96
3845000 96
3846000 96
3847000 96
3848000 96
3849000 96
3850000 96
3851000 96
3852000 96
3853000 96
3854000 96
3855000 96
3856000 96
3857000 96
3858000 96
3859000 96
3860000 96
3861000 96
3862000 96
3863000 96
3864000 96
3865000 96
3866000 96
3867000 96
3868000 96
3869000 96
3870000 96
3871000 96
3872000 96
3873000 96
3874000 96
3875000 96
3876000 96
3877000 96
3878000 96
3879000 96
3880000 96
3881000 96
3882000 96
3883000 96
3884000 96
3885000 96
3886000 96
3887000 96
3888000 96
3889000 96
3890000 96
3891000 96
3892000 96
3893000 96
3894000 96
3895000 96
3896000 96
3897000 96
3898000 96
3899000 96
3900000 96
3901000 96
3902000 96
3903000 96
3904000 96
3905000 96
3906000 96
3907000 96
3908000 96
3909000 96
3910000 96
3911000 96
3912000 96
3913000 96
3914000 96
3915000 96
3916000 96
3917000 96
3918000 96
3919000 96
3920000 96
3921000 96
3922000 96
3923000 96
3924000 96
3925000 96
3926000 96
3927000 96
3928000 96
3929000 96
3930000 96
3931000 96
3932000 96
3933000 96
3934000 96
3935000 96
3936000 96
3937000 96
3938000 96
3939000 96
3940000 96
3941000 96
3942000 96
3943000 96
3944000 96
3945000 96
3946000 96
3947000 96
3948000 96
3949000 96
3950000 96
3951000 96
3952000 96
3953000 96
3954000 96
3955000 96
3956000 96
3957000 96
3958000 96
3959000 96
3960000 96
3961000 96
3962000 96
3963000 96
3964000 96
3965000 96
3966000 96
3967000 96
3968000 96
3969000 96
3970000 96
3971000 96
3972000 96
3973000 96
3974000 96
3975000 96
3976000 96
3977000 96
3978000 96
3979000 96
3980000 96
3981000 96
3982000 96
3983000 96
3984000 96
3985000 96
3986000 96
3987000 96
3988000 96
3989000 96
3990000 96
3991000 96
3992000 96
3993000 96
3994000 96
3995000 96
3996000 96
3997000 96
3998000 96
3999000 96
4000000 96
4001000 96
4002000 96
4003000 96
4004000 96
4005000 96
4006000 96
4007000 96
4008000 96
4009000 96
4010000 96
4011000 96
4012000 96
4013000 96
4014000 96
4015000 96
4016000 96
4017000 96
4018000 96
4019000 96
4020000 96
4021000 96
4022000 96
4023000 96
4024000 96
4025000 96
4026000 96
4027000 96
4028000 96
4029000 96
4030000 96
4031000 96
4032000 96
4033000 96
4034000 96
4035000 96
4036000 96
4037000 96
4038000 96
4039000 96
4040000 96
4041000 96
4042000 96
4043000 96
4044000 96
4045000 96
4046000 96
4047000 96
4048000 96
4049000 96
4050000 96
4051000 96
4052000 96
4053000 96
4054000 96
4055000 96
4056000 96
4057000 96
4058000 96
4059000 96
4060000 96
4061000 96
4062000 96
4063000 96
4064000 96
4065000 96
4066000 96
4067000 96
4068000 96
4069000 96
4070000 96
4071000 96
4072000 96
4073000 96
4074000 96
4075000 96
4076000 96
4077000 96
4078000 96
4079000 96
4080000 96
4081000 96
4082000 96
4083000 96
4084000 96
4085000 96
4086000 96
4087000 96
4088000 96
4089000 96
4090000 97
4091000 97
4092000 97
4093000 97
4094000 97
4095000 97
4096000 97
4097000 97
4098000 97
4099000 97
4100000 97
4101000 97
4102000 97
4103000 97
4104000 97
4105000 97
4106000 97
4107000 97
4108000 97
4109000 97
4110000 97
4111000 97
4112000 97
4113000 97
4114000 97
4115000 97
4116000 97
4117000 97
4118000 97
4119000 97
4120000 97
4121000 97
4122000 97
4123000 97
4124000 97
4125000 97
4126000 97
4127000 97
4128000 97
4129000 97
4130000 97
4131000 97
4132000 97
4133000 97
4134000 97
4135000 97
4136000 97
4137000 97
4138000 97
4139000 97
4140000 97
4141000 97
4142000 97
4143000 97
4144000 97
4145000 97
4146000 97
4147000 97
4148000 97
4149000 97
4150000 97
4151000 97
4152000 97
4153000 97
4154000 97
4155000 97
4156000 97
4157000 97
4158000 97
4159000 97
4160000 97
4161000 97
4162000 97
4163000 97
4164000 97
4165000 97
4166000 97
4167000 97
4168000 97
4169000 97
4170000 97
4171000 97
4172000 97
4173000 97
4174000 97
4175000 97
4176000 97
4177000 97
4178000 97
4179000 97
4180000 97
4181000 97
4182000 97
4183000 97
4184000 97
4185000 97
4186000 97
4187000 97
4188000 97
4189000 97
4190000 97
4191000 97
4192000 97
4193000 97
4194000 97
4195000 97
4196000 97
4197000 97
4198000 97
4199000 97
4200000 97
4201000 97
4202000 97
4203000 97
4204000 97
4205000 97
4206000 97
4207000 97
4208000 97
4209000 97
4210000 97
4211000 97
4212000 97
4213000 97
4214000 97
4215000 97
4216000 97
4217000 97
4218000 97
4219000 97
4220000 97
4221000 97
4222000 97
4223000 97
4224000 97
4225000 97
4226000 97
4227000 97
4228000 97
4229000 97
4230000 97
4231000 97
4232000 97
4233000 97
4234000 97
4235000 97
4236000 97
4237000 97
4238000 97
4239000 97
4240000 97
4241000 97
4242000 97
4243000 97
4244000 97
4245000 97
4246000 97
4247000 97
4248000 97
4249000 97
4250000 97
4251000 97
4252000 97
4253000 97
4254000 97
4255000 97
4256000 97
4257000 97
4258000 97
4259000 97
4260000 97
4261000 97
4262000 97
4263000 97
4264000 97
4265000 97
4266000 97
4267000 97
4268000 97
4269000 97
4270000 97
4271000 97
4272000 97
4273000 97
4274000 97
4275000 97
4276000 97
4277000 97
4278000 97
4279000 97
4280000 97
4281000 97
4282000 97
4283000 97
4284000 97
4285000 97
4286000 97
4287000 97
4288000 97
4289000 97
4290000 97
4291000 97
4292000 97
4293000 97
4294000 97
4295000 97
4296000 97
4297000 97
4298000 97
4299000 97
4300000 97
4301000 97
4302000 97
4303000 97
4304000 97
4305000 97
4306000 97
4307000 97
4308000 97
4309000 97
4310000 97
4311000 97
4312000 97
4313000 97
4314000 97
4315000 97
4316000 97
4317000 97
4318000 97
4319000 97
4320000 97
4321000 97
4322000 97
4323000 97
4324000 97
4325000 97
4326000 97
4327000 97
4328000 97
4329000 97
4330000 97
4331000 97
4332000 97
4333000 97
4334000 97
4335000 97
4336000 97
4337000 97
4338000 97
4339000 97
4340000 97
4341000 97
4342000 97
4343000 97
4344000 97
4345000 97
4346000 97
4347000 97
4348000 97
4349000 97
4350000 97
4351000 97
4352000 97
4353000 97
4354000 97
4355000 97
4356000 97
4357000 97
4358000 97
4359000 97
4360000 97
4361000 97
4362000 97
4363000 97
4364000 97
4365000 97
4366000 97
4367000 97
4368000 97
4369000 97
4370000 97
4371000 97
4372000 97
4373000 97
4374000 97
4375000 97
4376000 97
4377000 97
4378000 97
4379000 97
4380000 97
4381000 97
4382000 97
4383000 97
4384000 97
4385000 97
4386000 97
4387000 97
4388000 97
4389000 97
4390000 97
4391000 97
4392000 97
4393000 97
4394000 97
4395000 97
4396000 97
4397000 97
4398000 97
4399000 97
4400000 97
4401000 97
4402000 97
4403000 97
4404000 97
4405000 97
4406000 97
4407000 97
4408000 97
4409000 97
4410000 97
4411000 97
4412000 97
4413000 97
4414000 97
4415000 97
4416000 97
4417000 97
4418000 97
4419000 97
4420000 97
4421000 97
4422000 97
4423000 97
4424000 97
4425000 97
4426000 97
4427000 97
4428000 97
4429000 97
4430000 97
4431000 97
4432000 97
4433000 97
4434000 97
4435000 97
4436000 97
4437000 97
4438000 97
4439000 97
4440000 97
4441000 97
4442000 97
4443000 97
4444000 97
4445000 97
4446000 97
4447000 97
4448000 97
4449000 97
4450000 97
4451000 97
4452000 97
4453000 97
4454000 97
4455000 97
4456000 97
4457000 97
4458000 97
4459000 97
4460000 97
4461000 97
4462000 97
4463000 97
4464000 97
4465000 97
4466000 97
4467000 97
4468000 97
4469000 97
4470000 97
4471000 97
4472000 97
4473000 97
4474000 97
4475000 97
4476000 97
4477000 97
4478000 97
4479000 97
4480000 97
4481000 97
4482000 97
4483000 97
4484000 97
4485000 97
4486000 97
4487000 97
4488000 97
4489000 97
4490000 97
4491000 97
4492000 97
4493000 97
4494000 97
4495000 97
4496000 97
4497000 97
4498000 97
4499000 97
4500000 97
4501000 97
4502000 97
4503000 97
4504000 97
4505000 97
4506000 97
4507000 97
4508000 97
4509000 97
4510000 97
4511000 97
4512000 97
4513000 97
4514000 97
4515000 97
4516000 97
4517000 97
4518000 97
4519000 97
4520000 97
4521000 97
4522000 97
4523000 97
4524000 97
4525000 97
4526000 97
4527000 97
4528000 97
4529000 97
4530000 97
4531000 97
4532000 97
4533000 97
4534000 97
4535000 97
4536000 97
4537000 97
4538000 97
4539000 97
4540000 97
4541000 97
4542000 97
4543000 97
4544000 97
4545000 97
4546000 97
4547000 97
4548000 97
4549000 97
4550000 97
4551000 97
4552000 97
4553000 97
4554000 97
4555000 97
4556000 97
4557000 97
4558000 97
4559000 97
4560000 97
4561000 97
4562000 97
4563000 97
4564000 97
4565000 97
4566000 97
4567000 97
4568000 97
4569000 97
4570000 97
4571000 97
4572000 97
4573000 97
4574000 97
4575000 97
4576000 97
4577000 97
4578000 97
4579000 97
4580000 97
4581000 97
4582000 97
4583000 97
4584000 97
4585000 97
4586000 97
4587000 97
4588000 97
4589000 97
4590000 97
4591000 97
4592000 97
4593000 97
4594000 97
4595000 97
4596000 97
4597000 97
4598000 97
4599000 97
4600000 97
4601000 97
4602000 97
4603000 97
4604000 97
4605000 97
4606000 97
4607000 97
4608000 97
4609000 97
4610000 97
4611000 97
4612000 97
4613000 97
4614000 97
4615000 97
4616000 97
4617000 97
4618000 97
4619000 97
4620000 97
4621000 97
4622000 97
4623000 97
4624000 97
4625000 97
4626000 97
4627000 97
4628000 97
4629000 97
4630000 97
4631000 97
4632000 97
4633000 97
4634000 97
4635000 97
4636000 97
4637000 97
4638000 97
4639000 97
4640000 97
4641000 97
4642000 97
4643000 97
4644000 97
4645000 97
4646000 97
4647000 97
4648000 97
4649000 97
4650000 97
4651000 97
4652000 97
4653000 97
4654000 97
4655000 97
4656000 97
4657000 97
4658000 97
4659000 97
4660000 97
4661000 97
4662000 97
4663000 97
4664000 97
4665000 97
4666000 97
4667000 97
4668000 97
4669000 97
4670000 97
4671000 97
4672000 97
4673000 97
4674000 97
4675000 97
4676000 97
4677000 97
4678000 97
4679000 97
4680000 97
4681000 97
4682000 97
4683000 97
4684000 97
4685000 97
4686000 97
4687000 97
4688000 97
4689000 97
4690000 97
4691000 97
4692000 97
4693000 97
4694000 97
4695000 97
4696000 97
4697000 97
4698000 97
4699000 97
4700000 97
4701000 97
4702000 97
4703000 97
4704000 97
4705000 97
4706000 97
4707000 97
4708000 97
4709000 97
4710000 97
4711000 97
4712000 97
4713000 97
4714000 97
4715000 97
4716000 97
4717000 97
4718000 97
4719000 97
4720000 97
4721000 97
4722000 97
4723000 97
4724000 97
4725000 97
4726000 97
4727000 97
4728000 97
4729000 97
4730000 97
4731000 97
4732000 97
4733000 97
4734000 97
4735000 97
4736000 97
4737000 97
4738000 97
4739000 97
4740000 97
4741000 97
4742000 97
4743000 97
4744000 97
4745000 97
4746000 97
4747000 97
4748000 97
4749000 97
4750000 97
4751000 97
4752000 97
4753000 97
4754000 97
4755000 97
4756000 97
4757000 97
4758000 97
4759000 97
4760000 97
4761000 97
4762000 97
4763000 97
4764000 97
4765000 97
4766000 97
4767000 97
4768000 97
4769000 97
4770000 97
4771000 97
4772000 97
4773000 97
4774000 97
4775000 97
4776000 97
4777000 97
4778000 97
4779000 97
4780000 97
4781000 97
4782000 97
4783000 97
4784000 97
4785000 97
4786000 97
4787000 97
4788000 97
4789000 97
4790000 97
4791000 97
4792000 97
4793000 97
4794000 97
4795000 97
4796000 97
4797000 97
4798000 97
4799000 97
4800000 97
4801000 97
4802000 97
4803000 97
4804000 97
4805000 97
4806000 97
4807000 97
4808000 97
4809000 97
4810000 97
4811000 97
4812000 97
4813000 97
4814000 97
4815000 97
4816000 97
4817000 97
4818000 97
4819000 97
4820000 97
4821000 97
4822000 97
4823000 97
4824000 97
4825000 97
4826000 97
4827000 97
4828000 97
4829000 97
4830000 97
4831000 97
4832000 97
4833000 97
4834000 97
4835000 97
4836000 97
4837000 97
4838000 97
4839000 97
4840000 97
4841000 97
4842000 97
4843000 97
4844000 97
4845000 97
4846000 97
4847000 97
4848000 97
4849000 97
4850000 97
4851000 97
4852000 97
4853000 97
4854000 97
4855000 97
4856000 97
4857000 97
4858000 97
4859000 97
4860000 97
4861000 97
4862000 97
4863000 97
4864000 97
4865000 97
4866000 97
4867000 97
4868000 97
4869000 97
4870000 97
4871000 97
4872000 97
4873000 97
4874000 97
4875000 97
4876000 97
4877000 97
4878000 97
4879000 97
4880000 97
4881000 97
4882000 97
4883000 97
4884000 97
4885000 97
4886000 97
4887000 97
4888000 97
4889000 97
4890000 97
4891000 97
4892000 97
4893000 97
4894000 97
4895000 97
4896000 97
4897000 97
4898000 97
4899000 97
4900000 97
4901000 97
4902000 97
4903000 97
4904000 97
4905000 97
4906000 97
4907000 97
4908000 97
4909000 97
4910000 97
4911000 97
4912000 97
4913000 97
4914000 97
4915000 97
4916000 97
4917000 97
4918000 97
4919000 97
4920000 97
4921000 97
4922000 97
4923000 97
4924000 97
4925000 97
4926000 97
4927000 97
4928000 97
4929000 97
4930000 97
4931000 97
4932000 97
4933000 97
4934000 97
4935000 97
4936000 97
4937000 97
4938000 97
4939000 97
4940000 97
4941000 97
4942000 97
4943000 97
4944000 97
4945000 97
4946000 97
4947000 97
4948000 97
4949000 97
4950000 97
4951000 97
4952000 97
4953000 97
4954000 97
4955000 97
4956000 97
4957000 97
4958000 97
4959000 97
4960000 97
4961000 97
4962000 97
4963000 97
4964000 97
4965000 97
4966000 97
4967000 97
4968000 97
4969000 97
4970000 97
4971000 97
4972000 97
4973000 97
4974000 97
4975000 97
4976000 97
4977000 97
4978000 97
4979000 97
4980000 97
4981000 97
4982000 97
4983000 97
4984000 97
4985000 97
4986000 97
4987000 97
4988000 97
4989000 97
4990000 97
4991000 97
4992000 97
4993000 97
4994000 97
4995000 97
4996000 97
4997000 97
4998000 97
4999000 97
5000000 97
